  0.000   0.000   0.000000E+00  0.000000E+00
  0.000   0.000   0.000000E+00  0.000000E+00
  0.000   0.000   0.000000E+00  0.000000E+00
  0.000   0.000   0.000000E+00  0.000000E+00
  0.000   0.000   0.000000E+00  0.000000E+00
  0.000   0.000   0.000000E+00  0.000000E+00
  0.000   0.000   0.000000E+00  0.000000E+00
  0.000   0.000   0.000000E+00  0.000000E+00
  0.000   0.000   0.000000E+00  0.000000E+00
  0.000   0.000   0.000000E+00  0.000000E+00
  0.000   0.000   0.000000E+00  0.000000E+00
  0.000   0.000   0.000000E+00  0.000000E+00
  0.000   0.000   0.000000E+00  0.000000E+00
  0.000   0.000   0.000000E+00  0.000000E+00
  0.000   0.000   0.000000E+00  0.000000E+00
  0.000   0.000   0.000000E+00  0.000000E+00
  0.000   0.000   0.000000E+00  0.000000E+00
  0.000   0.000   0.000000E+00  0.000000E+00
  0.000   0.000   0.000000E+00  0.000000E+00
  0.000   0.000   0.000000E+00  0.000000E+00
 -1.000  -1.000            NaN           NaN
 -1.000  -1.000            NaN           NaN
 -1.000  -1.000            NaN           NaN
 -1.000  -1.000            NaN           NaN
 -1.000  -1.000            NaN           NaN
 -1.000  -1.000            NaN           NaN
 -1.000  -1.000            NaN           NaN
 -1.000  -1.000            NaN           NaN
 -1.000  -1.000            NaN           NaN
 -1.000  -1.000            NaN           NaN
 -1.000  -1.000            NaN           NaN
 -1.000  -1.000            NaN           NaN
 -1.000  -1.000            NaN           NaN
 -1.000  -1.000            NaN           NaN
 -1.000  -1.000            NaN           NaN
 -1.000  -1.000            NaN           NaN
 -1.000  -1.000            NaN           NaN
 -1.000  -1.000            NaN           NaN
 -1.000  -1.000            NaN           NaN
 -1.000  -1.000            NaN           NaN
  0.067   0.200  -0.367429E+01  0.277416E-02
  0.067   0.200  -0.356429E+01  0.811466E-01
  0.067   0.200  -0.355425E+01  0.166225E+00
  0.067   0.200  -0.355587E+01  0.251882E+00
  0.067   0.200  -0.365663E+01  0.341921E+00
  0.067   0.200  -0.367943E+01  0.606388E-02
  0.067   0.200  -0.357222E+01  0.832513E-01
  0.067   0.200  -0.356261E+01  0.166600E+00
  0.067   0.200  -0.356306E+01  0.250621E+00
  0.067   0.200  -0.366237E+01  0.339099E+00
  0.067   0.200  -0.367838E+01  0.601969E-02
  0.067   0.200  -0.357224E+01  0.831702E-01
  0.067   0.200  -0.356277E+01  0.166640E+00
  0.067   0.200  -0.356393E+01  0.250733E+00
  0.067   0.200  -0.366137E+01  0.338771E+00
  0.067   0.200  -0.367431E+01  0.259651E-02
  0.067   0.200  -0.356429E+01  0.811919E-01
  0.067   0.200  -0.355419E+01  0.166180E+00
  0.067   0.200  -0.355588E+01  0.251964E+00
  0.067   0.200  -0.365693E+01  0.342147E+00
