  0.000   0.000   0.000000E+00  0.000000E+00
  0.000   0.000   0.000000E+00  0.000000E+00
  0.000   0.000   0.000000E+00  0.000000E+00
  0.000   0.000   0.000000E+00  0.000000E+00
  0.000   0.000   0.000000E+00  0.000000E+00
  0.000   0.000   0.000000E+00  0.000000E+00
  0.000   0.000   0.000000E+00  0.000000E+00
  0.000   0.000   0.000000E+00  0.000000E+00
  0.000   0.000   0.000000E+00  0.000000E+00
  0.000   0.000   0.000000E+00  0.000000E+00
  0.000   0.000   0.000000E+00  0.000000E+00
  0.000   0.000   0.000000E+00  0.000000E+00
  0.000   0.000   0.000000E+00  0.000000E+00
  0.000   0.000   0.000000E+00  0.000000E+00
  0.000   0.000   0.000000E+00  0.000000E+00
  0.000   0.000   0.000000E+00  0.000000E+00
  0.000   0.000   0.000000E+00  0.000000E+00
  0.000   0.000   0.000000E+00  0.000000E+00
  0.000   0.000   0.000000E+00  0.000000E+00
  0.000   0.000   0.000000E+00  0.000000E+00
 -1.000  -1.000            NaN           NaN
 -1.000  -1.000            NaN           NaN
 -1.000  -1.000            NaN           NaN
 -1.000  -1.000            NaN           NaN
 -1.000  -1.000            NaN           NaN
 -1.000  -1.000            NaN           NaN
 -1.000  -1.000            NaN           NaN
 -1.000  -1.000            NaN           NaN
 -1.000  -1.000            NaN           NaN
 -1.000  -1.000            NaN           NaN
 -1.000  -1.000            NaN           NaN
 -1.000  -1.000            NaN           NaN
 -1.000  -1.000            NaN           NaN
 -1.000  -1.000            NaN           NaN
 -1.000  -1.000            NaN           NaN
 -1.000  -1.000            NaN           NaN
 -1.000  -1.000            NaN           NaN
 -1.000  -1.000            NaN           NaN
 -1.000  -1.000            NaN           NaN
 -1.000  -1.000            NaN           NaN
  0.067   0.200  -0.125331E+00 -0.503238E+03
  0.067   0.200  -0.136346E+02 -0.503009E+03
  0.067   0.200  -0.270112E+02 -0.502467E+03
  0.067   0.200  -0.403706E+02 -0.501604E+03
  0.067   0.200  -0.538276E+02 -0.500415E+03
  0.067   0.200  -0.654230E-01 -0.503159E+03
  0.067   0.200  -0.136001E+02 -0.502919E+03
  0.067   0.200  -0.270072E+02 -0.502372E+03
  0.067   0.200  -0.403974E+02 -0.501510E+03
  0.067   0.200  -0.538804E+02 -0.500330E+03
  0.067   0.200  -0.659356E-01 -0.503158E+03
  0.067   0.200  -0.136000E+02 -0.502919E+03
  0.067   0.200  -0.270070E+02 -0.502372E+03
  0.067   0.200  -0.403971E+02 -0.501510E+03
  0.067   0.200  -0.538803E+02 -0.500330E+03
  0.067   0.200  -0.125092E+00 -0.503238E+03
  0.067   0.200  -0.136344E+02 -0.503009E+03
  0.067   0.200  -0.270111E+02 -0.502467E+03
  0.067   0.200  -0.403703E+02 -0.501604E+03
  0.067   0.200  -0.538277E+02 -0.500415E+03
