  0.000   0.000   0.000000E+00  0.000000E+00
  0.000   0.000   0.000000E+00  0.000000E+00
  0.000   0.000   0.000000E+00  0.000000E+00
  0.000   0.000   0.000000E+00  0.000000E+00
  0.000   0.000   0.000000E+00  0.000000E+00
  0.000   0.000   0.000000E+00  0.000000E+00
  0.000   0.000   0.000000E+00  0.000000E+00
  0.000   0.000   0.000000E+00  0.000000E+00
  0.000   0.000   0.000000E+00  0.000000E+00
  0.000   0.000   0.000000E+00  0.000000E+00
  0.000   0.000   0.000000E+00  0.000000E+00
  0.000   0.000   0.000000E+00  0.000000E+00
  0.000   0.000   0.000000E+00  0.000000E+00
  0.000   0.000   0.000000E+00  0.000000E+00
  0.000   0.000   0.000000E+00  0.000000E+00
  0.000   0.000   0.000000E+00  0.000000E+00
  0.000   0.000   0.000000E+00  0.000000E+00
  0.000   0.000   0.000000E+00  0.000000E+00
  0.000   0.000   0.000000E+00  0.000000E+00
  0.000   0.000   0.000000E+00  0.000000E+00
 -1.000  -1.000            NaN           NaN
 -1.000  -1.000            NaN           NaN
 -1.000  -1.000            NaN           NaN
 -1.000  -1.000            NaN           NaN
 -1.000  -1.000            NaN           NaN
 -1.000  -1.000            NaN           NaN
 -1.000  -1.000            NaN           NaN
 -1.000  -1.000            NaN           NaN
 -1.000  -1.000            NaN           NaN
 -1.000  -1.000            NaN           NaN
 -1.000  -1.000            NaN           NaN
 -1.000  -1.000            NaN           NaN
 -1.000  -1.000            NaN           NaN
 -1.000  -1.000            NaN           NaN
 -1.000  -1.000            NaN           NaN
 -1.000  -1.000            NaN           NaN
 -1.000  -1.000            NaN           NaN
 -1.000  -1.000            NaN           NaN
 -1.000  -1.000            NaN           NaN
 -1.000  -1.000            NaN           NaN
  0.067   0.200  -0.827758E-03 -0.773488E-03
  0.067   0.200  -0.461315E-03 -0.931197E-03
  0.067   0.200  -0.700194E-04 -0.988276E-03
  0.067   0.200   0.333705E-03 -0.970605E-03
  0.067   0.200   0.719023E-03 -0.853294E-03
  0.067   0.200  -0.181600E-03 -0.164281E-03
  0.067   0.200  -0.120176E-03 -0.195519E-03
  0.067   0.200  -0.278476E-04 -0.208705E-03
  0.067   0.200   0.530949E-04 -0.208049E-03
  0.067   0.200   0.133079E-03 -0.183390E-03
  0.067   0.200   0.139271E-03  0.355132E-03
  0.067   0.200   0.736695E-04  0.390914E-03
  0.067   0.200  -0.192196E-04  0.411747E-03
  0.067   0.200  -0.947767E-04  0.424898E-03
  0.067   0.200  -0.158023E-03  0.391145E-03
  0.067   0.200   0.797915E-03  0.998560E-03
  0.067   0.200   0.418120E-03  0.112880E-02
  0.067   0.200   0.353378E-04  0.118927E-02
  0.067   0.200  -0.364157E-03  0.119143E-02
  0.067   0.200  -0.724254E-03  0.107065E-02
