  0.002   0.050  -0.769376E+01  0.141077E+02
  0.002   0.050  -0.829351E+00  0.154434E+02
  0.002   0.050  -0.817034E+01  0.141353E+02
  0.002   0.050  -0.193847E+01  0.154100E+02
  0.002   0.050  -0.839796E+01  0.142008E+02
  0.002   0.050  -0.298754E+01  0.153480E+02
  0.002   0.050  -0.836965E+01  0.143019E+02
  0.002   0.050  -0.394414E+01  0.152651E+02
  0.002   0.050  -0.808627E+01  0.144355E+02
  0.002   0.050  -0.477911E+01  0.151720E+02
  0.002   0.050  -0.755644E+01  0.145977E+02
  0.002   0.050  -0.546745E+01  0.150807E+02
  0.002   0.050  -0.679629E+01  0.147840E+02
  0.002   0.050  -0.598898E+01  0.150032E+02
  0.002   0.050  -0.582898E+01  0.149895E+02
  0.002   0.050  -0.632877E+01  0.149499E+02
  0.002   0.050  -0.468398E+01  0.152089E+02
  0.002   0.050  -0.647733E+01  0.149286E+02
  0.002   0.050  -0.339615E+01  0.154362E+02
  0.002   0.050  -0.643069E+01  0.149430E+02
  0.002   0.050  -0.200470E+01  0.156655E+02
  0.002   0.050  -0.619036E+01  0.149929E+02
  0.002   0.050  -0.551960E+00  0.158902E+02
  0.002   0.050  -0.576328E+01  0.150736E+02
  0.002   0.050   0.917882E+00  0.161040E+02
  0.002   0.050  -0.516171E+01  0.151768E+02
  0.002   0.050   0.236016E+01  0.163004E+02
  0.002   0.050  -0.440300E+01  0.152912E+02
  0.002   0.050   0.373106E+01  0.164732E+02
  0.002   0.050  -0.350939E+01  0.154043E+02
  0.002   0.050   0.498897E+01  0.166168E+02
  0.002   0.050  -0.250748E+01  0.155033E+02
  0.002   0.050   0.609574E+01  0.167259E+02
  0.002   0.050  -0.142762E+01  0.155772E+02
  0.002   0.050   0.701780E+01  0.167966E+02
  0.002   0.050  -0.302967E+00  0.156175E+02
  0.002   0.050   0.772722E+01  0.168257E+02
  0.002   0.050   0.831562E+00  0.156197E+02
  0.002   0.050   0.820253E+01  0.168116E+02
  0.002   0.050   0.194060E+01  0.155837E+02
  0.002   0.050   0.842932E+01  0.167542E+02
  0.002   0.050   0.298961E+01  0.155137E+02
  0.002   0.050   0.840076E+01  0.166547E+02
  0.002   0.050   0.394619E+01  0.154178E+02
  0.002   0.050   0.811770E+01  0.165162E+02
  0.002   0.050   0.478119E+01  0.153071E+02
  0.002   0.050   0.758875E+01  0.163431E+02
  0.002   0.050   0.546959E+01  0.151940E+02
  0.002   0.050   0.682993E+01  0.161412E+02
  0.002   0.050   0.599121E+01  0.150913E+02
  0.002   0.050   0.586423E+01  0.159172E+02
  0.002   0.050   0.633110E+01  0.150102E+02
  0.002   0.050   0.472093E+01  0.156788E+02
  0.002   0.050   0.647977E+01  0.149591E+02
  0.002   0.050   0.343469E+01  0.154342E+02
  0.002   0.050   0.643323E+01  0.149429E+02
  0.002   0.050   0.204452E+01  0.151914E+02
  0.002   0.050   0.619299E+01  0.149622E+02
  0.002   0.050   0.592600E+00  0.149586E+02
  0.002   0.050   0.576596E+01  0.150132E+02
  0.002   0.050  -0.876981E+00  0.147432E+02
  0.002   0.050   0.516440E+01  0.150885E+02
  0.002   0.050  -0.231959E+01  0.145517E+02
  0.002   0.050   0.440568E+01  0.151778E+02
  0.002   0.050  -0.369137E+01  0.143898E+02
  0.002   0.050   0.351201E+01  0.152691E+02
  0.002   0.050  -0.495060E+01  0.142619E+02
  0.002   0.050   0.251001E+01  0.153506E+02
  0.002   0.050  -0.605898E+01  0.141712E+02
  0.002   0.050   0.143004E+01  0.154114E+02
  0.002   0.050  -0.698275E+01  0.141195E+02
  0.002   0.050   0.305280E+00  0.154438E+02
