  0.002   0.050  -0.105322E+05 -0.175456E+04
  0.002   0.050   0.283336E+03  0.208224E+02
  0.002   0.050  -0.110107E+05 -0.172772E+04
  0.002   0.050  -0.569505E+03  0.552449E+01
  0.002   0.050  -0.111539E+05 -0.165283E+04
  0.002   0.050  -0.140426E+04 -0.382420E+02
  0.002   0.050  -0.109572E+05 -0.153209E+04
  0.002   0.050  -0.219501E+04 -0.105160E+03
  0.002   0.050  -0.104266E+05 -0.136891E+04
  0.002   0.050  -0.291751E+04 -0.187107E+03
  0.002   0.050  -0.957827E+04 -0.116787E+04
  0.002   0.050  -0.355002E+04 -0.274149E+03
  0.002   0.050  -0.843804E+04 -0.934577E+03
  0.002   0.050  -0.407388E+04 -0.355745E+03
  0.002   0.050  -0.704062E+04 -0.675606E+03
  0.002   0.050  -0.447397E+04 -0.422022E+03
  0.002   0.050  -0.542856E+04 -0.398323E+03
  0.002   0.050  -0.473888E+04 -0.464961E+03
  0.002   0.050  -0.365093E+04 -0.110743E+03
  0.002   0.050  -0.486115E+04 -0.479347E+03
  0.002   0.050  -0.176185E+04  0.178672E+03
  0.002   0.050  -0.483726E+04 -0.463396E+03
  0.002   0.050   0.181235E+03  0.461236E+03
  0.002   0.050  -0.466773E+04 -0.418964E+03
  0.002   0.050   0.211922E+04  0.728288E+03
  0.002   0.050  -0.435715E+04 -0.351331E+03
  0.002   0.050   0.399321E+04  0.971465E+03
  0.002   0.050  -0.391418E+04 -0.268574E+03
  0.002   0.050   0.574629E+04  0.118299E+04
  0.002   0.050  -0.335150E+04 -0.180609E+03
  0.002   0.050   0.732524E+04  0.135594E+04
  0.002   0.050  -0.268565E+04 -0.980052E+02
  0.002   0.050   0.868216E+04  0.148455E+04
  0.002   0.050  -0.193664E+04 -0.307078E+02
  0.002   0.050   0.977592E+04  0.156440E+04
  0.002   0.050  -0.112745E+04  0.131642E+02
  0.002   0.050   0.105734E+05  0.159266E+04
  0.002   0.050  -0.283218E+03  0.283117E+02
  0.002   0.050   0.110504E+05  0.156820E+04
  0.002   0.050   0.569619E+03  0.129037E+02
  0.002   0.050   0.111925E+05  0.149164E+04
  0.002   0.050   0.140438E+04 -0.311971E+02
  0.002   0.050   0.109955E+05  0.136540E+04
  0.002   0.050   0.219512E+04 -0.986635E+02
  0.002   0.050   0.104653E+05  0.119355E+04
  0.002   0.050   0.291762E+04 -0.181356E+03
  0.002   0.050   0.961806E+04  0.981715E+03
  0.002   0.050   0.355013E+04 -0.269319E+03
  0.002   0.050   0.847947E+04  0.736808E+03
  0.002   0.050   0.407400E+04 -0.351982E+03
  0.002   0.050   0.708403E+04  0.466799E+03
  0.002   0.050   0.447409E+04 -0.419441E+03
  0.002   0.050   0.547406E+04  0.180389E+03
  0.002   0.050   0.473901E+04 -0.463639E+03
  0.002   0.050   0.369839E+04 -0.113308E+03
  0.002   0.050   0.486128E+04 -0.479325E+03
  0.002   0.050   0.181088E+04 -0.405092E+03
  0.002   0.050   0.483740E+04 -0.464675E+03
  0.002   0.050  -0.131188E+03 -0.685990E+03
  0.002   0.050   0.466787E+04 -0.421506E+03
  0.002   0.050  -0.206885E+04 -0.947542E+03
  0.002   0.050   0.435729E+04 -0.355057E+03
  0.002   0.050  -0.394325E+04 -0.118205E+04
  0.002   0.050   0.391432E+04 -0.273372E+03
  0.002   0.050  -0.569741E+04 -0.138278E+04
  0.002   0.050   0.335164E+04 -0.186333E+03
  0.002   0.050  -0.727800E+04 -0.154412E+04
  0.002   0.050   0.268578E+04 -0.104480E+03
  0.002   0.050  -0.863690E+04 -0.166169E+04
  0.002   0.050   0.193677E+04 -0.377382E+02
  0.002   0.050  -0.973275E+04 -0.173241E+04
  0.002   0.050   0.112757E+04  0.579238E+01
