  0.002   0.050  -0.175214E+05 -0.317358E+04
  0.002   0.050   0.422847E+03 -0.411396E+01
  0.002   0.050  -0.181928E+05 -0.312208E+04
  0.002   0.050  -0.761531E+03 -0.254286E+02
  0.002   0.050  -0.183098E+05 -0.298519E+04
  0.002   0.050  -0.192169E+04 -0.863555E+02
  0.002   0.050  -0.178688E+05 -0.276723E+04
  0.002   0.050  -0.302160E+04 -0.179505E+03
  0.002   0.050  -0.168833E+05 -0.247460E+04
  0.002   0.050  -0.402754E+04 -0.293591E+03
  0.002   0.050  -0.153830E+05 -0.211560E+04
  0.002   0.050  -0.490924E+04 -0.414809E+03
  0.002   0.050  -0.134138E+05 -0.170027E+04
  0.002   0.050  -0.564070E+04 -0.528515E+03
  0.002   0.050  -0.110356E+05 -0.124020E+04
  0.002   0.050  -0.620077E+04 -0.620988E+03
  0.002   0.050  -0.832076E+04 -0.748265E+03
  0.002   0.050  -0.657351E+04 -0.681080E+03
  0.002   0.050  -0.535201E+04 -0.238392E+03
  0.002   0.050  -0.674837E+04 -0.701542E+03
  0.002   0.050  -0.221969E+04  0.274741E+03
  0.002   0.050  -0.672034E+04 -0.679883E+03
  0.002   0.050   0.980887E+03  0.776058E+03
  0.002   0.050  -0.648998E+04 -0.618668E+03
  0.002   0.050   0.415240E+04  0.125048E+04
  0.002   0.050  -0.606349E+04 -0.525215E+03
  0.002   0.050   0.719845E+04  0.168336E+04
  0.002   0.050  -0.545277E+04 -0.410727E+03
  0.002   0.050   0.100265E+05  0.206096E+04
  0.002   0.050  -0.467530E+04 -0.288959E+03
  0.002   0.050   0.125508E+05  0.237096E+04
  0.002   0.050  -0.375390E+04 -0.174575E+03
  0.002   0.050   0.146947E+05  0.260288E+04
  0.002   0.050  -0.271629E+04 -0.813745E+02
  0.002   0.050   0.163932E+05  0.274857E+04
  0.002   0.050  -0.159428E+04 -0.206195E+02
  0.002   0.050   0.175949E+05  0.280261E+04
  0.002   0.050  -0.422754E+03  0.338874E+00
  0.002   0.050   0.182635E+05  0.276253E+04
  0.002   0.050   0.761622E+03 -0.210366E+02
  0.002   0.050   0.183788E+05  0.262903E+04
  0.002   0.050   0.192178E+04 -0.821578E+02
  0.002   0.050   0.179372E+05  0.240601E+04
  0.002   0.050   0.302169E+04 -0.175629E+03
  0.002   0.050   0.169524E+05  0.210049E+04
  0.002   0.050   0.402763E+04 -0.290155E+03
  0.002   0.050   0.154541E+05  0.172232E+04
  0.002   0.050   0.490933E+04 -0.411917E+03
  0.002   0.050   0.134878E+05  0.128386E+04
  0.002   0.050   0.564079E+04 -0.526255E+03
  0.002   0.050   0.111131E+05  0.799473E+03
  0.002   0.050   0.620087E+04 -0.619428E+03
  0.002   0.050   0.840200E+04  0.284980E+03
  0.002   0.050   0.657361E+04 -0.680269E+03
  0.002   0.050   0.543674E+04 -0.242971E+03
  0.002   0.050   0.674848E+04 -0.701503E+03
  0.002   0.050   0.230724E+04 -0.767524E+03
  0.002   0.050   0.672045E+04 -0.680618E+03
  0.002   0.050  -0.891533E+03 -0.127223E+04
  0.002   0.050   0.649009E+04 -0.620155E+03
  0.002   0.050  -0.406247E+04 -0.174159E+04
  0.002   0.050   0.606360E+04 -0.527408E+03
  0.002   0.050  -0.710925E+04 -0.216158E+04
  0.002   0.050   0.545288E+04 -0.413559E+03
  0.002   0.050  -0.993926E+04 -0.252001E+04
  0.002   0.050   0.467540E+04 -0.292345E+03
  0.002   0.050  -0.124664E+05 -0.280687E+04
  0.002   0.050   0.375400E+04 -0.178412E+03
  0.002   0.050  -0.146139E+05 -0.301448E+04
  0.002   0.050   0.271639E+04 -0.855454E+02
  0.002   0.050  -0.163161E+05 -0.313762E+04
  0.002   0.050   0.159438E+04 -0.249979E+02
