  0.002   0.050  -0.190665E+06  0.116178E+08
  0.002   0.050  -0.687111E+04 -0.120912E+03
  0.002   0.050  -0.181277E+06  0.116181E+08
  0.002   0.050  -0.676362E+04 -0.240609E+03
  0.002   0.050  -0.166372E+06  0.116189E+08
  0.002   0.050  -0.644876E+04 -0.345401E+03
  0.002   0.050  -0.146404E+06  0.116201E+08
  0.002   0.050  -0.593686E+04 -0.422577E+03
  0.002   0.050  -0.121978E+06  0.116216E+08
  0.002   0.050  -0.524458E+04 -0.462751E+03
  0.002   0.050  -0.938363E+05  0.116235E+08
  0.002   0.050  -0.439401E+04 -0.460989E+03
  0.002   0.050  -0.628354E+05  0.116257E+08
  0.002   0.050  -0.341179E+04 -0.417400E+03
  0.002   0.050  -0.299175E+05  0.116281E+08
  0.002   0.050  -0.232805E+04 -0.337103E+03
  0.002   0.050   0.391649E+04  0.116307E+08
  0.002   0.050  -0.117543E+04 -0.229608E+03
  0.002   0.050   0.376376E+05  0.116334E+08
  0.002   0.050   0.118333E+02 -0.107668E+03
  0.002   0.050   0.702203E+05  0.116362E+08
  0.002   0.050   0.119875E+04  0.142447E+02
  0.002   0.050   0.100674E+06  0.116389E+08
  0.002   0.050   0.235032E+04  0.121661E+03
  0.002   0.050   0.128073E+06  0.116415E+08
  0.002   0.050   0.343234E+04  0.201838E+03
  0.002   0.050   0.151584E+06  0.116439E+08
  0.002   0.050   0.441222E+04  0.245280E+03
  0.002   0.050   0.170493E+06  0.116460E+08
  0.002   0.050   0.525991E+04  0.246884E+03
  0.002   0.050   0.184226E+06  0.116477E+08
  0.002   0.050   0.594886E+04  0.206561E+03
  0.002   0.050   0.192367E+06  0.116490E+08
  0.002   0.050   0.645706E+04  0.129262E+03
  0.002   0.050   0.194669E+06  0.116499E+08
  0.002   0.050   0.676799E+04  0.243889E+02
  0.002   0.050   0.191064E+06  0.116502E+08
  0.002   0.050   0.687142E+04 -0.953393E+02
  0.002   0.050   0.181660E+06  0.116501E+08
  0.002   0.050   0.676392E+04 -0.215429E+03
  0.002   0.050   0.166746E+06  0.116493E+08
  0.002   0.050   0.644905E+04 -0.321379E+03
  0.002   0.050   0.146774E+06  0.116481E+08
  0.002   0.050   0.593715E+04 -0.400443E+03
  0.002   0.050   0.122352E+06  0.116464E+08
  0.002   0.050   0.524487E+04 -0.443177E+03
  0.002   0.050   0.942215E+05  0.116443E+08
  0.002   0.050   0.439431E+04 -0.444571E+03
  0.002   0.050   0.632364E+05  0.116419E+08
  0.002   0.050   0.341211E+04 -0.404635E+03
  0.002   0.050   0.303377E+05  0.116392E+08
  0.002   0.050   0.232838E+04 -0.328381E+03
  0.002   0.050  -0.347600E+04  0.116363E+08
  0.002   0.050   0.117578E+04 -0.225193E+03
  0.002   0.050  -0.371781E+05  0.116334E+08
  0.002   0.050  -0.114773E+02 -0.107694E+03
  0.002   0.050  -0.697456E+05  0.116305E+08
  0.002   0.050  -0.119838E+04  0.977872E+01
  0.002   0.050  -0.100189E+06  0.116278E+08
  0.002   0.050  -0.234994E+04  0.112891E+03
  0.002   0.050  -0.127585E+06  0.116253E+08
  0.002   0.050  -0.343196E+04  0.189029E+03
  0.002   0.050  -0.151100E+06  0.116230E+08
  0.002   0.050  -0.441185E+04  0.228822E+03
  0.002   0.050  -0.170020E+06  0.116211E+08
  0.002   0.050  -0.525955E+04  0.227277E+03
  0.002   0.050  -0.183769E+06  0.116196E+08
  0.002   0.050  -0.594851E+04  0.184401E+03
  0.002   0.050  -0.191929E+06  0.116186E+08
  0.002   0.050  -0.645672E+04  0.105223E+03
  0.002   0.050  -0.194252E+06  0.116180E+08
  0.002   0.050  -0.676767E+04 -0.799963E+00
