  0.002   0.050   0.281219E+05 -0.618208E+06
  0.002   0.050   0.786662E+04 -0.616063E+06
  0.002   0.050   0.277614E+05 -0.618266E+06
  0.002   0.050   0.188991E+05 -0.616044E+06
  0.002   0.050   0.265559E+05 -0.618410E+06
  0.002   0.050   0.293513E+05 -0.615984E+06
  0.002   0.050   0.245417E+05 -0.618637E+06
  0.002   0.050   0.389030E+05 -0.615913E+06
  0.002   0.050   0.217800E+05 -0.618940E+06
  0.002   0.050   0.472631E+05 -0.615871E+06
  0.002   0.050   0.183549E+05 -0.619310E+06
  0.002   0.050   0.541784E+05 -0.615909E+06
  0.002   0.050   0.143705E+05 -0.619736E+06
  0.002   0.050   0.594415E+05 -0.616079E+06
  0.002   0.050   0.994791E+04 -0.620209E+06
  0.002   0.050   0.628961E+05 -0.616424E+06
  0.002   0.050   0.522173E+04 -0.620714E+06
  0.002   0.050   0.644409E+05 -0.616973E+06
  0.002   0.050   0.335737E+03 -0.621238E+06
  0.002   0.050   0.640317E+05 -0.617737E+06
  0.002   0.050  -0.456145E+04 -0.621766E+06
  0.002   0.050   0.616822E+05 -0.618702E+06
  0.002   0.050  -0.932089E+04 -0.622284E+06
  0.002   0.050   0.574629E+05 -0.619829E+06
  0.002   0.050  -0.137979E+05 -0.622775E+06
  0.002   0.050   0.514998E+05 -0.621059E+06
  0.002   0.050  -0.178564E+05 -0.623225E+06
  0.002   0.050   0.439707E+05 -0.622314E+06
  0.002   0.050  -0.213731E+05 -0.623620E+06
  0.002   0.050   0.351009E+05 -0.623508E+06
  0.002   0.050  -0.242413E+05 -0.623945E+06
  0.002   0.050   0.251573E+05 -0.624553E+06
  0.002   0.050  -0.263739E+05 -0.624191E+06
  0.002   0.050   0.144409E+05 -0.625366E+06
  0.002   0.050  -0.277063E+05 -0.624347E+06
  0.002   0.050   0.327798E+04 -0.625884E+06
  0.002   0.050  -0.281982E+05 -0.624408E+06
  0.002   0.050  -0.799013E+04 -0.626064E+06
  0.002   0.050  -0.278348E+05 -0.624371E+06
  0.002   0.050  -0.190179E+05 -0.625891E+06
  0.002   0.050  -0.266274E+05 -0.624235E+06
  0.002   0.050  -0.294671E+05 -0.625379E+06
  0.002   0.050  -0.246126E+05 -0.624004E+06
  0.002   0.050  -0.390178E+05 -0.624570E+06
  0.002   0.050  -0.218517E+05 -0.623686E+06
  0.002   0.050  -0.473791E+05 -0.623527E+06
  0.002   0.050  -0.184286E+05 -0.623291E+06
  0.002   0.050  -0.542977E+05 -0.622332E+06
  0.002   0.050  -0.144472E+05 -0.622832E+06
  0.002   0.050  -0.595657E+05 -0.621073E+06
  0.002   0.050  -0.100283E+05 -0.622325E+06
  0.002   0.050  -0.630262E+05 -0.619838E+06
  0.002   0.050  -0.530600E+04 -0.621786E+06
  0.002   0.050  -0.645773E+05 -0.618703E+06
  0.002   0.050  -0.423629E+03 -0.621233E+06
  0.002   0.050  -0.641739E+05 -0.617730E+06
  0.002   0.050   0.447063E+04 -0.620685E+06
  0.002   0.050  -0.618291E+05 -0.616958E+06
  0.002   0.050   0.922820E+04 -0.620159E+06
  0.002   0.050  -0.576128E+05 -0.616402E+06
  0.002   0.050   0.137046E+05 -0.619671E+06
  0.002   0.050  -0.516507E+05 -0.616052E+06
  0.002   0.050   0.177639E+05 -0.619236E+06
  0.002   0.050  -0.441203E+05 -0.615880E+06
  0.002   0.050   0.212826E+05 -0.618867E+06
  0.002   0.050  -0.352473E+05 -0.615842E+06
  0.002   0.050   0.241538E+05 -0.618574E+06
  0.002   0.050  -0.252988E+05 -0.615888E+06
  0.002   0.050   0.262900E+05 -0.618363E+06
  0.002   0.050  -0.145765E+05 -0.615966E+06
  0.002   0.050   0.276263E+05 -0.618241E+06
  0.002   0.050  -0.340732E+04 -0.616034E+06
