  0.002   0.050   0.238200E+05  0.198313E+04
  0.002   0.050   0.494246E+04 -0.530339E+02
  0.002   0.050   0.234676E+05  0.194772E+04
  0.002   0.050   0.486761E+04  0.331857E+02
  0.002   0.050   0.224011E+05  0.185789E+04
  0.002   0.050   0.464352E+04  0.108778E+03
  0.002   0.050   0.206529E+05  0.171669E+04
  0.002   0.050   0.427755E+04  0.164582E+03
  0.002   0.050   0.182761E+05  0.152846E+04
  0.002   0.050   0.378161E+04  0.193825E+03
  0.002   0.050   0.153430E+05  0.129867E+04
  0.002   0.050   0.317154E+04  0.192934E+03
  0.002   0.050   0.119426E+05  0.103381E+04
  0.002   0.050   0.246644E+04  0.161964E+03
  0.002   0.050   0.817852E+04  0.741243E+03
  0.002   0.050   0.168795E+04  0.104579E+03
  0.002   0.050   0.416507E+04  0.429057E+03
  0.002   0.050   0.859502E+03  0.276013E+02
  0.002   0.050   0.243681E+02  0.105924E+03
  0.002   0.050   0.571169E+01 -0.598061E+02
  0.002   0.050  -0.411769E+04 -0.219068E+03
  0.002   0.050  -0.848254E+03 -0.147238E+03
  0.002   0.050  -0.813516E+04 -0.536601E+03
  0.002   0.050  -0.167722E+04 -0.224287E+03
  0.002   0.050  -0.119059E+05 -0.837347E+03
  0.002   0.050  -0.245657E+04 -0.281782E+03
  0.002   0.050  -0.153154E+05 -0.111221E+04
  0.002   0.050  -0.316282E+04 -0.312886E+03
  0.002   0.050  -0.182600E+05 -0.135259E+04
  0.002   0.050  -0.377432E+04 -0.313918E+03
  0.002   0.050  -0.206503E+05 -0.155070E+04
  0.002   0.050  -0.427192E+04 -0.284809E+03
  0.002   0.050  -0.224137E+05 -0.169983E+04
  0.002   0.050  -0.463971E+04 -0.229113E+03
  0.002   0.050  -0.234969E+05 -0.179464E+04
  0.002   0.050  -0.486577E+04 -0.153590E+03
  0.002   0.050  -0.238669E+05 -0.183145E+04
  0.002   0.050  -0.494264E+04 -0.673931E+02
  0.002   0.050  -0.235127E+05 -0.180840E+04
  0.002   0.050  -0.486778E+04  0.190473E+02
  0.002   0.050  -0.224451E+05 -0.172564E+04
  0.002   0.050  -0.464368E+04  0.952898E+02
  0.002   0.050  -0.206965E+05 -0.158537E+04
  0.002   0.050  -0.427771E+04  0.152154E+03
  0.002   0.050  -0.183202E+05 -0.139179E+04
  0.002   0.050  -0.378178E+04  0.182835E+03
  0.002   0.050  -0.153883E+05 -0.115105E+04
  0.002   0.050  -0.317171E+04  0.183716E+03
  0.002   0.050  -0.119898E+05 -0.870940E+03
  0.002   0.050  -0.246662E+04  0.154798E+03
  0.002   0.050  -0.822797E+04 -0.560666E+03
  0.002   0.050  -0.168813E+04  0.996823E+02
  0.002   0.050  -0.421692E+04 -0.230452E+03
  0.002   0.050  -0.859693E+03  0.251231E+02
  0.002   0.050  -0.784427E+02  0.108853E+03
  0.002   0.050  -0.591047E+01 -0.597906E+02
  0.002   0.050   0.406182E+04  0.446212E+03
  0.002   0.050   0.848049E+03 -0.144730E+03
  0.002   0.050   0.807813E+04  0.770815E+03
  0.002   0.050   0.167701E+04 -0.219361E+03
  0.002   0.050   0.118485E+05  0.107248E+04
  0.002   0.050   0.245636E+04 -0.274589E+03
  0.002   0.050   0.152585E+05  0.134200E+04
  0.002   0.050   0.316261E+04 -0.303644E+03
  0.002   0.050   0.182043E+05  0.157143E+04
  0.002   0.050   0.377412E+04 -0.302909E+03
  0.002   0.050   0.205964E+05  0.175429E+04
  0.002   0.050   0.427172E+04 -0.272366E+03
  0.002   0.050   0.223622E+05  0.188571E+04
  0.002   0.050   0.463953E+04 -0.215614E+03
  0.002   0.050   0.234477E+05  0.196250E+04
  0.002   0.050   0.486559E+04 -0.139447E+03
