 Center of Gravity:
   0.870000000000000E+000  -0.390000000000000E+000  -0.111000000000000E+000
 Body Mass Matrix:                                                                   # The mass matrix is modified based on only taking the heave component. This is calculated from the WANAN SHENG example for point bouy
   0.63503E+01   0.00000E+00   0.00000E+00   0.00000E+00  -0.43309E+00   0.00000E+00
   0.00000E+00   0.63503E+01   0.00000E+00   0.43309E+00   0.00000E+00   0.00000E+00
   0.00000E+00   0.00000E+00   0.63503E+01   0.00000E+00   0.00000E+00   0.00000E+00
   0.00000E+00   0.43309E+00   0.00000E+00   0.59815E-01  -0.42723E-06   0.17497E-05
  -0.43309E+00   0.00000E+00   0.00000E+00  -0.42723E-06   0.59811E-01  -0.14877E-06
   0.00000E+00   0.00000E+00   0.00000E+00   0.17497E-05  -0.14877E-06   0.71593E-01
 External Linear Damping Matrix:
   0.00000E+00   0.00000E+00   0.00000E+00   0.00000E+00   0.00000E+00   0.00000E+00
   0.00000E+00   0.00000E+00   0.00000E+00   0.00000E+00   0.00000E+00   0.00000E+00
   0.00000E+00   0.00000E+00   0.00000E+00   0.00000E+00   0.00000E+00   0.00000E+00
   0.00000E+00   0.00000E+00   0.00000E+00   0.00000E+00   0.00000E+00   0.00000E+00
   0.00000E+00   0.00000E+00   0.00000E+00   0.00000E+00   0.00000E+00   0.00000E+00
   0.00000E+00   0.00000E+00   0.00000E+00   0.00000E+00   0.00000E+00   0.00000E+00
 External Quadratic Damping Matrix:
   0.00000E+00   0.00000E+00   0.00000E+00   0.00000E+00   0.00000E+00   0.00000E+00
   0.00000E+00   0.00000E+00   0.00000E+00   0.00000E+00   0.00000E+00   0.00000E+00
   0.00000E+00   0.00000E+00   0.00000E+00   0.00000E+00   0.00000E+00   0.00000E+00
   0.00000E+00   0.00000E+00   0.00000E+00   0.00000E+00   0.00000E+00   0.00000E+00
   0.00000E+00   0.00000E+00   0.00000E+00   0.00000E+00   0.00000E+00   0.00000E+00
   0.00000E+00   0.00000E+00   0.00000E+00   0.00000E+00   0.00000E+00   0.00000E+00
 Hydrostatic Restoring Matrix:                                                            # The restoring matrix is modified based on only taking the heave component. This is calculated from the WANAN SHENG example for point bouy
   0.00000E+00   0.00000E+00   0.00000E+00   0.00000E+00   0.00000E+00   0.00000E+00
   0.00000E+00   0.00000E+00   0.00000E+00   0.00000E+00   0.00000E+00   0.00000E+00
   0.00000E+00   0.00000E+00   0.62013E+01   0.58846E-04  -0.76890E-03   0.00000E+00
   0.00000E+00   0.00000E+00   0.58846E-04   0.58630E+01   0.46048E-05   0.48496E-04
   0.00000E+00   0.00000E+00  -0.76890E-03   0.46048E-05   0.58630E+01  -0.69824E-03
   0.00000E+00   0.00000E+00   0.00000E+00   0.00000E+00   0.00000E+00   0.00000E+00
 External Restoring Matrix:
   0.00000E+00   0.00000E+00   0.00000E+00   0.00000E+00   0.00000E+00   0.00000E+00
   0.00000E+00   0.00000E+00   0.00000E+00   0.00000E+00   0.00000E+00   0.00000E+00
   0.00000E+00   0.00000E+00   0.00000E+00   0.00000E+00   0.00000E+00   0.00000E+00
   0.00000E+00   0.00000E+00   0.00000E+00   0.00000E+00   0.00000E+00   0.00000E+00
   0.00000E+00   0.00000E+00   0.00000E+00   0.00000E+00   0.00000E+00   0.00000E+00
   0.00000E+00   0.00000E+00   0.00000E+00   0.00000E+00   0.00000E+00   0.00000E+00

# No damping is considered for this case