  0.002   0.050    0.50594E-05   0.43817E-01  -0.69411E-03   0.31714E-01  -0.14225E-05   0.30280E-04
  0.002   0.060    0.88098E-05   0.76285E-01  -0.12137E-02   0.55205E-01  -0.24751E-05   0.52725E-04
  0.003   0.070    0.14084E-04   0.12221E+00  -0.19758E-02   0.88425E-01  -0.39476E-05   0.84485E-04
  0.003   0.080    0.21495E-04   0.18430E+00  -0.13636E-02   0.13332E+00  -0.57602E-05   0.12740E-03
  0.003   0.090    0.31721E-04   0.26546E+00   0.14733E-02   0.19198E+00  -0.80846E-05   0.18347E-03
  0.004   0.100    0.43208E-04   0.36889E+00  -0.10513E-02   0.26671E+00  -0.11252E-04   0.25511E-03
  0.004   0.110    0.58387E-04   0.49808E+00  -0.29725E-02   0.36001E+00  -0.15528E-04   0.34462E-03
  0.005   0.120    0.77492E-04   0.65691E+00  -0.76872E-03   0.47465E+00  -0.20132E-04   0.45461E-03
  0.005   0.130    0.96093E-04   0.84965E+00  -0.14074E-01   0.61370E+00  -0.25567E-04   0.58858E-03
  0.005   0.140    0.13197E-03   0.10811E+01  -0.65552E-02   0.78057E+00  -0.36868E-04   0.74898E-03
