  0.002   0.050  -0.104101E+01  0.155303E+02
  0.002   0.050  -0.186890E+01  0.155318E+02
  0.002   0.050  -0.263998E+01  0.155328E+02
  0.002   0.050  -0.333084E+01  0.155332E+02
  0.002   0.050  -0.392047E+01  0.155330E+02
  0.002   0.050  -0.439095E+01  0.155322E+02
  0.002   0.050  -0.472801E+01  0.155308E+02
  0.002   0.050  -0.492138E+01  0.155291E+02
  0.002   0.050  -0.496520E+01  0.155272E+02
  0.002   0.050  -0.485813E+01  0.155254E+02
  0.002   0.050  -0.460343E+01  0.155239E+02
  0.002   0.050  -0.420884E+01  0.155229E+02
  0.002   0.050  -0.368634E+01  0.155225E+02
  0.002   0.050  -0.305182E+01  0.155227E+02
  0.002   0.050  -0.232455E+01  0.155236E+02
  0.002   0.050  -0.152664E+01  0.155249E+02
  0.002   0.050  -0.682314E+00  0.155267E+02
  0.002   0.050   0.182759E+00  0.155285E+02
  0.002   0.050   0.104230E+01  0.155303E+02
  0.002   0.050   0.187019E+01  0.155318E+02
  0.002   0.050   0.264128E+01  0.155328E+02
  0.002   0.050   0.333213E+01  0.155332E+02
  0.002   0.050   0.392176E+01  0.155330E+02
  0.002   0.050   0.439225E+01  0.155322E+02
  0.002   0.050   0.472930E+01  0.155308E+02
  0.002   0.050   0.492267E+01  0.155291E+02
  0.002   0.050   0.496649E+01  0.155272E+02
  0.002   0.050   0.485942E+01  0.155255E+02
  0.002   0.050   0.460472E+01  0.155240E+02
  0.002   0.050   0.421013E+01  0.155229E+02
  0.002   0.050   0.368763E+01  0.155225E+02
  0.002   0.050   0.305311E+01  0.155227E+02
  0.002   0.050   0.232584E+01  0.155236E+02
  0.002   0.050   0.152793E+01  0.155250E+02
  0.002   0.050   0.683604E+00  0.155267E+02
  0.002   0.050  -0.181468E+00  0.155285E+02
  0.002   0.060  -0.125068E+01  0.155260E+02
  0.002   0.060  -0.224543E+01  0.155281E+02
  0.002   0.060  -0.317193E+01  0.155296E+02
  0.002   0.060  -0.400202E+01  0.155302E+02
  0.002   0.060  -0.471049E+01  0.155299E+02
  0.002   0.060  -0.527580E+01  0.155287E+02
  0.002   0.060  -0.568078E+01  0.155267E+02
  0.002   0.060  -0.591312E+01  0.155242E+02
  0.002   0.060  -0.596577E+01  0.155215E+02
  0.002   0.060  -0.583712E+01  0.155190E+02
  0.002   0.060  -0.553108E+01  0.155168E+02
  0.002   0.060  -0.505695E+01  0.155153E+02
  0.002   0.060  -0.442914E+01  0.155147E+02
  0.002   0.060  -0.366673E+01  0.155151E+02
  0.002   0.060  -0.279288E+01  0.155163E+02
  0.002   0.060  -0.183415E+01  0.155183E+02
  0.002   0.060  -0.819655E+00  0.155207E+02
  0.002   0.060   0.219770E+00  0.155234E+02
  0.002   0.060   0.125255E+01  0.155260E+02
  0.002   0.060   0.224730E+01  0.155282E+02
  0.002   0.060   0.317379E+01  0.155296E+02
  0.002   0.060   0.400389E+01  0.155302E+02
  0.002   0.060   0.471235E+01  0.155299E+02
  0.002   0.060   0.527766E+01  0.155287E+02
  0.002   0.060   0.568265E+01  0.155267E+02
  0.002   0.060   0.591499E+01  0.155243E+02
  0.002   0.060   0.596763E+01  0.155216E+02
  0.002   0.060   0.583898E+01  0.155190E+02
  0.002   0.060   0.553294E+01  0.155169E+02
  0.002   0.060   0.505882E+01  0.155154E+02
  0.002   0.060   0.443101E+01  0.155148E+02
  0.002   0.060   0.366860E+01  0.155151E+02
  0.002   0.060   0.279475E+01  0.155163E+02
  0.002   0.060   0.183601E+01  0.155183E+02
  0.002   0.060   0.821521E+00  0.155207E+02
  0.002   0.060  -0.217904E+00  0.155234E+02
  0.003   0.070  -0.146120E+01  0.155209E+02
  0.003   0.070  -0.262351E+01  0.155239E+02
  0.003   0.070  -0.370608E+01  0.155259E+02
  0.003   0.070  -0.467600E+01  0.155267E+02
  0.003   0.070  -0.550380E+01  0.155263E+02
  0.003   0.070  -0.616434E+01  0.155246E+02
  0.003   0.070  -0.663754E+01  0.155219E+02
  0.003   0.070  -0.690901E+01  0.155185E+02
  0.003   0.070  -0.697052E+01  0.155148E+02
  0.003   0.070  -0.682019E+01  0.155113E+02
  0.003   0.070  -0.646259E+01  0.155084E+02
  0.003   0.070  -0.590859E+01  0.155064E+02
  0.003   0.070  -0.517502E+01  0.155056E+02
  0.003   0.070  -0.428418E+01  0.155060E+02
  0.003   0.070  -0.326313E+01  0.155077E+02
  0.003   0.070  -0.214289E+01  0.155104E+02
  0.003   0.070  -0.957509E+00  0.155138E+02
  0.003   0.070   0.257007E+00  0.155174E+02
  0.003   0.070   0.146375E+01  0.155210E+02
  0.003   0.070   0.262607E+01  0.155239E+02
  0.003   0.070   0.370863E+01  0.155259E+02
  0.003   0.070   0.467855E+01  0.155267E+02
  0.003   0.070   0.550635E+01  0.155263E+02
  0.003   0.070   0.616689E+01  0.155246E+02
  0.003   0.070   0.664009E+01  0.155220E+02
  0.003   0.070   0.691156E+01  0.155186E+02
  0.003   0.070   0.697307E+01  0.155149E+02
  0.003   0.070   0.682274E+01  0.155114E+02
  0.003   0.070   0.646514E+01  0.155085E+02
  0.003   0.070   0.591114E+01  0.155065E+02
  0.003   0.070   0.517758E+01  0.155056E+02
  0.003   0.070   0.428673E+01  0.155061E+02
  0.003   0.070   0.326568E+01  0.155077E+02
  0.003   0.070   0.214544E+01  0.155104E+02
  0.003   0.070   0.960061E+00  0.155138E+02
  0.003   0.070  -0.254454E+00  0.155174E+02
  0.003   0.080  -0.167274E+01  0.155152E+02
  0.003   0.080  -0.300344E+01  0.155190E+02
  0.003   0.080  -0.424284E+01  0.155216E+02
  0.003   0.080  -0.535327E+01  0.155227E+02
  0.003   0.080  -0.630101E+01  0.155221E+02
  0.003   0.080  -0.705723E+01  0.155199E+02
  0.003   0.080  -0.759898E+01  0.155164E+02
  0.003   0.080  -0.790978E+01  0.155120E+02
  0.003   0.080  -0.798019E+01  0.155072E+02
  0.003   0.080  -0.780806E+01  0.155026E+02
  0.003   0.080  -0.739864E+01  0.154987E+02
  0.003   0.080  -0.676437E+01  0.154961E+02
  0.003   0.080  -0.592451E+01  0.154950E+02
  0.003   0.080  -0.490460E+01  0.154956E+02
  0.003   0.080  -0.373561E+01  0.154978E+02
  0.003   0.080  -0.245307E+01  0.155013E+02
  0.003   0.080  -0.109595E+01  0.155057E+02
  0.003   0.080   0.294516E+00  0.155106E+02
  0.003   0.080   0.167609E+01  0.155152E+02
  0.003   0.080   0.300679E+01  0.155190E+02
  0.003   0.080   0.424619E+01  0.155217E+02
  0.003   0.080   0.535663E+01  0.155228E+02
  0.003   0.080   0.630436E+01  0.155222E+02
  0.003   0.080   0.706059E+01  0.155200E+02
  0.003   0.080   0.760233E+01  0.155165E+02
  0.003   0.080   0.791313E+01  0.155121E+02
  0.003   0.080   0.798354E+01  0.155073E+02
  0.003   0.080   0.781142E+01  0.155027E+02
  0.003   0.080   0.740200E+01  0.154988E+02
  0.003   0.080   0.676772E+01  0.154962E+02
  0.003   0.080   0.592787E+01  0.154951E+02
  0.003   0.080   0.490795E+01  0.154957E+02
  0.003   0.080   0.373896E+01  0.154978E+02
  0.003   0.080   0.245643E+01  0.155013E+02
  0.003   0.080   0.109931E+01  0.155058E+02
  0.003   0.080  -0.291163E+00  0.155106E+02
  0.003   0.090  -0.188544E+01  0.155086E+02
  0.003   0.090  -0.338547E+01  0.155135E+02
  0.003   0.090  -0.478259E+01  0.155168E+02
  0.003   0.090  -0.603433E+01  0.155182E+02
  0.003   0.090  -0.710266E+01  0.155175E+02
  0.003   0.090  -0.795511E+01  0.155147E+02
  0.003   0.090  -0.856579E+01  0.155102E+02
  0.003   0.090  -0.891612E+01  0.155046E+02
  0.003   0.090  -0.899548E+01  0.154985E+02
  0.003   0.090  -0.880144E+01  0.154926E+02
  0.003   0.090  -0.833990E+01  0.154877E+02
  0.003   0.090  -0.762489E+01  0.154844E+02
  0.003   0.090  -0.667814E+01  0.154830E+02
  0.003   0.090  -0.552842E+01  0.154838E+02
  0.003   0.090  -0.421067E+01  0.154865E+02
  0.003   0.090  -0.276492E+01  0.154910E+02
  0.003   0.090  -0.123509E+01  0.154967E+02
  0.003   0.090   0.332322E+00  0.155028E+02
  0.003   0.090   0.188971E+01  0.155087E+02
  0.003   0.090   0.338974E+01  0.155136E+02
  0.003   0.090   0.478686E+01  0.155169E+02
  0.003   0.090   0.603860E+01  0.155183E+02
  0.003   0.090   0.710693E+01  0.155176E+02
  0.003   0.090   0.795938E+01  0.155148E+02
  0.003   0.090   0.857006E+01  0.155103E+02
  0.003   0.090   0.892039E+01  0.155047E+02
  0.003   0.090   0.899975E+01  0.154986E+02
  0.003   0.090   0.880571E+01  0.154928E+02
  0.003   0.090   0.834417E+01  0.154879E+02
  0.003   0.090   0.762916E+01  0.154845E+02
  0.003   0.090   0.668241E+01  0.154831E+02
  0.003   0.090   0.553269E+01  0.154839E+02
  0.003   0.090   0.421494E+01  0.154866E+02
  0.003   0.090   0.276919E+01  0.154911E+02
  0.003   0.090   0.123936E+01  0.154967E+02
  0.003   0.090  -0.328052E+00  0.155028E+02
  0.004   0.100  -0.209944E+01  0.155014E+02
  0.004   0.100  -0.376991E+01  0.155074E+02
  0.004   0.100  -0.532575E+01  0.155115E+02
  0.004   0.100  -0.671971E+01  0.155132E+02
  0.004   0.100  -0.790941E+01  0.155123E+02
  0.004   0.100  -0.885871E+01  0.155089E+02
  0.004   0.100  -0.953876E+01  0.155033E+02
  0.004   0.100  -0.992889E+01  0.154963E+02
  0.004   0.100  -0.100172E+02  0.154887E+02
  0.004   0.100  -0.980114E+01  0.154815E+02
  0.004   0.100  -0.928715E+01  0.154754E+02
  0.004   0.100  -0.849089E+01  0.154713E+02
  0.004   0.100  -0.743656E+01  0.154696E+02
  0.004   0.100  -0.615620E+01  0.154705E+02
  0.004   0.100  -0.468872E+01  0.154740E+02
  0.004   0.100  -0.307871E+01  0.154795E+02
  0.004   0.100  -0.137507E+01  0.154865E+02
  0.004   0.100   0.370427E+00  0.154941E+02
  0.004   0.100   0.210475E+01  0.155014E+02
  0.004   0.100   0.377522E+01  0.155075E+02
  0.004   0.100   0.533106E+01  0.155117E+02
  0.004   0.100   0.672501E+01  0.155134E+02
  0.004   0.100   0.791472E+01  0.155125E+02
  0.004   0.100   0.886402E+01  0.155091E+02
  0.004   0.100   0.954407E+01  0.155035E+02
  0.004   0.100   0.993420E+01  0.154965E+02
  0.004   0.100   0.100226E+02  0.154890E+02
  0.004   0.100   0.980645E+01  0.154817E+02
  0.004   0.100   0.929246E+01  0.154756E+02
  0.004   0.100   0.849620E+01  0.154715E+02
  0.004   0.100   0.744187E+01  0.154698E+02
  0.004   0.100   0.616151E+01  0.154707E+02
  0.004   0.100   0.469403E+01  0.154741E+02
  0.004   0.100   0.308401E+01  0.154796E+02
  0.004   0.100   0.138038E+01  0.154866E+02
  0.004   0.100  -0.365119E+00  0.154941E+02
  0.004   0.110  -0.231494E+01  0.154934E+02
  0.004   0.110  -0.415702E+01  0.155007E+02
  0.004   0.110  -0.587271E+01  0.155057E+02
  0.004   0.110  -0.740986E+01  0.155078E+02
  0.004   0.110  -0.872179E+01  0.155067E+02
  0.004   0.110  -0.976861E+01  0.155025E+02
  0.004   0.110  -0.105185E+02  0.154957E+02
  0.004   0.110  -0.109487E+02  0.154872E+02
  0.004   0.110  -0.110461E+02  0.154780E+02
  0.004   0.110  -0.108078E+02  0.154692E+02
  0.004   0.110  -0.102410E+02  0.154618E+02
  0.004   0.110  -0.936287E+01  0.154568E+02
  0.004   0.110  -0.820020E+01  0.154547E+02
  0.004   0.110  -0.678828E+01  0.154559E+02
  0.004   0.110  -0.517002E+01  0.154601E+02
  0.004   0.110  -0.339458E+01  0.154668E+02
  0.004   0.110  -0.151591E+01  0.154753E+02
  0.004   0.110   0.408914E+00  0.154846E+02
  0.004   0.110   0.232142E+01  0.154934E+02
  0.004   0.110   0.416350E+01  0.155008E+02
  0.004   0.110   0.587918E+01  0.155059E+02
  0.004   0.110   0.741634E+01  0.155080E+02
  0.004   0.110   0.872826E+01  0.155069E+02
  0.004   0.110   0.977508E+01  0.155027E+02
  0.004   0.110   0.105250E+02  0.154960E+02
  0.004   0.110   0.109552E+02  0.154875E+02
  0.004   0.110   0.110526E+02  0.154783E+02
  0.004   0.110   0.108143E+02  0.154695E+02
  0.004   0.110   0.102474E+02  0.154621E+02
  0.004   0.110   0.936934E+01  0.154570E+02
  0.004   0.110   0.820667E+01  0.154549E+02
  0.004   0.110   0.679475E+01  0.154560E+02
  0.004   0.110   0.517649E+01  0.154602E+02
  0.004   0.110   0.340106E+01  0.154669E+02
  0.004   0.110   0.152239E+01  0.154754E+02
  0.004   0.110  -0.402438E+00  0.154846E+02
  0.005   0.120  -0.253215E+01  0.154847E+02
  0.005   0.120  -0.454719E+01  0.154935E+02
  0.005   0.120  -0.642396E+01  0.154995E+02
  0.005   0.120  -0.810544E+01  0.155020E+02
  0.005   0.120  -0.954054E+01  0.155006E+02
  0.005   0.120  -0.106856E+02  0.154956E+02
  0.005   0.120  -0.115059E+02  0.154875E+02
  0.005   0.120  -0.119765E+02  0.154773E+02
  0.005   0.120  -0.120830E+02  0.154663E+02
  0.005   0.120  -0.118223E+02  0.154557E+02
  0.005   0.120  -0.112022E+02  0.154469E+02
  0.005   0.120  -0.102416E+02  0.154409E+02
  0.005   0.120  -0.896972E+01  0.154384E+02
  0.005   0.120  -0.742520E+01  0.154398E+02
  0.005   0.120  -0.565496E+01  0.154448E+02
  0.005   0.120  -0.371281E+01  0.154529E+02
  0.005   0.120  -0.165773E+01  0.154631E+02
  0.005   0.120   0.447834E+00  0.154742E+02
  0.005   0.120   0.253991E+01  0.154848E+02
  0.005   0.120   0.455495E+01  0.154936E+02
  0.005   0.120   0.643173E+01  0.154997E+02
  0.005   0.120   0.811321E+01  0.155022E+02
  0.005   0.120   0.954831E+01  0.155009E+02
  0.005   0.120   0.106934E+02  0.154959E+02
  0.005   0.120   0.115137E+02  0.154879E+02
  0.005   0.120   0.119843E+02  0.154777E+02
  0.005   0.120   0.120908E+02  0.154667E+02
  0.005   0.120   0.118300E+02  0.154561E+02
  0.005   0.120   0.112099E+02  0.154473E+02
  0.005   0.120   0.102494E+02  0.154412E+02
  0.005   0.120   0.897749E+01  0.154387E+02
  0.005   0.120   0.743296E+01  0.154400E+02
  0.005   0.120   0.566273E+01  0.154450E+02
  0.005   0.120   0.372057E+01  0.154531E+02
  0.005   0.120   0.166549E+01  0.154632E+02
  0.005   0.120  -0.440068E+00  0.154742E+02
  0.005   0.130  -0.275106E+01  0.154752E+02
  0.005   0.130  -0.494053E+01  0.154856E+02
  0.005   0.130  -0.697978E+01  0.154927E+02
  0.005   0.130  -0.880682E+01  0.154956E+02
  0.005   0.130  -0.103662E+02  0.154940E+02
  0.005   0.130  -0.116104E+02  0.154880E+02
  0.005   0.130  -0.125017E+02  0.154785E+02
  0.005   0.130  -0.130130E+02  0.154665E+02
  0.005   0.130  -0.131287E+02  0.154535E+02
  0.005   0.130  -0.128453E+02  0.154410E+02
  0.005   0.130  -0.121715E+02  0.154306E+02
  0.005   0.130  -0.111278E+02  0.154235E+02
  0.005   0.130  -0.974578E+01  0.154206E+02
  0.005   0.130  -0.806753E+01  0.154222E+02
  0.005   0.130  -0.614403E+01  0.154281E+02
  0.005   0.130  -0.403374E+01  0.154377E+02
  0.005   0.130  -0.180075E+01  0.154497E+02
  0.005   0.130   0.487088E+00  0.154628E+02
  0.005   0.130   0.276027E+01  0.154753E+02
  0.005   0.130   0.494975E+01  0.154858E+02
  0.005   0.130   0.698899E+01  0.154929E+02
  0.005   0.130   0.881604E+01  0.154959E+02
  0.005   0.130   0.103754E+02  0.154944E+02
  0.005   0.130   0.116196E+02  0.154885E+02
  0.005   0.130   0.125109E+02  0.154790E+02
  0.005   0.130   0.130222E+02  0.154670E+02
  0.005   0.130   0.131379E+02  0.154540E+02
  0.005   0.130   0.128546E+02  0.154415E+02
  0.005   0.130   0.121808E+02  0.154311E+02
  0.005   0.130   0.111370E+02  0.154239E+02
  0.005   0.130   0.975500E+01  0.154210E+02
  0.005   0.130   0.807675E+01  0.154225E+02
  0.005   0.130   0.615325E+01  0.154284E+02
  0.005   0.130   0.404295E+01  0.154379E+02
  0.005   0.130   0.180997E+01  0.154498E+02
  0.005   0.130  -0.477870E+00  0.154628E+02
  0.005   0.140  -0.297202E+01  0.154652E+02
  0.005   0.140  -0.533754E+01  0.154773E+02
  0.005   0.140  -0.754075E+01  0.154855E+02
  0.005   0.140  -0.951470E+01  0.154889E+02
  0.005   0.140  -0.111994E+02  0.154870E+02
  0.005   0.140  -0.125437E+02  0.154801E+02
  0.005   0.140  -0.135066E+02  0.154690E+02
  0.005   0.140  -0.140590E+02  0.154550E+02
  0.005   0.140  -0.141840E+02  0.154398E+02
  0.005   0.140  -0.138778E+02  0.154252E+02
  0.005   0.140  -0.131498E+02  0.154131E+02
  0.005   0.140  -0.120221E+02  0.154048E+02
  0.005   0.140  -0.105289E+02  0.154014E+02
  0.005   0.140  -0.871569E+01  0.154033E+02
  0.005   0.140  -0.663751E+01  0.154102E+02
  0.005   0.140  -0.435751E+01  0.154214E+02
  0.005   0.140  -0.194497E+01  0.154354E+02
  0.005   0.140   0.526829E+00  0.154507E+02
  0.005   0.140   0.298279E+01  0.154653E+02
  0.005   0.140   0.534832E+01  0.154775E+02
  0.005   0.140   0.755152E+01  0.154859E+02
  0.005   0.140   0.952547E+01  0.154894E+02
  0.005   0.140   0.112102E+02  0.154876E+02
  0.005   0.140   0.125544E+02  0.154807E+02
  0.005   0.140   0.135174E+02  0.154696E+02
  0.005   0.140   0.140698E+02  0.154556E+02
  0.005   0.140   0.141948E+02  0.154404E+02
  0.005   0.140   0.138886E+02  0.154258E+02
  0.005   0.140   0.131606E+02  0.154137E+02
  0.005   0.140   0.120329E+02  0.154053E+02
  0.005   0.140   0.105397E+02  0.154019E+02
  0.005   0.140   0.872646E+01  0.154037E+02
  0.005   0.140   0.664828E+01  0.154105E+02
  0.005   0.140   0.436829E+01  0.154216E+02
  0.005   0.140   0.195575E+01  0.154355E+02
  0.005   0.140  -0.516051E+00  0.154507E+02
