  0.002   0.050  -0.678617E+04 -0.107707E+03
  0.002   0.050  -0.668304E+04 -0.107705E+03
  0.002   0.050  -0.637685E+04 -0.107700E+03
  0.002   0.050  -0.587690E+04 -0.107694E+03
  0.002   0.050  -0.519838E+04 -0.107685E+03
  0.002   0.050  -0.436191E+04 -0.107676E+03
  0.002   0.050  -0.339291E+04 -0.107667E+03
  0.002   0.050  -0.232081E+04 -0.107660E+03
  0.002   0.050  -0.117820E+04 -0.107654E+03
  0.002   0.050   0.218314E+00 -0.107650E+03
  0.002   0.050   0.117863E+04 -0.107648E+03
  0.002   0.050   0.232123E+04 -0.107649E+03
  0.002   0.050   0.339330E+04 -0.107652E+03
  0.002   0.050   0.436227E+04 -0.107657E+03
  0.002   0.050   0.519869E+04 -0.107662E+03
  0.002   0.050   0.587716E+04 -0.107667E+03
  0.002   0.050   0.637705E+04 -0.107671E+03
  0.002   0.050   0.668319E+04 -0.107673E+03
  0.002   0.050   0.678625E+04 -0.107674E+03
  0.002   0.050   0.668312E+04 -0.107673E+03
  0.002   0.050   0.637693E+04 -0.107670E+03
  0.002   0.050   0.587699E+04 -0.107665E+03
  0.002   0.050   0.519847E+04 -0.107660E+03
  0.002   0.050   0.436200E+04 -0.107655E+03
  0.002   0.050   0.339300E+04 -0.107651E+03
  0.002   0.050   0.232090E+04 -0.107648E+03
  0.002   0.050   0.117828E+04 -0.107648E+03
  0.002   0.050  -0.133366E+00 -0.107650E+03
  0.002   0.050  -0.117854E+04 -0.107654E+03
  0.002   0.050  -0.232114E+04 -0.107660E+03
  0.002   0.050  -0.339322E+04 -0.107669E+03
  0.002   0.050  -0.436218E+04 -0.107678E+03
  0.002   0.050  -0.519861E+04 -0.107687E+03
  0.002   0.050  -0.587708E+04 -0.107695E+03
  0.002   0.050  -0.637697E+04 -0.107701E+03
  0.002   0.050  -0.668310E+04 -0.107705E+03
  0.002   0.060  -0.815258E+04 -0.107981E+03
  0.002   0.060  -0.802869E+04 -0.107979E+03
  0.002   0.060  -0.766085E+04 -0.107972E+03
  0.002   0.060  -0.706023E+04 -0.107962E+03
  0.002   0.060  -0.624509E+04 -0.107950E+03
  0.002   0.060  -0.524020E+04 -0.107936E+03
  0.002   0.060  -0.407608E+04 -0.107922E+03
  0.002   0.060  -0.278811E+04 -0.107910E+03
  0.002   0.060  -0.141542E+04 -0.107901E+03
  0.002   0.060   0.272461E+00 -0.107894E+03
  0.002   0.060   0.141596E+04 -0.107891E+03
  0.002   0.060   0.278863E+04 -0.107892E+03
  0.002   0.060   0.407657E+04 -0.107895E+03
  0.002   0.060   0.524064E+04 -0.107901E+03
  0.002   0.060   0.624548E+04 -0.107908E+03
  0.002   0.060   0.706056E+04 -0.107914E+03
  0.002   0.060   0.766111E+04 -0.107920E+03
  0.002   0.060   0.802889E+04 -0.107923E+03
  0.002   0.060   0.815271E+04 -0.107924E+03
  0.002   0.060   0.802881E+04 -0.107923E+03
  0.002   0.060   0.766097E+04 -0.107919E+03
  0.002   0.060   0.706035E+04 -0.107913E+03
  0.002   0.060   0.624521E+04 -0.107906E+03
  0.002   0.060   0.524032E+04 -0.107899E+03
  0.002   0.060   0.407620E+04 -0.107894E+03
  0.002   0.060   0.278823E+04 -0.107891E+03
  0.002   0.060   0.141555E+04 -0.107891E+03
  0.002   0.060  -0.149561E+00 -0.107894E+03
  0.002   0.060  -0.141584E+04 -0.107901E+03
  0.002   0.060  -0.278851E+04 -0.107911E+03
  0.002   0.060  -0.407644E+04 -0.107924E+03
  0.002   0.060  -0.524052E+04 -0.107938E+03
  0.002   0.060  -0.624536E+04 -0.107951E+03
  0.002   0.060  -0.706044E+04 -0.107964E+03
  0.002   0.060  -0.766099E+04 -0.107973E+03
  0.002   0.060  -0.802876E+04 -0.107979E+03
  0.003   0.070  -0.952391E+04 -0.108307E+03
  0.003   0.070  -0.937918E+04 -0.108303E+03
  0.003   0.070  -0.894946E+04 -0.108294E+03
  0.003   0.070  -0.824781E+04 -0.108279E+03
  0.003   0.070  -0.729556E+04 -0.108262E+03
  0.003   0.070  -0.612163E+04 -0.108242E+03
  0.003   0.070  -0.476170E+04 -0.108223E+03
  0.003   0.070  -0.325708E+04 -0.108205E+03
  0.003   0.070  -0.165350E+04 -0.108191E+03
  0.003   0.070   0.331366E+00 -0.108181E+03
  0.003   0.070   0.165415E+04 -0.108176E+03
  0.003   0.070   0.325771E+04 -0.108175E+03
  0.003   0.070   0.476230E+04 -0.108179E+03
  0.003   0.070   0.612218E+04 -0.108186E+03
  0.003   0.070   0.729605E+04 -0.108194E+03
  0.003   0.070   0.824823E+04 -0.108202E+03
  0.003   0.070   0.894980E+04 -0.108209E+03
  0.003   0.070   0.937943E+04 -0.108214E+03
  0.003   0.070   0.952408E+04 -0.108215E+03
  0.003   0.070   0.937935E+04 -0.108213E+03
  0.003   0.070   0.894963E+04 -0.108208E+03
  0.003   0.070   0.824798E+04 -0.108200E+03
  0.003   0.070   0.729573E+04 -0.108192E+03
  0.003   0.070   0.612180E+04 -0.108183E+03
  0.003   0.070   0.476187E+04 -0.108177E+03
  0.003   0.070   0.325725E+04 -0.108174E+03
  0.003   0.070   0.165366E+04 -0.108175E+03
  0.003   0.070  -0.163305E+00 -0.108181E+03
  0.003   0.070  -0.165398E+04 -0.108192E+03
  0.003   0.070  -0.325755E+04 -0.108207E+03
  0.003   0.070  -0.476213E+04 -0.108225E+03
  0.003   0.070  -0.612201E+04 -0.108245E+03
  0.003   0.070  -0.729588E+04 -0.108264E+03
  0.003   0.070  -0.824806E+04 -0.108282E+03
  0.003   0.070  -0.894963E+04 -0.108295E+03
  0.003   0.070  -0.937926E+04 -0.108304E+03
  0.003   0.080  -0.109010E+05 -0.108685E+03
  0.003   0.080  -0.107353E+05 -0.108680E+03
  0.003   0.080  -0.102435E+05 -0.108667E+03
  0.003   0.080  -0.944039E+04 -0.108648E+03
  0.003   0.080  -0.835044E+04 -0.108624E+03
  0.003   0.080  -0.700677E+04 -0.108597E+03
  0.003   0.080  -0.545020E+04 -0.108570E+03
  0.003   0.080  -0.372802E+04 -0.108546E+03
  0.003   0.080  -0.189257E+04 -0.108525E+03
  0.003   0.080   0.393618E+00 -0.108511E+03
  0.003   0.080   0.189335E+04 -0.108502E+03
  0.003   0.080   0.372878E+04 -0.108500E+03
  0.003   0.080   0.545091E+04 -0.108504E+03
  0.003   0.080   0.700743E+04 -0.108511E+03
  0.003   0.080   0.835103E+04 -0.108521E+03
  0.003   0.080   0.944089E+04 -0.108531E+03
  0.003   0.080   0.102439E+05 -0.108539E+03
  0.003   0.080   0.107357E+05 -0.108545E+03
  0.003   0.080   0.109012E+05 -0.108546E+03
  0.003   0.080   0.107356E+05 -0.108544E+03
  0.003   0.080   0.102437E+05 -0.108537E+03
  0.003   0.080   0.944061E+04 -0.108528E+03
  0.003   0.080   0.835066E+04 -0.108518E+03
  0.003   0.080   0.700699E+04 -0.108508E+03
  0.003   0.080   0.545042E+04 -0.108501E+03
  0.003   0.080   0.372824E+04 -0.108498E+03
  0.003   0.080   0.189279E+04 -0.108501E+03
  0.003   0.080  -0.172642E+00 -0.108511E+03
  0.003   0.080  -0.189313E+04 -0.108526E+03
  0.003   0.080  -0.372855E+04 -0.108548E+03
  0.003   0.080  -0.545069E+04 -0.108573E+03
  0.003   0.080  -0.700720E+04 -0.108600E+03
  0.003   0.080  -0.835081E+04 -0.108627E+03
  0.003   0.080  -0.944067E+04 -0.108651E+03
  0.003   0.080  -0.102437E+05 -0.108669E+03
  0.003   0.080  -0.107354E+05 -0.108681E+03
  0.003   0.090  -0.122847E+05 -0.109105E+03
  0.003   0.090  -0.120980E+05 -0.109099E+03
  0.003   0.090  -0.115437E+05 -0.109082E+03
  0.003   0.090  -0.106387E+05 -0.109057E+03
  0.003   0.090  -0.941039E+04 -0.109025E+03
  0.003   0.090  -0.789616E+04 -0.108989E+03
  0.003   0.090  -0.614201E+04 -0.108954E+03
  0.003   0.090  -0.420123E+04 -0.108921E+03
  0.003   0.090  -0.213279E+04 -0.108893E+03
  0.003   0.090   0.456755E+00 -0.108872E+03
  0.003   0.090   0.213369E+04 -0.108860E+03
  0.003   0.090   0.420210E+04 -0.108855E+03
  0.003   0.090   0.614284E+04 -0.108857E+03
  0.003   0.090   0.789693E+04 -0.108865E+03
  0.003   0.090   0.941108E+04 -0.108876E+03
  0.003   0.090   0.106393E+05 -0.108888E+03
  0.003   0.090   0.115442E+05 -0.108898E+03
  0.003   0.090   0.120984E+05 -0.108904E+03
  0.003   0.090   0.122850E+05 -0.108906E+03
  0.003   0.090   0.120983E+05 -0.108903E+03
  0.003   0.090   0.115440E+05 -0.108895E+03
  0.003   0.090   0.106390E+05 -0.108884E+03
  0.003   0.090   0.941067E+04 -0.108872E+03
  0.003   0.090   0.789644E+04 -0.108861E+03
  0.003   0.090   0.614229E+04 -0.108854E+03
  0.003   0.090   0.420151E+04 -0.108852E+03
  0.003   0.090   0.213307E+04 -0.108858E+03
  0.003   0.090  -0.177087E+00 -0.108872E+03
  0.003   0.090  -0.213341E+04 -0.108894E+03
  0.003   0.090  -0.420182E+04 -0.108923E+03
  0.003   0.090  -0.614256E+04 -0.108957E+03
  0.003   0.090  -0.789665E+04 -0.108993E+03
  0.003   0.090  -0.941080E+04 -0.109029E+03
  0.003   0.090  -0.106390E+05 -0.109060E+03
  0.003   0.090  -0.115439E+05 -0.109085E+03
  0.003   0.090  -0.120981E+05 -0.109100E+03
  0.004   0.100  -0.136759E+05 -0.109601E+03
  0.004   0.100  -0.134681E+05 -0.109593E+03
  0.004   0.100  -0.128510E+05 -0.109571E+03
  0.004   0.100  -0.118435E+05 -0.109539E+03
  0.004   0.100  -0.104761E+05 -0.109498E+03
  0.004   0.100  -0.879036E+04 -0.109452E+03
  0.004   0.100  -0.683755E+04 -0.109405E+03
  0.004   0.100  -0.467698E+04 -0.109362E+03
  0.004   0.100  -0.237430E+04 -0.109325E+03
  0.004   0.100   0.531510E+00 -0.109297E+03
  0.004   0.100   0.237535E+04 -0.109278E+03
  0.004   0.100   0.467800E+04 -0.109270E+03
  0.004   0.100   0.683852E+04 -0.109271E+03
  0.004   0.100   0.879125E+04 -0.109278E+03
  0.004   0.100   0.104769E+05 -0.109290E+03
  0.004   0.100   0.118442E+05 -0.109303E+03
  0.004   0.100   0.128516E+05 -0.109314E+03
  0.004   0.100   0.134685E+05 -0.109321E+03
  0.004   0.100   0.136762E+05 -0.109323E+03
  0.004   0.100   0.134684E+05 -0.109319E+03
  0.004   0.100   0.128514E+05 -0.109311E+03
  0.004   0.100   0.118438E+05 -0.109298E+03
  0.004   0.100   0.104764E+05 -0.109285E+03
  0.004   0.100   0.879071E+04 -0.109273E+03
  0.004   0.100   0.683790E+04 -0.109266E+03
  0.004   0.100   0.467733E+04 -0.109267E+03
  0.004   0.100   0.237465E+04 -0.109277E+03
  0.004   0.100  -0.181211E+00 -0.109297E+03
  0.004   0.100  -0.237500E+04 -0.109327E+03
  0.004   0.100  -0.467765E+04 -0.109365E+03
  0.004   0.100  -0.683817E+04 -0.109410E+03
  0.004   0.100  -0.879090E+04 -0.109457E+03
  0.004   0.100  -0.104765E+05 -0.109503E+03
  0.004   0.100  -0.118438E+05 -0.109543E+03
  0.004   0.100  -0.128512E+05 -0.109575E+03
  0.004   0.100  -0.134682E+05 -0.109595E+03
  0.004   0.110  -0.150755E+05 -0.110143E+03
  0.004   0.110  -0.148464E+05 -0.110133E+03
  0.004   0.110  -0.141662E+05 -0.110106E+03
  0.004   0.110  -0.130555E+05 -0.110065E+03
  0.004   0.110  -0.115482E+05 -0.110013E+03
  0.004   0.110  -0.968995E+04 -0.109955E+03
  0.004   0.110  -0.753729E+04 -0.109896E+03
  0.004   0.110  -0.515561E+04 -0.109840E+03
  0.004   0.110  -0.261727E+04 -0.109792E+03
  0.004   0.110   0.603091E+00 -0.109754E+03
  0.004   0.110   0.261846E+04 -0.109729E+03
  0.004   0.110   0.515677E+04 -0.109715E+03
  0.004   0.110   0.753839E+04 -0.109713E+03
  0.004   0.110   0.969097E+04 -0.109719E+03
  0.004   0.110   0.115491E+05 -0.109731E+03
  0.004   0.110   0.130563E+05 -0.109745E+03
  0.004   0.110   0.141669E+05 -0.109757E+03
  0.004   0.110   0.148469E+05 -0.109765E+03
  0.004   0.110   0.150759E+05 -0.109767E+03
  0.004   0.110   0.148468E+05 -0.109763E+03
  0.004   0.110   0.141666E+05 -0.109753E+03
  0.004   0.110   0.130559E+05 -0.109739E+03
  0.004   0.110   0.115486E+05 -0.109725E+03
  0.004   0.110   0.969038E+04 -0.109713E+03
  0.004   0.110   0.753772E+04 -0.109708E+03
  0.004   0.110   0.515604E+04 -0.109712E+03
  0.004   0.110   0.261770E+04 -0.109727E+03
  0.004   0.110  -0.175422E+00 -0.109754E+03
  0.004   0.110  -0.261803E+04 -0.109794E+03
  0.004   0.110  -0.515634E+04 -0.109844E+03
  0.004   0.110  -0.753796E+04 -0.109901E+03
  0.004   0.110  -0.969055E+04 -0.109961E+03
  0.004   0.110  -0.115487E+05 -0.110019E+03
  0.004   0.110  -0.130559E+05 -0.110070E+03
  0.004   0.110  -0.141664E+05 -0.110110E+03
  0.004   0.110  -0.148465E+05 -0.110135E+03
  0.005   0.120  -0.164844E+05 -0.110745E+03
  0.005   0.120  -0.162338E+05 -0.110733E+03
  0.005   0.120  -0.154901E+05 -0.110699E+03
  0.005   0.120  -0.142756E+05 -0.110648E+03
  0.005   0.120  -0.126274E+05 -0.110584E+03
  0.005   0.120  -0.105955E+05 -0.110512E+03
  0.005   0.120  -0.824168E+04 -0.110437E+03
  0.005   0.120  -0.563741E+04 -0.110367E+03
  0.005   0.120  -0.286185E+04 -0.110306E+03
  0.005   0.120   0.681780E+00 -0.110257E+03
  0.005   0.120   0.286320E+04 -0.110222E+03
  0.005   0.120   0.563873E+04 -0.110202E+03
  0.005   0.120   0.824293E+04 -0.110196E+03
  0.005   0.120   0.105967E+05 -0.110200E+03
  0.005   0.120   0.126285E+05 -0.110211E+03
  0.005   0.120   0.142766E+05 -0.110225E+03
  0.005   0.120   0.154909E+05 -0.110238E+03
  0.005   0.120   0.162345E+05 -0.110246E+03
  0.005   0.120   0.164849E+05 -0.110248E+03
  0.005   0.120   0.162344E+05 -0.110244E+03
  0.005   0.120   0.154906E+05 -0.110233E+03
  0.005   0.120   0.142761E+05 -0.110218E+03
  0.005   0.120   0.126279E+05 -0.110204E+03
  0.005   0.120   0.105960E+05 -0.110193E+03
  0.005   0.120   0.824219E+04 -0.110189E+03
  0.005   0.120   0.563793E+04 -0.110197E+03
  0.005   0.120   0.286236E+04 -0.110219E+03
  0.005   0.120  -0.167279E+00 -0.110257E+03
  0.005   0.120  -0.286268E+04 -0.110308E+03
  0.005   0.120  -0.563821E+04 -0.110372E+03
  0.005   0.120  -0.824242E+04 -0.110444E+03
  0.005   0.120  -0.105962E+05 -0.110519E+03
  0.005   0.120  -0.126280E+05 -0.110591E+03
  0.005   0.120  -0.142760E+05 -0.110655E+03
  0.005   0.120  -0.154904E+05 -0.110704E+03
  0.005   0.120  -0.162340E+05 -0.110735E+03
  0.005   0.130  -0.179035E+05 -0.111403E+03
  0.005   0.130  -0.176314E+05 -0.111388E+03
  0.005   0.130  -0.168236E+05 -0.111348E+03
  0.005   0.130  -0.155046E+05 -0.111286E+03
  0.005   0.130  -0.137145E+05 -0.111207E+03
  0.005   0.130  -0.115077E+05 -0.111118E+03
  0.005   0.130  -0.895118E+04 -0.111026E+03
  0.005   0.130  -0.612270E+04 -0.110939E+03
  0.005   0.130  -0.310818E+04 -0.110861E+03
  0.005   0.130   0.790911E+00 -0.110798E+03
  0.005   0.130   0.310975E+04 -0.110752E+03
  0.005   0.130   0.612423E+04 -0.110724E+03
  0.005   0.130   0.895263E+04 -0.110712E+03
  0.005   0.130   0.115090E+05 -0.110712E+03
  0.005   0.130   0.137157E+05 -0.110722E+03
  0.005   0.130   0.155057E+05 -0.110736E+03
  0.005   0.130   0.168246E+05 -0.110749E+03
  0.005   0.130   0.176322E+05 -0.110757E+03
  0.005   0.130   0.179041E+05 -0.110760E+03
  0.005   0.130   0.176320E+05 -0.110755E+03
  0.005   0.130   0.168242E+05 -0.110743E+03
  0.005   0.130   0.155052E+05 -0.110728E+03
  0.005   0.130   0.137151E+05 -0.110714E+03
  0.005   0.130   0.115083E+05 -0.110704E+03
  0.005   0.130   0.895179E+04 -0.110705E+03
  0.005   0.130   0.612331E+04 -0.110719E+03
  0.005   0.130   0.310879E+04 -0.110749E+03
  0.005   0.130  -0.181032E+00 -0.110798E+03
  0.005   0.130  -0.310914E+04 -0.110864E+03
  0.005   0.130  -0.612362E+04 -0.110944E+03
  0.005   0.130  -0.895202E+04 -0.111034E+03
  0.005   0.130  -0.115084E+05 -0.111126E+03
  0.005   0.130  -0.137151E+05 -0.111215E+03
  0.005   0.130  -0.155051E+05 -0.111293E+03
  0.005   0.130  -0.168239E+05 -0.111353E+03
  0.005   0.130  -0.176316E+05 -0.111391E+03
  0.005   0.140  -0.193341E+05 -0.112172E+03
  0.005   0.140  -0.190402E+05 -0.112154E+03
  0.005   0.140  -0.181679E+05 -0.112105E+03
  0.005   0.140  -0.167435E+05 -0.112029E+03
  0.005   0.140  -0.148104E+05 -0.111933E+03
  0.005   0.140  -0.124272E+05 -0.111825E+03
  0.005   0.140  -0.966643E+04 -0.111713E+03
  0.005   0.140  -0.661195E+04 -0.111605E+03
  0.005   0.140  -0.335655E+04 -0.111509E+03
  0.005   0.140   0.842104E+00 -0.111429E+03
  0.005   0.140   0.335822E+04 -0.111370E+03
  0.005   0.140   0.661357E+04 -0.111331E+03
  0.005   0.140   0.966799E+04 -0.111311E+03
  0.005   0.140   0.124287E+05 -0.111307E+03
  0.005   0.140   0.148117E+05 -0.111314E+03
  0.005   0.140   0.167447E+05 -0.111327E+03
  0.005   0.140   0.181689E+05 -0.111340E+03
  0.005   0.140   0.190411E+05 -0.111349E+03
  0.005   0.140   0.193348E+05 -0.111351E+03
  0.005   0.140   0.190410E+05 -0.111345E+03
  0.005   0.140   0.181686E+05 -0.111333E+03
  0.005   0.140   0.167442E+05 -0.111318E+03
  0.005   0.140   0.148111E+05 -0.111305E+03
  0.005   0.140   0.124279E+05 -0.111298E+03
  0.005   0.140   0.966716E+04 -0.111303E+03
  0.005   0.140   0.661268E+04 -0.111324E+03
  0.005   0.140   0.335728E+04 -0.111366E+03
  0.005   0.140  -0.113610E+00 -0.111429E+03
  0.005   0.140  -0.335749E+04 -0.111512E+03
  0.005   0.140  -0.661285E+04 -0.111612E+03
  0.005   0.140  -0.966726E+04 -0.111722E+03
  0.005   0.140  -0.124279E+05 -0.111835E+03
  0.005   0.140  -0.148110E+05 -0.111943E+03
  0.005   0.140  -0.167440E+05 -0.112038E+03
  0.005   0.140  -0.181682E+05 -0.112111E+03
  0.005   0.140  -0.190404E+05 -0.112157E+03
