  0.002   0.050  -0.365524E+02 -0.621106E+06
  0.002   0.050  -0.365224E+02 -0.621106E+06
  0.002   0.050  -0.364649E+02 -0.621106E+06
  0.002   0.050  -0.363817E+02 -0.621106E+06
  0.002   0.050  -0.362752E+02 -0.621106E+06
  0.002   0.050  -0.361488E+02 -0.621106E+06
  0.002   0.050  -0.360062E+02 -0.621106E+06
  0.002   0.050  -0.358519E+02 -0.621106E+06
  0.002   0.050  -0.356904E+02 -0.621106E+06
  0.002   0.050  -0.355267E+02 -0.621106E+06
  0.002   0.050  -0.353657E+02 -0.621106E+06
  0.002   0.050  -0.352124E+02 -0.621106E+06
  0.002   0.050  -0.350715E+02 -0.621106E+06
  0.002   0.050  -0.349471E+02 -0.621106E+06
  0.002   0.050  -0.348431E+02 -0.621106E+06
  0.002   0.050  -0.347627E+02 -0.621106E+06
  0.002   0.050  -0.347083E+02 -0.621106E+06
  0.002   0.050  -0.346814E+02 -0.621106E+06
  0.002   0.050  -0.346831E+02 -0.621106E+06
  0.002   0.050  -0.347131E+02 -0.621106E+06
  0.002   0.050  -0.347706E+02 -0.621106E+06
  0.002   0.050  -0.348539E+02 -0.621106E+06
  0.002   0.050  -0.349604E+02 -0.621106E+06
  0.002   0.050  -0.350868E+02 -0.621106E+06
  0.002   0.050  -0.352294E+02 -0.621106E+06
  0.002   0.050  -0.353837E+02 -0.621106E+06
  0.002   0.050  -0.355452E+02 -0.621106E+06
  0.002   0.050  -0.357089E+02 -0.621106E+06
  0.002   0.050  -0.358698E+02 -0.621106E+06
  0.002   0.050  -0.360231E+02 -0.621106E+06
  0.002   0.050  -0.361640E+02 -0.621106E+06
  0.002   0.050  -0.362884E+02 -0.621106E+06
  0.002   0.050  -0.363923E+02 -0.621106E+06
  0.002   0.050  -0.364728E+02 -0.621106E+06
  0.002   0.050  -0.365272E+02 -0.621106E+06
  0.002   0.050  -0.365541E+02 -0.621106E+06
  0.002   0.060  -0.526100E+02 -0.620697E+06
  0.002   0.060  -0.525741E+02 -0.620697E+06
  0.002   0.060  -0.525052E+02 -0.620697E+06
  0.002   0.060  -0.524056E+02 -0.620697E+06
  0.002   0.060  -0.522781E+02 -0.620697E+06
  0.002   0.060  -0.521268E+02 -0.620697E+06
  0.002   0.060  -0.519562E+02 -0.620697E+06
  0.002   0.060  -0.517714E+02 -0.620697E+06
  0.002   0.060  -0.515781E+02 -0.620697E+06
  0.002   0.060  -0.513822E+02 -0.620697E+06
  0.002   0.060  -0.511896E+02 -0.620697E+06
  0.002   0.060  -0.510062E+02 -0.620697E+06
  0.002   0.060  -0.508376E+02 -0.620697E+06
  0.002   0.060  -0.506888E+02 -0.620697E+06
  0.002   0.060  -0.505644E+02 -0.620697E+06
  0.002   0.060  -0.504682E+02 -0.620697E+06
  0.002   0.060  -0.504031E+02 -0.620697E+06
  0.002   0.060  -0.503711E+02 -0.620697E+06
  0.002   0.060  -0.503731E+02 -0.620697E+06
  0.002   0.060  -0.504091E+02 -0.620697E+06
  0.002   0.060  -0.504780E+02 -0.620697E+06
  0.002   0.060  -0.505777E+02 -0.620697E+06
  0.002   0.060  -0.507051E+02 -0.620697E+06
  0.002   0.060  -0.508565E+02 -0.620697E+06
  0.002   0.060  -0.510271E+02 -0.620697E+06
  0.002   0.060  -0.512119E+02 -0.620697E+06
  0.002   0.060  -0.514051E+02 -0.620697E+06
  0.002   0.060  -0.516010E+02 -0.620697E+06
  0.002   0.060  -0.517935E+02 -0.620697E+06
  0.002   0.060  -0.519769E+02 -0.620697E+06
  0.002   0.060  -0.521455E+02 -0.620697E+06
  0.002   0.060  -0.522943E+02 -0.620697E+06
  0.002   0.060  -0.524187E+02 -0.620697E+06
  0.002   0.060  -0.525149E+02 -0.620697E+06
  0.002   0.060  -0.525800E+02 -0.620697E+06
  0.002   0.060  -0.526120E+02 -0.620697E+06
  0.003   0.070  -0.717156E+02 -0.620216E+06
  0.003   0.070  -0.716737E+02 -0.620216E+06
  0.003   0.070  -0.715934E+02 -0.620216E+06
  0.003   0.070  -0.714773E+02 -0.620216E+06
  0.003   0.070  -0.713288E+02 -0.620216E+06
  0.003   0.070  -0.711525E+02 -0.620216E+06
  0.003   0.070  -0.709537E+02 -0.620216E+06
  0.003   0.070  -0.707385E+02 -0.620216E+06
  0.003   0.070  -0.705134E+02 -0.620216E+06
  0.003   0.070  -0.702852E+02 -0.620216E+06
  0.003   0.070  -0.700608E+02 -0.620216E+06
  0.003   0.070  -0.698472E+02 -0.620216E+06
  0.003   0.070  -0.696508E+02 -0.620216E+06
  0.003   0.070  -0.694775E+02 -0.620216E+06
  0.003   0.070  -0.693327E+02 -0.620216E+06
  0.003   0.070  -0.692207E+02 -0.620216E+06
  0.003   0.070  -0.691449E+02 -0.620216E+06
  0.003   0.070  -0.691077E+02 -0.620216E+06
  0.003   0.070  -0.691101E+02 -0.620216E+06
  0.003   0.070  -0.691521E+02 -0.620216E+06
  0.003   0.070  -0.692324E+02 -0.620216E+06
  0.003   0.070  -0.693485E+02 -0.620216E+06
  0.003   0.070  -0.694970E+02 -0.620216E+06
  0.003   0.070  -0.696734E+02 -0.620216E+06
  0.003   0.070  -0.698721E+02 -0.620216E+06
  0.003   0.070  -0.700873E+02 -0.620216E+06
  0.003   0.070  -0.703125E+02 -0.620216E+06
  0.003   0.070  -0.705406E+02 -0.620216E+06
  0.003   0.070  -0.707649E+02 -0.620216E+06
  0.003   0.070  -0.709784E+02 -0.620216E+06
  0.003   0.070  -0.711748E+02 -0.620216E+06
  0.003   0.070  -0.713481E+02 -0.620216E+06
  0.003   0.070  -0.714929E+02 -0.620216E+06
  0.003   0.070  -0.716049E+02 -0.620216E+06
  0.003   0.070  -0.716807E+02 -0.620216E+06
  0.003   0.070  -0.717180E+02 -0.620216E+06
  0.003   0.080  -0.939536E+02 -0.619662E+06
  0.003   0.080  -0.939055E+02 -0.619662E+06
  0.003   0.080  -0.938136E+02 -0.619662E+06
  0.003   0.080  -0.936807E+02 -0.619662E+06
  0.003   0.080  -0.935108E+02 -0.619662E+06
  0.003   0.080  -0.933092E+02 -0.619662E+06
  0.003   0.080  -0.930818E+02 -0.619662E+06
  0.003   0.080  -0.928357E+02 -0.619662E+06
  0.003   0.080  -0.925783E+02 -0.619662E+06
  0.003   0.080  -0.923174E+02 -0.619662E+06
  0.003   0.080  -0.920610E+02 -0.619662E+06
  0.003   0.080  -0.918169E+02 -0.619662E+06
  0.003   0.080  -0.915924E+02 -0.619662E+06
  0.003   0.080  -0.913945E+02 -0.619662E+06
  0.003   0.080  -0.912290E+02 -0.619662E+06
  0.003   0.080  -0.911011E+02 -0.619662E+06
  0.003   0.080  -0.910147E+02 -0.619662E+06
  0.003   0.080  -0.909723E+02 -0.619662E+06
  0.003   0.080  -0.909752E+02 -0.619662E+06
  0.003   0.080  -0.910234E+02 -0.619662E+06
  0.003   0.080  -0.911154E+02 -0.619662E+06
  0.003   0.080  -0.912483E+02 -0.619662E+06
  0.003   0.080  -0.914182E+02 -0.619662E+06
  0.003   0.080  -0.916199E+02 -0.619662E+06
  0.003   0.080  -0.918472E+02 -0.619662E+06
  0.003   0.080  -0.920933E+02 -0.619662E+06
  0.003   0.080  -0.923507E+02 -0.619662E+06
  0.003   0.080  -0.926115E+02 -0.619662E+06
  0.003   0.080  -0.928678E+02 -0.619662E+06
  0.003   0.080  -0.931119E+02 -0.619662E+06
  0.003   0.080  -0.933363E+02 -0.619662E+06
  0.003   0.080  -0.935343E+02 -0.619662E+06
  0.003   0.080  -0.936997E+02 -0.619662E+06
  0.003   0.080  -0.938276E+02 -0.619662E+06
  0.003   0.080  -0.939141E+02 -0.619662E+06
  0.003   0.080  -0.939565E+02 -0.619662E+06
  0.003   0.090  -0.119415E+03 -0.619036E+06
  0.003   0.090  -0.119361E+03 -0.619036E+06
  0.003   0.090  -0.119257E+03 -0.619036E+06
  0.003   0.090  -0.119108E+03 -0.619036E+06
  0.003   0.090  -0.118916E+03 -0.619036E+06
  0.003   0.090  -0.118690E+03 -0.619036E+06
  0.003   0.090  -0.118434E+03 -0.619036E+06
  0.003   0.090  -0.118158E+03 -0.619036E+06
  0.003   0.090  -0.117868E+03 -0.619036E+06
  0.003   0.090  -0.117575E+03 -0.619036E+06
  0.003   0.090  -0.117287E+03 -0.619036E+06
  0.003   0.090  -0.117013E+03 -0.619036E+06
  0.003   0.090  -0.116762E+03 -0.619036E+06
  0.003   0.090  -0.116539E+03 -0.619036E+06
  0.003   0.090  -0.116354E+03 -0.619036E+06
  0.003   0.090  -0.116211E+03 -0.619036E+06
  0.003   0.090  -0.116114E+03 -0.619036E+06
  0.003   0.090  -0.116067E+03 -0.619036E+06
  0.003   0.090  -0.116071E+03 -0.619036E+06
  0.003   0.090  -0.116125E+03 -0.619036E+06
  0.003   0.090  -0.116229E+03 -0.619036E+06
  0.003   0.090  -0.116378E+03 -0.619036E+06
  0.003   0.090  -0.116570E+03 -0.619036E+06
  0.003   0.090  -0.116796E+03 -0.619036E+06
  0.003   0.090  -0.117052E+03 -0.619036E+06
  0.003   0.090  -0.117328E+03 -0.619036E+06
  0.003   0.090  -0.117618E+03 -0.619036E+06
  0.003   0.090  -0.117910E+03 -0.619036E+06
  0.003   0.090  -0.118198E+03 -0.619036E+06
  0.003   0.090  -0.118472E+03 -0.619036E+06
  0.003   0.090  -0.118724E+03 -0.619036E+06
  0.003   0.090  -0.118946E+03 -0.619036E+06
  0.003   0.090  -0.119132E+03 -0.619036E+06
  0.003   0.090  -0.119275E+03 -0.619036E+06
  0.003   0.090  -0.119372E+03 -0.619036E+06
  0.003   0.090  -0.119419E+03 -0.619036E+06
  0.004   0.100  -0.148227E+03 -0.618337E+06
  0.004   0.100  -0.148166E+03 -0.618337E+06
  0.004   0.100  -0.148050E+03 -0.618337E+06
  0.004   0.100  -0.147882E+03 -0.618337E+06
  0.004   0.100  -0.147669E+03 -0.618337E+06
  0.004   0.100  -0.147416E+03 -0.618337E+06
  0.004   0.100  -0.147130E+03 -0.618337E+06
  0.004   0.100  -0.146822E+03 -0.618337E+06
  0.004   0.100  -0.146499E+03 -0.618337E+06
  0.004   0.100  -0.146172E+03 -0.618337E+06
  0.004   0.100  -0.145851E+03 -0.618337E+06
  0.004   0.100  -0.145546E+03 -0.618337E+06
  0.004   0.100  -0.145265E+03 -0.618337E+06
  0.004   0.100  -0.145017E+03 -0.618337E+06
  0.004   0.100  -0.144811E+03 -0.618337E+06
  0.004   0.100  -0.144652E+03 -0.618337E+06
  0.004   0.100  -0.144544E+03 -0.618337E+06
  0.004   0.100  -0.144492E+03 -0.618337E+06
  0.004   0.100  -0.144497E+03 -0.618337E+06
  0.004   0.100  -0.144558E+03 -0.618337E+06
  0.004   0.100  -0.144674E+03 -0.618337E+06
  0.004   0.100  -0.144842E+03 -0.618337E+06
  0.004   0.100  -0.145056E+03 -0.618337E+06
  0.004   0.100  -0.145309E+03 -0.618337E+06
  0.004   0.100  -0.145594E+03 -0.618337E+06
  0.004   0.100  -0.145903E+03 -0.618337E+06
  0.004   0.100  -0.146225E+03 -0.618337E+06
  0.004   0.100  -0.146552E+03 -0.618337E+06
  0.004   0.100  -0.146873E+03 -0.618337E+06
  0.004   0.100  -0.147178E+03 -0.618337E+06
  0.004   0.100  -0.147459E+03 -0.618337E+06
  0.004   0.100  -0.147706E+03 -0.618337E+06
  0.004   0.100  -0.147913E+03 -0.618337E+06
  0.004   0.100  -0.148072E+03 -0.618337E+06
  0.004   0.100  -0.148180E+03 -0.618337E+06
  0.004   0.100  -0.148232E+03 -0.618337E+06
  0.004   0.110  -0.180508E+03 -0.617567E+06
  0.004   0.110  -0.180441E+03 -0.617567E+06
  0.004   0.110  -0.180314E+03 -0.617567E+06
  0.004   0.110  -0.180131E+03 -0.617567E+06
  0.004   0.110  -0.179896E+03 -0.617567E+06
  0.004   0.110  -0.179617E+03 -0.617567E+06
  0.004   0.110  -0.179302E+03 -0.617567E+06
  0.004   0.110  -0.178962E+03 -0.617566E+06
  0.004   0.110  -0.178606E+03 -0.617566E+06
  0.004   0.110  -0.178245E+03 -0.617566E+06
  0.004   0.110  -0.177890E+03 -0.617566E+06
  0.004   0.110  -0.177553E+03 -0.617566E+06
  0.004   0.110  -0.177242E+03 -0.617566E+06
  0.004   0.110  -0.176968E+03 -0.617566E+06
  0.004   0.110  -0.176740E+03 -0.617566E+06
  0.004   0.110  -0.176563E+03 -0.617566E+06
  0.004   0.110  -0.176443E+03 -0.617566E+06
  0.004   0.110  -0.176385E+03 -0.617566E+06
  0.004   0.110  -0.176389E+03 -0.617566E+06
  0.004   0.110  -0.176456E+03 -0.617566E+06
  0.004   0.110  -0.176583E+03 -0.617566E+06
  0.004   0.110  -0.176767E+03 -0.617566E+06
  0.004   0.110  -0.177002E+03 -0.617566E+06
  0.004   0.110  -0.177281E+03 -0.617566E+06
  0.004   0.110  -0.177595E+03 -0.617566E+06
  0.004   0.110  -0.177936E+03 -0.617566E+06
  0.004   0.110  -0.178292E+03 -0.617566E+06
  0.004   0.110  -0.178652E+03 -0.617566E+06
  0.004   0.110  -0.179007E+03 -0.617566E+06
  0.004   0.110  -0.179344E+03 -0.617566E+06
  0.004   0.110  -0.179655E+03 -0.617567E+06
  0.004   0.110  -0.179928E+03 -0.617567E+06
  0.004   0.110  -0.180157E+03 -0.617567E+06
  0.004   0.110  -0.180334E+03 -0.617567E+06
  0.004   0.110  -0.180453E+03 -0.617567E+06
  0.004   0.110  -0.180512E+03 -0.617567E+06
  0.005   0.120  -0.216410E+03 -0.616724E+06
  0.005   0.120  -0.216336E+03 -0.616724E+06
  0.005   0.120  -0.216195E+03 -0.616724E+06
  0.005   0.120  -0.215992E+03 -0.616724E+06
  0.005   0.120  -0.215734E+03 -0.616724E+06
  0.005   0.120  -0.215426E+03 -0.616724E+06
  0.005   0.120  -0.215080E+03 -0.616724E+06
  0.005   0.120  -0.214706E+03 -0.616724E+06
  0.005   0.120  -0.214315E+03 -0.616724E+06
  0.005   0.120  -0.213918E+03 -0.616724E+06
  0.005   0.120  -0.213529E+03 -0.616724E+06
  0.005   0.120  -0.213158E+03 -0.616724E+06
  0.005   0.120  -0.212818E+03 -0.616723E+06
  0.005   0.120  -0.212517E+03 -0.616723E+06
  0.005   0.120  -0.212267E+03 -0.616723E+06
  0.005   0.120  -0.212073E+03 -0.616723E+06
  0.005   0.120  -0.211943E+03 -0.616723E+06
  0.005   0.120  -0.211880E+03 -0.616723E+06
  0.005   0.120  -0.211885E+03 -0.616723E+06
  0.005   0.120  -0.211960E+03 -0.616723E+06
  0.005   0.120  -0.212100E+03 -0.616723E+06
  0.005   0.120  -0.212303E+03 -0.616723E+06
  0.005   0.120  -0.212562E+03 -0.616723E+06
  0.005   0.120  -0.212869E+03 -0.616723E+06
  0.005   0.120  -0.213215E+03 -0.616723E+06
  0.005   0.120  -0.213590E+03 -0.616723E+06
  0.005   0.120  -0.213981E+03 -0.616724E+06
  0.005   0.120  -0.214377E+03 -0.616724E+06
  0.005   0.120  -0.214767E+03 -0.616724E+06
  0.005   0.120  -0.215137E+03 -0.616724E+06
  0.005   0.120  -0.215477E+03 -0.616724E+06
  0.005   0.120  -0.215778E+03 -0.616724E+06
  0.005   0.120  -0.216028E+03 -0.616724E+06
  0.005   0.120  -0.216221E+03 -0.616724E+06
  0.005   0.120  -0.216352E+03 -0.616724E+06
  0.005   0.120  -0.216415E+03 -0.616724E+06
  0.005   0.130  -0.256079E+03 -0.615809E+06
  0.005   0.130  -0.256002E+03 -0.615809E+06
  0.005   0.130  -0.255852E+03 -0.615809E+06
  0.005   0.130  -0.255635E+03 -0.615809E+06
  0.005   0.130  -0.255356E+03 -0.615809E+06
  0.005   0.130  -0.255025E+03 -0.615809E+06
  0.005   0.130  -0.254651E+03 -0.615809E+06
  0.005   0.130  -0.254246E+03 -0.615809E+06
  0.005   0.130  -0.253821E+03 -0.615809E+06
  0.005   0.130  -0.253391E+03 -0.615808E+06
  0.005   0.130  -0.252967E+03 -0.615808E+06
  0.005   0.130  -0.252563E+03 -0.615808E+06
  0.005   0.130  -0.252192E+03 -0.615808E+06
  0.005   0.130  -0.251864E+03 -0.615808E+06
  0.005   0.130  -0.251590E+03 -0.615808E+06
  0.005   0.130  -0.251377E+03 -0.615808E+06
  0.005   0.130  -0.251232E+03 -0.615808E+06
  0.005   0.130  -0.251160E+03 -0.615808E+06
  0.005   0.130  -0.251163E+03 -0.615808E+06
  0.005   0.130  -0.251241E+03 -0.615808E+06
  0.005   0.130  -0.251390E+03 -0.615808E+06
  0.005   0.130  -0.251608E+03 -0.615808E+06
  0.005   0.130  -0.251887E+03 -0.615808E+06
  0.005   0.130  -0.252218E+03 -0.615808E+06
  0.005   0.130  -0.252592E+03 -0.615808E+06
  0.005   0.130  -0.252998E+03 -0.615808E+06
  0.005   0.130  -0.253422E+03 -0.615808E+06
  0.005   0.130  -0.253852E+03 -0.615808E+06
  0.005   0.130  -0.254275E+03 -0.615808E+06
  0.005   0.130  -0.254679E+03 -0.615809E+06
  0.005   0.130  -0.255050E+03 -0.615809E+06
  0.005   0.130  -0.255378E+03 -0.615809E+06
  0.005   0.130  -0.255653E+03 -0.615809E+06
  0.005   0.130  -0.255865E+03 -0.615809E+06
  0.005   0.130  -0.256010E+03 -0.615809E+06
  0.005   0.130  -0.256082E+03 -0.615809E+06
  0.005   0.140  -0.299654E+03 -0.614821E+06
  0.005   0.140  -0.299568E+03 -0.614821E+06
  0.005   0.140  -0.299406E+03 -0.614821E+06
  0.005   0.140  -0.299173E+03 -0.614821E+06
  0.005   0.140  -0.298875E+03 -0.614821E+06
  0.005   0.140  -0.298522E+03 -0.614821E+06
  0.005   0.140  -0.298124E+03 -0.614821E+06
  0.005   0.140  -0.297694E+03 -0.614821E+06
  0.005   0.140  -0.297244E+03 -0.614821E+06
  0.005   0.140  -0.296788E+03 -0.614821E+06
  0.005   0.140  -0.296340E+03 -0.614821E+06
  0.005   0.140  -0.295914E+03 -0.614821E+06
  0.005   0.140  -0.295523E+03 -0.614821E+06
  0.005   0.140  -0.295178E+03 -0.614821E+06
  0.005   0.140  -0.294890E+03 -0.614821E+06
  0.005   0.140  -0.294668E+03 -0.614821E+06
  0.005   0.140  -0.294519E+03 -0.614821E+06
  0.005   0.140  -0.294446E+03 -0.614821E+06
  0.005   0.140  -0.294453E+03 -0.614821E+06
  0.005   0.140  -0.294539E+03 -0.614821E+06
  0.005   0.140  -0.294701E+03 -0.614821E+06
  0.005   0.140  -0.294934E+03 -0.614821E+06
  0.005   0.140  -0.295232E+03 -0.614821E+06
  0.005   0.140  -0.295586E+03 -0.614821E+06
  0.005   0.140  -0.295983E+03 -0.614821E+06
  0.005   0.140  -0.296414E+03 -0.614821E+06
  0.005   0.140  -0.296864E+03 -0.614821E+06
  0.005   0.140  -0.297319E+03 -0.614821E+06
  0.005   0.140  -0.297767E+03 -0.614821E+06
  0.005   0.140  -0.298192E+03 -0.614821E+06
  0.005   0.140  -0.298584E+03 -0.614821E+06
  0.005   0.140  -0.298928E+03 -0.614821E+06
  0.005   0.140  -0.299216E+03 -0.614821E+06
  0.005   0.140  -0.299438E+03 -0.614821E+06
  0.005   0.140  -0.299588E+03 -0.614821E+06
  0.005   0.140  -0.299660E+03 -0.614821E+06
