  0.002   0.050    0.22061E+02   0.99642E+02  -0.22717E+01   0.42239E+02  -0.91041E+01   0.25172E+00
  0.002   0.050    0.20452E-01  -0.22928E+00  -0.15351E+01  -0.16426E+00  -0.14600E-01  -0.11403E-03
  0.002   0.050    0.31036E-01  -0.16895E+00   0.67682E+00  -0.12108E+00  -0.22476E-01  -0.13511E-03
  0.002   0.050    0.22061E+02   0.99642E+02  -0.22703E+01   0.42239E+02  -0.91040E+01   0.25172E+00
  0.002   0.060    0.22067E+02   0.99671E+02  -0.22443E+01   0.42254E+02  -0.91072E+01   0.25182E+00
  0.002   0.060    0.20636E-01  -0.22981E+00  -0.15142E+01  -0.16461E+00  -0.14726E-01  -0.11490E-03
  0.002   0.060    0.31270E-01  -0.16907E+00   0.71413E+00  -0.12116E+00  -0.22633E-01  -0.13613E-03
  0.002   0.060    0.22067E+02   0.99671E+02  -0.22428E+01   0.42254E+02  -0.91072E+01   0.25182E+00
  0.003   0.070    0.22075E+02   0.99705E+02  -0.22218E+01   0.42272E+02  -0.91111E+01   0.25191E+00
  0.003   0.070    0.20845E-01  -0.23046E+00  -0.14991E+01  -0.16506E+00  -0.14871E-01  -0.11571E-03
  0.003   0.070    0.31539E-01  -0.16927E+00   0.74813E+00  -0.12128E+00  -0.22816E-01  -0.13713E-03
  0.003   0.070    0.22075E+02   0.99705E+02  -0.22200E+01   0.42272E+02  -0.91112E+01   0.25191E+00
  0.003   0.080    0.22084E+02   0.99745E+02  -0.22023E+01   0.42293E+02  -0.91159E+01   0.25200E+00
  0.003   0.080    0.21080E-01  -0.23124E+00  -0.14884E+01  -0.16558E+00  -0.15035E-01  -0.11649E-03
  0.003   0.080    0.31842E-01  -0.16953E+00   0.77984E+00  -0.12144E+00  -0.23022E-01  -0.13811E-03
  0.003   0.080    0.22083E+02   0.99744E+02  -0.22016E+01   0.42293E+02  -0.91156E+01   0.25200E+00
  0.003   0.090    0.22094E+02   0.99789E+02  -0.21860E+01   0.42316E+02  -0.91213E+01   0.25209E+00
  0.003   0.090    0.21340E-01  -0.23216E+00  -0.14816E+01  -0.16620E+00  -0.15218E-01  -0.11727E-03
  0.003   0.090    0.32181E-01  -0.16989E+00   0.81043E+00  -0.12167E+00  -0.23254E-01  -0.13913E-03
  0.003   0.090    0.22094E+02   0.99789E+02  -0.21847E+01   0.42316E+02  -0.91212E+01   0.25209E+00
  0.004   0.100    0.22106E+02   0.99840E+02  -0.21714E+01   0.42343E+02  -0.91273E+01   0.25218E+00
  0.004   0.100    0.21624E-01  -0.23322E+00  -0.14779E+01  -0.16692E+00  -0.15419E-01  -0.11807E-03
  0.004   0.100    0.32556E-01  -0.17033E+00   0.84019E+00  -0.12195E+00  -0.23511E-01  -0.14020E-03
  0.004   0.100    0.22107E+02   0.99839E+02  -0.21703E+01   0.42343E+02  -0.91277E+01   0.25218E+00
  0.004   0.110    0.22119E+02   0.99894E+02  -0.21600E+01   0.42372E+02  -0.91340E+01   0.25228E+00
  0.004   0.110    0.21934E-01  -0.23444E+00  -0.14771E+01  -0.16775E+00  -0.15638E-01  -0.11891E-03
  0.004   0.110    0.32965E-01  -0.17085E+00   0.86941E+00  -0.12229E+00  -0.23791E-01  -0.14131E-03
  0.004   0.110    0.22119E+02   0.99894E+02  -0.21589E+01   0.42372E+02  -0.91341E+01   0.25227E+00
  0.005   0.120    0.22134E+02   0.99955E+02  -0.21475E+01   0.42404E+02  -0.91418E+01   0.25237E+00
  0.005   0.120    0.22272E-01  -0.23579E+00  -0.14785E+01  -0.16866E+00  -0.15877E-01  -0.11978E-03
  0.005   0.120    0.33412E-01  -0.17148E+00   0.89873E+00  -0.12270E+00  -0.24098E-01  -0.14250E-03
  0.005   0.120    0.22134E+02   0.99953E+02  -0.21477E+01   0.42403E+02  -0.91417E+01   0.25237E+00
  0.005   0.130    0.22148E+02   0.10002E+03  -0.21417E+01   0.42439E+02  -0.91493E+01   0.25248E+00
  0.005   0.130    0.22633E-01  -0.23738E+00  -0.14829E+01  -0.16975E+00  -0.16133E-01  -0.12074E-03
  0.005   0.130    0.33893E-01  -0.17219E+00   0.92800E+00  -0.12317E+00  -0.24428E-01  -0.14376E-03
  0.005   0.130    0.22148E+02   0.10002E+03  -0.21397E+01   0.42437E+02  -0.91491E+01   0.25247E+00
  0.005   0.140    0.22164E+02   0.10009E+03  -0.21296E+01   0.42476E+02  -0.91578E+01   0.25258E+00
  0.005   0.140    0.23022E-01  -0.23904E+00  -0.14885E+01  -0.17087E+00  -0.16408E-01  -0.12172E-03
  0.005   0.140    0.34415E-01  -0.17305E+00   0.95784E+00  -0.12374E+00  -0.24787E-01  -0.14512E-03
  0.005   0.140    0.22163E+02   0.10009E+03  -0.21315E+01   0.42476E+02  -0.91574E+01   0.25258E+00
