  0.002   0.050   -0.10130E+06   0.75294E+01   0.65639E+02  -0.11307E+01   0.13436E+06  -0.77333E+01
  0.002   0.050   -0.10745E+03   0.62051E+00   0.10683E+02   0.44343E+00   0.77516E+02  -0.18976E-01
  0.002   0.050   -0.10748E+03  -0.64073E+00   0.10875E+02  -0.46047E+00   0.77523E+02  -0.12199E-01
  0.002   0.050   -0.10130E+06   0.75336E+01   0.65641E+02  -0.11237E+01   0.13436E+06  -0.77333E+01
  0.002   0.060   -0.10133E+06   0.75177E+01   0.64978E+02  -0.11471E+01   0.13439E+06  -0.77360E+01
  0.002   0.060   -0.10826E+03   0.62556E+00   0.99259E+01   0.44708E+00   0.78091E+02  -0.19088E-01
  0.002   0.060   -0.10829E+03  -0.64573E+00   0.10117E+02  -0.46395E+00   0.78098E+02  -0.12288E-01
  0.002   0.060   -0.10133E+06   0.75211E+01   0.64964E+02  -0.11465E+01   0.13439E+06  -0.77360E+01
  0.003   0.070   -0.10135E+06   0.74725E+01   0.64451E+02  -0.12082E+01   0.13442E+06  -0.77392E+01
  0.003   0.070   -0.10919E+03   0.63098E+00   0.92834E+01   0.45098E+00   0.78750E+02  -0.19223E-01
  0.003   0.070   -0.10922E+03  -0.65164E+00   0.94811E+01  -0.46807E+00   0.78756E+02  -0.12397E-01
  0.003   0.070   -0.10135E+06   0.74782E+01   0.64466E+02  -0.11994E+01   0.13442E+06  -0.77392E+01
  0.003   0.080   -0.10138E+06   0.74677E+01   0.63952E+02  -0.11856E+01   0.13445E+06  -0.77429E+01
  0.003   0.080   -0.11024E+03   0.63746E+00   0.87313E+01   0.45561E+00   0.79491E+02  -0.19380E-01
  0.003   0.080   -0.11027E+03  -0.65776E+00   0.89269E+01  -0.47232E+00   0.79498E+02  -0.12523E-01
  0.003   0.080   -0.10138E+06   0.74692E+01   0.63954E+02  -0.11753E+01   0.13445E+06  -0.77430E+01
  0.003   0.090   -0.10141E+06   0.74062E+01   0.58737E+02  -0.13151E+01   0.13447E+06  -0.77472E+01
  0.003   0.090   -0.11141E+03   0.60096E+00   0.77112E+01   0.42937E+00   0.80316E+02  -0.19575E-01
  0.003   0.090   -0.11143E+03  -0.66677E+00   0.84632E+01  -0.47866E+00   0.80322E+02  -0.12668E-01
  0.003   0.090   -0.10141E+06   0.75410E+01   0.63745E+02  -0.11206E+01   0.13447E+06  -0.77473E+01
  0.004   0.100   -0.10144E+06   0.75318E+01   0.63273E+02  -0.11674E+01   0.13450E+06  -0.77521E+01
  0.004   0.100   -0.11269E+03   0.65246E+00   0.78123E+01   0.46635E+00   0.81221E+02  -0.19759E-01
  0.004   0.100   -0.11272E+03  -0.67334E+00   0.80138E+01  -0.48321E+00   0.81228E+02  -0.12827E-01
  0.004   0.100   -0.10144E+06   0.75372E+01   0.63270E+02  -0.11605E+01   0.13450E+06  -0.77521E+01
  0.004   0.110   -0.10147E+06   0.75129E+01   0.63030E+02  -0.11718E+01   0.13452E+06  -0.77575E+01
  0.004   0.110   -0.11410E+03   0.66149E+00   0.74230E+01   0.47277E+00   0.82211E+02  -0.19980E-01
  0.004   0.110   -0.11412E+03  -0.68269E+00   0.76294E+01  -0.48975E+00   0.82217E+02  -0.13004E-01
  0.004   0.110   -0.10147E+06   0.75211E+01   0.63047E+02  -0.11707E+01   0.13452E+06  -0.77575E+01
  0.005   0.120   -0.10150E+06   0.74970E+01   0.62842E+02  -0.11798E+01   0.13455E+06  -0.77635E+01
  0.005   0.120   -0.11562E+03   0.67153E+00   0.70691E+01   0.47990E+00   0.83284E+02  -0.20224E-01
  0.005   0.120   -0.11564E+03  -0.69193E+00   0.72693E+01  -0.49619E+00   0.83291E+02  -0.13197E-01
  0.005   0.120   -0.10150E+06   0.74814E+01   0.62816E+02  -0.11921E+01   0.13455E+06  -0.77635E+01
  0.005   0.130   -0.10154E+06   0.75937E+01   0.62615E+02  -0.11408E+01   0.13457E+06  -0.77699E+01
  0.005   0.130   -0.11727E+03   0.68098E+00   0.67297E+01   0.48662E+00   0.84443E+02  -0.20490E-01
  0.005   0.130   -0.11729E+03  -0.70476E+00   0.69599E+01  -0.50510E+00   0.84449E+02  -0.13409E-01
  0.005   0.130   -0.10154E+06   0.75216E+01   0.62772E+02  -0.11674E+01   0.13457E+06  -0.77700E+01
  0.005   0.140   -0.10158E+06   0.75365E+01   0.62239E+02  -0.11645E+01   0.13460E+06  -0.77770E+01
  0.005   0.140   -0.11904E+03   0.68897E+00   0.63921E+01   0.49221E+00   0.85689E+02  -0.20779E-01
  0.005   0.140   -0.11906E+03  -0.70930E+00   0.65930E+01  -0.50811E+00   0.85695E+02  -0.13629E-01
  0.005   0.140   -0.10158E+06   0.75047E+01   0.62161E+02  -0.11801E+01   0.13460E+06  -0.77770E+01
