  0.002   0.050   -0.20804E+01   0.10141E+06  -0.53142E+01   0.13442E+06  -0.26813E+01   0.38097E+02
  0.002   0.050    0.83309E+00  -0.18070E+03  -0.10137E+04  -0.12994E+03  -0.36555E+00  -0.95971E-01
  0.002   0.050   -0.26583E+00  -0.18055E+03   0.10110E+04  -0.12989E+03   0.19943E+00  -0.15432E+00
  0.002   0.050   -0.20871E+01   0.10141E+06  -0.76999E+01   0.13442E+06  -0.26778E+01   0.38098E+02
  0.002   0.060   -0.20854E+01   0.10143E+06  -0.53198E+01   0.13445E+06  -0.26870E+01   0.38111E+02
  0.002   0.060    0.83145E+00  -0.18093E+03  -0.10209E+04  -0.13009E+03  -0.36614E+00  -0.95962E-01
  0.002   0.060   -0.26407E+00  -0.18079E+03   0.10184E+04  -0.13004E+03   0.20000E+00  -0.15470E+00
  0.002   0.060   -0.20794E+01   0.10143E+06  -0.75124E+01   0.13445E+06  -0.27015E+01   0.38111E+02
  0.003   0.070   -0.20619E+01   0.10146E+06  -0.53385E+01   0.13448E+06  -0.27594E+01   0.38126E+02
  0.003   0.070    0.82940E+00  -0.18124E+03  -0.10292E+04  -0.13029E+03  -0.36674E+00  -0.95982E-01
  0.003   0.070   -0.26269E+00  -0.18109E+03   0.10268E+04  -0.13024E+03   0.20094E+00  -0.15516E+00
  0.003   0.070   -0.20687E+01   0.10146E+06  -0.74099E+01   0.13448E+06  -0.27527E+01   0.38126E+02
  0.003   0.080   -0.20795E+01   0.10149E+06  -0.53175E+01   0.13451E+06  -0.27084E+01   0.38144E+02
  0.003   0.080    0.82666E+00  -0.18163E+03  -0.10384E+04  -0.13054E+03  -0.36727E+00  -0.96036E-01
  0.003   0.080   -0.26031E+00  -0.18148E+03   0.10362E+04  -0.13049E+03   0.20160E+00  -0.15571E+00
  0.003   0.080   -0.20713E+01   0.10149E+06  -0.72645E+01   0.13451E+06  -0.27072E+01   0.38144E+02
  0.003   0.090   -0.19417E+01   0.10152E+06  -0.41843E+01   0.13453E+06  -0.29000E+01   0.38164E+02
  0.003   0.090    0.82529E+00  -0.18210E+03  -0.10486E+04  -0.13085E+03  -0.36880E+00  -0.96120E-01
  0.003   0.090   -0.25939E+00  -0.18198E+03   0.10469E+04  -0.13082E+03   0.20365E+00  -0.15637E+00
  0.003   0.090   -0.36436E+01   0.10152E+06  -0.47878E+01   0.13453E+06  -0.49836E+00   0.38164E+02
  0.004   0.100   -0.20688E+01   0.10154E+06  -0.52565E+01   0.13456E+06  -0.27183E+01   0.38187E+02
  0.004   0.100    0.82168E+00  -0.18268E+03  -0.10600E+04  -0.13123E+03  -0.36909E+00  -0.96258E-01
  0.004   0.100   -0.25655E+00  -0.18253E+03   0.10580E+04  -0.13118E+03   0.20397E+00  -0.15709E+00
  0.004   0.100   -0.20769E+01   0.10154E+06  -0.70943E+01   0.13456E+06  -0.27167E+01   0.38187E+02
  0.004   0.110   -0.20597E+01   0.10158E+06  -0.53078E+01   0.13458E+06  -0.27273E+01   0.38211E+02
  0.004   0.110    0.81747E+00  -0.18336E+03  -0.10724E+04  -0.13168E+03  -0.36958E+00  -0.96433E-01
  0.004   0.110   -0.25206E+00  -0.18319E+03   0.10705E+04  -0.13162E+03   0.20429E+00  -0.15793E+00
  0.004   0.110   -0.20798E+01   0.10158E+06  -0.70355E+01   0.13458E+06  -0.27189E+01   0.38211E+02
  0.005   0.120   -0.20514E+01   0.10161E+06  -0.52292E+01   0.13461E+06  -0.27241E+01   0.38239E+02
  0.005   0.120    0.81447E+00  -0.18413E+03  -0.10857E+04  -0.13219E+03  -0.37077E+00  -0.96659E-01
  0.005   0.120   -0.24771E+00  -0.18397E+03   0.10839E+04  -0.13214E+03   0.20489E+00  -0.15888E+00
  0.005   0.120   -0.20549E+01   0.10161E+06  -0.69572E+01   0.13461E+06  -0.27290E+01   0.38239E+02
  0.005   0.130   -0.21562E+01   0.10165E+06  -0.53824E+01   0.13464E+06  -0.26783E+01   0.38269E+02
  0.005   0.130    0.80347E+00  -0.18502E+03  -0.11001E+04  -0.13279E+03  -0.36869E+00  -0.96943E-01
  0.005   0.130   -0.24400E+00  -0.18484E+03   0.10984E+04  -0.13273E+03   0.20598E+00  -0.15993E+00
  0.005   0.130   -0.20770E+01   0.10165E+06  -0.69470E+01   0.13464E+06  -0.27128E+01   0.38268E+02
  0.005   0.140   -0.20894E+01   0.10168E+06  -0.51736E+01   0.13466E+06  -0.27149E+01   0.38301E+02
  0.005   0.140    0.80496E+00  -0.18602E+03  -0.11156E+04  -0.13346E+03  -0.37221E+00  -0.97276E-01
  0.005   0.140   -0.23771E+00  -0.18586E+03   0.11139E+04  -0.13340E+03   0.20611E+00  -0.16111E+00
  0.005   0.140   -0.20545E+01   0.10168E+06  -0.69226E+01   0.13466E+06  -0.27280E+01   0.38301E+02
