  0.002   0.050    0.13478E+06  -0.12934E+02  -0.16431E+03  -0.80573E+01  -0.10212E+06   0.19263E+02
  0.002   0.050    0.15157E+03  -0.15665E+01  -0.26964E+02  -0.11225E+01  -0.10925E+03   0.26636E-01
  0.002   0.050    0.15161E+03   0.16044E+01  -0.27263E+02   0.11516E+01  -0.10927E+03   0.18070E-01
  0.002   0.050    0.13478E+06  -0.12947E+02  -0.16433E+03  -0.80692E+01  -0.10212E+06   0.19263E+02
  0.002   0.060    0.13482E+06  -0.12924E+02  -0.16263E+03  -0.80765E+01  -0.10214E+06   0.19268E+02
  0.002   0.060    0.15273E+03  -0.15795E+01  -0.25055E+02  -0.11319E+01  -0.11008E+03   0.26773E-01
  0.002   0.060    0.15277E+03   0.16170E+01  -0.25349E+02   0.11605E+01  -0.11009E+03   0.18182E-01
  0.002   0.060    0.13482E+06  -0.12921E+02  -0.16262E+03  -0.80738E+01  -0.10214E+06   0.19268E+02
  0.003   0.070    0.13486E+06  -0.12955E+02  -0.16118E+03  -0.80905E+01  -0.10217E+06   0.19275E+02
  0.003   0.070    0.15407E+03  -0.15929E+01  -0.23427E+02  -0.11414E+01  -0.11102E+03   0.26946E-01
  0.003   0.070    0.15411E+03   0.16316E+01  -0.23737E+02   0.11706E+01  -0.11104E+03   0.18325E-01
  0.003   0.070    0.13486E+06  -0.12932E+02  -0.16122E+03  -0.80886E+01  -0.10217E+06   0.19275E+02
  0.003   0.080    0.13490E+06  -0.12956E+02  -0.16009E+03  -0.81197E+01  -0.10220E+06   0.19282E+02
  0.003   0.080    0.15558E+03  -0.16102E+01  -0.22047E+02  -0.11538E+01  -0.11209E+03   0.27153E-01
  0.003   0.080    0.15562E+03   0.16488E+01  -0.22357E+02   0.11827E+01  -0.11210E+03   0.18498E-01
  0.003   0.080    0.13490E+06  -0.12913E+02  -0.16013E+03  -0.81026E+01  -0.10220E+06   0.19282E+02
  0.003   0.090    0.13495E+06  -0.12892E+02  -0.15781E+03  -0.80745E+01  -0.10223E+06   0.19291E+02
  0.003   0.090    0.15726E+03  -0.16165E+01  -0.20675E+02  -0.11582E+01  -0.11328E+03   0.27397E-01
  0.003   0.090    0.15730E+03   0.16667E+01  -0.21127E+02   0.11953E+01  -0.11329E+03   0.18696E-01
  0.003   0.090    0.13495E+06  -0.12896E+02  -0.15914E+03  -0.81148E+01  -0.10223E+06   0.19291E+02
  0.004   0.100    0.13500E+06  -0.12986E+02  -0.15827E+03  -0.81413E+01  -0.10226E+06   0.19300E+02
  0.004   0.100    0.15911E+03  -0.16479E+01  -0.19718E+02  -0.11806E+01  -0.11458E+03   0.27665E-01
  0.004   0.100    0.15915E+03   0.16864E+01  -0.20027E+02   0.12091E+01  -0.11460E+03   0.18921E-01
  0.004   0.100    0.13500E+06  -0.13039E+02  -0.15826E+03  -0.81690E+01  -0.10226E+06   0.19300E+02
  0.004   0.110    0.13506E+06  -0.12899E+02  -0.15764E+03  -0.81111E+01  -0.10229E+06   0.19311E+02
  0.004   0.110    0.16113E+03  -0.16706E+01  -0.18733E+02  -0.11968E+01  -0.11601E+03   0.27969E-01
  0.004   0.110    0.16117E+03   0.17116E+01  -0.19073E+02   0.12268E+01  -0.11602E+03   0.19174E-01
  0.004   0.110    0.13506E+06  -0.12936E+02  -0.15781E+03  -0.81405E+01  -0.10229E+06   0.19311E+02
  0.005   0.120    0.13512E+06  -0.12874E+02  -0.15726E+03  -0.81235E+01  -0.10233E+06   0.19323E+02
  0.005   0.120    0.16333E+03  -0.16970E+01  -0.17850E+02  -0.12155E+01  -0.11756E+03   0.28303E-01
  0.005   0.120    0.16337E+03   0.17341E+01  -0.18150E+02   0.12424E+01  -0.11757E+03   0.19449E-01
  0.005   0.120    0.13512E+06  -0.12922E+02  -0.15713E+03  -0.81401E+01  -0.10233E+06   0.19323E+02
  0.005   0.130    0.13518E+06  -0.13377E+02  -0.15671E+03  -0.83482E+01  -0.10236E+06   0.19335E+02
  0.005   0.130    0.16571E+03  -0.17213E+01  -0.16997E+02  -0.12327E+01  -0.11924E+03   0.28673E-01
  0.005   0.130    0.16575E+03   0.17684E+01  -0.17391E+02   0.12666E+01  -0.11925E+03   0.19759E-01
  0.005   0.130    0.13518E+06  -0.12831E+02  -0.15724E+03  -0.81179E+01  -0.10236E+06   0.19336E+02
  0.005   0.140    0.13525E+06  -0.12497E+02  -0.15860E+03  -0.79825E+01  -0.10240E+06   0.19350E+02
  0.005   0.140    0.16828E+03  -0.17854E+01  -0.16531E+02  -0.12783E+01  -0.12104E+03   0.29058E-01
  0.005   0.140    0.16832E+03   0.18253E+01  -0.16862E+02   0.13068E+01  -0.12105E+03   0.20113E-01
  0.005   0.140    0.13525E+06  -0.13266E+02  -0.15865E+03  -0.83054E+01  -0.10240E+06   0.19350E+02
