  0.002   0.050   -0.31106E-01   0.67554E-05   0.33646E+00  -0.83628E-05   0.22597E-01  -0.12916E-04
  0.002   0.050   -0.31064E-01   0.19323E-03   0.33554E+00   0.12637E-03   0.22567E-01  -0.12760E-04
  0.002   0.050   -0.31064E-01  -0.18298E-03   0.33567E+00  -0.14538E-03   0.22567E-01  -0.13021E-04
  0.002   0.050   -0.31105E-01   0.36289E-05   0.33654E+00  -0.10617E-04   0.22598E-01  -0.12921E-04
  0.002   0.060   -0.54176E-01   0.10546E-04   0.40558E+00  -0.78795E-05   0.39312E-01  -0.17985E-04
  0.002   0.060   -0.54072E-01   0.33501E-03   0.40397E+00   0.22653E-03   0.39236E-01  -0.17709E-04
  0.002   0.060   -0.54072E-01  -0.31961E-03   0.40410E+00  -0.24625E-03   0.39236E-01  -0.18160E-04
  0.002   0.060   -0.54176E-01   0.50606E-05   0.40561E+00  -0.11830E-04   0.39312E-01  -0.17991E-04
  0.003   0.070   -0.86806E-01   0.15721E-04   0.47547E+00  -0.61565E-05   0.62939E-01  -0.24460E-04
  0.003   0.070   -0.86578E-01   0.53496E-03   0.47289E+00   0.36888E-03   0.62774E-01  -0.24010E-04
  0.003   0.070   -0.86578E-01  -0.51293E-03   0.47330E+00  -0.38779E-03   0.62774E-01  -0.24733E-04
  0.003   0.070   -0.86806E-01   0.68988E-05   0.47572E+00  -0.12524E-04   0.62939E-01  -0.24474E-04
  0.003   0.080   -0.13091E+00   0.22548E-04   0.54661E+00  -0.29782E-05   0.94855E-01  -0.32629E-04
  0.003   0.080   -0.13045E+00   0.80473E-03   0.54272E+00   0.56186E-03   0.94529E-01  -0.31939E-04
  0.003   0.080   -0.13045E+00  -0.77382E-03   0.54310E+00  -0.57774E-03   0.94529E-01  -0.33017E-04
  0.003   0.080   -0.13091E+00   0.91122E-05   0.54675E+00  -0.12661E-04   0.94855E-01  -0.32646E-04
  0.003   0.090   -0.18855E+00   0.30331E-04   0.57954E+00   0.28606E-05   0.13654E+00  -0.41808E-04
  0.003   0.090   -0.18772E+00   0.10839E-02   0.57429E+00   0.76350E-03   0.13595E+00  -0.40853E-04
  0.003   0.090   -0.18771E+00  -0.11173E-02   0.61551E+00  -0.82695E-03   0.13595E+00  -0.43365E-04
  0.003   0.090   -0.18854E+00   0.12024E-04   0.62078E+00  -0.12035E-04   0.13655E+00  -0.42859E-04
  0.004   0.100   -0.26195E+00   0.42888E-04   0.69338E+00   0.91996E-05   0.18963E+00  -0.55305E-04
  0.004   0.100   -0.26053E+00   0.16052E-02   0.68561E+00   0.11369E-02   0.18860E+00  -0.53864E-04
  0.004   0.100   -0.26053E+00  -0.15488E-02   0.68628E+00  -0.11390E-02   0.18860E+00  -0.55990E-04
  0.004   0.100   -0.26195E+00   0.15369E-04   0.69357E+00  -0.10566E-04   0.18963E+00  -0.55337E-04
  0.004   0.110   -0.35361E+00   0.56947E-04   0.76960E+00   0.18694E-04   0.25587E+00  -0.70517E-04
  0.004   0.110   -0.35129E+00   0.21648E-02   0.75912E+00   0.15397E-02   0.25418E+00  -0.68523E-04
  0.004   0.110   -0.35129E+00  -0.20919E-02   0.76028E+00  -0.15310E-02   0.25418E+00  -0.71378E-04
  0.004   0.110   -0.35361E+00   0.19498E-04   0.77013E+00  -0.82155E-05   0.25587E+00  -0.70566E-04
  0.005   0.120   -0.46624E+00   0.74289E-04   0.84815E+00   0.31037E-04   0.33721E+00  -0.88841E-04
  0.005   0.120   -0.46257E+00   0.28527E-02   0.83434E+00   0.20351E-02   0.33456E+00  -0.86140E-04
  0.005   0.120   -0.46257E+00  -0.27560E-02   0.83481E+00  -0.20094E-02   0.33456E+00  -0.89845E-04
  0.005   0.120   -0.46624E+00   0.24294E-04   0.84779E+00  -0.48511E-05   0.33721E+00  -0.88881E-04
  0.005   0.130   -0.60285E+00   0.94423E-04   0.92759E+00   0.46483E-04   0.43582E+00  -0.11069E-03
  0.005   0.130   -0.59725E+00   0.36815E-02   0.90975E+00   0.26325E-02   0.43177E+00  -0.10710E-03
  0.005   0.130   -0.59724E+00  -0.35729E-02   0.91376E+00  -0.25965E-02   0.43177E+00  -0.11193E-03
  0.005   0.130   -0.60285E+00   0.30267E-04   0.93057E+00  -0.14897E-06   0.43582E+00  -0.11082E-03
  0.005   0.140   -0.76679E+00   0.11920E-03   0.10056E+01   0.65579E-04   0.55408E+00  -0.13649E-03
  0.005   0.140   -0.75847E+00   0.46553E-02   0.98301E+00   0.33346E-02   0.54807E+00  -0.13180E-03
  0.005   0.140   -0.75847E+00  -0.44987E-02   0.98302E+00  -0.32610E-02   0.54807E+00  -0.13771E-03
  0.005   0.140   -0.76679E+00   0.37573E-04   0.10042E+01   0.66179E-05   0.55408E+00  -0.13653E-03
