  0.002   0.050    0.32629E-05   0.31074E-01   0.17469E-01   0.22508E-01   0.32454E-05   0.20981E-04
  0.002   0.050   -0.58751E-04   0.30977E-01  -0.27683E+00   0.22454E-01  -0.19294E-04   0.28203E-04
  0.002   0.050    0.44796E-04   0.31054E-01   0.19248E+00   0.22482E-01   0.14117E-04   0.16661E-04
  0.002   0.050   -0.17235E-04   0.31073E-01  -0.10204E+00   0.22513E-01  -0.84456E-05   0.23969E-04
  0.002   0.060    0.44333E-05   0.54087E-01   0.23220E-01   0.39171E-01   0.49566E-05   0.36705E-04
  0.002   0.060   -0.10339E-03   0.53825E-01  -0.48852E+00   0.39009E-01  -0.34297E-04   0.49201E-04
  0.002   0.060    0.86993E-04   0.53958E-01   0.38698E+00   0.39056E-01   0.29665E-04   0.27642E-04
  0.002   0.060   -0.20969E-04   0.54086E-01  -0.12515E+00   0.39177E-01  -0.95761E-05   0.40415E-04
  0.003   0.070    0.59201E-05   0.86626E-01   0.30180E-01   0.62726E-01   0.72400E-05   0.58974E-04
  0.003   0.070   -0.16675E-03   0.86030E-01  -0.78847E+00   0.62339E-01  -0.55588E-04   0.78849E-04
  0.003   0.070    0.14759E-03   0.86244E-01   0.66927E+00   0.62412E-01   0.52547E-04   0.42921E-04
  0.003   0.070   -0.24918E-04   0.86625E-01  -0.15001E+00   0.62733E-01  -0.10408E-04   0.63482E-04
  0.003   0.080    0.77318E-05   0.13059E+00   0.38758E-01   0.94543E-01   0.10292E-04   0.89096E-04
  0.003   0.080   -0.25297E-03   0.12938E+00  -0.11937E+01   0.93734E-01  -0.84170E-04   0.11881E-03
  0.003   0.080    0.23110E-03   0.12971E+00   0.10571E+01   0.93842E-01   0.83968E-04   0.63301E-04
  0.003   0.080   -0.29008E-04   0.13059E+00  -0.17638E+00   0.94551E-01  -0.10813E-04   0.94481E-04
  0.003   0.090    0.11823E-04   0.18804E+00   0.58350E-01   0.13610E+00   0.14889E-04   0.12826E-03
  0.003   0.090   -0.36229E-03   0.18581E+00  -0.17137E+01   0.13458E+00  -0.12134E-03   0.17066E-03
  0.003   0.090    0.34187E-03   0.18622E+00   0.15878E+01   0.13469E+00   0.12940E-03   0.89145E-04
  0.003   0.090   -0.33052E-04   0.18804E+00  -0.18532E+00   0.13611E+00  -0.64564E-05   0.13436E-03
  0.004   0.100    0.12755E-04   0.26120E+00   0.62076E-01   0.18900E+00   0.19133E-04   0.17870E-03
  0.004   0.100   -0.50673E-03   0.25728E+00  -0.23951E+01   0.18629E+00  -0.17026E-03   0.23694E-03
  0.004   0.100    0.47866E-03   0.25792E+00   0.22229E+01   0.18650E+00   0.18043E-03   0.12291E-03
  0.004   0.100   -0.37845E-04   0.26120E+00  -0.23611E+00   0.18901E+00  -0.10252E-04   0.18617E-03
  0.004   0.110    0.15920E-04   0.35252E+00   0.76144E-01   0.25500E+00   0.25098E-04   0.24145E-03
  0.004   0.110   -0.68841E-03   0.34603E+00  -0.32338E+01   0.25048E+00  -0.22886E-03   0.31911E-03
  0.004   0.110    0.65878E-03   0.34690E+00   0.30425E+01   0.25077E+00   0.24596E-03   0.16406E-03
  0.004   0.110   -0.42875E-04   0.35252E+00  -0.27002E+00   0.25502E+00  -0.90027E-05   0.25013E-03
  0.005   0.120    0.19981E-04   0.46471E+00   0.94752E-01   0.33604E+00   0.32565E-04   0.31856E-03
  0.005   0.120   -0.90662E-03   0.45441E+00  -0.42595E+01   0.32883E+00  -0.30256E-03   0.41955E-03
  0.005   0.120    0.88057E-03   0.45555E+00   0.40507E+01   0.32919E+00   0.32685E-03   0.21413E-03
  0.005   0.120   -0.48100E-04   0.46471E+00  -0.30688E+00   0.33606E+00  -0.70773E-05   0.32864E-03
  0.005   0.130    0.24928E-04   0.60074E+00   0.11267E+00   0.43426E+00   0.41065E-04   0.41224E-03
  0.005   0.130   -0.12099E-02   0.58492E+00  -0.55033E+01   0.42313E+00  -0.37562E-03   0.54081E-03
  0.005   0.130    0.11512E-02   0.58645E+00   0.52720E+01   0.42362E+00   0.42450E-03   0.27436E-03
  0.005   0.130   -0.54393E-04   0.60074E+00  -0.34836E+00   0.43428E+00  -0.41537E-05   0.42381E-03
  0.005   0.140    0.31507E-04   0.76394E+00   0.14114E+00   0.55201E+00   0.51822E-04   0.52452E-03
  0.005   0.140   -0.15020E-02   0.74043E+00  -0.69827E+01   0.53540E+00  -0.49291E-03   0.68532E-03
  0.005   0.140    0.14846E-02   0.74227E+00   0.67354E+01   0.53598E+00   0.53807E-03   0.34580E-03
  0.005   0.140   -0.60363E-04   0.76394E+00  -0.39388E+00   0.55204E+00  -0.70005E-06   0.53797E-03
