  0.002   0.050    0.52687E-05   0.33562E-04  -0.12906E-01   0.24782E-04  -0.66681E-05   0.34707E-06
  0.002   0.050    0.52083E-05   0.26288E-04  -0.13190E-01   0.19539E-04  -0.66879E-05   0.34913E-06
  0.002   0.050    0.53223E-05   0.40715E-04  -0.12554E-01   0.29934E-04  -0.66284E-05   0.34324E-06
  0.002   0.050    0.52700E-05   0.33709E-04  -0.12908E-01   0.24888E-04  -0.66693E-05   0.34722E-06
  0.002   0.060    0.10367E-04   0.58486E-04  -0.15550E-01   0.42889E-04  -0.10934E-04   0.43140E-06
  0.002   0.060    0.10252E-04   0.45732E-04  -0.16045E-01   0.33698E-04  -0.10962E-04   0.43492E-06
  0.002   0.060    0.10453E-04   0.70827E-04  -0.14940E-01   0.51776E-04  -0.10861E-04   0.42469E-06
  0.002   0.060    0.10369E-04   0.58743E-04  -0.15554E-01   0.43074E-04  -0.10937E-04   0.43169E-06
  0.003   0.070    0.17764E-04   0.93760E-04  -0.18228E-01   0.68463E-04  -0.16866E-04   0.52416E-06
  0.003   0.070    0.17564E-04   0.73156E-04  -0.19020E-01   0.53617E-04  -0.16899E-04   0.52966E-06
  0.003   0.070    0.17891E-04   0.11331E-03  -0.17250E-01   0.82541E-04  -0.16740E-04   0.51327E-06
  0.003   0.070    0.17768E-04   0.94174E-04  -0.18234E-01   0.68761E-04  -0.16870E-04   0.52461E-06
  0.003   0.080    0.27926E-04   0.14146E-03  -0.20941E-01   0.10300E-03  -0.24798E-04   0.62691E-06
  0.003   0.080    0.27595E-04   0.11010E-03  -0.22134E-01   0.80406E-04  -0.24825E-04   0.63498E-06
  0.003   0.080    0.28093E-04   0.17058E-03  -0.19482E-01   0.12396E-03  -0.24592E-04   0.61063E-06
  0.003   0.080    0.27928E-04   0.14209E-03  -0.20965E-01   0.10345E-03  -0.24804E-04   0.62796E-06
  0.003   0.090    0.41355E-04   0.20385E-03  -0.23702E-01   0.14812E-03  -0.35093E-04   0.74166E-06
  0.003   0.090    0.40828E-04   0.15819E-03  -0.25418E-01   0.11523E-03  -0.35096E-04   0.75289E-06
  0.003   0.090    0.41561E-04   0.24516E-03  -0.21598E-01   0.17784E-03  -0.34771E-04   0.71766E-06
  0.003   0.090    0.41360E-04   0.20477E-03  -0.23730E-01   0.14878E-03  -0.35102E-04   0.74302E-06
  0.004   0.100    0.58600E-04   0.28340E-03  -0.26509E-01   0.20559E-03  -0.48144E-04   0.87018E-06
  0.004   0.100    0.57790E-04   0.21920E-03  -0.28891E-01   0.15936E-03  -0.48093E-04   0.88517E-06
  0.004   0.100    0.58833E-04   0.33982E-03  -0.23596E-01   0.24618E-03  -0.47661E-04   0.83636E-06
  0.004   0.100    0.58609E-04   0.28468E-03  -0.26554E-01   0.20651E-03  -0.48160E-04   0.87221E-06
  0.004   0.110    0.80264E-04   0.38280E-03  -0.29392E-01   0.27735E-03  -0.64390E-04   0.10152E-05
  0.004   0.110    0.79054E-04   0.29494E-03  -0.32603E-01   0.21410E-03  -0.64237E-04   0.10345E-05
  0.004   0.110    0.80492E-04   0.45754E-03  -0.25466E-01   0.33110E-03  -0.63676E-04   0.96868E-06
  0.004   0.110    0.80274E-04   0.38455E-03  -0.29454E-01   0.27860E-03  -0.64410E-04   0.10180E-05
  0.005   0.120    0.10703E-03   0.50506E-03  -0.32301E-01   0.36554E-03  -0.84308E-04   0.11776E-05
  0.005   0.120    0.10527E-03   0.38760E-03  -0.36528E-01   0.28100E-03  -0.83984E-04   0.12018E-05
  0.005   0.120    0.10720E-03   0.60147E-03  -0.27157E-01   0.43484E-03  -0.83280E-04   0.11156E-05
  0.005   0.120    0.10704E-03   0.50738E-03  -0.32407E-01   0.36720E-03  -0.84335E-04   0.11820E-05
  0.005   0.130    0.13961E-03   0.65351E-03  -0.35373E-01   0.47253E-03  -0.10843E-03   0.13635E-05
  0.005   0.130    0.13708E-03   0.49895E-03  -0.40830E-01   0.36134E-03  -0.10784E-03   0.13927E-05
  0.005   0.130    0.13966E-03   0.77523E-03  -0.28689E-01   0.56000E-03  -0.10697E-03   0.12803E-05
  0.005   0.130    0.13962E-03   0.65651E-03  -0.35466E-01   0.47470E-03  -0.10846E-03   0.13680E-05
  0.005   0.140    0.17888E-03   0.83187E-03  -0.38389E-01   0.60098E-03  -0.13734E-03   0.15700E-05
  0.005   0.140    0.17533E-03   0.63224E-03  -0.45319E-01   0.45742E-03  -0.13635E-03   0.16047E-05
  0.005   0.140    0.17869E-03   0.98256E-03  -0.29992E-01   0.70922E-03  -0.13532E-03   0.14639E-05
  0.005   0.140    0.17888E-03   0.83575E-03  -0.38598E-01   0.60378E-03  -0.13739E-03   0.15780E-05
