  0.002   0.050   0.148256E+00  0.204455E+02
  0.002   0.050   0.151507E+00  0.254988E+02
  0.002   0.050  -0.848123E+03  0.204528E+02
  0.002   0.050  -0.848441E+03  0.102592E+02
  0.002   0.050  -0.167062E+04  0.204806E+02
  0.002   0.050  -0.167048E+04 -0.336109E+02
  0.002   0.050  -0.244236E+04  0.205252E+02
  0.002   0.050  -0.244042E+04 -0.100798E+03
  0.002   0.050  -0.313990E+04  0.205810E+02
  0.002   0.050  -0.313466E+04 -0.183171E+03
  0.002   0.050  -0.374202E+04  0.206410E+02
  0.002   0.050  -0.373231E+04 -0.270778E+03
  0.002   0.050  -0.423045E+04  0.206975E+02
  0.002   0.050  -0.421578E+04 -0.353054E+03
  0.002   0.050  -0.459034E+04  0.207437E+02
  0.002   0.050  -0.457116E+04 -0.420091E+03
  0.002   0.050  -0.481075E+04  0.207739E+02
  0.002   0.050  -0.478842E+04 -0.463831E+03
  0.002   0.050  -0.488499E+04  0.207843E+02
  0.002   0.050  -0.486153E+04 -0.479021E+03
  0.002   0.050  -0.481080E+04  0.207736E+02
  0.002   0.050  -0.478848E+04 -0.463837E+03
  0.002   0.050  -0.459043E+04  0.207432E+02
  0.002   0.050  -0.457127E+04 -0.420103E+03
  0.002   0.050  -0.423059E+04  0.206968E+02
  0.002   0.050  -0.421594E+04 -0.353070E+03
  0.002   0.050  -0.374220E+04  0.206401E+02
  0.002   0.050  -0.373251E+04 -0.270796E+03
  0.002   0.050  -0.314010E+04  0.205802E+02
  0.002   0.050  -0.313489E+04 -0.183189E+03
  0.002   0.050  -0.244260E+04  0.205244E+02
  0.002   0.050  -0.244069E+04 -0.100813E+03
  0.002   0.050  -0.167088E+04  0.204800E+02
  0.002   0.050  -0.167077E+04 -0.336225E+02
  0.002   0.050  -0.848389E+03  0.204524E+02
  0.002   0.050  -0.848748E+03  0.102531E+02
  0.002   0.050  -0.122334E+00  0.204455E+02
  0.002   0.050  -0.160542E+00  0.254988E+02
  0.002   0.050   0.848149E+03  0.204603E+02
  0.002   0.050   0.848432E+03  0.102671E+02
  0.002   0.050   0.167065E+04  0.204955E+02
  0.002   0.050   0.167047E+04 -0.335954E+02
  0.002   0.050   0.244239E+04  0.205470E+02
  0.002   0.050   0.244041E+04 -0.100775E+03
  0.002   0.050   0.313992E+04  0.206091E+02
  0.002   0.050   0.313465E+04 -0.183142E+03
  0.002   0.050   0.374205E+04  0.206743E+02
  0.002   0.050   0.373230E+04 -0.270744E+03
  0.002   0.050   0.423048E+04  0.207353E+02
  0.002   0.050   0.421577E+04 -0.353015E+03
  0.002   0.050   0.459037E+04  0.207847E+02
  0.002   0.050   0.457115E+04 -0.420049E+03
  0.002   0.050   0.481078E+04  0.208168E+02
  0.002   0.050   0.478842E+04 -0.463786E+03
  0.002   0.050   0.488502E+04  0.208278E+02
  0.002   0.050   0.486153E+04 -0.478975E+03
  0.002   0.050   0.481083E+04  0.208165E+02
  0.002   0.050   0.478847E+04 -0.463792E+03
  0.002   0.050   0.459046E+04  0.207841E+02
  0.002   0.050   0.457126E+04 -0.420060E+03
  0.002   0.050   0.423061E+04  0.207345E+02
  0.002   0.050   0.421593E+04 -0.353030E+03
  0.002   0.050   0.374222E+04  0.206735E+02
  0.002   0.050   0.373250E+04 -0.270761E+03
  0.002   0.050   0.314013E+04  0.206082E+02
  0.002   0.050   0.313489E+04 -0.183159E+03
  0.002   0.050   0.244263E+04  0.205463E+02
  0.002   0.050   0.244068E+04 -0.100790E+03
  0.002   0.050   0.167090E+04  0.204950E+02
  0.002   0.050   0.167076E+04 -0.336070E+02
  0.002   0.050   0.848415E+03  0.204601E+02
  0.002   0.050   0.848739E+03  0.102610E+02
  0.002   0.060   0.190675E+00  0.192963E+02
  0.002   0.060   0.171604E+00  0.266263E+02
  0.002   0.060  -0.101870E+04  0.193061E+02
  0.002   0.060  -0.101906E+04  0.463023E+01
  0.002   0.060  -0.200665E+04  0.193462E+02
  0.002   0.060  -0.200599E+04 -0.586816E+02
  0.002   0.060  -0.293362E+04  0.194110E+02
  0.002   0.060  -0.292963E+04 -0.155625E+03
  0.002   0.060  -0.377146E+04  0.194923E+02
  0.002   0.060  -0.376158E+04 -0.274454E+03
  0.002   0.060  -0.449470E+04  0.195797E+02
  0.002   0.060  -0.447691E+04 -0.400799E+03
  0.002   0.060  -0.508137E+04  0.196623E+02
  0.002   0.060  -0.505486E+04 -0.519423E+03
  0.002   0.060  -0.551365E+04  0.197298E+02
  0.002   0.060  -0.547924E+04 -0.616054E+03
  0.002   0.060  -0.577840E+04  0.197738E+02
  0.002   0.060  -0.573847E+04 -0.679091E+03
  0.002   0.060  -0.586757E+04  0.197889E+02
  0.002   0.060  -0.582566E+04 -0.700980E+03
  0.002   0.060  -0.577846E+04  0.197733E+02
  0.002   0.060  -0.573853E+04 -0.679100E+03
  0.002   0.060  -0.551376E+04  0.197289E+02
  0.002   0.060  -0.547936E+04 -0.616070E+03
  0.002   0.060  -0.508154E+04  0.196612E+02
  0.002   0.060  -0.505505E+04 -0.519445E+03
  0.002   0.060  -0.449491E+04  0.195784E+02
  0.002   0.060  -0.447715E+04 -0.400825E+03
  0.002   0.060  -0.377171E+04  0.194910E+02
  0.002   0.060  -0.376187E+04 -0.274479E+03
  0.002   0.060  -0.293390E+04  0.194099E+02
  0.002   0.060  -0.292996E+04 -0.155648E+03
  0.002   0.060  -0.200695E+04  0.193453E+02
  0.002   0.060  -0.200634E+04 -0.586983E+02
  0.002   0.060  -0.101903E+04  0.193056E+02
  0.002   0.060  -0.101943E+04  0.462137E+01
  0.002   0.060  -0.134868E+00  0.192962E+02
  0.002   0.060  -0.203001E+00  0.266263E+02
  0.002   0.060   0.101876E+04  0.193189E+02
  0.002   0.060   0.101903E+04  0.464404E+01
  0.002   0.060   0.200670E+04  0.193713E+02
  0.002   0.060   0.200596E+04 -0.586544E+02
  0.002   0.060   0.293368E+04  0.194478E+02
  0.002   0.060   0.292960E+04 -0.155586E+03
  0.002   0.060   0.377151E+04  0.195396E+02
  0.002   0.060   0.376155E+04 -0.274403E+03
  0.002   0.060   0.449476E+04  0.196360E+02
  0.002   0.060   0.447688E+04 -0.400738E+03
  0.002   0.060   0.508143E+04  0.197259E+02
  0.002   0.060   0.505484E+04 -0.519354E+03
  0.002   0.060   0.551371E+04  0.197988E+02
  0.002   0.060   0.547921E+04 -0.615979E+03
  0.002   0.060   0.577846E+04  0.198461E+02
  0.002   0.060   0.573844E+04 -0.679013E+03
  0.002   0.060   0.586763E+04  0.198624E+02
  0.002   0.060   0.582563E+04 -0.700901E+03
  0.002   0.060   0.577852E+04  0.198457E+02
  0.002   0.060   0.573850E+04 -0.679022E+03
  0.002   0.060   0.551382E+04  0.197980E+02
  0.002   0.060   0.547934E+04 -0.615996E+03
  0.002   0.060   0.508160E+04  0.197249E+02
  0.002   0.060   0.505502E+04 -0.519377E+03
  0.002   0.060   0.449497E+04  0.196348E+02
  0.002   0.060   0.447712E+04 -0.400764E+03
  0.002   0.060   0.377176E+04  0.195384E+02
  0.002   0.060   0.376184E+04 -0.274428E+03
  0.002   0.060   0.293396E+04  0.194468E+02
  0.002   0.060   0.292993E+04 -0.155608E+03
  0.002   0.060   0.200701E+04  0.193706E+02
  0.002   0.060   0.200631E+04 -0.586712E+02
  0.002   0.060   0.101908E+04  0.193185E+02
  0.002   0.060   0.101940E+04  0.463508E+01
  0.003   0.070   0.242760E+00  0.179189E+02
  0.003   0.070   0.182274E+00  0.279780E+02
  0.003   0.070  -0.118979E+04  0.179317E+02
  0.003   0.070  -0.119018E+04 -0.204267E+01
  0.003   0.070  -0.234367E+04  0.179866E+02
  0.003   0.070  -0.234223E+04 -0.884393E+02
  0.003   0.070  -0.342634E+04  0.180761E+02
  0.003   0.070  -0.341941E+04 -0.220702E+03
  0.003   0.070  -0.440490E+04  0.181886E+02
  0.003   0.070  -0.438840E+04 -0.382778E+03
  0.003   0.070  -0.524963E+04  0.183096E+02
  0.003   0.070  -0.522035E+04 -0.555051E+03
  0.003   0.070  -0.593484E+04  0.184241E+02
  0.003   0.070  -0.589155E+04 -0.716745E+03
  0.003   0.070  -0.643973E+04  0.185176E+02
  0.003   0.070  -0.638375E+04 -0.848423E+03
  0.003   0.070  -0.674895E+04  0.185787E+02
  0.003   0.070  -0.668412E+04 -0.934306E+03
  0.003   0.070  -0.685310E+04  0.185997E+02
  0.003   0.070  -0.678510E+04 -0.964125E+03
  0.003   0.070  -0.674901E+04  0.185780E+02
  0.003   0.070  -0.668419E+04 -0.934318E+03
  0.003   0.070  -0.643986E+04  0.185165E+02
  0.003   0.070  -0.638390E+04 -0.848446E+03
  0.003   0.070  -0.593503E+04  0.184225E+02
  0.003   0.070  -0.589177E+04 -0.716776E+03
  0.003   0.070  -0.524987E+04  0.183079E+02
  0.003   0.070  -0.522063E+04 -0.555086E+03
  0.003   0.070  -0.440519E+04  0.181868E+02
  0.003   0.070  -0.438873E+04 -0.382813E+03
  0.003   0.070  -0.342667E+04  0.180745E+02
  0.003   0.070  -0.341978E+04 -0.220733E+03
  0.003   0.070  -0.234403E+04  0.179853E+02
  0.003   0.070  -0.234264E+04 -0.884621E+02
  0.003   0.070  -0.119016E+04  0.179310E+02
  0.003   0.070  -0.119061E+04 -0.205473E+01
  0.003   0.070  -0.136654E+00  0.179188E+02
  0.003   0.070  -0.254925E+00  0.279781E+02
  0.003   0.070   0.118990E+04  0.179513E+02
  0.003   0.070   0.119011E+04 -0.202055E+01
  0.003   0.070   0.234378E+04  0.180253E+02
  0.003   0.070   0.234216E+04 -0.883959E+02
  0.003   0.070   0.342645E+04  0.181328E+02
  0.003   0.070   0.341934E+04 -0.220639E+03
  0.003   0.070   0.440501E+04  0.182614E+02
  0.003   0.070   0.438833E+04 -0.382696E+03
  0.003   0.070   0.524974E+04  0.183964E+02
  0.003   0.070   0.522029E+04 -0.554954E+03
  0.003   0.070   0.593496E+04  0.185221E+02
  0.003   0.070   0.589149E+04 -0.716635E+03
  0.003   0.070   0.643984E+04  0.186240E+02
  0.003   0.070   0.638368E+04 -0.848304E+03
  0.003   0.070   0.674906E+04  0.186901E+02
  0.003   0.070   0.668405E+04 -0.934182E+03
  0.003   0.070   0.685321E+04  0.187128E+02
  0.003   0.070   0.678503E+04 -0.963998E+03
  0.003   0.070   0.674913E+04  0.186895E+02
  0.003   0.070   0.668413E+04 -0.934194E+03
  0.003   0.070   0.643997E+04  0.186229E+02
  0.003   0.070   0.638383E+04 -0.848327E+03
  0.003   0.070   0.593515E+04  0.185207E+02
  0.003   0.070   0.589170E+04 -0.716666E+03
  0.003   0.070   0.524998E+04  0.183948E+02
  0.003   0.070   0.522057E+04 -0.554989E+03
  0.003   0.070   0.440530E+04  0.182598E+02
  0.003   0.070   0.438867E+04 -0.382731E+03
  0.003   0.070   0.342678E+04  0.181314E+02
  0.003   0.070   0.341971E+04 -0.220670E+03
  0.003   0.070   0.234413E+04  0.180243E+02
  0.003   0.070   0.234257E+04 -0.884188E+02
  0.003   0.070   0.119027E+04  0.179508E+02
  0.003   0.070   0.119054E+04 -0.203279E+01
  0.003   0.080   0.310263E+00  0.163048E+02
  0.003   0.080   0.179944E+00  0.295635E+02
  0.003   0.080  -0.136146E+04  0.163209E+02
  0.003   0.080  -0.136187E+04 -0.976995E+01
  0.003   0.080  -0.268185E+04  0.163936E+02
  0.003   0.080  -0.267933E+04 -0.122949E+03
  0.003   0.080  -0.392077E+04  0.165129E+02
  0.003   0.080  -0.390982E+04 -0.296171E+03
  0.003   0.080  -0.504055E+04  0.166630E+02
  0.003   0.080  -0.501508E+04 -0.508368E+03
  0.003   0.080  -0.600718E+04  0.168248E+02
  0.003   0.080  -0.596242E+04 -0.733833E+03
  0.003   0.080  -0.679129E+04  0.169777E+02
  0.003   0.080  -0.672539E+04 -0.945373E+03
  0.003   0.080  -0.736904E+04  0.171027E+02
  0.003   0.080  -0.728403E+04 -0.111759E+04
  0.003   0.080  -0.772288E+04  0.171843E+02
  0.003   0.080  -0.762455E+04 -0.122988E+04
  0.003   0.080  -0.784206E+04  0.172124E+02
  0.003   0.080  -0.773896E+04 -0.126887E+04
  0.003   0.080  -0.772296E+04  0.171835E+02
  0.003   0.080  -0.762464E+04 -0.122990E+04
  0.003   0.080  -0.736919E+04  0.171012E+02
  0.003   0.080  -0.728419E+04 -0.111762E+04
  0.003   0.080  -0.679150E+04  0.169756E+02
  0.003   0.080  -0.672564E+04 -0.945413E+03
  0.003   0.080  -0.600746E+04  0.168224E+02
  0.003   0.080  -0.596273E+04 -0.733879E+03
  0.003   0.080  -0.504088E+04  0.166606E+02
  0.003   0.080  -0.501546E+04 -0.508414E+03
  0.003   0.080  -0.392114E+04  0.165108E+02
  0.003   0.080  -0.391025E+04 -0.296211E+03
  0.003   0.080  -0.268226E+04  0.163920E+02
  0.003   0.080  -0.267980E+04 -0.122979E+03
  0.003   0.080  -0.136189E+04  0.163199E+02
  0.003   0.080  -0.136237E+04 -0.978574E+01
  0.003   0.080  -0.125559E+00  0.163046E+02
  0.003   0.080  -0.320771E+00  0.295637E+02
  0.003   0.080   0.136164E+04  0.163492E+02
  0.003   0.080   0.136173E+04 -0.973660E+01
  0.003   0.080   0.268204E+04  0.164495E+02
  0.003   0.080   0.267919E+04 -0.122884E+03
  0.003   0.080   0.392095E+04  0.165946E+02
  0.003   0.080   0.390968E+04 -0.296076E+03
  0.003   0.080   0.504074E+04  0.167680E+02
  0.003   0.080   0.501495E+04 -0.508245E+03
  0.003   0.080   0.600737E+04  0.169497E+02
  0.003   0.080   0.596228E+04 -0.733687E+03
  0.003   0.080   0.679148E+04  0.171188E+02
  0.003   0.080   0.672526E+04 -0.945208E+03
  0.003   0.080   0.736923E+04  0.172557E+02
  0.003   0.080   0.728390E+04 -0.111741E+04
  0.003   0.080   0.772308E+04  0.173446E+02
  0.003   0.080   0.762443E+04 -0.122970E+04
  0.003   0.080   0.784226E+04  0.173751E+02
  0.003   0.080   0.773884E+04 -0.126868E+04
  0.003   0.080   0.772315E+04  0.173438E+02
  0.003   0.080   0.762451E+04 -0.122971E+04
  0.003   0.080   0.736938E+04  0.172543E+02
  0.003   0.080   0.728407E+04 -0.111744E+04
  0.003   0.080   0.679170E+04  0.171169E+02
  0.003   0.080   0.672551E+04 -0.945248E+03
  0.003   0.080   0.600765E+04  0.169476E+02
  0.003   0.080   0.596260E+04 -0.733733E+03
  0.003   0.080   0.504107E+04  0.167659E+02
  0.003   0.080   0.501533E+04 -0.508291E+03
  0.003   0.080   0.392133E+04  0.165928E+02
  0.003   0.080   0.391011E+04 -0.296116E+03
  0.003   0.080   0.268245E+04  0.164482E+02
  0.003   0.080   0.267966E+04 -0.122914E+03
  0.003   0.080   0.136207E+04  0.163486E+02
  0.003   0.080   0.136223E+04 -0.975269E+01
  0.003   0.090   0.390063E+00  0.144533E+02
  0.003   0.090   0.209390E+00  0.314139E+02
  0.003   0.090  -0.153380E+04  0.144735E+02
  0.003   0.090  -0.153419E+04 -0.185425E+02
  0.003   0.090  -0.302138E+04  0.145676E+02
  0.003   0.090  -0.301738E+04 -0.162266E+03
  0.003   0.090  -0.441716E+04  0.147225E+02
  0.003   0.090  -0.440091E+04 -0.382173E+03
  0.003   0.090  -0.567873E+04  0.149177E+02
  0.003   0.090  -0.564155E+04 -0.651461E+03
  0.003   0.090  -0.676776E+04  0.151281E+02
  0.003   0.090  -0.670282E+04 -0.937466E+03
  0.003   0.090  -0.765115E+04  0.153271E+02
  0.003   0.090  -0.755587E+04 -0.120569E+04
  0.003   0.090  -0.830206E+04  0.154897E+02
  0.003   0.090  -0.817936E+04 -0.142398E+04
  0.003   0.090  -0.870071E+04  0.155958E+02
  0.003   0.090  -0.855891E+04 -0.156628E+04
  0.003   0.090  -0.883498E+04  0.156323E+02
  0.003   0.090  -0.868635E+04 -0.161567E+04
  0.003   0.090  -0.870079E+04  0.155948E+02
  0.003   0.090  -0.855903E+04 -0.156630E+04
  0.003   0.090  -0.830222E+04  0.154877E+02
  0.003   0.090  -0.817958E+04 -0.142402E+04
  0.003   0.090  -0.765139E+04  0.153244E+02
  0.003   0.090  -0.755620E+04 -0.120575E+04
  0.003   0.090  -0.676807E+04  0.151251E+02
  0.003   0.090  -0.670325E+04 -0.937534E+03
  0.003   0.090  -0.567910E+04  0.149147E+02
  0.003   0.090  -0.564206E+04 -0.651529E+03
  0.003   0.090  -0.441758E+04  0.147198E+02
  0.003   0.090  -0.440149E+04 -0.382233E+03
  0.003   0.090  -0.302184E+04  0.145655E+02
  0.003   0.090  -0.301801E+04 -0.162310E+03
  0.003   0.090  -0.153427E+04  0.144722E+02
  0.003   0.090  -0.153485E+04 -0.185658E+02
  0.003   0.090  -0.922477E-01  0.144530E+02
  0.003   0.090  -0.461707E+00  0.314141E+02
  0.003   0.090   0.153410E+04  0.145121E+02
  0.003   0.090   0.153394E+04 -0.184944E+02
  0.003   0.090   0.302168E+04  0.146439E+02
  0.003   0.090   0.301713E+04 -0.162171E+03
  0.003   0.090   0.441747E+04  0.148340E+02
  0.003   0.090   0.440067E+04 -0.382036E+03
  0.003   0.090   0.567904E+04  0.150610E+02
  0.003   0.090   0.564131E+04 -0.651284E+03
  0.003   0.090   0.676807E+04  0.152986E+02
  0.003   0.090   0.670259E+04 -0.937256E+03
  0.003   0.090   0.765146E+04  0.155196E+02
  0.003   0.090   0.755564E+04 -0.120546E+04
  0.003   0.090   0.830237E+04  0.156984E+02
  0.003   0.090   0.817913E+04 -0.142372E+04
  0.003   0.090   0.870102E+04  0.158144E+02
  0.003   0.090   0.855869E+04 -0.156601E+04
  0.003   0.090   0.883529E+04  0.158542E+02
  0.003   0.090   0.868613E+04 -0.161540E+04
  0.003   0.090   0.870111E+04  0.158134E+02
  0.003   0.090   0.855880E+04 -0.156603E+04
  0.003   0.090   0.830254E+04  0.156966E+02
  0.003   0.090   0.817935E+04 -0.142377E+04
  0.003   0.090   0.765170E+04  0.155172E+02
  0.003   0.090   0.755597E+04 -0.120552E+04
  0.003   0.090   0.676838E+04  0.152960E+02
  0.003   0.090   0.670301E+04 -0.937324E+03
  0.003   0.090   0.567941E+04  0.150583E+02
  0.003   0.090   0.564181E+04 -0.651352E+03
  0.003   0.090   0.441788E+04  0.148318E+02
  0.003   0.090   0.440125E+04 -0.382095E+03
  0.003   0.090   0.302214E+04  0.146423E+02
  0.003   0.090   0.301776E+04 -0.162216E+03
  0.003   0.090   0.153457E+04  0.145114E+02
  0.003   0.090   0.153460E+04 -0.185182E+02
  0.004   0.100   0.506847E+00  0.123241E+02
  0.004   0.100   0.116016E+00  0.334765E+02
  0.004   0.100  -0.170688E+04  0.123494E+02
  0.004   0.100  -0.170736E+04 -0.284441E+02
  0.004   0.100  -0.336239E+04  0.124693E+02
  0.004   0.100  -0.335661E+04 -0.206548E+03
  0.004   0.100  -0.491575E+04  0.126668E+02
  0.004   0.100  -0.489288E+04 -0.478973E+03
  0.004   0.100  -0.631974E+04  0.129158E+02
  0.004   0.100  -0.626781E+04 -0.812430E+03
  0.004   0.100  -0.753171E+04  0.131842E+02
  0.004   0.100  -0.744135E+04 -0.116642E+04
  0.004   0.100  -0.851484E+04  0.134378E+02
  0.004   0.100  -0.838250E+04 -0.149824E+04
  0.004   0.100  -0.923923E+04  0.136451E+02
  0.004   0.100  -0.906898E+04 -0.176817E+04
  0.004   0.100  -0.968289E+04  0.137804E+02
  0.004   0.100  -0.948625E+04 -0.194408E+04
  0.004   0.100  -0.983232E+04  0.138269E+02
  0.004   0.100  -0.962623E+04 -0.200512E+04
  0.004   0.100  -0.968298E+04  0.137790E+02
  0.004   0.100  -0.948635E+04 -0.194410E+04
  0.004   0.100  -0.923942E+04  0.136426E+02
  0.004   0.100  -0.906919E+04 -0.176822E+04
  0.004   0.100  -0.851511E+04  0.134345E+02
  0.004   0.100  -0.838281E+04 -0.149831E+04
  0.004   0.100  -0.753207E+04  0.131803E+02
  0.004   0.100  -0.744175E+04 -0.116649E+04
  0.004   0.100  -0.632016E+04  0.129119E+02
  0.004   0.100  -0.626829E+04 -0.812502E+03
  0.004   0.100  -0.491622E+04  0.126634E+02
  0.004   0.100  -0.489342E+04 -0.479037E+03
  0.004   0.100  -0.336291E+04  0.124666E+02
  0.004   0.100  -0.335720E+04 -0.206595E+03
  0.004   0.100  -0.170742E+04  0.123478E+02
  0.004   0.100  -0.170798E+04 -0.284689E+02
  0.004   0.100  -0.404629E-01  0.123238E+02
  0.004   0.100  -0.513180E+00  0.334768E+02
  0.004   0.100   0.170734E+04  0.123997E+02
  0.004   0.100   0.170696E+04 -0.283774E+02
  0.004   0.100   0.336286E+04  0.125685E+02
  0.004   0.100   0.335622E+04 -0.206417E+03
  0.004   0.100   0.491622E+04  0.128118E+02
  0.004   0.100   0.489249E+04 -0.478783E+03
  0.004   0.100   0.632022E+04  0.131020E+02
  0.004   0.100   0.626743E+04 -0.812186E+03
  0.004   0.100   0.753220E+04  0.134057E+02
  0.004   0.100   0.744098E+04 -0.116613E+04
  0.004   0.100   0.851533E+04  0.136879E+02
  0.004   0.100   0.838213E+04 -0.149792E+04
  0.004   0.100   0.923973E+04  0.139161E+02
  0.004   0.100   0.906862E+04 -0.176782E+04
  0.004   0.100   0.968338E+04  0.140641E+02
  0.004   0.100   0.948589E+04 -0.194370E+04
  0.004   0.100   0.983282E+04  0.141150E+02
  0.004   0.100   0.962587E+04 -0.200475E+04
  0.004   0.100   0.968348E+04  0.140629E+02
  0.004   0.100   0.948599E+04 -0.194373E+04
  0.004   0.100   0.923991E+04  0.139138E+02
  0.004   0.100   0.906883E+04 -0.176786E+04
  0.004   0.100   0.851560E+04  0.136849E+02
  0.004   0.100   0.838244E+04 -0.149798E+04
  0.004   0.100   0.753255E+04  0.134023E+02
  0.004   0.100   0.744138E+04 -0.116620E+04
  0.004   0.100   0.632064E+04  0.130987E+02
  0.004   0.100   0.626791E+04 -0.812258E+03
  0.004   0.100   0.491670E+04  0.128090E+02
  0.004   0.100   0.489303E+04 -0.478846E+03
  0.004   0.100   0.336338E+04  0.125665E+02
  0.004   0.100   0.335681E+04 -0.206465E+03
  0.004   0.100   0.170788E+04  0.123988E+02
  0.004   0.100   0.170758E+04 -0.284029E+02
  0.004   0.110   0.648968E+00  0.993253E+01
  0.004   0.110   0.421880E-01  0.358281E+02
  0.004   0.110  -0.188080E+04  0.996446E+01
  0.004   0.110  -0.188134E+04 -0.394241E+02
  0.004   0.110  -0.370510E+04  0.101153E+02
  0.004   0.110  -0.369704E+04 -0.255826E+03
  0.004   0.110  -0.541682E+04  0.103636E+02
  0.004   0.110  -0.538570E+04 -0.586714E+03
  0.004   0.110  -0.696395E+04  0.106765E+02
  0.004   0.110  -0.689374E+04 -0.991542E+03
  0.004   0.110  -0.829949E+04  0.110135E+02
  0.004   0.110  -0.817766E+04 -0.142107E+04
  0.004   0.110  -0.938285E+04  0.113320E+02
  0.004   0.110  -0.920470E+04 -0.182348E+04
  0.004   0.110  -0.101811E+05  0.115922E+02
  0.004   0.110  -0.995211E+04 -0.215068E+04
  0.004   0.110  -0.106700E+05  0.117619E+02
  0.004   0.110  -0.104056E+05 -0.236383E+04
  0.004   0.110  -0.108347E+05  0.118203E+02
  0.004   0.110  -0.105576E+05 -0.243779E+04
  0.004   0.110  -0.106701E+05  0.117602E+02
  0.004   0.110  -0.104057E+05 -0.236386E+04
  0.004   0.110  -0.101813E+05  0.115891E+02
  0.004   0.110  -0.995234E+04 -0.215074E+04
  0.004   0.110  -0.938315E+04  0.113279E+02
  0.004   0.110  -0.920504E+04 -0.182356E+04
  0.004   0.110  -0.829988E+04  0.110088E+02
  0.004   0.110  -0.817810E+04 -0.142115E+04
  0.004   0.110  -0.696441E+04  0.106717E+02
  0.004   0.110  -0.689426E+04 -0.991629E+03
  0.004   0.110  -0.541734E+04  0.103593E+02
  0.004   0.110  -0.538629E+04 -0.586791E+03
  0.004   0.110  -0.370566E+04  0.101119E+02
  0.004   0.110  -0.369769E+04 -0.255883E+03
  0.004   0.110  -0.188139E+04  0.996244E+01
  0.004   0.110  -0.188202E+04 -0.394542E+02
  0.004   0.110   0.454108E-01  0.993201E+01
  0.004   0.110  -0.651841E+00  0.358286E+02
  0.004   0.110   0.188150E+04  0.100273E+02
  0.004   0.110   0.188073E+04 -0.393342E+02
  0.004   0.110   0.370580E+04  0.102393E+02
  0.004   0.110   0.369644E+04 -0.255649E+03
  0.004   0.110   0.541752E+04  0.105448E+02
  0.004   0.110   0.538510E+04 -0.586457E+03
  0.004   0.110   0.696466E+04  0.109091E+02
  0.004   0.110   0.689315E+04 -0.991212E+03
  0.004   0.110   0.830021E+04  0.112901E+02
  0.004   0.110   0.817709E+04 -0.142067E+04
  0.004   0.110   0.938357E+04  0.116441E+02
  0.004   0.110   0.920413E+04 -0.182304E+04
  0.004   0.110   0.101818E+05  0.119302E+02
  0.004   0.110   0.995155E+04 -0.215020E+04
  0.004   0.110   0.106707E+05  0.121157E+02
  0.004   0.110   0.104051E+05 -0.236333E+04
  0.004   0.110   0.108354E+05  0.121795E+02
  0.004   0.110   0.105571E+05 -0.243728E+04
  0.004   0.110   0.106708E+05  0.121143E+02
  0.004   0.110   0.104052E+05 -0.236336E+04
  0.004   0.110   0.101820E+05  0.119275E+02
  0.004   0.110   0.995178E+04 -0.215026E+04
  0.004   0.110   0.938387E+04  0.116404E+02
  0.004   0.110   0.920447E+04 -0.182312E+04
  0.004   0.110   0.830060E+04  0.112860E+02
  0.004   0.110   0.817753E+04 -0.142076E+04
  0.004   0.110   0.696512E+04  0.109051E+02
  0.004   0.110   0.689368E+04 -0.991300E+03
  0.004   0.110   0.541804E+04  0.105414E+02
  0.004   0.110   0.538570E+04 -0.586535E+03
  0.004   0.110   0.370636E+04  0.102369E+02
  0.004   0.110   0.369709E+04 -0.255707E+03
  0.004   0.110   0.188209E+04  0.100262E+02
  0.004   0.110   0.188141E+04 -0.393652E+02
  0.005   0.120   0.829676E+00  0.725766E+01
  0.005   0.120  -0.705952E-01  0.384618E+02
  0.005   0.120  -0.205565E+04  0.729839E+01
  0.005   0.120  -0.205626E+04 -0.515251E+02
  0.005   0.120  -0.404966E+04  0.748651E+01
  0.005   0.120  -0.403885E+04 -0.310236E+03
  0.005   0.120  -0.592062E+04  0.779548E+01
  0.005   0.120  -0.587947E+04 -0.705664E+03
  0.005   0.120  -0.761169E+04  0.818425E+01
  0.005   0.120  -0.751926E+04 -0.118920E+04
  0.005   0.120  -0.907148E+04  0.860264E+01
  0.005   0.120  -0.891145E+04 -0.170193E+04
  0.005   0.120  -0.102556E+05  0.899773E+01
  0.005   0.120  -0.100219E+05 -0.218202E+04
  0.005   0.120  -0.111282E+05  0.932029E+01
  0.005   0.120  -0.108279E+05 -0.257216E+04
  0.005   0.120  -0.116625E+05  0.953060E+01
  0.005   0.120  -0.113160E+05 -0.282622E+04
  0.005   0.120  -0.118425E+05  0.960299E+01
  0.005   0.120  -0.114794E+05 -0.291436E+04
  0.005   0.120  -0.116627E+05  0.952863E+01
  0.005   0.120  -0.113161E+05 -0.282626E+04
  0.005   0.120  -0.111284E+05  0.931658E+01
  0.005   0.120  -0.108281E+05 -0.257223E+04
  0.005   0.120  -0.102560E+05  0.899272E+01
  0.005   0.120  -0.100222E+05 -0.218211E+04
  0.005   0.120  -0.907191E+04  0.859691E+01
  0.005   0.120  -0.891192E+04 -0.170203E+04
  0.005   0.120  -0.761220E+04  0.817844E+01
  0.005   0.120  -0.751983E+04 -0.118930E+04
  0.005   0.120  -0.592119E+04  0.779026E+01
  0.005   0.120  -0.588012E+04 -0.705755E+03
  0.005   0.120  -0.405028E+04  0.748244E+01
  0.005   0.120  -0.403956E+04 -0.310304E+03
  0.005   0.120  -0.205630E+04  0.729589E+01
  0.005   0.120  -0.205701E+04 -0.515610E+02
  0.005   0.120   0.169428E+00  0.725698E+01
  0.005   0.120  -0.827510E+00  0.384624E+02
  0.005   0.120   0.205665E+04  0.737396E+01
  0.005   0.120   0.205537E+04 -0.514067E+02
  0.005   0.120   0.405066E+04  0.763580E+01
  0.005   0.120   0.403796E+04 -0.310004E+03
  0.005   0.120   0.592163E+04  0.801353E+01
  0.005   0.120   0.587859E+04 -0.705325E+03
  0.005   0.120   0.761271E+04  0.846395E+01
  0.005   0.120   0.751840E+04 -0.118877E+04
  0.005   0.120   0.907251E+04  0.893508E+01
  0.005   0.120   0.891060E+04 -0.170142E+04
  0.005   0.120   0.102567E+05  0.937257E+01
  0.005   0.120   0.100210E+05 -0.218144E+04
  0.005   0.120   0.111292E+05  0.972613E+01
  0.005   0.120   0.108271E+05 -0.257154E+04
  0.005   0.120   0.116636E+05  0.995536E+01
  0.005   0.120   0.113152E+05 -0.282557E+04
  0.005   0.120   0.118436E+05  0.100342E+02
  0.005   0.120   0.114786E+05 -0.291369E+04
  0.005   0.120   0.116637E+05  0.995362E+01
  0.005   0.120   0.113153E+05 -0.282560E+04
  0.005   0.120   0.111294E+05  0.972288E+01
  0.005   0.120   0.108273E+05 -0.257160E+04
  0.005   0.120   0.102570E+05  0.936823E+01
  0.005   0.120   0.100214E+05 -0.218153E+04
  0.005   0.120   0.907294E+04  0.893021E+01
  0.005   0.120   0.891108E+04 -0.170152E+04
  0.005   0.120   0.761322E+04  0.845918E+01
  0.005   0.120   0.751897E+04 -0.118887E+04
  0.005   0.120   0.592220E+04  0.800949E+01
  0.005   0.120   0.587924E+04 -0.705418E+03
  0.005   0.120   0.405128E+04  0.763301E+01
  0.005   0.120   0.403867E+04 -0.310073E+03
  0.005   0.120   0.205730E+04  0.737281E+01
  0.005   0.120   0.205611E+04 -0.514438E+02
  0.005   0.130   0.106521E+01  0.427827E+01
  0.005   0.130  -0.227434E+00  0.413914E+02
  0.005   0.130  -0.223150E+04  0.433083E+01
  0.005   0.130  -0.223224E+04 -0.647715E+02
  0.005   0.130  -0.439625E+04  0.456418E+01
  0.005   0.130  -0.438217E+04 -0.369908E+03
  0.005   0.130  -0.642743E+04  0.494555E+01
  0.005   0.130  -0.637427E+04 -0.836094E+03
  0.005   0.130  -0.826330E+04  0.542439E+01
  0.005   0.130  -0.814430E+04 -0.140583E+04
  0.005   0.130  -0.984811E+04  0.593902E+01
  0.005   0.130  -0.964236E+04 -0.200957E+04
  0.005   0.130  -0.111337E+05  0.642451E+01
  0.005   0.130  -0.108334E+05 -0.257451E+04
  0.005   0.130  -0.120809E+05  0.682058E+01
  0.005   0.130  -0.116954E+05 -0.303334E+04
  0.005   0.130  -0.126611E+05  0.707869E+01
  0.005   0.130  -0.122163E+05 -0.333200E+04
  0.005   0.130  -0.128565E+05  0.716750E+01
  0.005   0.130  -0.123905E+05 -0.343558E+04
  0.005   0.130  -0.126612E+05  0.707628E+01
  0.005   0.130  -0.122164E+05 -0.333204E+04
  0.005   0.130  -0.120812E+05  0.681604E+01
  0.005   0.130  -0.116957E+05 -0.303342E+04
  0.005   0.130  -0.111340E+05  0.641837E+01
  0.005   0.130  -0.108338E+05 -0.257461E+04
  0.005   0.130  -0.984858E+04  0.593200E+01
  0.005   0.130  -0.964288E+04 -0.200969E+04
  0.005   0.130  -0.826386E+04  0.541728E+01
  0.005   0.130  -0.814492E+04 -0.140595E+04
  0.005   0.130  -0.642806E+04  0.493913E+01
  0.005   0.130  -0.637498E+04 -0.836202E+03
  0.005   0.130  -0.439694E+04  0.455915E+01
  0.005   0.130  -0.438294E+04 -0.369988E+03
  0.005   0.130  -0.223222E+04  0.432771E+01
  0.005   0.130  -0.223305E+04 -0.648139E+02
  0.005   0.130   0.335765E+00  0.427735E+01
  0.005   0.130  -0.105214E+01  0.413922E+02
  0.005   0.130   0.223290E+04  0.441830E+01
  0.005   0.130   0.223096E+04 -0.646185E+02
  0.005   0.130   0.439766E+04  0.473703E+01
  0.005   0.130   0.438090E+04 -0.369608E+03
  0.005   0.130   0.642884E+04  0.519794E+01
  0.005   0.130   0.637303E+04 -0.835657E+03
  0.005   0.130   0.826473E+04  0.574795E+01
  0.005   0.130   0.814307E+04 -0.140527E+04
  0.005   0.130   0.984955E+04  0.632332E+01
  0.005   0.130   0.964115E+04 -0.200891E+04
  0.005   0.130   0.111351E+05  0.685753E+01
  0.005   0.130   0.108322E+05 -0.257376E+04
  0.005   0.130   0.120824E+05  0.728916E+01
  0.005   0.130   0.116942E+05 -0.303253E+04
  0.005   0.130   0.126625E+05  0.756895E+01
  0.005   0.130   0.122151E+05 -0.333115E+04
  0.005   0.130   0.128579E+05  0.766513E+01
  0.005   0.130   0.123893E+05 -0.343472E+04
  0.005   0.130   0.126627E+05  0.756685E+01
  0.005   0.130   0.122152E+05 -0.333119E+04
  0.005   0.130   0.120826E+05  0.728523E+01
  0.005   0.130   0.116945E+05 -0.303261E+04
  0.005   0.130   0.111355E+05  0.685229E+01
  0.005   0.130   0.108326E+05 -0.257387E+04
  0.005   0.130   0.985002E+04  0.631745E+01
  0.005   0.130   0.964167E+04 -0.200903E+04
  0.005   0.130   0.826529E+04  0.574222E+01
  0.005   0.130   0.814369E+04 -0.140539E+04
  0.005   0.130   0.642948E+04  0.519310E+01
  0.005   0.130   0.637373E+04 -0.835766E+03
  0.005   0.130   0.439835E+04  0.473373E+01
  0.005   0.130   0.438167E+04 -0.369690E+03
  0.005   0.130   0.223362E+04  0.441699E+01
  0.005   0.130   0.223178E+04 -0.646625E+02
  0.005   0.140   0.134820E+01  0.989140E+00
  0.005   0.140  -0.443219E+00  0.446350E+02
  0.005   0.140  -0.240847E+04  0.105757E+01
  0.005   0.140  -0.240937E+04 -0.791876E+02
  0.005   0.140  -0.474509E+04  0.134574E+01
  0.005   0.140  -0.472713E+04 -0.434980E+03
  0.005   0.140  -0.693752E+04  0.181354E+01
  0.005   0.140  -0.687018E+04 -0.978304E+03
  0.005   0.140  -0.891917E+04  0.239920E+01
  0.005   0.140  -0.876872E+04 -0.164189E+04
  0.005   0.140  -0.106298E+05  0.302754E+01
  0.005   0.140  -0.103700E+05 -0.234459E+04
  0.005   0.140  -0.120174E+05  0.361956E+01
  0.005   0.140  -0.116386E+05 -0.300165E+04
  0.005   0.140  -0.130399E+05  0.410212E+01
  0.005   0.140  -0.125537E+05 -0.353497E+04
  0.005   0.140  -0.136661E+05  0.441642E+01
  0.005   0.140  -0.131053E+05 -0.388195E+04
  0.005   0.140  -0.138770E+05  0.452455E+01
  0.005   0.140  -0.132895E+05 -0.400226E+04
  0.005   0.140  -0.136663E+05  0.441354E+01
  0.005   0.140  -0.131054E+05 -0.388200E+04
  0.005   0.140  -0.130402E+05  0.409669E+01
  0.005   0.140  -0.125540E+05 -0.353506E+04
  0.005   0.140  -0.120178E+05  0.361222E+01
  0.005   0.140  -0.116390E+05 -0.300178E+04
  0.005   0.140  -0.106303E+05  0.301913E+01
  0.005   0.140  -0.103706E+05 -0.234474E+04
  0.005   0.140  -0.891977E+04  0.239068E+01
  0.005   0.140  -0.876939E+04 -0.164204E+04
  0.005   0.140  -0.693820E+04  0.180584E+01
  0.005   0.140  -0.687094E+04 -0.978430E+03
  0.005   0.140  -0.474582E+04  0.133970E+01
  0.005   0.140  -0.472796E+04 -0.435074E+03
  0.005   0.140  -0.240924E+04  0.105380E+01
  0.005   0.140  -0.241025E+04 -0.792370E+02
  0.005   0.140   0.566689E+00  0.987993E+00
  0.005   0.140  -0.133169E+01  0.446361E+02
  0.005   0.140   0.241038E+04  0.115492E+01
  0.005   0.140   0.240760E+04 -0.789932E+02
  0.005   0.140   0.474701E+04  0.153815E+01
  0.005   0.140   0.472537E+04 -0.434599E+03
  0.005   0.140   0.693946E+04  0.209434E+01
  0.005   0.140   0.686845E+04 -0.977749E+03
  0.005   0.140   0.892112E+04  0.275891E+01
  0.005   0.140   0.876702E+04 -0.164118E+04
  0.005   0.140   0.106318E+05  0.345440E+01
  0.005   0.140   0.103683E+05 -0.234375E+04
  0.005   0.140   0.120194E+05  0.410013E+01
  0.005   0.140   0.116369E+05 -0.300071E+04
  0.005   0.140   0.130419E+05  0.462180E+01
  0.005   0.140   0.125521E+05 -0.353394E+04
  0.005   0.140   0.136681E+05  0.495989E+01
  0.005   0.140   0.131036E+05 -0.388088E+04
  0.005   0.140   0.138790E+05  0.507612E+01
  0.005   0.140   0.132879E+05 -0.400117E+04
  0.005   0.140   0.136683E+05  0.495739E+01
  0.005   0.140   0.131038E+05 -0.388093E+04
  0.005   0.140   0.130422E+05  0.461712E+01
  0.005   0.140   0.125523E+05 -0.353404E+04
  0.005   0.140   0.120198E+05  0.409390E+01
  0.005   0.140   0.116373E+05 -0.300083E+04
  0.005   0.140   0.106323E+05  0.344743E+01
  0.005   0.140   0.103689E+05 -0.234389E+04
  0.005   0.140   0.892172E+04  0.275211E+01
  0.005   0.140   0.876768E+04 -0.164133E+04
  0.005   0.140   0.694014E+04  0.208861E+01
  0.005   0.140   0.686921E+04 -0.977877E+03
  0.005   0.140   0.474774E+04  0.153426E+01
  0.005   0.140   0.472620E+04 -0.434695E+03
  0.005   0.140   0.241115E+04  0.115341E+01
  0.005   0.140   0.240848E+04 -0.790448E+02
