  0.002   0.050  -0.721231E+02 -0.621049E+06
  0.002   0.050  -0.721216E+02 -0.621049E+06
  0.002   0.050  -0.776302E+02 -0.621050E+06
  0.002   0.050   0.110793E+05 -0.620950E+06
  0.002   0.050  -0.829235E+02 -0.621051E+06
  0.002   0.050   0.218886E+05 -0.620662E+06
  0.002   0.050  -0.878407E+02 -0.621052E+06
  0.002   0.050   0.320247E+05 -0.620222E+06
  0.002   0.050  -0.922337E+02 -0.621053E+06
  0.002   0.050   0.411789E+05 -0.619681E+06
  0.002   0.050  -0.959733E+02 -0.621054E+06
  0.002   0.050   0.490738E+05 -0.619106E+06
  0.002   0.050  -0.989523E+02 -0.621055E+06
  0.002   0.050   0.554721E+05 -0.618566E+06
  0.002   0.050  -0.101088E+03 -0.621055E+06
  0.002   0.050   0.601827E+05 -0.618125E+06
  0.002   0.050  -0.102321E+03 -0.621056E+06
  0.002   0.050   0.630660E+05 -0.617838E+06
  0.002   0.050  -0.102620E+03 -0.621056E+06
  0.002   0.050   0.640367E+05 -0.617738E+06
  0.002   0.050  -0.101977E+03 -0.621056E+06
  0.002   0.050   0.630663E+05 -0.617838E+06
  0.002   0.050  -0.100410E+03 -0.621055E+06
  0.002   0.050   0.601834E+05 -0.618125E+06
  0.002   0.050  -0.979613E+02 -0.621055E+06
  0.002   0.050   0.554731E+05 -0.618566E+06
  0.002   0.050  -0.946987E+02 -0.621054E+06
  0.002   0.050   0.490751E+05 -0.619106E+06
  0.002   0.050  -0.907137E+02 -0.621053E+06
  0.002   0.050   0.411804E+05 -0.619681E+06
  0.002   0.050  -0.861211E+02 -0.621052E+06
  0.002   0.050   0.320264E+05 -0.620222E+06
  0.002   0.050  -0.810562E+02 -0.621051E+06
  0.002   0.050   0.218904E+05 -0.620662E+06
  0.002   0.050  -0.756717E+02 -0.621050E+06
  0.002   0.050   0.110813E+05 -0.620950E+06
  0.002   0.050  -0.701328E+02 -0.621049E+06
  0.002   0.050  -0.701343E+02 -0.621049E+06
  0.002   0.050  -0.646118E+02 -0.621049E+06
  0.002   0.050  -0.112216E+05 -0.620948E+06
  0.002   0.050  -0.592814E+02 -0.621048E+06
  0.002   0.050  -0.220308E+05 -0.620660E+06
  0.002   0.050  -0.543086E+02 -0.621048E+06
  0.002   0.050  -0.321669E+05 -0.620218E+06
  0.002   0.050  -0.498481E+02 -0.621048E+06
  0.002   0.050  -0.413210E+05 -0.619677E+06
  0.002   0.050  -0.460373E+02 -0.621048E+06
  0.002   0.050  -0.492158E+05 -0.619101E+06
  0.002   0.050  -0.429919E+02 -0.621048E+06
  0.002   0.050  -0.556141E+05 -0.618560E+06
  0.002   0.050  -0.408032E+02 -0.621048E+06
  0.002   0.050  -0.603247E+05 -0.618119E+06
  0.002   0.050  -0.395355E+02 -0.621048E+06
  0.002   0.050  -0.632079E+05 -0.617831E+06
  0.002   0.050  -0.392257E+02 -0.621048E+06
  0.002   0.050  -0.641786E+05 -0.617731E+06
  0.002   0.050  -0.398826E+02 -0.621048E+06
  0.002   0.050  -0.632082E+05 -0.617831E+06
  0.002   0.050  -0.414867E+02 -0.621048E+06
  0.002   0.050  -0.603253E+05 -0.618119E+06
  0.002   0.050  -0.439909E+02 -0.621048E+06
  0.002   0.050  -0.556151E+05 -0.618560E+06
  0.002   0.050  -0.473210E+02 -0.621048E+06
  0.002   0.050  -0.492171E+05 -0.619101E+06
  0.002   0.050  -0.513772E+02 -0.621048E+06
  0.002   0.050  -0.413225E+05 -0.619677E+06
  0.002   0.050  -0.560362E+02 -0.621048E+06
  0.002   0.050  -0.321686E+05 -0.620218E+06
  0.002   0.050  -0.611547E+02 -0.621048E+06
  0.002   0.050  -0.220326E+05 -0.620660E+06
  0.002   0.050  -0.665735E+02 -0.621049E+06
  0.002   0.050  -0.112235E+05 -0.620949E+06
  0.002   0.060  -0.103946E+03 -0.620621E+06
  0.002   0.060  -0.103944E+03 -0.620621E+06
  0.002   0.060  -0.111010E+03 -0.620622E+06
  0.002   0.060   0.132863E+05 -0.620478E+06
  0.002   0.060  -0.117792E+03 -0.620624E+06
  0.002   0.060   0.262638E+05 -0.620063E+06
  0.002   0.060  -0.124082E+03 -0.620626E+06
  0.002   0.060   0.384301E+05 -0.619428E+06
  0.002   0.060  -0.129693E+03 -0.620627E+06
  0.002   0.060   0.494138E+05 -0.618648E+06
  0.002   0.060  -0.134463E+03 -0.620629E+06
  0.002   0.060   0.588828E+05 -0.617819E+06
  0.002   0.060  -0.138258E+03 -0.620630E+06
  0.002   0.060   0.665537E+05 -0.617040E+06
  0.002   0.060  -0.140978E+03 -0.620631E+06
  0.002   0.060   0.721992E+05 -0.616405E+06
  0.002   0.060  -0.142554E+03 -0.620632E+06
  0.002   0.060   0.756538E+05 -0.615991E+06
  0.002   0.060  -0.142946E+03 -0.620632E+06
  0.002   0.060   0.768167E+05 -0.615847E+06
  0.002   0.060  -0.142145E+03 -0.620632E+06
  0.002   0.060   0.756542E+05 -0.615990E+06
  0.002   0.060  -0.140172E+03 -0.620631E+06
  0.002   0.060   0.722000E+05 -0.616405E+06
  0.002   0.060  -0.137079E+03 -0.620630E+06
  0.002   0.060   0.665548E+05 -0.617040E+06
  0.002   0.060  -0.132946E+03 -0.620629E+06
  0.002   0.060   0.588843E+05 -0.617819E+06
  0.002   0.060  -0.127885E+03 -0.620627E+06
  0.002   0.060   0.494156E+05 -0.618648E+06
  0.002   0.060  -0.122036E+03 -0.620625E+06
  0.002   0.060   0.384321E+05 -0.619428E+06
  0.002   0.060  -0.115569E+03 -0.620624E+06
  0.002   0.060   0.262661E+05 -0.620063E+06
  0.002   0.060  -0.108679E+03 -0.620622E+06
  0.002   0.060   0.132886E+05 -0.620478E+06
  0.002   0.060  -0.101575E+03 -0.620621E+06
  0.002   0.060  -0.101577E+03 -0.620621E+06
  0.002   0.060  -0.944824E+02 -0.620620E+06
  0.002   0.060  -0.134918E+05 -0.620476E+06
  0.002   0.060  -0.876244E+02 -0.620619E+06
  0.002   0.060  -0.264693E+05 -0.620059E+06
  0.002   0.060  -0.812188E+02 -0.620619E+06
  0.002   0.060  -0.386354E+05 -0.619422E+06
  0.002   0.060  -0.754676E+02 -0.620619E+06
  0.002   0.060  -0.496190E+05 -0.618640E+06
  0.002   0.060  -0.705499E+02 -0.620619E+06
  0.002   0.060  -0.590878E+05 -0.617810E+06
  0.002   0.060  -0.666158E+02 -0.620619E+06
  0.002   0.060  -0.667586E+05 -0.617029E+06
  0.002   0.060  -0.637834E+02 -0.620619E+06
  0.002   0.060  -0.724040E+05 -0.616393E+06
  0.002   0.060  -0.621358E+02 -0.620619E+06
  0.002   0.060  -0.758585E+05 -0.615978E+06
  0.002   0.060  -0.617207E+02 -0.620619E+06
  0.002   0.060  -0.770214E+05 -0.615834E+06
  0.002   0.060  -0.625495E+02 -0.620619E+06
  0.002   0.060  -0.758590E+05 -0.615978E+06
  0.002   0.060  -0.645980E+02 -0.620619E+06
  0.002   0.060  -0.724048E+05 -0.616393E+06
  0.002   0.060  -0.678063E+02 -0.620619E+06
  0.002   0.060  -0.667598E+05 -0.617029E+06
  0.002   0.060  -0.720796E+02 -0.620619E+06
  0.002   0.060  -0.590894E+05 -0.617810E+06
  0.002   0.060  -0.772895E+02 -0.620619E+06
  0.002   0.060  -0.496208E+05 -0.618640E+06
  0.002   0.060  -0.832769E+02 -0.620619E+06
  0.002   0.060  -0.386375E+05 -0.619422E+06
  0.002   0.060  -0.898557E+02 -0.620619E+06
  0.002   0.060  -0.264715E+05 -0.620059E+06
  0.002   0.060  -0.968188E+02 -0.620620E+06
  0.002   0.060  -0.134941E+05 -0.620476E+06
  0.003   0.070  -0.141788E+03 -0.620119E+06
  0.003   0.070  -0.141785E+03 -0.620119E+06
  0.003   0.070  -0.150610E+03 -0.620121E+06
  0.003   0.070   0.154920E+05 -0.619924E+06
  0.003   0.070  -0.159064E+03 -0.620123E+06
  0.003   0.070   0.306414E+05 -0.619358E+06
  0.003   0.070  -0.166889E+03 -0.620126E+06
  0.003   0.070   0.448393E+05 -0.618492E+06
  0.003   0.070  -0.173854E+03 -0.620128E+06
  0.003   0.070   0.576519E+05 -0.617429E+06
  0.003   0.070  -0.179762E+03 -0.620131E+06
  0.003   0.070   0.686922E+05 -0.616298E+06
  0.003   0.070  -0.184457E+03 -0.620133E+06
  0.003   0.070   0.776317E+05 -0.615236E+06
  0.003   0.070  -0.187820E+03 -0.620134E+06
  0.003   0.070   0.842082E+05 -0.614370E+06
  0.003   0.070  -0.189771E+03 -0.620135E+06
  0.003   0.070   0.882312E+05 -0.613806E+06
  0.003   0.070  -0.190267E+03 -0.620136E+06
  0.003   0.070   0.895852E+05 -0.613609E+06
  0.003   0.070  -0.189297E+03 -0.620135E+06
  0.003   0.070   0.882316E+05 -0.613805E+06
  0.003   0.070  -0.186886E+03 -0.620134E+06
  0.003   0.070   0.842092E+05 -0.614370E+06
  0.003   0.070  -0.183091E+03 -0.620133E+06
  0.003   0.070   0.776331E+05 -0.615236E+06
  0.003   0.070  -0.178005E+03 -0.620130E+06
  0.003   0.070   0.686939E+05 -0.616298E+06
  0.003   0.070  -0.171757E+03 -0.620128E+06
  0.003   0.070   0.576539E+05 -0.617428E+06
  0.003   0.070  -0.164516E+03 -0.620125E+06
  0.003   0.070   0.448417E+05 -0.618491E+06
  0.003   0.070  -0.156486E+03 -0.620123E+06
  0.003   0.070   0.306440E+05 -0.619358E+06
  0.003   0.070  -0.147906E+03 -0.620121E+06
  0.003   0.070   0.154947E+05 -0.619923E+06
  0.003   0.070  -0.139038E+03 -0.620119E+06
  0.003   0.070  -0.139040E+03 -0.620119E+06
  0.003   0.070  -0.130165E+03 -0.620117E+06
  0.003   0.070  -0.157727E+05 -0.619920E+06
  0.003   0.070  -0.121570E+03 -0.620116E+06
  0.003   0.070  -0.309220E+05 -0.619351E+06
  0.003   0.070  -0.113531E+03 -0.620115E+06
  0.003   0.070  -0.451198E+05 -0.618482E+06
  0.003   0.070  -0.106304E+03 -0.620114E+06
  0.003   0.070  -0.579321E+05 -0.617416E+06
  0.003   0.070  -0.100119E+03 -0.620114E+06
  0.003   0.070  -0.689721E+05 -0.616283E+06
  0.003   0.070  -0.951655E+02 -0.620114E+06
  0.003   0.070  -0.779115E+05 -0.615219E+06
  0.003   0.070  -0.915930E+02 -0.620114E+06
  0.003   0.070  -0.844877E+05 -0.614352E+06
  0.003   0.070  -0.895066E+02 -0.620114E+06
  0.003   0.070  -0.885106E+05 -0.613786E+06
  0.003   0.070  -0.889662E+02 -0.620114E+06
  0.003   0.070  -0.898645E+05 -0.613590E+06
  0.003   0.070  -0.899869E+02 -0.620114E+06
  0.003   0.070  -0.885110E+05 -0.613786E+06
  0.003   0.070  -0.925388E+02 -0.620114E+06
  0.003   0.070  -0.844887E+05 -0.614352E+06
  0.003   0.070  -0.965475E+02 -0.620114E+06
  0.003   0.070  -0.779128E+05 -0.615219E+06
  0.003   0.070  -0.101895E+03 -0.620114E+06
  0.003   0.070  -0.689739E+05 -0.616283E+06
  0.003   0.070  -0.108419E+03 -0.620115E+06
  0.003   0.070  -0.579342E+05 -0.617416E+06
  0.003   0.070  -0.115919E+03 -0.620115E+06
  0.003   0.070  -0.451222E+05 -0.618482E+06
  0.003   0.070  -0.124159E+03 -0.620116E+06
  0.003   0.070  -0.309246E+05 -0.619352E+06
  0.003   0.070  -0.132875E+03 -0.620117E+06
  0.003   0.070  -0.157754E+05 -0.619920E+06
  0.003   0.080  -0.185789E+03 -0.619543E+06
  0.003   0.080  -0.185787E+03 -0.619543E+06
  0.003   0.080  -0.196580E+03 -0.619546E+06
  0.003   0.080   0.176970E+05 -0.619287E+06
  0.003   0.080  -0.206898E+03 -0.619549E+06
  0.003   0.080   0.350225E+05 -0.618548E+06
  0.003   0.080  -0.216424E+03 -0.619553E+06
  0.003   0.080   0.512540E+05 -0.617413E+06
  0.003   0.080  -0.224880E+03 -0.619556E+06
  0.003   0.080   0.658946E+05 -0.616022E+06
  0.003   0.080  -0.232035E+03 -0.619560E+06
  0.003   0.080   0.785030E+05 -0.614542E+06
  0.003   0.080  -0.237708E+03 -0.619563E+06
  0.003   0.080   0.887066E+05 -0.613152E+06
  0.003   0.080  -0.241766E+03 -0.619565E+06
  0.003   0.080   0.962093E+05 -0.612019E+06
  0.003   0.080  -0.244124E+03 -0.619567E+06
  0.003   0.080   0.100797E+06 -0.611281E+06
  0.003   0.080  -0.244733E+03 -0.619567E+06
  0.003   0.080   0.102341E+06 -0.611024E+06
  0.003   0.080  -0.243584E+03 -0.619566E+06
  0.003   0.080   0.100798E+06 -0.611281E+06
  0.003   0.080  -0.240704E+03 -0.619565E+06
  0.003   0.080   0.962103E+05 -0.612019E+06
  0.003   0.080  -0.236153E+03 -0.619563E+06
  0.003   0.080   0.887081E+05 -0.613152E+06
  0.003   0.080  -0.230035E+03 -0.619560E+06
  0.003   0.080   0.785050E+05 -0.614541E+06
  0.003   0.080  -0.222493E+03 -0.619556E+06
  0.003   0.080   0.658969E+05 -0.616021E+06
  0.003   0.080  -0.213723E+03 -0.619552E+06
  0.003   0.080   0.512567E+05 -0.617413E+06
  0.003   0.080  -0.203963E+03 -0.619549E+06
  0.003   0.080   0.350255E+05 -0.618547E+06
  0.003   0.080  -0.193501E+03 -0.619545E+06
  0.003   0.080   0.177001E+05 -0.619287E+06
  0.003   0.080  -0.182658E+03 -0.619542E+06
  0.003   0.080  -0.182659E+03 -0.619542E+06
  0.003   0.080  -0.171779E+03 -0.619540E+06
  0.003   0.080  -0.180654E+05 -0.619282E+06
  0.003   0.080  -0.161220E+03 -0.619538E+06
  0.003   0.080  -0.353907E+05 -0.618537E+06
  0.003   0.080  -0.151327E+03 -0.619537E+06
  0.003   0.080  -0.516218E+05 -0.617398E+06
  0.003   0.080  -0.142422E+03 -0.619536E+06
  0.003   0.080  -0.662619E+05 -0.616003E+06
  0.003   0.080  -0.134792E+03 -0.619535E+06
  0.003   0.080  -0.788700E+05 -0.614519E+06
  0.003   0.080  -0.128674E+03 -0.619535E+06
  0.003   0.080  -0.890731E+05 -0.613126E+06
  0.003   0.080  -0.124255E+03 -0.619535E+06
  0.003   0.080  -0.965755E+05 -0.611992E+06
  0.003   0.080  -0.121664E+03 -0.619535E+06
  0.003   0.080  -0.101163E+06 -0.611252E+06
  0.003   0.080  -0.120977E+03 -0.619535E+06
  0.003   0.080  -0.102707E+06 -0.610995E+06
  0.003   0.080  -0.122212E+03 -0.619535E+06
  0.003   0.080  -0.101164E+06 -0.611252E+06
  0.003   0.080  -0.125333E+03 -0.619535E+06
  0.003   0.080  -0.965766E+05 -0.611992E+06
  0.003   0.080  -0.130250E+03 -0.619535E+06
  0.003   0.080  -0.890747E+05 -0.613126E+06
  0.003   0.080  -0.136816E+03 -0.619536E+06
  0.003   0.080  -0.788720E+05 -0.614519E+06
  0.003   0.080  -0.144832E+03 -0.619536E+06
  0.003   0.080  -0.662643E+05 -0.616003E+06
  0.003   0.080  -0.154049E+03 -0.619537E+06
  0.003   0.080  -0.516245E+05 -0.617398E+06
  0.003   0.080  -0.164170E+03 -0.619538E+06
  0.003   0.080  -0.353936E+05 -0.618537E+06
  0.003   0.080  -0.174867E+03 -0.619540E+06
  0.003   0.080  -0.180685E+05 -0.619282E+06
  0.003   0.090  -0.236103E+03 -0.618893E+06
  0.003   0.090  -0.236115E+03 -0.618893E+06
  0.003   0.090  -0.249086E+03 -0.618897E+06
  0.003   0.090   0.199022E+05 -0.618569E+06
  0.003   0.090  -0.261464E+03 -0.618902E+06
  0.003   0.090   0.394086E+05 -0.617631E+06
  0.003   0.090  -0.272857E+03 -0.618907E+06
  0.003   0.090   0.576758E+05 -0.616191E+06
  0.003   0.090  -0.282938E+03 -0.618912E+06
  0.003   0.090   0.741433E+05 -0.614426E+06
  0.003   0.090  -0.291441E+03 -0.618917E+06
  0.003   0.090   0.883162E+05 -0.612548E+06
  0.003   0.090  -0.298165E+03 -0.618921E+06
  0.003   0.090   0.997784E+05 -0.610786E+06
  0.003   0.090  -0.302967E+03 -0.618924E+06
  0.003   0.090   0.108202E+06 -0.609350E+06
  0.003   0.090  -0.305757E+03 -0.618926E+06
  0.003   0.090   0.113351E+06 -0.608413E+06
  0.003   0.090  -0.306489E+03 -0.618927E+06
  0.003   0.090   0.115083E+06 -0.608088E+06
  0.003   0.090  -0.305154E+03 -0.618926E+06
  0.003   0.090   0.113351E+06 -0.608413E+06
  0.003   0.090  -0.301779E+03 -0.618924E+06
  0.003   0.090   0.108203E+06 -0.609349E+06
  0.003   0.090  -0.296427E+03 -0.618921E+06
  0.003   0.090   0.997801E+05 -0.610785E+06
  0.003   0.090  -0.289204E+03 -0.618917E+06
  0.003   0.090   0.883184E+05 -0.612548E+06
  0.003   0.090  -0.280269E+03 -0.618912E+06
  0.003   0.090   0.741460E+05 -0.614425E+06
  0.003   0.090  -0.269836E+03 -0.618907E+06
  0.003   0.090   0.576788E+05 -0.616191E+06
  0.003   0.090  -0.258181E+03 -0.618902E+06
  0.003   0.090   0.394119E+05 -0.617630E+06
  0.003   0.090  -0.245640E+03 -0.618897E+06
  0.003   0.090   0.199056E+05 -0.618569E+06
  0.003   0.090  -0.232598E+03 -0.618893E+06
  0.003   0.090  -0.232588E+03 -0.618893E+06
  0.003   0.090  -0.219476E+03 -0.618889E+06
  0.003   0.090  -0.203708E+05 -0.618562E+06
  0.003   0.090  -0.206709E+03 -0.618886E+06
  0.003   0.090  -0.398768E+05 -0.617616E+06
  0.003   0.090  -0.194724E+03 -0.618884E+06
  0.003   0.090  -0.581435E+05 -0.616170E+06
  0.003   0.090  -0.183919E+03 -0.618883E+06
  0.003   0.090  -0.746103E+05 -0.614398E+06
  0.003   0.090  -0.174649E+03 -0.618882E+06
  0.003   0.090  -0.887824E+05 -0.612516E+06
  0.003   0.090  -0.167207E+03 -0.618882E+06
  0.003   0.090  -0.100244E+06 -0.610749E+06
  0.003   0.090  -0.161822E+03 -0.618882E+06
  0.003   0.090  -0.108667E+06 -0.609310E+06
  0.003   0.090  -0.158654E+03 -0.618882E+06
  0.003   0.090  -0.113815E+06 -0.608372E+06
  0.003   0.090  -0.157794E+03 -0.618882E+06
  0.003   0.090  -0.115547E+06 -0.608046E+06
  0.003   0.090  -0.159267E+03 -0.618882E+06
  0.003   0.090  -0.113816E+06 -0.608371E+06
  0.003   0.090  -0.163030E+03 -0.618882E+06
  0.003   0.090  -0.108668E+06 -0.609310E+06
  0.003   0.090  -0.168972E+03 -0.618882E+06
  0.003   0.090  -0.100246E+06 -0.610749E+06
  0.003   0.090  -0.176916E+03 -0.618882E+06
  0.003   0.090  -0.887847E+05 -0.612516E+06
  0.003   0.090  -0.186619E+03 -0.618883E+06
  0.003   0.090  -0.746130E+05 -0.614398E+06
  0.003   0.090  -0.197772E+03 -0.618884E+06
  0.003   0.090  -0.581465E+05 -0.616170E+06
  0.003   0.090  -0.210012E+03 -0.618887E+06
  0.003   0.090  -0.398802E+05 -0.617616E+06
  0.003   0.090  -0.222933E+03 -0.618889E+06
  0.003   0.090  -0.203742E+05 -0.618562E+06
  0.004   0.100  -0.292933E+03 -0.618170E+06
  0.004   0.100  -0.292931E+03 -0.618170E+06
  0.004   0.100  -0.308336E+03 -0.618176E+06
  0.004   0.100   0.221081E+05 -0.617770E+06
  0.004   0.100  -0.322973E+03 -0.618183E+06
  0.004   0.100   0.438010E+05 -0.616608E+06
  0.004   0.100  -0.336396E+03 -0.618190E+06
  0.004   0.100   0.641063E+05 -0.614825E+06
  0.004   0.100  -0.348226E+03 -0.618197E+06
  0.004   0.100   0.823996E+05 -0.612640E+06
  0.004   0.100  -0.358167E+03 -0.618203E+06
  0.004   0.100   0.981325E+05 -0.610316E+06
  0.004   0.100  -0.366001E+03 -0.618208E+06
  0.004   0.100   0.110847E+06 -0.608135E+06
  0.004   0.100  -0.371582E+03 -0.618213E+06
  0.004   0.100   0.120185E+06 -0.606358E+06
  0.004   0.100  -0.374823E+03 -0.618215E+06
  0.004   0.100   0.125890E+06 -0.605199E+06
  0.004   0.100  -0.375682E+03 -0.618216E+06
  0.004   0.100   0.127809E+06 -0.604797E+06
  0.004   0.100  -0.374153E+03 -0.618215E+06
  0.004   0.100   0.125891E+06 -0.605199E+06
  0.004   0.100  -0.370262E+03 -0.618213E+06
  0.004   0.100   0.120186E+06 -0.606358E+06
  0.004   0.100  -0.364070E+03 -0.618208E+06
  0.004   0.100   0.110849E+06 -0.608134E+06
  0.004   0.100  -0.355682E+03 -0.618203E+06
  0.004   0.100   0.981349E+05 -0.610315E+06
  0.004   0.100  -0.345260E+03 -0.618196E+06
  0.004   0.100   0.824025E+05 -0.612639E+06
  0.004   0.100  -0.333038E+03 -0.618189E+06
  0.004   0.100   0.641096E+05 -0.614825E+06
  0.004   0.100  -0.319323E+03 -0.618182E+06
  0.004   0.100   0.438046E+05 -0.616607E+06
  0.004   0.100  -0.304504E+03 -0.618176E+06
  0.004   0.100   0.221119E+05 -0.617769E+06
  0.004   0.100  -0.289035E+03 -0.618170E+06
  0.004   0.100  -0.289038E+03 -0.618170E+06
  0.004   0.100  -0.273420E+03 -0.618165E+06
  0.004   0.100  -0.226899E+05 -0.617759E+06
  0.004   0.100  -0.258185E+03 -0.618161E+06
  0.004   0.100  -0.443822E+05 -0.616587E+06
  0.004   0.100  -0.243852E+03 -0.618158E+06
  0.004   0.100  -0.646866E+05 -0.614796E+06
  0.004   0.100  -0.230910E+03 -0.618156E+06
  0.004   0.100  -0.829789E+05 -0.612602E+06
  0.004   0.100  -0.219789E+03 -0.618155E+06
  0.004   0.100  -0.987107E+05 -0.610271E+06
  0.004   0.100  -0.210850E+03 -0.618154E+06
  0.004   0.100  -0.111424E+06 -0.608084E+06
  0.004   0.100  -0.204372E+03 -0.618154E+06
  0.004   0.100  -0.120761E+06 -0.606303E+06
  0.004   0.100  -0.200549E+03 -0.618154E+06
  0.004   0.100  -0.126466E+06 -0.605142E+06
  0.004   0.100  -0.199493E+03 -0.618154E+06
  0.004   0.100  -0.128385E+06 -0.604739E+06
  0.004   0.100  -0.201232E+03 -0.618154E+06
  0.004   0.100  -0.126467E+06 -0.605142E+06
  0.004   0.100  -0.205717E+03 -0.618154E+06
  0.004   0.100  -0.120763E+06 -0.606303E+06
  0.004   0.100  -0.212815E+03 -0.618154E+06
  0.004   0.100  -0.111426E+06 -0.608084E+06
  0.004   0.100  -0.222312E+03 -0.618155E+06
  0.004   0.100  -0.987132E+05 -0.610271E+06
  0.004   0.100  -0.233914E+03 -0.618156E+06
  0.004   0.100  -0.829819E+05 -0.612602E+06
  0.004   0.100  -0.247244E+03 -0.618158E+06
  0.004   0.100  -0.646900E+05 -0.614796E+06
  0.004   0.100  -0.261860E+03 -0.618161E+06
  0.004   0.100  -0.443859E+05 -0.616587E+06
  0.004   0.100  -0.277265E+03 -0.618165E+06
  0.004   0.100  -0.226937E+05 -0.617760E+06
  0.004   0.110  -0.356477E+03 -0.617375E+06
  0.004   0.110  -0.356479E+03 -0.617375E+06
  0.004   0.110  -0.374536E+03 -0.617382E+06
  0.004   0.110   0.243155E+05 -0.616889E+06
  0.004   0.110  -0.391631E+03 -0.617391E+06
  0.004   0.110   0.482010E+05 -0.615478E+06
  0.004   0.110  -0.407240E+03 -0.617400E+06
  0.004   0.110   0.705470E+05 -0.613314E+06
  0.004   0.110  -0.420936E+03 -0.617409E+06
  0.004   0.110   0.906647E+05 -0.610662E+06
  0.004   0.110  -0.432392E+03 -0.617418E+06
  0.004   0.110   0.107953E+06 -0.607842E+06
  0.004   0.110  -0.441384E+03 -0.617425E+06
  0.004   0.110   0.121913E+06 -0.605195E+06
  0.004   0.110  -0.447769E+03 -0.617431E+06
  0.004   0.110   0.132158E+06 -0.603040E+06
  0.004   0.110  -0.451472E+03 -0.617434E+06
  0.004   0.110   0.138414E+06 -0.601635E+06
  0.004   0.110  -0.452461E+03 -0.617435E+06
  0.004   0.110   0.140518E+06 -0.601147E+06
  0.004   0.110  -0.450735E+03 -0.617434E+06
  0.004   0.110   0.138415E+06 -0.601635E+06
  0.004   0.110  -0.446317E+03 -0.617430E+06
  0.004   0.110   0.132160E+06 -0.603040E+06
  0.004   0.110  -0.439260E+03 -0.617425E+06
  0.004   0.110   0.121915E+06 -0.605195E+06
  0.004   0.110  -0.429658E+03 -0.617418E+06
  0.004   0.110   0.107955E+06 -0.607841E+06
  0.004   0.110  -0.417672E+03 -0.617409E+06
  0.004   0.110   0.906679E+05 -0.610661E+06
  0.004   0.110  -0.403544E+03 -0.617400E+06
  0.004   0.110   0.705507E+05 -0.613314E+06
  0.004   0.110  -0.387613E+03 -0.617391E+06
  0.004   0.110   0.482050E+05 -0.615477E+06
  0.004   0.110  -0.370317E+03 -0.617382E+06
  0.004   0.110   0.243197E+05 -0.616888E+06
  0.004   0.110  -0.352185E+03 -0.617374E+06
  0.004   0.110  -0.352184E+03 -0.617374E+06
  0.004   0.110  -0.333814E+03 -0.617367E+06
  0.004   0.110  -0.250239E+05 -0.616875E+06
  0.004   0.110  -0.315836E+03 -0.617362E+06
  0.004   0.110  -0.489085E+05 -0.615451E+06
  0.004   0.110  -0.298881E+03 -0.617358E+06
  0.004   0.110  -0.712533E+05 -0.613275E+06
  0.004   0.110  -0.283541E+03 -0.617355E+06
  0.004   0.110  -0.913694E+05 -0.610611E+06
  0.004   0.110  -0.270340E+03 -0.617353E+06
  0.004   0.110  -0.108656E+06 -0.607782E+06
  0.004   0.110  -0.259715E+03 -0.617352E+06
  0.004   0.110  -0.122615E+06 -0.605127E+06
  0.004   0.110  -0.252003E+03 -0.617352E+06
  0.004   0.110  -0.132859E+06 -0.602967E+06
  0.004   0.110  -0.247439E+03 -0.617352E+06
  0.004   0.110  -0.139114E+06 -0.601558E+06
  0.004   0.110  -0.246156E+03 -0.617352E+06
  0.004   0.110  -0.141217E+06 -0.601069E+06
  0.004   0.110  -0.248191E+03 -0.617352E+06
  0.004   0.110  -0.139115E+06 -0.601558E+06
  0.004   0.110  -0.253485E+03 -0.617352E+06
  0.004   0.110  -0.132860E+06 -0.602967E+06
  0.004   0.110  -0.261880E+03 -0.617352E+06
  0.004   0.110  -0.122617E+06 -0.605127E+06
  0.004   0.110  -0.273121E+03 -0.617354E+06
  0.004   0.110  -0.108659E+06 -0.607781E+06
  0.004   0.110  -0.286851E+03 -0.617355E+06
  0.004   0.110  -0.913727E+05 -0.610611E+06
  0.004   0.110  -0.302618E+03 -0.617358E+06
  0.004   0.110  -0.712570E+05 -0.613275E+06
  0.004   0.110  -0.319885E+03 -0.617362E+06
  0.004   0.110  -0.489126E+05 -0.615451E+06
  0.004   0.110  -0.338050E+03 -0.617368E+06
  0.004   0.110  -0.250281E+05 -0.616875E+06
  0.005   0.120  -0.426981E+03 -0.616506E+06
  0.005   0.120  -0.426973E+03 -0.616506E+06
  0.005   0.120  -0.447928E+03 -0.616517E+06
  0.005   0.120   0.265250E+05 -0.615927E+06
  0.005   0.120  -0.467671E+03 -0.616528E+06
  0.005   0.120   0.526099E+05 -0.614241E+06
  0.005   0.120  -0.485610E+03 -0.616540E+06
  0.005   0.120   0.769996E+05 -0.611657E+06
  0.005   0.120  -0.501267E+03 -0.616551E+06
  0.005   0.120   0.989400E+05 -0.608489E+06
  0.005   0.120  -0.514294E+03 -0.616562E+06
  0.005   0.120   0.117778E+06 -0.605123E+06
  0.005   0.120  -0.524469E+03 -0.616571E+06
  0.005   0.120   0.132976E+06 -0.601964E+06
  0.005   0.120  -0.531665E+03 -0.616578E+06
  0.005   0.120   0.144120E+06 -0.599393E+06
  0.005   0.120  -0.535829E+03 -0.616583E+06
  0.005   0.120   0.150921E+06 -0.597716E+06
  0.005   0.120  -0.536946E+03 -0.616584E+06
  0.005   0.120   0.153208E+06 -0.597134E+06
  0.005   0.120  -0.535023E+03 -0.616583E+06
  0.005   0.120   0.150922E+06 -0.597716E+06
  0.005   0.120  -0.530076E+03 -0.616578E+06
  0.005   0.120   0.144122E+06 -0.599392E+06
  0.005   0.120  -0.522144E+03 -0.616571E+06
  0.005   0.120   0.132978E+06 -0.601963E+06
  0.005   0.120  -0.511301E+03 -0.616562E+06
  0.005   0.120   0.117781E+06 -0.605122E+06
  0.005   0.120  -0.497694E+03 -0.616551E+06
  0.005   0.120   0.989435E+05 -0.608489E+06
  0.005   0.120  -0.481563E+03 -0.616539E+06
  0.005   0.120   0.770036E+05 -0.611656E+06
  0.005   0.120  -0.463270E+03 -0.616527E+06
  0.005   0.120   0.526143E+05 -0.614241E+06
  0.005   0.120  -0.443306E+03 -0.616516E+06
  0.005   0.120   0.265296E+05 -0.615926E+06
  0.005   0.120  -0.422277E+03 -0.616506E+06
  0.005   0.120  -0.422286E+03 -0.616506E+06
  0.005   0.120  -0.400884E+03 -0.616497E+06
  0.005   0.120  -0.273738E+05 -0.615908E+06
  0.005   0.120  -0.379878E+03 -0.616490E+06
  0.005   0.120  -0.534576E+05 -0.614206E+06
  0.005   0.120  -0.360012E+03 -0.616484E+06
  0.005   0.120  -0.778454E+05 -0.611605E+06
  0.005   0.120  -0.342001E+03 -0.616480E+06
  0.005   0.120  -0.997837E+05 -0.608423E+06
  0.005   0.120  -0.326476E+03 -0.616478E+06
  0.005   0.120  -0.118619E+06 -0.605044E+06
  0.005   0.120  -0.313963E+03 -0.616476E+06
  0.005   0.120  -0.133815E+06 -0.601875E+06
  0.005   0.120  -0.304867E+03 -0.616475E+06
  0.005   0.120  -0.144958E+06 -0.599297E+06
  0.005   0.120  -0.299469E+03 -0.616475E+06
  0.005   0.120  -0.151758E+06 -0.597615E+06
  0.005   0.120  -0.297930E+03 -0.616475E+06
  0.005   0.120  -0.154043E+06 -0.597032E+06
  0.005   0.120  -0.300295E+03 -0.616475E+06
  0.005   0.120  -0.151758E+06 -0.597615E+06
  0.005   0.120  -0.306492E+03 -0.616476E+06
  0.005   0.120  -0.144959E+06 -0.599296E+06
  0.005   0.120  -0.316338E+03 -0.616476E+06
  0.005   0.120  -0.133817E+06 -0.601875E+06
  0.005   0.120  -0.329526E+03 -0.616478E+06
  0.005   0.120  -0.118622E+06 -0.605044E+06
  0.005   0.120  -0.345631E+03 -0.616481E+06
  0.005   0.120  -0.997873E+05 -0.608423E+06
  0.005   0.120  -0.364109E+03 -0.616485E+06
  0.005   0.120  -0.778495E+05 -0.611605E+06
  0.005   0.120  -0.384315E+03 -0.616490E+06
  0.005   0.120  -0.534620E+05 -0.614206E+06
  0.005   0.120  -0.405526E+03 -0.616497E+06
  0.005   0.120  -0.273785E+05 -0.615909E+06
  0.005   0.130  -0.504690E+03 -0.615566E+06
  0.005   0.130  -0.504707E+03 -0.615566E+06
  0.005   0.130  -0.528766E+03 -0.615579E+06
  0.005   0.130   0.287373E+05 -0.614883E+06
  0.005   0.130  -0.551346E+03 -0.615593E+06
  0.005   0.130   0.570291E+05 -0.612897E+06
  0.005   0.130  -0.571748E+03 -0.615608E+06
  0.005   0.130   0.834656E+05 -0.609853E+06
  0.005   0.130  -0.589448E+03 -0.615623E+06
  0.005   0.130   0.107227E+06 -0.606121E+06
  0.005   0.130  -0.604085E+03 -0.615637E+06
  0.005   0.130   0.127608E+06 -0.602156E+06
  0.005   0.130  -0.615451E+03 -0.615648E+06
  0.005   0.130   0.144035E+06 -0.598437E+06
  0.005   0.130  -0.623452E+03 -0.615657E+06
  0.005   0.130   0.156070E+06 -0.595410E+06
  0.005   0.130  -0.628067E+03 -0.615663E+06
  0.005   0.130   0.163410E+06 -0.593437E+06
  0.005   0.130  -0.629309E+03 -0.615664E+06
  0.005   0.130   0.165876E+06 -0.592753E+06
  0.005   0.130  -0.627194E+03 -0.615662E+06
  0.005   0.130   0.163411E+06 -0.593437E+06
  0.005   0.130  -0.621731E+03 -0.615657E+06
  0.005   0.130   0.156072E+06 -0.595410E+06
  0.005   0.130  -0.612933E+03 -0.615648E+06
  0.005   0.130   0.144037E+06 -0.598436E+06
  0.005   0.130  -0.600843E+03 -0.615636E+06
  0.005   0.130   0.127611E+06 -0.602155E+06
  0.005   0.130  -0.585577E+03 -0.615623E+06
  0.005   0.130   0.107231E+06 -0.606120E+06
  0.005   0.130  -0.567363E+03 -0.615608E+06
  0.005   0.130   0.834700E+05 -0.609851E+06
  0.005   0.130  -0.546577E+03 -0.615593E+06
  0.005   0.130   0.570339E+05 -0.612896E+06
  0.005   0.130  -0.523756E+03 -0.615578E+06
  0.005   0.130   0.287423E+05 -0.614882E+06
  0.005   0.130  -0.499591E+03 -0.615565E+06
  0.005   0.130  -0.499578E+03 -0.615565E+06
  0.005   0.130  -0.474895E+03 -0.615554E+06
  0.005   0.130  -0.297410E+05 -0.614860E+06
  0.005   0.130  -0.450555E+03 -0.615544E+06
  0.005   0.130  -0.580312E+05 -0.612852E+06
  0.005   0.130  -0.427467E+03 -0.615537E+06
  0.005   0.130  -0.844651E+05 -0.609786E+06
  0.005   0.130  -0.406486E+03 -0.615532E+06
  0.005   0.130  -0.108223E+06 -0.606036E+06
  0.005   0.130  -0.388369E+03 -0.615528E+06
  0.005   0.130  -0.128601E+06 -0.602055E+06
  0.005   0.130  -0.373744E+03 -0.615526E+06
  0.005   0.130  -0.145025E+06 -0.598323E+06
  0.005   0.130  -0.363096E+03 -0.615525E+06
  0.005   0.130  -0.157057E+06 -0.595287E+06
  0.005   0.130  -0.356761E+03 -0.615525E+06
  0.005   0.130  -0.164396E+06 -0.593308E+06
  0.005   0.130  -0.354930E+03 -0.615524E+06
  0.005   0.130  -0.166861E+06 -0.592621E+06
  0.005   0.130  -0.357657E+03 -0.615525E+06
  0.005   0.130  -0.164397E+06 -0.593308E+06
  0.005   0.130  -0.364860E+03 -0.615525E+06
  0.005   0.130  -0.157059E+06 -0.595287E+06
  0.005   0.130  -0.376321E+03 -0.615526E+06
  0.005   0.130  -0.145027E+06 -0.598323E+06
  0.005   0.130  -0.391678E+03 -0.615529E+06
  0.005   0.130  -0.128604E+06 -0.602054E+06
  0.005   0.130  -0.410424E+03 -0.615532E+06
  0.005   0.130  -0.108227E+06 -0.606035E+06
  0.005   0.130  -0.431912E+03 -0.615537E+06
  0.005   0.130  -0.844696E+05 -0.609786E+06
  0.005   0.130  -0.455368E+03 -0.615545E+06
  0.005   0.130  -0.580360E+05 -0.612852E+06
  0.005   0.130  -0.479929E+03 -0.615554E+06
  0.005   0.130  -0.297460E+05 -0.614860E+06
  0.005   0.140  -0.589858E+03 -0.614553E+06
  0.005   0.140  -0.589844E+03 -0.614553E+06
  0.005   0.140  -0.617289E+03 -0.614569E+06
  0.005   0.140   0.309531E+05 -0.613758E+06
  0.005   0.140  -0.642876E+03 -0.614587E+06
  0.005   0.140   0.614601E+05 -0.611445E+06
  0.005   0.140  -0.665849E+03 -0.614606E+06
  0.005   0.140   0.899468E+05 -0.607899E+06
  0.005   0.140  -0.685644E+03 -0.614624E+06
  0.005   0.140   0.115527E+06 -0.603553E+06
  0.005   0.140  -0.701899E+03 -0.614641E+06
  0.005   0.140   0.137444E+06 -0.598938E+06
  0.005   0.140  -0.714439E+03 -0.614656E+06
  0.005   0.140   0.155090E+06 -0.594610E+06
  0.005   0.140  -0.723217E+03 -0.614667E+06
  0.005   0.140   0.168006E+06 -0.591088E+06
  0.005   0.140  -0.728264E+03 -0.614673E+06
  0.005   0.140   0.175877E+06 -0.588793E+06
  0.005   0.140  -0.729629E+03 -0.614676E+06
  0.005   0.140   0.178521E+06 -0.587997E+06
  0.005   0.140  -0.727343E+03 -0.614673E+06
  0.005   0.140   0.175878E+06 -0.588793E+06
  0.005   0.140  -0.721402E+03 -0.614666E+06
  0.005   0.140   0.168007E+06 -0.591088E+06
  0.005   0.140  -0.711783E+03 -0.614655E+06
  0.005   0.140   0.155092E+06 -0.594609E+06
  0.005   0.140  -0.698479E+03 -0.614641E+06
  0.005   0.140   0.137447E+06 -0.598936E+06
  0.005   0.140  -0.681559E+03 -0.614624E+06
  0.005   0.140   0.115531E+06 -0.603552E+06
  0.005   0.140  -0.661220E+03 -0.614605E+06
  0.005   0.140   0.899513E+05 -0.607897E+06
  0.005   0.140  -0.637840E+03 -0.614587E+06
  0.005   0.140   0.614651E+05 -0.611444E+06
  0.005   0.140  -0.611998E+03 -0.614569E+06
  0.005   0.140   0.309584E+05 -0.613757E+06
  0.005   0.140  -0.584470E+03 -0.614552E+06
  0.005   0.140  -0.584483E+03 -0.614552E+06
  0.005   0.140  -0.556195E+03 -0.614537E+06
  0.005   0.140  -0.321267E+05 -0.613729E+06
  0.005   0.140  -0.528210E+03 -0.614526E+06
  0.005   0.140  -0.626314E+05 -0.611387E+06
  0.005   0.140  -0.501578E+03 -0.614516E+06
  0.005   0.140  -0.911146E+05 -0.607814E+06
  0.005   0.140  -0.477312E+03 -0.614510E+06
  0.005   0.140  -0.116690E+06 -0.603445E+06
  0.005   0.140  -0.456315E+03 -0.614505E+06
  0.005   0.140  -0.138603E+06 -0.598810E+06
  0.005   0.140  -0.439337E+03 -0.614502E+06
  0.005   0.140  -0.156245E+06 -0.594465E+06
  0.005   0.140  -0.426954E+03 -0.614500E+06
  0.005   0.140  -0.169157E+06 -0.590932E+06
  0.005   0.140  -0.419565E+03 -0.614500E+06
  0.005   0.140  -0.177026E+06 -0.588630E+06
  0.005   0.140  -0.417396E+03 -0.614499E+06
  0.005   0.140  -0.179669E+06 -0.587831E+06
  0.005   0.140  -0.420513E+03 -0.614500E+06
  0.005   0.140  -0.177027E+06 -0.588630E+06
  0.005   0.140  -0.428820E+03 -0.614501E+06
  0.005   0.140  -0.169159E+06 -0.590932E+06
  0.005   0.140  -0.442063E+03 -0.614502E+06
  0.005   0.140  -0.156247E+06 -0.594465E+06
  0.005   0.140  -0.459815E+03 -0.614505E+06
  0.005   0.140  -0.138607E+06 -0.598809E+06
  0.005   0.140  -0.481476E+03 -0.614510E+06
  0.005   0.140  -0.116694E+06 -0.603445E+06
  0.005   0.140  -0.506277E+03 -0.614517E+06
  0.005   0.140  -0.911192E+05 -0.607814E+06
  0.005   0.140  -0.533298E+03 -0.614526E+06
  0.005   0.140  -0.626364E+05 -0.611387E+06
  0.005   0.140  -0.561515E+03 -0.614538E+06
  0.005   0.140  -0.321319E+05 -0.613729E+06
