  0.002   0.050   0.488704E+04 -0.604593E+02
  0.002   0.050   0.488704E+04 -0.604588E+02
  0.002   0.050   0.481274E+04 -0.604253E+02
  0.002   0.050   0.481306E+04  0.258884E+02
  0.002   0.050   0.459220E+04 -0.603975E+02
  0.002   0.050   0.459149E+04  0.101811E+03
  0.002   0.050   0.423214E+04 -0.603794E+02
  0.002   0.050   0.422963E+04  0.158139E+03
  0.002   0.050   0.374348E+04 -0.603733E+02
  0.002   0.050   0.373926E+04  0.188082E+03
  0.002   0.050   0.314107E+04 -0.603803E+02
  0.002   0.050   0.313605E+04  0.188049E+03
  0.002   0.050   0.244323E+04 -0.603996E+02
  0.002   0.050   0.243889E+04  0.158071E+03
  0.002   0.050   0.167114E+04 -0.604294E+02
  0.002   0.050   0.166917E+04  0.101783E+03
  0.002   0.050   0.848285E+03 -0.604663E+02
  0.002   0.050   0.850074E+03  0.259787E+02
  0.002   0.050  -0.349159E+00 -0.605063E+02
  0.002   0.050   0.592376E+01 -0.602124E+02
  0.002   0.050  -0.848974E+03 -0.605449E+02
  0.002   0.050  -0.838407E+03 -0.146420E+03
  0.002   0.050  -0.167180E+04 -0.605779E+02
  0.002   0.050  -0.165804E+04 -0.222271E+03
  0.002   0.050  -0.244384E+04 -0.606016E+02
  0.002   0.050  -0.242863E+04 -0.278631E+03
  0.002   0.050  -0.314162E+04 -0.606134E+02
  0.002   0.050  -0.312698E+04 -0.308698E+03
  0.002   0.050  -0.374395E+04 -0.606123E+02
  0.002   0.050  -0.373166E+04 -0.308824E+03
  0.002   0.050  -0.423252E+04 -0.605985E+02
  0.002   0.050  -0.422373E+04 -0.278969E+03
  0.002   0.050  -0.459249E+04 -0.605740E+02
  0.002   0.050  -0.458747E+04 -0.222713E+03
  0.002   0.050  -0.481292E+04 -0.605418E+02
  0.002   0.050  -0.481105E+04 -0.146837E+03
  0.002   0.050  -0.488711E+04 -0.605059E+02
  0.002   0.050  -0.488711E+04 -0.605054E+02
  0.002   0.050  -0.481281E+04 -0.604706E+02
  0.002   0.050  -0.481312E+04  0.258430E+02
  0.002   0.050  -0.459227E+04 -0.604401E+02
  0.002   0.050  -0.459155E+04  0.101769E+03
  0.002   0.050  -0.423220E+04 -0.604179E+02
  0.002   0.050  -0.422970E+04  0.158100E+03
  0.002   0.050  -0.374354E+04 -0.604067E+02
  0.002   0.050  -0.373933E+04  0.188049E+03
  0.002   0.050  -0.314114E+04 -0.604074E+02
  0.002   0.050  -0.313611E+04  0.188022E+03
  0.002   0.050  -0.244329E+04 -0.604198E+02
  0.002   0.050  -0.243895E+04  0.158051E+03
  0.002   0.050  -0.167121E+04 -0.604419E+02
  0.002   0.050  -0.166924E+04  0.101770E+03
  0.002   0.050  -0.848353E+03 -0.604709E+02
  0.002   0.050  -0.850142E+03  0.259739E+02
  0.002   0.050   0.282172E+00 -0.605027E+02
  0.002   0.050  -0.599079E+01 -0.602091E+02
  0.002   0.050   0.848907E+03 -0.605333E+02
  0.002   0.050   0.838341E+03 -0.146408E+03
  0.002   0.050   0.167174E+04 -0.605586E+02
  0.002   0.050   0.165797E+04 -0.222252E+03
  0.002   0.050   0.244377E+04 -0.605752E+02
  0.002   0.050   0.242857E+04 -0.278605E+03
  0.002   0.050   0.314156E+04 -0.605807E+02
  0.002   0.050   0.312691E+04 -0.308665E+03
  0.002   0.050   0.374388E+04 -0.605743E+02
  0.002   0.050   0.373160E+04 -0.308787E+03
  0.002   0.050   0.423245E+04 -0.605564E+02
  0.002   0.050   0.422367E+04 -0.278927E+03
  0.002   0.050   0.459242E+04 -0.605290E+02
  0.002   0.050   0.458741E+04 -0.222668E+03
  0.002   0.050   0.481285E+04 -0.604953E+02
  0.002   0.050   0.481098E+04 -0.146790E+03
  0.002   0.060   0.587020E+04 -0.603401E+02
  0.002   0.060   0.587020E+04 -0.603395E+02
  0.002   0.060   0.578095E+04 -0.602909E+02
  0.002   0.060   0.578091E+04  0.642826E+02
  0.002   0.060   0.551604E+04 -0.602509E+02
  0.002   0.060   0.551365E+04  0.173843E+03
  0.002   0.060   0.508354E+04 -0.602251E+02
  0.002   0.060   0.507751E+04  0.255100E+03
  0.002   0.060   0.449657E+04 -0.602171E+02
  0.002   0.060   0.448710E+04  0.298262E+03
  0.002   0.060   0.377297E+04 -0.602281E+02
  0.002   0.060   0.376169E+04  0.298164E+03
  0.002   0.060   0.293474E+04 -0.602572E+02
  0.002   0.060   0.292431E+04  0.254874E+03
  0.002   0.060   0.200733E+04 -0.603016E+02
  0.002   0.060   0.200076E+04  0.173656E+03
  0.002   0.060   0.101893E+04 -0.603564E+02
  0.002   0.060   0.101873E+04  0.643138E+02
  0.002   0.060  -0.428599E+00 -0.604156E+02
  0.002   0.060   0.709469E+01 -0.599920E+02
  0.002   0.060  -0.101978E+04 -0.604729E+02
  0.002   0.060  -0.100476E+04 -0.184321E+03
  0.002   0.060  -0.200814E+04 -0.605219E+02
  0.002   0.060  -0.198743E+04 -0.293731E+03
  0.002   0.060  -0.293549E+04 -0.605574E+02
  0.002   0.060  -0.291203E+04 -0.375053E+03
  0.002   0.060  -0.377365E+04 -0.605755E+02
  0.002   0.060  -0.375084E+04 -0.418470E+03
  0.002   0.060  -0.449715E+04 -0.605747E+02
  0.002   0.060  -0.447800E+04 -0.418702E+03
  0.002   0.060  -0.508401E+04 -0.605554E+02
  0.002   0.060  -0.507046E+04 -0.375668E+03
  0.002   0.060  -0.551640E+04 -0.605202E+02
  0.002   0.060  -0.550885E+04 -0.294514E+03
  0.002   0.060  -0.578118E+04 -0.604736E+02
  0.002   0.060  -0.577852E+04 -0.185020E+03
  0.002   0.060  -0.587029E+04 -0.604214E+02
  0.002   0.060  -0.587029E+04 -0.604207E+02
  0.002   0.060  -0.578104E+04 -0.603698E+02
  0.002   0.060  -0.578101E+04  0.642036E+02
  0.002   0.060  -0.551614E+04 -0.603251E+02
  0.002   0.060  -0.551375E+04  0.173769E+03
  0.002   0.060  -0.508364E+04 -0.602923E+02
  0.002   0.060  -0.507761E+04  0.255033E+03
  0.002   0.060  -0.449667E+04 -0.602752E+02
  0.002   0.060  -0.448720E+04  0.298203E+03
  0.002   0.060  -0.377307E+04 -0.602754E+02
  0.002   0.060  -0.376179E+04  0.298116E+03
  0.002   0.060  -0.293484E+04 -0.602923E+02
  0.002   0.060  -0.292441E+04  0.254839E+03
  0.002   0.060  -0.200743E+04 -0.603234E+02
  0.002   0.060  -0.200085E+04  0.173634E+03
  0.002   0.060  -0.101903E+04 -0.603643E+02
  0.002   0.060  -0.101883E+04  0.643055E+02
  0.002   0.060   0.331883E+00 -0.604094E+02
  0.002   0.060  -0.719145E+01 -0.599862E+02
  0.002   0.060   0.101968E+04 -0.604527E+02
  0.002   0.060   0.100466E+04 -0.184302E+03
  0.002   0.060   0.200805E+04 -0.604883E+02
  0.002   0.060   0.198733E+04 -0.293698E+03
  0.002   0.060   0.293540E+04 -0.605114E+02
  0.002   0.060   0.291193E+04 -0.375008E+03
  0.002   0.060   0.377356E+04 -0.605186E+02
  0.002   0.060   0.375074E+04 -0.418413E+03
  0.002   0.060   0.449706E+04 -0.605085E+02
  0.002   0.060   0.447791E+04 -0.418637E+03
  0.002   0.060   0.508392E+04 -0.604819E+02
  0.002   0.060   0.507036E+04 -0.375595E+03
  0.002   0.060   0.551631E+04 -0.604417E+02
  0.002   0.060   0.550876E+04 -0.294436E+03
  0.002   0.060   0.578108E+04 -0.603925E+02
  0.002   0.060   0.577843E+04 -0.184939E+03
  0.003   0.070   0.685639E+04 -0.601968E+02
  0.003   0.070   0.685639E+04 -0.601957E+02
  0.003   0.070   0.675215E+04 -0.601292E+02
  0.003   0.070   0.675153E+04  0.109882E+03
  0.003   0.070   0.644274E+04 -0.600747E+02
  0.003   0.070   0.643782E+04  0.259378E+03
  0.003   0.070   0.593757E+04 -0.600401E+02
  0.003   0.070   0.592635E+04  0.370209E+03
  0.003   0.070   0.525199E+04 -0.600300E+02
  0.003   0.070   0.523482E+04  0.429025E+03
  0.003   0.070   0.440683E+04 -0.600463E+02
  0.003   0.070   0.438637E+04  0.428811E+03
  0.003   0.070   0.342776E+04 -0.600878E+02
  0.003   0.070   0.340835E+04  0.369695E+03
  0.003   0.070   0.234455E+04 -0.601503E+02
  0.003   0.070   0.233105E+04  0.258885E+03
  0.003   0.070   0.119010E+04 -0.602273E+02
  0.003   0.070   0.118661E+04  0.109765E+03
  0.003   0.070  -0.510631E+00 -0.603104E+02
  0.003   0.070   0.826047E+01 -0.597328E+02
  0.003   0.070  -0.119111E+04 -0.603907E+02
  0.003   0.070  -0.117034E+04 -0.229263E+03
  0.003   0.070  -0.234552E+04 -0.604597E+02
  0.003   0.070  -0.231552E+04 -0.378475E+03
  0.003   0.070  -0.342867E+04 -0.605099E+02
  0.003   0.070  -0.339405E+04 -0.489425E+03
  0.003   0.070  -0.440764E+04 -0.605362E+02
  0.003   0.070  -0.437373E+04 -0.548714E+03
  0.003   0.070  -0.525269E+04 -0.605362E+02
  0.003   0.070  -0.522423E+04 -0.549112E+03
  0.003   0.070  -0.593815E+04 -0.605105E+02
  0.003   0.070  -0.591814E+04 -0.490469E+03
  0.003   0.070  -0.644318E+04 -0.604627E+02
  0.003   0.070  -0.643224E+04 -0.379778E+03
  0.003   0.070  -0.675243E+04 -0.603990E+02
  0.003   0.070  -0.674877E+04 -0.230373E+03
  0.003   0.070  -0.685652E+04 -0.603271E+02
  0.003   0.070  -0.685652E+04 -0.603260E+02
  0.003   0.070  -0.675228E+04 -0.602558E+02
  0.003   0.070  -0.675167E+04  0.109755E+03
  0.003   0.070  -0.644287E+04 -0.601937E+02
  0.003   0.070  -0.643795E+04  0.259258E+03
  0.003   0.070  -0.593771E+04 -0.601478E+02
  0.003   0.070  -0.592649E+04  0.370101E+03
  0.003   0.070  -0.525212E+04 -0.601232E+02
  0.003   0.070  -0.523496E+04  0.428931E+03
  0.003   0.070  -0.440696E+04 -0.601222E+02
  0.003   0.070  -0.438651E+04  0.428734E+03
  0.003   0.070  -0.342790E+04 -0.601441E+02
  0.003   0.070  -0.340849E+04  0.369638E+03
  0.003   0.070  -0.234469E+04 -0.601853E+02
  0.003   0.070  -0.233118E+04  0.258850E+03
  0.003   0.070  -0.119024E+04 -0.602400E+02
  0.003   0.070  -0.118675E+04  0.109752E+03
  0.003   0.070   0.378648E+00 -0.603004E+02
  0.003   0.070  -0.839260E+01 -0.597235E+02
  0.003   0.070   0.119098E+04 -0.603584E+02
  0.003   0.070   0.117021E+04 -0.229231E+03
  0.003   0.070   0.234539E+04 -0.604059E+02
  0.003   0.070   0.231539E+04 -0.378422E+03
  0.003   0.070   0.342854E+04 -0.604363E+02
  0.003   0.070   0.339392E+04 -0.489352E+03
  0.003   0.070   0.440751E+04 -0.604450E+02
  0.003   0.070   0.437360E+04 -0.548624E+03
  0.003   0.070   0.525256E+04 -0.604301E+02
  0.003   0.070   0.522410E+04 -0.549007E+03
  0.003   0.070   0.593802E+04 -0.603928E+02
  0.003   0.070   0.591801E+04 -0.490351E+03
  0.003   0.070   0.644305E+04 -0.603369E+02
  0.003   0.070   0.643211E+04 -0.379652E+03
  0.003   0.070   0.675230E+04 -0.602689E+02
  0.003   0.070   0.674863E+04 -0.230243E+03
  0.003   0.080   0.784614E+04 -0.600283E+02
  0.003   0.080   0.784614E+04 -0.600270E+02
  0.003   0.080   0.772684E+04 -0.599393E+02
  0.003   0.080   0.772538E+04  0.162798E+03
  0.003   0.080   0.737277E+04 -0.598678E+02
  0.003   0.080   0.736432E+04  0.358618E+03
  0.003   0.080   0.679467E+04 -0.598231E+02
  0.003   0.080   0.677628E+04  0.503726E+03
  0.003   0.080   0.601012E+04 -0.598111E+02
  0.003   0.080   0.598236E+04  0.580649E+03
  0.003   0.080   0.504296E+04 -0.598344E+02
  0.003   0.080   0.500988E+04  0.580245E+03
  0.003   0.080   0.392256E+04 -0.598911E+02
  0.003   0.080   0.389074E+04  0.502740E+03
  0.003   0.080   0.268298E+04 -0.599756E+02
  0.003   0.080   0.265979E+04  0.357615E+03
  0.003   0.080   0.136188E+04 -0.600794E+02
  0.003   0.080   0.135357E+04  0.162405E+03
  0.003   0.080  -0.597270E+00 -0.601913E+02
  0.003   0.080   0.941912E+01 -0.594359E+02
  0.003   0.080  -0.136306E+04 -0.602995E+02
  0.003   0.080  -0.133502E+04 -0.281318E+03
  0.003   0.080  -0.268412E+04 -0.603926E+02
  0.003   0.080  -0.264209E+04 -0.476649E+03
  0.003   0.080  -0.392362E+04 -0.604609E+02
  0.003   0.080  -0.387443E+04 -0.621957E+03
  0.003   0.080  -0.504391E+04 -0.604974E+02
  0.003   0.080  -0.499547E+04 -0.699689E+03
  0.003   0.080  -0.601095E+04 -0.604990E+02
  0.003   0.080  -0.597029E+04 -0.700333E+03
  0.003   0.080  -0.679536E+04 -0.604662E+02
  0.003   0.080  -0.676693E+04 -0.623635E+03
  0.003   0.080  -0.737329E+04 -0.604039E+02
  0.003   0.080  -0.735797E+04 -0.478711E+03
  0.003   0.080  -0.772720E+04 -0.603200E+02
  0.003   0.080  -0.772224E+04 -0.283009E+03
  0.003   0.080  -0.784631E+04 -0.602250E+02
  0.003   0.080  -0.784631E+04 -0.602237E+02
  0.003   0.080  -0.772702E+04 -0.601303E+02
  0.003   0.080  -0.772555E+04  0.162607E+03
  0.003   0.080  -0.737295E+04 -0.600474E+02
  0.003   0.080  -0.736450E+04  0.358438E+03
  0.003   0.080  -0.679486E+04 -0.599856E+02
  0.003   0.080  -0.677646E+04  0.503563E+03
  0.003   0.080  -0.601031E+04 -0.599517E+02
  0.003   0.080  -0.598254E+04  0.580508E+03
  0.003   0.080  -0.504314E+04 -0.599488E+02
  0.003   0.080  -0.501006E+04  0.580130E+03
  0.003   0.080  -0.392274E+04 -0.599759E+02
  0.003   0.080  -0.389092E+04  0.502654E+03
  0.003   0.080  -0.268316E+04 -0.600284E+02
  0.003   0.080  -0.265997E+04  0.357561E+03
  0.003   0.080  -0.136206E+04 -0.600985E+02
  0.003   0.080  -0.135374E+04  0.162385E+03
  0.003   0.080   0.424316E+00 -0.601763E+02
  0.003   0.080  -0.959225E+01 -0.594220E+02
  0.003   0.080   0.136289E+04 -0.602508E+02
  0.003   0.080   0.133485E+04 -0.281271E+03
  0.003   0.080   0.268395E+04 -0.603117E+02
  0.003   0.080   0.264192E+04 -0.476569E+03
  0.003   0.080   0.392345E+04 -0.603501E+02
  0.003   0.080   0.387427E+04 -0.621847E+03
  0.003   0.080   0.504375E+04 -0.603600E+02
  0.003   0.080   0.499531E+04 -0.699552E+03
  0.003   0.080   0.601079E+04 -0.603391E+02
  0.003   0.080   0.597012E+04 -0.700174E+03
  0.003   0.080   0.679519E+04 -0.602887E+02
  0.003   0.080   0.676676E+04 -0.623458E+03
  0.003   0.080   0.737313E+04 -0.602140E+02
  0.003   0.080   0.735780E+04 -0.478521E+03
  0.003   0.080   0.772703E+04 -0.601237E+02
  0.003   0.080   0.772207E+04 -0.282813E+03
  0.003   0.090   0.884001E+04 -0.598752E+02
  0.003   0.090   0.883997E+04 -0.598294E+02
  0.003   0.090   0.870560E+04 -0.597613E+02
  0.003   0.090   0.870293E+04  0.223166E+03
  0.003   0.090   0.830668E+04 -0.596704E+02
  0.003   0.090   0.829348E+04  0.471807E+03
  0.003   0.090   0.765535E+04 -0.596141E+02
  0.003   0.090   0.762744E+04  0.655960E+03
  0.003   0.090   0.677142E+04 -0.596005E+02
  0.003   0.090   0.672966E+04  0.753460E+03
  0.003   0.090   0.568174E+04 -0.596323E+02
  0.003   0.090   0.563201E+04  0.752769E+03
  0.003   0.090   0.441942E+04 -0.597073E+02
  0.003   0.090   0.437119E+04  0.654253E+03
  0.003   0.090   0.302283E+04 -0.598183E+02
  0.003   0.090   0.298672E+04  0.470014E+03
  0.003   0.090   0.153439E+04 -0.599539E+02
  0.003   0.090   0.151944E+04  0.222320E+03
  0.003   0.090  -0.676525E+00 -0.601001E+02
  0.003   0.090   0.105675E+02 -0.590994E+02
  0.003   0.090  -0.153572E+04 -0.602415E+02
  0.003   0.090  -0.149863E+04 -0.340571E+03
  0.003   0.090  -0.302411E+04 -0.603636E+02
  0.003   0.090  -0.296687E+04 -0.588417E+03
  0.003   0.090  -0.442062E+04 -0.604537E+02
  0.003   0.090  -0.435290E+04 -0.772890E+03
  0.003   0.090  -0.568283E+04 -0.605028E+02
  0.003   0.090  -0.561584E+04 -0.871691E+03
  0.003   0.090  -0.677236E+04 -0.605068E+02
  0.003   0.090  -0.671612E+04 -0.872686E+03
  0.003   0.090  -0.765613E+04 -0.604665E+02
  0.003   0.090  -0.761695E+04 -0.775471E+03
  0.003   0.090  -0.830728E+04 -0.603876E+02
  0.003   0.090  -0.828637E+04 -0.591550E+03
  0.003   0.090  -0.870601E+04 -0.602806E+02
  0.003   0.090  -0.869943E+04 -0.343059E+03
  0.003   0.090  -0.884021E+04 -0.601588E+02
  0.003   0.090  -0.884019E+04 -0.601130E+02
  0.003   0.090  -0.870581E+04 -0.600370E+02
  0.003   0.090  -0.870316E+04  0.222891E+03
  0.003   0.090  -0.830689E+04 -0.599297E+02
  0.003   0.090  -0.829371E+04  0.471548E+03
  0.003   0.090  -0.765557E+04 -0.598491E+02
  0.003   0.090  -0.762768E+04  0.655724E+03
  0.003   0.090  -0.677164E+04 -0.598040E+02
  0.003   0.090  -0.672990E+04  0.753257E+03
  0.003   0.090  -0.568196E+04 -0.597982E+02
  0.003   0.090  -0.563224E+04  0.752603E+03
  0.003   0.090  -0.441964E+04 -0.598308E+02
  0.003   0.090  -0.437142E+04  0.654130E+03
  0.003   0.090  -0.302304E+04 -0.598956E+02
  0.003   0.090  -0.298695E+04  0.469936E+03
  0.003   0.090  -0.153460E+04 -0.599829E+02
  0.003   0.090  -0.151967E+04  0.222290E+03
  0.003   0.090   0.470843E+00 -0.600800E+02
  0.003   0.090  -0.107880E+02 -0.590794E+02
  0.003   0.090   0.153552E+04 -0.601729E+02
  0.003   0.090   0.149841E+04 -0.340503E+03
  0.003   0.090   0.302392E+04 -0.602485E+02
  0.003   0.090   0.296665E+04 -0.588302E+03
  0.003   0.090   0.442043E+04 -0.602954E+02
  0.003   0.090   0.435269E+04 -0.772732E+03
  0.003   0.090   0.568263E+04 -0.603061E+02
  0.003   0.090   0.561564E+04 -0.871494E+03
  0.003   0.090   0.677217E+04 -0.602774E+02
  0.003   0.090   0.671592E+04 -0.872457E+03
  0.003   0.090   0.765594E+04 -0.602113E+02
  0.003   0.090   0.761674E+04 -0.775216E+03
  0.003   0.090   0.830708E+04 -0.601145E+02
  0.003   0.090   0.828616E+04 -0.591277E+03
  0.003   0.090   0.870581E+04 -0.599979E+02
  0.003   0.090   0.869921E+04 -0.342776E+03
  0.004   0.100   0.983842E+04 -0.596081E+02
  0.004   0.100   0.983842E+04 -0.596061E+02
  0.004   0.100   0.968883E+04 -0.594660E+02
  0.004   0.100   0.968466E+04  0.291134E+03
  0.004   0.100   0.924484E+04 -0.593533E+02
  0.004   0.100   0.922564E+04  0.599214E+03
  0.004   0.100   0.851995E+04 -0.592847E+02
  0.004   0.100   0.847997E+04  0.827254E+03
  0.004   0.100   0.753618E+04 -0.592698E+02
  0.004   0.100   0.747665E+04  0.947824E+03
  0.004   0.100   0.632342E+04 -0.593124E+02
  0.004   0.100   0.625253E+04  0.946718E+03
  0.004   0.100   0.491854E+04 -0.594093E+02
  0.004   0.100   0.484940E+04  0.824508E+03
  0.004   0.100   0.336420E+04 -0.595514E+02
  0.004   0.100   0.331158E+04  0.596269E+03
  0.004   0.100   0.170765E+04 -0.597244E+02
  0.004   0.100   0.168408E+04  0.289602E+03
  0.004   0.100  -0.784958E+00 -0.599107E+02
  0.004   0.100   0.117112E+02 -0.587271E+02
  0.004   0.100  -0.170920E+04 -0.600911E+02
  0.004   0.100  -0.166101E+04 -0.407121E+03
  0.004   0.100  -0.336570E+04 -0.602471E+02
  0.004   0.100  -0.328957E+04 -0.713976E+03
  0.004   0.100  -0.491993E+04 -0.603629E+02
  0.004   0.100  -0.482913E+04 -0.942503E+03
  0.004   0.100  -0.632469E+04 -0.604273E+02
  0.004   0.100  -0.623461E+04 -0.106507E+04
  0.004   0.100  -0.753729E+04 -0.604347E+02
  0.004   0.100  -0.746165E+04 -0.106655E+04
  0.004   0.100  -0.852087E+04 -0.603861E+02
  0.004   0.100  -0.846835E+04 -0.946329E+03
  0.004   0.100  -0.924556E+04 -0.602887E+02
  0.004   0.100  -0.921778E+04 -0.718575E+03
  0.004   0.100  -0.968933E+04 -0.601552E+02
  0.004   0.100  -0.968080E+04 -0.410680E+03
  0.004   0.100  -0.983870E+04 -0.600025E+02
  0.004   0.100  -0.983870E+04 -0.600005E+02
  0.004   0.100  -0.968911E+04 -0.598491E+02
  0.004   0.100  -0.968495E+04  0.290751E+03
  0.004   0.100  -0.924513E+04 -0.597133E+02
  0.004   0.100  -0.922593E+04  0.598854E+03
  0.004   0.100  -0.852024E+04 -0.596104E+02
  0.004   0.100  -0.848026E+04  0.826927E+03
  0.004   0.100  -0.753647E+04 -0.595515E+02
  0.004   0.100  -0.747695E+04  0.947541E+03
  0.004   0.100  -0.632372E+04 -0.595415E+02
  0.004   0.100  -0.625282E+04  0.946487E+03
  0.004   0.100  -0.491883E+04 -0.595792E+02
  0.004   0.100  -0.484969E+04  0.824336E+03
  0.004   0.100  -0.336449E+04 -0.596571E+02
  0.004   0.100  -0.331186E+04  0.596161E+03
  0.004   0.100  -0.170793E+04 -0.597630E+02
  0.004   0.100  -0.168436E+04  0.289561E+03
  0.004   0.100   0.512443E+00 -0.598811E+02
  0.004   0.100  -0.119841E+02 -0.586996E+02
  0.004   0.100   0.170894E+04 -0.599941E+02
  0.004   0.100   0.166074E+04 -0.407026E+03
  0.004   0.100   0.336544E+04 -0.600856E+02
  0.004   0.100   0.328931E+04 -0.713816E+03
  0.004   0.100   0.491968E+04 -0.601416E+02
  0.004   0.100   0.482887E+04 -0.942283E+03
  0.004   0.100   0.632444E+04 -0.601526E+02
  0.004   0.100   0.623436E+04 -0.106479E+04
  0.004   0.100   0.753703E+04 -0.601148E+02
  0.004   0.100   0.746140E+04 -0.106623E+04
  0.004   0.100   0.852062E+04 -0.600305E+02
  0.004   0.100   0.846809E+04 -0.945974E+03
  0.004   0.100   0.924530E+04 -0.599083E+02
  0.004   0.100   0.921751E+04 -0.718195E+03
  0.004   0.100   0.968906E+04 -0.597617E+02
  0.004   0.100   0.968053E+04 -0.410287E+03
  0.004   0.110   0.108420E+05 -0.593528E+02
  0.004   0.110   0.108420E+05 -0.593501E+02
  0.004   0.110   0.106772E+05 -0.591786E+02
  0.004   0.110   0.106711E+05  0.366879E+03
  0.004   0.110   0.101879E+05 -0.590414E+02
  0.004   0.110   0.101611E+05  0.741156E+03
  0.004   0.110   0.938907E+04 -0.589591E+02
  0.004   0.110   0.933398E+04  0.101801E+04
  0.004   0.110   0.830494E+04 -0.589435E+02
  0.004   0.110   0.822325E+04  0.116416E+04
  0.004   0.110   0.696846E+04 -0.589990E+02
  0.004   0.110   0.687118E+04  0.116248E+04
  0.004   0.110   0.542026E+04 -0.591217E+02
  0.004   0.110   0.532505E+04  0.101382E+04
  0.004   0.110   0.370737E+04 -0.593002E+02
  0.004   0.110   0.363406E+04  0.736599E+03
  0.004   0.110   0.188183E+04 -0.595168E+02
  0.004   0.110   0.184730E+04  0.364365E+03
  0.004   0.110  -0.883261E+00 -0.597497E+02
  0.004   0.110   0.128464E+02 -0.583146E+02
  0.004   0.110  -0.188358E+04 -0.599754E+02
  0.004   0.110  -0.182199E+04 -0.481073E+03
  0.004   0.110  -0.370905E+04 -0.601711E+02
  0.004   0.110  -0.360992E+04 -0.853534E+03
  0.004   0.110  -0.542184E+04 -0.603173E+02
  0.004   0.110  -0.530281E+04 -0.113110E+04
  0.004   0.110  -0.696990E+04 -0.604000E+02
  0.004   0.110  -0.685153E+04 -0.128019E+04
  0.004   0.110  -0.830619E+04 -0.604122E+02
  0.004   0.110  -0.820679E+04 -0.128233E+04
  0.004   0.110  -0.939012E+04 -0.603549E+02
  0.004   0.110  -0.932124E+04 -0.113660E+04
  0.004   0.110  -0.101887E+05 -0.602369E+02
  0.004   0.110  -0.101525E+05 -0.860093E+03
  0.004   0.110  -0.106778E+05 -0.600737E+02
  0.004   0.110  -0.106669E+05 -0.486039E+03
  0.004   0.110  -0.108424E+05 -0.598859E+02
  0.004   0.110  -0.108424E+05 -0.598832E+02
  0.004   0.110  -0.106775E+05 -0.596965E+02
  0.004   0.110  -0.106714E+05  0.366361E+03
  0.004   0.110  -0.101883E+05 -0.595279E+02
  0.004   0.110  -0.101615E+05  0.740669E+03
  0.004   0.110  -0.938943E+04 -0.593992E+02
  0.004   0.110  -0.933434E+04  0.101757E+04
  0.004   0.110  -0.830530E+04 -0.593240E+02
  0.004   0.110  -0.822361E+04  0.116378E+04
  0.004   0.110  -0.696883E+04 -0.593085E+02
  0.004   0.110  -0.687155E+04  0.116217E+04
  0.004   0.110  -0.542062E+04 -0.593512E+02
  0.004   0.110  -0.532541E+04  0.101359E+04
  0.004   0.110  -0.370772E+04 -0.594430E+02
  0.004   0.110  -0.363441E+04  0.736453E+03
  0.004   0.110  -0.188217E+04 -0.595691E+02
  0.004   0.110  -0.184764E+04  0.364310E+03
  0.004   0.110   0.551782E+00 -0.597100E+02
  0.004   0.110  -0.131785E+02 -0.582775E+02
  0.004   0.110   0.188326E+04 -0.598449E+02
  0.004   0.110   0.182167E+04 -0.480945E+03
  0.004   0.110   0.370874E+04 -0.599535E+02
  0.004   0.110   0.360961E+04 -0.853319E+03
  0.004   0.110   0.542153E+04 -0.600189E+02
  0.004   0.110   0.530251E+04 -0.113081E+04
  0.004   0.110   0.696959E+04 -0.600294E+02
  0.004   0.110   0.685123E+04 -0.127983E+04
  0.004   0.110   0.830589E+04 -0.599804E+02
  0.004   0.110   0.820649E+04 -0.128190E+04
  0.004   0.110   0.938981E+04 -0.598748E+02
  0.004   0.110   0.932094E+04 -0.113612E+04
  0.004   0.110   0.101884E+05 -0.597230E+02
  0.004   0.110   0.101522E+05 -0.859580E+03
  0.004   0.110   0.106775E+05 -0.595419E+02
  0.004   0.110   0.106665E+05 -0.485508E+03
  0.005   0.120   0.118514E+05 -0.590645E+02
  0.005   0.120   0.118514E+05 -0.590621E+02
  0.005   0.120   0.116712E+05 -0.588543E+02
  0.005   0.120   0.116627E+05  0.450593E+03
  0.005   0.120   0.111364E+05 -0.586897E+02
  0.005   0.120   0.111003E+05  0.897982E+03
  0.005   0.120   0.102632E+05 -0.585925E+02
  0.005   0.120   0.101896E+05  0.122868E+04
  0.005   0.120   0.907809E+04 -0.585770E+02
  0.005   0.120   0.896934E+04  0.140295E+04
  0.005   0.120   0.761719E+04 -0.586481E+02
  0.005   0.120   0.748771E+04  0.140049E+04
  0.005   0.120   0.592485E+04 -0.588010E+02
  0.005   0.120   0.579780E+04  0.122253E+04
  0.005   0.120   0.405249E+04 -0.590216E+02
  0.005   0.120   0.395386E+04  0.891241E+03
  0.005   0.120   0.205700E+04 -0.592885E+02
  0.005   0.120   0.200892E+04  0.446727E+03
  0.005   0.120  -0.985941E+00 -0.595752E+02
  0.005   0.120   0.139738E+02 -0.578641E+02
  0.005   0.120  -0.205895E+04 -0.598531E+02
  0.005   0.120  -0.198140E+04 -0.562549E+03
  0.005   0.120  -0.405437E+04 -0.600946E+02
  0.005   0.120  -0.392760E+04 -0.100733E+04
  0.005   0.120  -0.592661E+04 -0.602762E+02
  0.005   0.120  -0.577360E+04 -0.133904E+04
  0.005   0.120  -0.761880E+04 -0.603806E+02
  0.005   0.120  -0.746633E+04 -0.151751E+04
  0.005   0.120  -0.907950E+04 -0.603992E+02
  0.005   0.120  -0.895145E+04 -0.152050E+04
  0.005   0.120  -0.102643E+05 -0.603330E+02
  0.005   0.120  -0.101758E+05 -0.134674E+04
  0.005   0.120  -0.111373E+05 -0.601922E+02
  0.005   0.120  -0.110910E+05 -0.101646E+04
  0.005   0.120  -0.116719E+05 -0.599957E+02
  0.005   0.120  -0.116582E+05 -0.569334E+03
  0.005   0.120  -0.118518E+05 -0.597683E+02
  0.005   0.120  -0.118518E+05 -0.597659E+02
  0.005   0.120  -0.116716E+05 -0.595379E+02
  0.005   0.120  -0.116631E+05  0.449909E+03
  0.005   0.120  -0.111368E+05 -0.593319E+02
  0.005   0.120  -0.111008E+05  0.897338E+03
  0.005   0.120  -0.102636E+05 -0.591734E+02
  0.005   0.120  -0.101901E+05  0.122809E+04
  0.005   0.120  -0.907853E+04 -0.590790E+02
  0.005   0.120  -0.896979E+04  0.140244E+04
  0.005   0.120  -0.761763E+04 -0.590563E+02
  0.005   0.120  -0.748815E+04  0.140008E+04
  0.005   0.120  -0.592529E+04 -0.591036E+02
  0.005   0.120  -0.579823E+04  0.122223E+04
  0.005   0.120  -0.405292E+04 -0.592100E+02
  0.005   0.120  -0.395429E+04  0.891049E+03
  0.005   0.120  -0.205742E+04 -0.593576E+02
  0.005   0.120  -0.200934E+04  0.446654E+03
  0.005   0.120   0.589060E+00 -0.595232E+02
  0.005   0.120  -0.143712E+02 -0.578155E+02
  0.005   0.120   0.205857E+04 -0.596815E+02
  0.005   0.120   0.198102E+04 -0.562381E+03
  0.005   0.120   0.405400E+04 -0.598083E+02
  0.005   0.120   0.392723E+04 -0.100705E+04
  0.005   0.120   0.592625E+04 -0.598833E+02
  0.005   0.120   0.577324E+04 -0.133865E+04
  0.005   0.120   0.761844E+04 -0.598924E+02
  0.005   0.120   0.746597E+04 -0.151702E+04
  0.005   0.120   0.907914E+04 -0.598300E+02
  0.005   0.120   0.895109E+04 -0.151994E+04
  0.005   0.120   0.102640E+05 -0.596996E+02
  0.005   0.120   0.101754E+05 -0.134611E+04
  0.005   0.120   0.111369E+05 -0.595141E+02
  0.005   0.120   0.110906E+05 -0.101578E+04
  0.005   0.120   0.116715E+05 -0.592938E+02
  0.005   0.120   0.116578E+05 -0.568633E+03
  0.005   0.130   0.128671E+05 -0.587425E+02
  0.005   0.130   0.128671E+05 -0.587359E+02
  0.005   0.130   0.126715E+05 -0.584919E+02
  0.005   0.130   0.126600E+05  0.542495E+03
  0.005   0.130   0.120908E+05 -0.582970E+02
  0.005   0.130   0.120436E+05  0.107008E+04
  0.005   0.130   0.111427E+05 -0.581838E+02
  0.005   0.130   0.110470E+05  0.145974E+04
  0.005   0.130   0.985608E+04 -0.581692E+02
  0.005   0.130   0.971481E+04  0.166470E+04
  0.005   0.130   0.826997E+04 -0.582589E+02
  0.005   0.130   0.810179E+04  0.166123E+04
  0.005   0.130   0.643259E+04 -0.584468E+02
  0.005   0.130   0.626725E+04  0.145104E+04
  0.005   0.130   0.439977E+04 -0.587159E+02
  0.005   0.130   0.427064E+04  0.106046E+04
  0.005   0.130   0.223326E+04 -0.590404E+02
  0.005   0.130   0.216875E+04  0.536821E+03
  0.005   0.130  -0.109805E+01 -0.593887E+02
  0.005   0.130   0.150867E+02 -0.573734E+02
  0.005   0.130  -0.223543E+04 -0.597265E+02
  0.005   0.130  -0.213904E+04 -0.651678E+03
  0.005   0.130  -0.440186E+04 -0.600208E+02
  0.005   0.130  -0.424229E+04 -0.117563E+04
  0.005   0.130  -0.643456E+04 -0.602434E+02
  0.005   0.130  -0.624113E+04 -0.156670E+04
  0.005   0.130  -0.827177E+04 -0.603734E+02
  0.005   0.130  -0.807870E+04 -0.177749E+04
  0.005   0.130  -0.985767E+04 -0.604003E+02
  0.005   0.130  -0.969549E+04 -0.178159E+04
  0.005   0.130  -0.111441E+05 -0.603249E+02
  0.005   0.130  -0.110320E+05 -0.157723E+04
  0.005   0.130  -0.120919E+05 -0.601593E+02
  0.005   0.130  -0.120335E+05 -0.118805E+04
  0.005   0.130  -0.126723E+05 -0.599257E+02
  0.005   0.130  -0.126551E+05 -0.660778E+03
  0.005   0.130  -0.128676E+05 -0.596539E+02
  0.005   0.130  -0.128676E+05 -0.596473E+02
  0.005   0.130  -0.126720E+05 -0.593772E+02
  0.005   0.130  -0.126605E+05  0.541609E+03
  0.005   0.130  -0.120913E+05 -0.591284E+02
  0.005   0.130  -0.120441E+05  0.106925E+04
  0.005   0.130  -0.111433E+05 -0.589357E+02
  0.005   0.130  -0.110475E+05  0.145899E+04
  0.005   0.130  -0.985662E+04 -0.588188E+02
  0.005   0.130  -0.971535E+04  0.166405E+04
  0.005   0.130  -0.827051E+04 -0.587869E+02
  0.005   0.130  -0.810232E+04  0.166070E+04
  0.005   0.130  -0.643312E+04 -0.588382E+02
  0.005   0.130  -0.626778E+04  0.145064E+04
  0.005   0.130  -0.440028E+04 -0.589598E+02
  0.005   0.130  -0.427115E+04  0.106021E+04
  0.005   0.130  -0.223375E+04 -0.591302E+02
  0.005   0.130  -0.216925E+04  0.536727E+03
  0.005   0.130   0.629963E+00 -0.593221E+02
  0.005   0.130  -0.155571E+02 -0.573107E+02
  0.005   0.130   0.223499E+04 -0.595054E+02
  0.005   0.130   0.213859E+04 -0.651461E+03
  0.005   0.130   0.440143E+04 -0.596515E+02
  0.005   0.130   0.424185E+04 -0.117527E+04
  0.005   0.130   0.643414E+04 -0.597361E+02
  0.005   0.130   0.624071E+04 -0.156619E+04
  0.005   0.130   0.827136E+04 -0.597427E+02
  0.005   0.130   0.807829E+04 -0.177686E+04
  0.005   0.130   0.985726E+04 -0.596644E+02
  0.005   0.130   0.969507E+04 -0.178086E+04
  0.005   0.130   0.111436E+05 -0.595057E+02
  0.005   0.130   0.110316E+05 -0.157641E+04
  0.005   0.130   0.120914E+05 -0.592817E+02
  0.005   0.130   0.120331E+05 -0.118718E+04
  0.005   0.130   0.126718E+05 -0.590170E+02
  0.005   0.130   0.126547E+05 -0.659870E+03
  0.005   0.140   0.138898E+05 -0.583872E+02
  0.005   0.140   0.138898E+05 -0.583849E+02
  0.005   0.140   0.136786E+05 -0.580916E+02
  0.005   0.140   0.136636E+05  0.642812E+03
  0.005   0.140   0.130517E+05 -0.578632E+02
  0.005   0.140   0.129912E+05  0.125788E+04
  0.005   0.140   0.120283E+05 -0.577328E+02
  0.005   0.140   0.119062E+05  0.171175E+04
  0.005   0.140   0.106394E+05 -0.577203E+02
  0.005   0.140   0.104595E+05  0.194998E+04
  0.005   0.140   0.892721E+04 -0.578319E+02
  0.005   0.140   0.871311E+04  0.194520E+04
  0.005   0.140   0.694380E+04 -0.580602E+02
  0.005   0.140   0.673302E+04  0.169973E+04
  0.005   0.140   0.474941E+04 -0.583848E+02
  0.005   0.140   0.458404E+04  0.124453E+04
  0.005   0.140   0.241073E+04 -0.587751E+02
  0.005   0.140   0.232659E+04  0.634780E+03
  0.005   0.140  -0.120593E+01 -0.591934E+02
  0.005   0.140   0.161973E+02 -0.568553E+02
  0.005   0.140  -0.241311E+04 -0.595994E+02
  0.005   0.140  -0.229469E+04 -0.748619E+03
  0.005   0.140  -0.475171E+04 -0.599541E+02
  0.005   0.140  -0.455360E+04 -0.135873E+04
  0.005   0.140  -0.694596E+04 -0.602238E+02
  0.005   0.140  -0.670497E+04 -0.181450E+04
  0.005   0.140  -0.892919E+04 -0.603839E+02
  0.005   0.140  -0.868832E+04 -0.206066E+04
  0.005   0.140  -0.106411E+05 -0.604214E+02
  0.005   0.140  -0.104388E+05 -0.206619E+04
  0.005   0.140  -0.120298E+05 -0.603368E+02
  0.005   0.140  -0.118901E+05 -0.182864E+04
  0.005   0.140  -0.130529E+05 -0.601442E+02
  0.005   0.140  -0.129804E+05 -0.137533E+04
  0.005   0.140  -0.136794E+05 -0.598696E+02
  0.005   0.140  -0.136584E+05 -0.760627E+03
  0.005   0.140  -0.138903E+05 -0.595482E+02
  0.005   0.140  -0.138903E+05 -0.595458E+02
  0.005   0.140  -0.136791E+05 -0.592194E+02
  0.005   0.140  -0.136642E+05  0.641684E+03
  0.005   0.140  -0.130523E+05 -0.589224E+02
  0.005   0.140  -0.129918E+05  0.125682E+04
  0.005   0.140  -0.120289E+05 -0.586905E+02
  0.005   0.140  -0.119068E+05  0.171079E+04
  0.005   0.140  -0.106400E+05 -0.585474E+02
  0.005   0.140  -0.104601E+05  0.194915E+04
  0.005   0.140  -0.892784E+04 -0.585042E+02
  0.005   0.140  -0.871375E+04  0.194452E+04
  0.005   0.140  -0.694442E+04 -0.585585E+02
  0.005   0.140  -0.673364E+04  0.169923E+04
  0.005   0.140  -0.475001E+04 -0.586956E+02
  0.005   0.140  -0.458464E+04  0.124421E+04
  0.005   0.140  -0.241130E+04 -0.588901E+02
  0.005   0.140  -0.232716E+04  0.634660E+03
  0.005   0.140   0.662156E+00 -0.591098E+02
  0.005   0.140  -0.167414E+02 -0.567769E+02
  0.005   0.140   0.241260E+04 -0.593196E+02
  0.005   0.140   0.229417E+04 -0.748344E+03
  0.005   0.140   0.475122E+04 -0.594859E+02
  0.005   0.140   0.455311E+04 -0.135827E+04
  0.005   0.140   0.694549E+04 -0.595800E+02
  0.005   0.140   0.670450E+04 -0.181387E+04
  0.005   0.140   0.892872E+04 -0.595826E+02
  0.005   0.140   0.868786E+04 -0.205987E+04
  0.005   0.140   0.106407E+05 -0.594858E+02
  0.005   0.140   0.104383E+05 -0.206525E+04
  0.005   0.140   0.120293E+05 -0.592946E+02
  0.005   0.140   0.118896E+05 -0.182760E+04
  0.005   0.140   0.130524E+05 -0.590271E+02
  0.005   0.140   0.129799E+05 -0.137422E+04
  0.005   0.140   0.136789E+05 -0.587123E+02
  0.005   0.140   0.136579E+05 -0.759471E+03
