  0.002   0.050  -0.678897E+04 -0.107790E+03
  0.002   0.050  -0.678897E+04 -0.107791E+03
  0.002   0.050  -0.668579E+04 -0.107837E+03
  0.002   0.050  -0.668279E+04 -0.227712E+03
  0.002   0.050  -0.637946E+04 -0.107875E+03
  0.002   0.050  -0.637170E+04 -0.333094E+03
  0.002   0.050  -0.587930E+04 -0.107898E+03
  0.002   0.050  -0.586593E+04 -0.411208E+03
  0.002   0.050  -0.520049E+04 -0.107904E+03
  0.002   0.050  -0.518192E+04 -0.452639E+03
  0.002   0.050  -0.436367E+04 -0.107892E+03
  0.002   0.050  -0.434154E+04 -0.452418E+03
  0.002   0.050  -0.339425E+04 -0.107863E+03
  0.002   0.050  -0.337111E+04 -0.410608E+03
  0.002   0.050  -0.232170E+04 -0.107819E+03
  0.002   0.050  -0.230039E+04 -0.332279E+03
  0.002   0.050  -0.117861E+04 -0.107766E+03
  0.002   0.050  -0.116164E+04 -0.226886E+03
  0.002   0.050   0.296589E+00 -0.107709E+03
  0.002   0.050   0.113362E+02 -0.107121E+03
  0.002   0.050   0.117920E+04 -0.107655E+03
  0.002   0.050   0.118397E+04  0.126057E+02
  0.002   0.050   0.232227E+04 -0.107610E+03
  0.002   0.050   0.232171E+04  0.117889E+03
  0.002   0.050   0.339479E+04 -0.107579E+03
  0.002   0.050   0.339078E+04  0.196048E+03
  0.002   0.050   0.436416E+04 -0.107565E+03
  0.002   0.050   0.435897E+04  0.237651E+03
  0.002   0.050   0.520093E+04 -0.107569E+03
  0.002   0.050   0.519658E+04  0.237651E+03
  0.002   0.050   0.587968E+04 -0.107591E+03
  0.002   0.050   0.587737E+04  0.196012E+03
  0.002   0.050   0.637978E+04 -0.107627E+03
  0.002   0.050   0.637958E+04  0.117728E+03
  0.002   0.050   0.668603E+04 -0.107674E+03
  0.002   0.050   0.668688E+04  0.122343E+02
  0.002   0.050   0.678914E+04 -0.107725E+03
  0.002   0.050   0.678914E+04 -0.107726E+03
  0.002   0.050   0.668596E+04 -0.107775E+03
  0.002   0.050   0.668296E+04 -0.227649E+03
  0.002   0.050   0.637964E+04 -0.107817E+03
  0.002   0.050   0.637187E+04 -0.333035E+03
  0.002   0.050   0.587947E+04 -0.107846E+03
  0.002   0.050   0.586610E+04 -0.411156E+03
  0.002   0.050   0.520066E+04 -0.107860E+03
  0.002   0.050   0.518209E+04 -0.452595E+03
  0.002   0.050   0.436384E+04 -0.107857E+03
  0.002   0.050   0.434171E+04 -0.452383E+03
  0.002   0.050   0.339442E+04 -0.107838E+03
  0.002   0.050   0.337128E+04 -0.410582E+03
  0.002   0.050   0.232187E+04 -0.107805E+03
  0.002   0.050   0.230056E+04 -0.332265E+03
  0.002   0.050   0.117878E+04 -0.107763E+03
  0.002   0.050   0.116181E+04 -0.226883E+03
  0.002   0.050  -0.127388E+00 -0.107718E+03
  0.002   0.050  -0.111669E+02 -0.107129E+03
  0.002   0.050  -0.117903E+04 -0.107676E+03
  0.002   0.050  -0.118380E+04  0.125861E+02
  0.002   0.050  -0.232210E+04 -0.107641E+03
  0.002   0.050  -0.232155E+04  0.117859E+03
  0.002   0.050  -0.339462E+04 -0.107619E+03
  0.002   0.050  -0.339061E+04  0.196008E+03
  0.002   0.050  -0.436399E+04 -0.107614E+03
  0.002   0.050  -0.435880E+04  0.237603E+03
  0.002   0.050  -0.520077E+04 -0.107625E+03
  0.002   0.050  -0.519641E+04  0.237596E+03
  0.002   0.050  -0.587951E+04 -0.107652E+03
  0.002   0.050  -0.587720E+04  0.195951E+03
  0.002   0.050  -0.637961E+04 -0.107692E+03
  0.002   0.050  -0.637941E+04  0.117664E+03
  0.002   0.050  -0.668587E+04 -0.107740E+03
  0.002   0.050  -0.668671E+04  0.121685E+02
  0.002   0.060  -0.815596E+04 -0.108100E+03
  0.002   0.060  -0.815596E+04 -0.108101E+03
  0.002   0.060  -0.803201E+04 -0.108168E+03
  0.002   0.060  -0.802783E+04 -0.281204E+03
  0.002   0.060  -0.766400E+04 -0.108222E+03
  0.002   0.060  -0.765254E+04 -0.433299E+03
  0.002   0.060  -0.706312E+04 -0.108255E+03
  0.002   0.060  -0.704286E+04 -0.546001E+03
  0.002   0.060  -0.624763E+04 -0.108263E+03
  0.002   0.060  -0.621919E+04 -0.605730E+03
  0.002   0.060  -0.524230E+04 -0.108244E+03
  0.002   0.060  -0.520843E+04 -0.605341E+03
  0.002   0.060  -0.407769E+04 -0.108199E+03
  0.002   0.060  -0.404263E+04 -0.544956E+03
  0.002   0.060  -0.278917E+04 -0.108134E+03
  0.002   0.060  -0.275773E+04 -0.431918E+03
  0.002   0.060  -0.141591E+04 -0.108055E+03
  0.002   0.060  -0.139226E+04 -0.279874E+03
  0.002   0.060   0.379617E+00 -0.107971E+03
  0.002   0.060   0.136602E+02 -0.107121E+03
  0.002   0.060   0.141666E+04 -0.107892E+03
  0.002   0.060   0.141917E+04  0.655763E+02
  0.002   0.060   0.278990E+04 -0.107825E+03
  0.002   0.060   0.278343E+04  0.217462E+03
  0.002   0.060   0.407838E+04 -0.107778E+03
  0.002   0.060   0.406634E+04  0.330255E+03
  0.002   0.060   0.524294E+04 -0.107755E+03
  0.002   0.060   0.522944E+04  0.390339E+03
  0.002   0.060   0.624820E+04 -0.107760E+03
  0.002   0.060   0.623688E+04  0.390409E+03
  0.002   0.060   0.706362E+04 -0.107791E+03
  0.002   0.060   0.705668E+04  0.330379E+03
  0.002   0.060   0.766442E+04 -0.107844E+03
  0.002   0.060   0.766207E+04  0.217430E+03
  0.002   0.060   0.803234E+04 -0.107911E+03
  0.002   0.060   0.803279E+04  0.651740E+02
  0.002   0.060   0.815621E+04 -0.107986E+03
  0.002   0.060   0.815621E+04 -0.107987E+03
  0.002   0.060   0.803225E+04 -0.108059E+03
  0.002   0.060   0.802808E+04 -0.281095E+03
  0.002   0.060   0.766425E+04 -0.108120E+03
  0.002   0.060   0.765279E+04 -0.433197E+03
  0.002   0.060   0.706337E+04 -0.108164E+03
  0.002   0.060   0.704311E+04 -0.545910E+03
  0.002   0.060   0.624787E+04 -0.108186E+03
  0.002   0.060   0.621944E+04 -0.605652E+03
  0.002   0.060   0.524255E+04 -0.108183E+03
  0.002   0.060   0.520867E+04 -0.605279E+03
  0.002   0.060   0.407793E+04 -0.108156E+03
  0.002   0.060   0.404288E+04 -0.544912E+03
  0.002   0.060   0.278942E+04 -0.108110E+03
  0.002   0.060   0.275798E+04 -0.431893E+03
  0.002   0.060   0.141615E+04 -0.108051E+03
  0.002   0.060   0.139250E+04 -0.279868E+03
  0.002   0.060  -0.135297E+00 -0.107987E+03
  0.002   0.060  -0.134158E+02 -0.107136E+03
  0.002   0.060  -0.141642E+04 -0.107927E+03
  0.002   0.060  -0.141893E+04  0.655422E+02
  0.002   0.060  -0.278966E+04 -0.107878E+03
  0.002   0.060  -0.278318E+04  0.217409E+03
  0.002   0.060  -0.407814E+04 -0.107848E+03
  0.002   0.060  -0.406610E+04  0.330186E+03
  0.002   0.060  -0.524270E+04 -0.107841E+03
  0.002   0.060  -0.522920E+04  0.390255E+03
  0.002   0.060  -0.624796E+04 -0.107858E+03
  0.002   0.060  -0.623663E+04  0.390312E+03
  0.002   0.060  -0.706338E+04 -0.107898E+03
  0.002   0.060  -0.705644E+04  0.330273E+03
  0.002   0.060  -0.766418E+04 -0.107956E+03
  0.002   0.060  -0.766183E+04  0.217318E+03
  0.002   0.060  -0.803210E+04 -0.108026E+03
  0.002   0.060  -0.803255E+04  0.650592E+02
  0.003   0.070  -0.952788E+04 -0.108467E+03
  0.003   0.070  -0.952789E+04 -0.108469E+03
  0.003   0.070  -0.938308E+04 -0.108560E+03
  0.003   0.070  -0.937739E+04 -0.344753E+03
  0.003   0.070  -0.895316E+04 -0.108634E+03
  0.003   0.070  -0.893681E+04 -0.552324E+03
  0.003   0.070  -0.825120E+04 -0.108678E+03
  0.003   0.070  -0.822172E+04 -0.706073E+03
  0.003   0.070  -0.729853E+04 -0.108687E+03
  0.003   0.070  -0.725681E+04 -0.787480E+03
  0.003   0.070  -0.612409E+04 -0.108659E+03
  0.003   0.070  -0.607440E+04 -0.786835E+03
  0.003   0.070  -0.476358E+04 -0.108596E+03
  0.003   0.070  -0.471256E+04 -0.704360E+03
  0.003   0.070  -0.325832E+04 -0.108504E+03
  0.003   0.070  -0.321348E+04 -0.550110E+03
  0.003   0.070  -0.165405E+04 -0.108394E+03
  0.003   0.070  -0.162190E+04 -0.342714E+03
  0.003   0.070   0.472029E+00 -0.108276E+03
  0.003   0.070   0.160118E+02 -0.107113E+03
  0.003   0.070   0.165499E+04 -0.108164E+03
  0.003   0.070   0.165344E+04  0.128412E+03
  0.003   0.070   0.325922E+04 -0.108069E+03
  0.003   0.070   0.324361E+04  0.335590E+03
  0.003   0.070   0.476444E+04 -0.108003E+03
  0.003   0.070   0.474037E+04  0.489505E+03
  0.003   0.070   0.612489E+04 -0.107971E+03
  0.003   0.070   0.609905E+04  0.571570E+03
  0.003   0.070   0.729926E+04 -0.107976E+03
  0.003   0.070   0.727757E+04  0.571776E+03
  0.003   0.070   0.825184E+04 -0.108017E+03
  0.003   0.070   0.823795E+04  0.489957E+03
  0.003   0.070   0.895370E+04 -0.108089E+03
  0.003   0.070   0.894803E+04  0.335871E+03
  0.003   0.070   0.938352E+04 -0.108181E+03
  0.003   0.070   0.938325E+04  0.128078E+03
  0.003   0.070   0.952822E+04 -0.108284E+03
  0.003   0.070   0.952822E+04 -0.108286E+03
  0.003   0.070   0.938341E+04 -0.108385E+03
  0.003   0.070   0.937773E+04 -0.344577E+03
  0.003   0.070   0.895350E+04 -0.108471E+03
  0.003   0.070   0.893715E+04 -0.552160E+03
  0.003   0.070   0.825154E+04 -0.108533E+03
  0.003   0.070   0.822206E+04 -0.705926E+03
  0.003   0.070   0.729887E+04 -0.108564E+03
  0.003   0.070   0.725715E+04 -0.787355E+03
  0.003   0.070   0.612443E+04 -0.108561E+03
  0.003   0.070   0.607474E+04 -0.786736E+03
  0.003   0.070   0.476391E+04 -0.108527E+03
  0.003   0.070   0.471290E+04 -0.704289E+03
  0.003   0.070   0.325865E+04 -0.108466E+03
  0.003   0.070   0.321382E+04 -0.550069E+03
  0.003   0.070   0.165439E+04 -0.108387E+03
  0.003   0.070   0.162223E+04 -0.342705E+03
  0.003   0.070  -0.138697E+00 -0.108301E+03
  0.003   0.070  -0.156781E+02 -0.107136E+03
  0.003   0.070  -0.165466E+04 -0.108220E+03
  0.003   0.070  -0.165311E+04  0.128357E+03
  0.003   0.070  -0.325889E+04 -0.108155E+03
  0.003   0.070  -0.324328E+04  0.335506E+03
  0.003   0.070  -0.476411E+04 -0.108116E+03
  0.003   0.070  -0.474004E+04  0.489394E+03
  0.003   0.070  -0.612457E+04 -0.108107E+03
  0.003   0.070  -0.609872E+04  0.571435E+03
  0.003   0.070  -0.729893E+04 -0.108132E+03
  0.003   0.070  -0.727724E+04  0.571622E+03
  0.003   0.070  -0.825151E+04 -0.108188E+03
  0.003   0.070  -0.823762E+04  0.489787E+03
  0.003   0.070  -0.895337E+04 -0.108269E+03
  0.003   0.070  -0.894770E+04  0.335691E+03
  0.003   0.070  -0.938318E+04 -0.108366E+03
  0.003   0.070  -0.938292E+04  0.127894E+03
  0.003   0.080  -0.109056E+05 -0.108895E+03
  0.003   0.080  -0.109056E+05 -0.108897E+03
  0.003   0.080  -0.107398E+05 -0.109018E+03
  0.003   0.080  -0.107323E+05 -0.418528E+03
  0.003   0.080  -0.102477E+05 -0.109114E+03
  0.003   0.080  -0.102251E+05 -0.690476E+03
  0.003   0.080  -0.944428E+04 -0.109171E+03
  0.003   0.080  -0.940279E+04 -0.891816E+03
  0.003   0.080  -0.835385E+04 -0.109181E+03
  0.003   0.080  -0.829480E+04 -0.998306E+03
  0.003   0.080  -0.700959E+04 -0.109141E+03
  0.003   0.080  -0.693925E+04 -0.997290E+03
  0.003   0.080  -0.545234E+04 -0.109055E+03
  0.003   0.080  -0.538059E+04 -0.889135E+03
  0.003   0.080  -0.372943E+04 -0.108931E+03
  0.003   0.080  -0.366734E+04 -0.687073E+03
  0.003   0.080  -0.189319E+04 -0.108781E+03
  0.003   0.080  -0.185037E+04 -0.415518E+03
  0.003   0.080   0.572788E+00 -0.108623E+03
  0.003   0.080   0.183928E+02 -0.107096E+03
  0.003   0.080   0.189433E+04 -0.108472E+03
  0.003   0.080   0.188661E+04  0.201227E+03
  0.003   0.080   0.373053E+04 -0.108344E+03
  0.003   0.080   0.370196E+04  0.472496E+03
  0.003   0.080   0.545339E+04 -0.108254E+03
  0.003   0.080   0.541255E+04  0.674118E+03
  0.003   0.080   0.701057E+04 -0.108209E+03
  0.003   0.080   0.696760E+04  0.781732E+03
  0.003   0.080   0.835475E+04 -0.108214E+03
  0.003   0.080   0.831868E+04  0.782173E+03
  0.003   0.080   0.944507E+04 -0.108267E+03
  0.003   0.080   0.942148E+04  0.675141E+03
  0.003   0.080   0.102484E+05 -0.108360E+03
  0.003   0.080   0.102380E+05  0.473356E+03
  0.003   0.080   0.107404E+05 -0.108483E+03
  0.003   0.080   0.107390E+05  0.201116E+03
  0.003   0.080   0.109060E+05 -0.108619E+03
  0.003   0.080   0.109060E+05 -0.108621E+03
  0.003   0.080   0.107403E+05 -0.108752E+03
  0.003   0.080   0.107327E+05 -0.418262E+03
  0.003   0.080   0.102482E+05 -0.108867E+03
  0.003   0.080   0.102255E+05 -0.690229E+03
  0.003   0.080   0.944473E+04 -0.108951E+03
  0.003   0.080   0.940324E+04 -0.891595E+03
  0.003   0.080   0.835430E+04 -0.108994E+03
  0.003   0.080   0.829525E+04 -0.998118E+03
  0.003   0.080   0.701004E+04 -0.108993E+03
  0.003   0.080   0.693971E+04 -0.997140E+03
  0.003   0.080   0.545279E+04 -0.108950E+03
  0.003   0.080   0.538104E+04 -0.889028E+03
  0.003   0.080   0.372987E+04 -0.108872E+03
  0.003   0.080   0.366779E+04 -0.687013E+03
  0.003   0.080   0.189363E+04 -0.108771E+03
  0.003   0.080   0.185081E+04 -0.415505E+03
  0.003   0.080  -0.135674E+00 -0.108661E+03
  0.003   0.080  -0.179553E+02 -0.107131E+03
  0.003   0.080  -0.189389E+04 -0.108557E+03
  0.003   0.080  -0.188617E+04  0.201145E+03
  0.003   0.080  -0.373010E+04 -0.108474E+03
  0.003   0.080  -0.370153E+04  0.472369E+03
  0.003   0.080  -0.545297E+04 -0.108424E+03
  0.003   0.080  -0.541212E+04  0.673950E+03
  0.003   0.080  -0.701014E+04 -0.108415E+03
  0.003   0.080  -0.696718E+04  0.781529E+03
  0.003   0.080  -0.835432E+04 -0.108449E+03
  0.003   0.080  -0.831826E+04  0.781939E+03
  0.003   0.080  -0.944464E+04 -0.108524E+03
  0.003   0.080  -0.942105E+04  0.674884E+03
  0.003   0.080  -0.102480E+05 -0.108633E+03
  0.003   0.080  -0.102376E+05  0.473085E+03
  0.003   0.080  -0.107400E+05 -0.108761E+03
  0.003   0.080  -0.107386E+05  0.200837E+03
  0.003   0.090  -0.122899E+05 -0.109372E+03
  0.003   0.090  -0.122899E+05 -0.109387E+03
  0.003   0.090  -0.121031E+05 -0.109529E+03
  0.003   0.090  -0.120932E+05 -0.502724E+03
  0.003   0.090  -0.115486E+05 -0.109651E+03
  0.003   0.090  -0.115180E+05 -0.848110E+03
  0.003   0.090  -0.106431E+05 -0.109722E+03
  0.003   0.090  -0.105864E+05 -0.110369E+04
  0.003   0.090  -0.941425E+04 -0.109732E+03
  0.003   0.090  -0.933316E+04 -0.123869E+04
  0.003   0.090  -0.789935E+04 -0.109678E+03
  0.003   0.090  -0.780277E+04 -0.123715E+04
  0.003   0.090  -0.614442E+04 -0.109564E+03
  0.003   0.090  -0.604636E+04 -0.109965E+04
  0.003   0.090  -0.420280E+04 -0.109402E+03
  0.003   0.090  -0.411899E+04 -0.843063E+03
  0.003   0.090  -0.213348E+04 -0.109207E+03
  0.003   0.090  -0.207748E+04 -0.498414E+03
  0.003   0.090   0.677697E+00 -0.109000E+03
  0.003   0.090   0.208072E+02 -0.107066E+03
  0.003   0.090   0.213482E+04 -0.108802E+03
  0.003   0.090   0.211848E+04  0.284156E+03
  0.003   0.090   0.420411E+04 -0.108635E+03
  0.003   0.090   0.415816E+04  0.628440E+03
  0.003   0.090   0.614567E+04 -0.108515E+03
  0.003   0.090   0.608254E+04  0.884465E+03
  0.003   0.090   0.790052E+04 -0.108455E+03
  0.003   0.090   0.783488E+04  0.102128E+04
  0.003   0.090   0.941532E+04 -0.108458E+03
  0.003   0.090   0.936023E+04  0.102209E+04
  0.003   0.090   0.106441E+05 -0.108524E+03
  0.003   0.090   0.106076E+05  0.886388E+03
  0.003   0.090   0.115494E+05 -0.108643E+03
  0.003   0.090   0.115327E+05  0.630245E+03
  0.003   0.090   0.121038E+05 -0.108799E+03
  0.003   0.090   0.121009E+05  0.284485E+03
  0.003   0.090   0.122905E+05 -0.108974E+03
  0.003   0.090   0.122905E+05 -0.108988E+03
  0.003   0.090   0.121037E+05 -0.109146E+03
  0.003   0.090   0.120938E+05 -0.502340E+03
  0.003   0.090   0.115491E+05 -0.109295E+03
  0.003   0.090   0.115185E+05 -0.847753E+03
  0.003   0.090   0.106437E+05 -0.109405E+03
  0.003   0.090   0.105870E+05 -0.110337E+04
  0.003   0.090   0.941482E+04 -0.109463E+03
  0.003   0.090   0.933374E+04 -0.123842E+04
  0.003   0.090   0.789992E+04 -0.109465E+03
  0.003   0.090   0.780335E+04 -0.123694E+04
  0.003   0.090   0.614499E+04 -0.109413E+03
  0.003   0.090   0.604694E+04 -0.109949E+04
  0.003   0.090   0.420337E+04 -0.109317E+03
  0.003   0.090   0.411956E+04 -0.842976E+03
  0.003   0.090   0.213404E+04 -0.109191E+03
  0.003   0.090   0.207804E+04 -0.498395E+03
  0.003   0.090  -0.126161E+00 -0.109053E+03
  0.003   0.090  -0.202513E+02 -0.107116E+03
  0.003   0.090  -0.213428E+04 -0.108924E+03
  0.003   0.090  -0.211793E+04  0.284037E+03
  0.003   0.090  -0.420357E+04 -0.108821E+03
  0.003   0.090  -0.415762E+04  0.628258E+03
  0.003   0.090  -0.614514E+04 -0.108760E+03
  0.003   0.090  -0.608200E+04  0.884223E+03
  0.003   0.090  -0.789998E+04 -0.108751E+03
  0.003   0.090  -0.783434E+04  0.102099E+04
  0.003   0.090  -0.941479E+04 -0.108797E+03
  0.003   0.090  -0.935969E+04  0.102175E+04
  0.003   0.090  -0.106435E+05 -0.108895E+03
  0.003   0.090  -0.106070E+05  0.886018E+03
  0.003   0.090  -0.115488E+05 -0.109035E+03
  0.003   0.090  -0.115321E+05  0.629854E+03
  0.003   0.090  -0.121033E+05 -0.109201E+03
  0.003   0.090  -0.121004E+05  0.284084E+03
  0.004   0.100  -0.136817E+05 -0.109936E+03
  0.004   0.100  -0.136817E+05 -0.109939E+03
  0.004   0.100  -0.134738E+05 -0.110132E+03
  0.004   0.100  -0.134610E+05 -0.597568E+03
  0.004   0.100  -0.128564E+05 -0.110283E+03
  0.004   0.100  -0.128160E+05 -0.102564E+04
  0.004   0.100  -0.118484E+05 -0.110369E+03
  0.004   0.100  -0.117728E+05 -0.134221E+04
  0.004   0.100  -0.104804E+05 -0.110379E+03
  0.004   0.100  -0.103719E+05 -0.150920E+04
  0.004   0.100  -0.879391E+04 -0.110308E+03
  0.004   0.100  -0.866471E+04 -0.150694E+04
  0.004   0.100  -0.684023E+04 -0.110161E+03
  0.004   0.100  -0.670953E+04 -0.133632E+04
  0.004   0.100  -0.467872E+04 -0.109952E+03
  0.004   0.100  -0.456807E+04 -0.101837E+04
  0.004   0.100  -0.237505E+04 -0.109703E+03
  0.004   0.100  -0.230301E+04 -0.591547E+03
  0.004   0.100   0.802234E+00 -0.109440E+03
  0.004   0.100   0.232640E+02 -0.107019E+03
  0.004   0.100   0.237664E+04 -0.109188E+03
  0.004   0.100   0.234886E+04  0.377351E+03
  0.004   0.100   0.468027E+04 -0.108974E+03
  0.004   0.100   0.461188E+04  0.803720E+03
  0.004   0.100   0.684172E+04 -0.108819E+03
  0.004   0.100   0.675000E+04  0.112097E+04
  0.004   0.100   0.879530E+04 -0.108739E+03
  0.004   0.100   0.870064E+04  0.129074E+04
  0.004   0.100   0.104817E+05 -0.108741E+03
  0.004   0.100   0.104022E+05  0.129208E+04
  0.004   0.100   0.118496E+05 -0.108820E+03
  0.004   0.100   0.117965E+05  0.112423E+04
  0.004   0.100   0.128574E+05 -0.108967E+03
  0.004   0.100   0.128325E+05  0.806949E+03
  0.004   0.100   0.134746E+05 -0.109163E+03
  0.004   0.100   0.134697E+05  0.378414E+03
  0.004   0.100   0.136824E+05 -0.109382E+03
  0.004   0.100   0.136824E+05 -0.109385E+03
  0.004   0.100   0.134745E+05 -0.109599E+03
  0.004   0.100   0.134617E+05 -0.597034E+03
  0.004   0.100   0.128571E+05 -0.109788E+03
  0.004   0.100   0.128167E+05 -0.102514E+04
  0.004   0.100   0.118491E+05 -0.109928E+03
  0.004   0.100   0.117735E+05 -0.134176E+04
  0.004   0.100   0.104811E+05 -0.110004E+03
  0.004   0.100   0.103726E+05 -0.150882E+04
  0.004   0.100   0.879463E+04 -0.110011E+03
  0.004   0.100   0.866543E+04 -0.150664E+04
  0.004   0.100   0.684095E+04 -0.109951E+03
  0.004   0.100   0.671024E+04 -0.133610E+04
  0.004   0.100   0.467943E+04 -0.109835E+03
  0.004   0.100   0.456878E+04 -0.101825E+04
  0.004   0.100   0.237574E+04 -0.109682E+03
  0.004   0.100   0.230371E+04 -0.591520E+03
  0.004   0.100  -0.113764E+00 -0.109514E+03
  0.004   0.100  -0.225749E+02 -0.107089E+03
  0.004   0.100  -0.237596E+04 -0.109357E+03
  0.004   0.100  -0.234818E+04  0.377187E+03
  0.004   0.100  -0.467960E+04 -0.109232E+03
  0.004   0.100  -0.461121E+04  0.803467E+03
  0.004   0.100  -0.684105E+04 -0.109159E+03
  0.004   0.100  -0.674934E+04  0.112064E+04
  0.004   0.100  -0.879464E+04 -0.109151E+03
  0.004   0.100  -0.869998E+04  0.129033E+04
  0.004   0.100  -0.104810E+05 -0.109212E+03
  0.004   0.100  -0.104015E+05  0.129162E+04
  0.004   0.100  -0.118489E+05 -0.109337E+03
  0.004   0.100  -0.117959E+05  0.112371E+04
  0.004   0.100  -0.128567E+05 -0.109513E+03
  0.004   0.100  -0.128318E+05  0.806405E+03
  0.004   0.100  -0.134739E+05 -0.109722E+03
  0.004   0.100  -0.134691E+05  0.377856E+03
  0.004   0.110  -0.150820E+05 -0.110557E+03
  0.004   0.110  -0.150820E+05 -0.110563E+03
  0.004   0.110  -0.148527E+05 -0.110796E+03
  0.004   0.110  -0.148365E+05 -0.703321E+03
  0.004   0.110  -0.141722E+05 -0.110979E+03
  0.004   0.110  -0.141198E+05 -0.122353E+04
  0.004   0.110  -0.130610E+05 -0.111083E+03
  0.004   0.110  -0.129623E+05 -0.160798E+04
  0.004   0.110  -0.115530E+05 -0.111091E+03
  0.004   0.110  -0.114109E+05 -0.181046E+04
  0.004   0.110  -0.969387E+04 -0.110998E+03
  0.004   0.110  -0.952478E+04 -0.180725E+04
  0.004   0.110  -0.754025E+04 -0.110812E+03
  0.004   0.110  -0.736968E+04 -0.159963E+04
  0.004   0.110  -0.515752E+04 -0.110551E+03
  0.004   0.110  -0.501422E+04 -0.121333E+04
  0.004   0.110  -0.261807E+04 -0.110239E+03
  0.004   0.110  -0.252676E+04 -0.695088E+03
  0.004   0.110   0.927221E+00 -0.109909E+03
  0.004   0.110   0.257537E+02 -0.106960E+03
  0.004   0.110   0.261991E+04 -0.109594E+03
  0.004   0.110   0.257752E+04  0.480975E+03
  0.004   0.110   0.515931E+04 -0.109325E+03
  0.004   0.110   0.506274E+04  0.998660E+03
  0.004   0.110   0.754197E+04 -0.109130E+03
  0.004   0.110   0.741452E+04  0.138411E+04
  0.004   0.110   0.969550E+04 -0.109027E+03
  0.004   0.110   0.956461E+04  0.159069E+04
  0.004   0.110   0.115545E+05 -0.109024E+03
  0.004   0.110   0.114446E+05  0.159278E+04
  0.004   0.110   0.130624E+05 -0.109119E+03
  0.004   0.110   0.129886E+05  0.138924E+04
  0.004   0.110   0.141734E+05 -0.109298E+03
  0.004   0.110   0.141381E+05  0.100393E+04
  0.004   0.110   0.148538E+05 -0.109537E+03
  0.004   0.110   0.148463E+05  0.483154E+03
  0.004   0.110   0.150828E+05 -0.109807E+03
  0.004   0.110   0.150828E+05 -0.109813E+03
  0.004   0.110   0.148536E+05 -0.110075E+03
  0.004   0.110   0.148374E+05 -0.702600E+03
  0.004   0.110   0.141731E+05 -0.110311E+03
  0.004   0.110   0.141207E+05 -0.122285E+04
  0.004   0.110   0.130619E+05 -0.110486E+03
  0.004   0.110   0.129631E+05 -0.160738E+04
  0.004   0.110   0.115538E+05 -0.110584E+03
  0.004   0.110   0.114118E+05 -0.180995E+04
  0.004   0.110   0.969476E+04 -0.110597E+03
  0.004   0.110   0.952566E+04 -0.180684E+04
  0.004   0.110   0.754113E+04 -0.110528E+03
  0.004   0.110   0.737056E+04 -0.159934E+04
  0.004   0.110   0.515838E+04 -0.110392E+03
  0.004   0.110   0.501509E+04 -0.121316E+04
  0.004   0.110   0.261893E+04 -0.110210E+03
  0.004   0.110   0.252762E+04 -0.695052E+03
  0.004   0.110  -0.898815E-01 -0.110009E+03
  0.004   0.110  -0.249141E+02 -0.107054E+03
  0.004   0.110  -0.261909E+04 -0.109821E+03
  0.004   0.110  -0.257669E+04  0.480754E+03
  0.004   0.110  -0.515850E+04 -0.109673E+03
  0.004   0.110  -0.506192E+04  0.998318E+03
  0.004   0.110  -0.754117E+04 -0.109588E+03
  0.004   0.110  -0.741372E+04  0.138366E+04
  0.004   0.110  -0.969470E+04 -0.109582E+03
  0.004   0.110  -0.956381E+04  0.159014E+04
  0.004   0.110  -0.115537E+05 -0.109660E+03
  0.004   0.110  -0.114438E+05  0.159215E+04
  0.004   0.110  -0.130615E+05 -0.109817E+03
  0.004   0.110  -0.129878E+05  0.138855E+04
  0.004   0.110  -0.141726E+05 -0.110035E+03
  0.004   0.110  -0.141373E+05  0.100319E+04
  0.004   0.110  -0.148529E+05 -0.110292E+03
  0.004   0.110  -0.148454E+05  0.482400E+03
  0.005   0.120  -0.164915E+05 -0.111249E+03
  0.005   0.120  -0.164915E+05 -0.111251E+03
  0.005   0.120  -0.162409E+05 -0.111537E+03
  0.005   0.120  -0.162206E+05 -0.820265E+03
  0.005   0.120  -0.154967E+05 -0.111757E+03
  0.005   0.120  -0.154300E+05 -0.144229E+04
  0.005   0.120  -0.142817E+05 -0.111879E+03
  0.005   0.120  -0.141551E+05 -0.190165E+04
  0.005   0.120  -0.126327E+05 -0.111883E+03
  0.005   0.120  -0.124503E+05 -0.214317E+04
  0.005   0.120  -0.105998E+05 -0.111766E+03
  0.005   0.120  -0.103827E+05 -0.213871E+04
  0.005   0.120  -0.824491E+04 -0.111534E+03
  0.005   0.120  -0.802640E+04 -0.189009E+04
  0.005   0.120  -0.563949E+04 -0.111211E+03
  0.005   0.120  -0.545705E+04 -0.142829E+04
  0.005   0.120  -0.286271E+04 -0.110827E+03
  0.005   0.120  -0.274848E+04 -0.809212E+03
  0.005   0.120   0.106477E+01 -0.110421E+03
  0.005   0.120   0.282885E+02 -0.106876E+03
  0.005   0.120   0.286482E+04 -0.110033E+03
  0.005   0.120   0.280423E+04  0.595228E+03
  0.005   0.120   0.564155E+04 -0.109701E+03
  0.005   0.120   0.551035E+04  0.121364E+04
  0.005   0.120   0.824690E+04 -0.109458E+03
  0.005   0.120   0.807570E+04  0.167442E+04
  0.005   0.120   0.106017E+05 -0.109327E+03
  0.005   0.120   0.104265E+05  0.192179E+04
  0.005   0.120   0.126344E+05 -0.109319E+03
  0.005   0.120   0.124873E+05  0.192491E+04
  0.005   0.120   0.142832E+05 -0.109429E+03
  0.005   0.120   0.141842E+05  0.168212E+04
  0.005   0.120   0.154981E+05 -0.109643E+03
  0.005   0.120   0.154502E+05  0.122172E+04
  0.005   0.120   0.162421E+05 -0.109931E+03
  0.005   0.120   0.162314E+05  0.599005E+03
  0.005   0.120   0.164926E+05 -0.110259E+03
  0.005   0.120   0.164925E+05 -0.110261E+03
  0.005   0.120   0.162419E+05 -0.110586E+03
  0.005   0.120   0.162216E+05 -0.819312E+03
  0.005   0.120   0.154978E+05 -0.110874E+03
  0.005   0.120   0.154310E+05 -0.144140E+04
  0.005   0.120   0.142827E+05 -0.111091E+03
  0.005   0.120   0.141562E+05 -0.190086E+04
  0.005   0.120   0.126337E+05 -0.111215E+03
  0.005   0.120   0.124513E+05 -0.214250E+04
  0.005   0.120   0.106009E+05 -0.111236E+03
  0.005   0.120   0.103838E+05 -0.213817E+04
  0.005   0.120   0.824598E+04 -0.111159E+03
  0.005   0.120   0.802746E+04 -0.188971E+04
  0.005   0.120   0.564053E+04 -0.111001E+03
  0.005   0.120   0.545809E+04 -0.142807E+04
  0.005   0.120   0.286373E+04 -0.110787E+03
  0.005   0.120   0.274950E+04 -0.809163E+03
  0.005   0.120  -0.616471E-01 -0.110552E+03
  0.005   0.120  -0.272848E+02 -0.106999E+03
  0.005   0.120  -0.286384E+04 -0.110331E+03
  0.005   0.120  -0.280325E+04  0.594938E+03
  0.005   0.120  -0.564059E+04 -0.110158E+03
  0.005   0.120  -0.550939E+04  0.121319E+04
  0.005   0.120  -0.824594E+04 -0.110061E+03
  0.005   0.120  -0.807474E+04  0.167383E+04
  0.005   0.120  -0.106007E+05 -0.110059E+03
  0.005   0.120  -0.104255E+05  0.192106E+04
  0.005   0.120  -0.126334E+05 -0.110157E+03
  0.005   0.120  -0.124863E+05  0.192408E+04
  0.005   0.120  -0.142823E+05 -0.110350E+03
  0.005   0.120  -0.141832E+05  0.168121E+04
  0.005   0.120  -0.154971E+05 -0.110617E+03
  0.005   0.120  -0.154492E+05  0.122075E+04
  0.005   0.120  -0.162411E+05 -0.110929E+03
  0.005   0.120  -0.162304E+05  0.598009E+03
  0.005   0.130  -0.179114E+05 -0.112010E+03
  0.005   0.130  -0.179114E+05 -0.112026E+03
  0.005   0.130  -0.176391E+05 -0.112354E+03
  0.005   0.130  -0.176140E+05 -0.948740E+03
  0.005   0.130  -0.168309E+05 -0.112614E+03
  0.005   0.130  -0.167471E+05 -0.168254E+04
  0.005   0.130  -0.155112E+05 -0.112754E+03
  0.005   0.130  -0.153516E+05 -0.222400E+04
  0.005   0.130  -0.137202E+05 -0.112754E+03
  0.005   0.130  -0.134898E+05 -0.250814E+04
  0.005   0.130  -0.115124E+05 -0.112607E+03
  0.005   0.130  -0.112381E+05 -0.250207E+04
  0.005   0.130  -0.895469E+04 -0.112323E+03
  0.005   0.130  -0.867921E+04 -0.220831E+04
  0.005   0.130  -0.612494E+04 -0.111929E+03
  0.005   0.130  -0.589610E+04 -0.166367E+04
  0.005   0.130  -0.310909E+04 -0.111462E+03
  0.005   0.130  -0.296790E+04 -0.934136E+03
  0.005   0.130   0.123710E+01 -0.110968E+03
  0.005   0.130   0.308724E+02 -0.106782E+03
  0.005   0.130   0.311155E+04 -0.110496E+03
  0.005   0.130   0.302875E+04  0.720300E+03
  0.005   0.130   0.612734E+04 -0.110091E+03
  0.005   0.130   0.595430E+04  0.144905E+04
  0.005   0.130   0.895700E+04 -0.109793E+03
  0.005   0.130   0.873305E+04  0.199248E+04
  0.005   0.130   0.115145E+05 -0.109629E+03
  0.005   0.130   0.112860E+05  0.228475E+04
  0.005   0.130   0.137223E+05 -0.109613E+03
  0.005   0.130   0.135303E+05  0.228923E+04
  0.005   0.130   0.155131E+05 -0.109740E+03
  0.005   0.130   0.153834E+05  0.200359E+04
  0.005   0.130   0.168325E+05 -0.109992E+03
  0.005   0.130   0.167693E+05  0.146089E+04
  0.005   0.130   0.176406E+05 -0.110336E+03
  0.005   0.130   0.176259E+05  0.726273E+03
  0.005   0.130   0.179126E+05 -0.110728E+03
  0.005   0.130   0.179126E+05 -0.110744E+03
  0.005   0.130   0.176404E+05 -0.111121E+03
  0.005   0.130   0.176153E+05 -0.947505E+03
  0.005   0.130   0.168321E+05 -0.111470E+03
  0.005   0.130   0.167484E+05 -0.168139E+04
  0.005   0.130   0.155125E+05 -0.111734E+03
  0.005   0.130   0.153529E+05 -0.222298E+04
  0.005   0.130   0.137215E+05 -0.111889E+03
  0.005   0.130   0.134911E+05 -0.250727E+04
  0.005   0.130   0.115136E+05 -0.111921E+03
  0.005   0.130   0.112394E+05 -0.250138E+04
  0.005   0.130   0.895596E+04 -0.111837E+03
  0.005   0.130   0.868048E+04 -0.220782E+04
  0.005   0.130   0.612619E+04 -0.111656E+03
  0.005   0.130   0.589735E+04 -0.166339E+04
  0.005   0.130   0.311031E+04 -0.111409E+03
  0.005   0.130   0.296912E+04 -0.934074E+03
  0.005   0.130  -0.535051E-01 -0.111136E+03
  0.005   0.130  -0.296822E+02 -0.106940E+03
  0.005   0.130  -0.311039E+04 -0.110880E+03
  0.005   0.130  -0.302759E+04  0.719925E+03
  0.005   0.130  -0.612621E+04 -0.110681E+03
  0.005   0.130  -0.595316E+04  0.144847E+04
  0.005   0.130  -0.895589E+04 -0.110572E+03
  0.005   0.130  -0.873193E+04  0.199171E+04
  0.005   0.130  -0.115134E+05 -0.110575E+03
  0.005   0.130  -0.112848E+05  0.228381E+04
  0.005   0.130  -0.137211E+05 -0.110697E+03
  0.005   0.130  -0.135292E+05  0.228815E+04
  0.005   0.130  -0.155119E+05 -0.110930E+03
  0.005   0.130  -0.153823E+05  0.200240E+04
  0.005   0.130  -0.168314E+05 -0.111253E+03
  0.005   0.130  -0.167682E+05  0.145963E+04
  0.005   0.130  -0.176394E+05 -0.111627E+03
  0.005   0.130  -0.176247E+05  0.724983E+03
  0.005   0.140  -0.193427E+05 -0.112903E+03
  0.005   0.140  -0.193427E+05 -0.112910E+03
  0.005   0.140  -0.190487E+05 -0.113307E+03
  0.005   0.140  -0.190180E+05 -0.108914E+04
  0.005   0.140  -0.181758E+05 -0.113611E+03
  0.005   0.140  -0.180720E+05 -0.194495E+04
  0.005   0.140  -0.167507E+05 -0.113771E+03
  0.005   0.140  -0.165521E+05 -0.257589E+04
  0.005   0.140  -0.148166E+05 -0.113763E+03
  0.005   0.140  -0.145295E+05 -0.290628E+04
  0.005   0.140  -0.124323E+05 -0.113580E+03
  0.005   0.140  -0.120907E+05 -0.289817E+04
  0.005   0.140  -0.967022E+04 -0.113235E+03
  0.005   0.140  -0.932767E+04 -0.255498E+04
  0.005   0.140  -0.661435E+04 -0.112759E+03
  0.005   0.140  -0.633096E+04 -0.191996E+04
  0.005   0.140  -0.335750E+04 -0.112197E+03
  0.005   0.140  -0.318475E+04 -0.107010E+04
  0.005   0.140   0.136652E+01 -0.111604E+03
  0.005   0.140   0.335484E+02 -0.106680E+03
  0.005   0.140   0.336022E+04 -0.111036E+03
  0.005   0.140   0.325089E+04  0.856421E+03
  0.005   0.140   0.661700E+04 -0.110548E+03
  0.005   0.140   0.639423E+04  0.170535E+04
  0.005   0.140   0.967278E+04 -0.110187E+03
  0.005   0.140   0.938623E+04  0.233895E+04
  0.005   0.140   0.124347E+05 -0.109985E+03
  0.005   0.140   0.121428E+05  0.268040E+04
  0.005   0.140   0.148189E+05 -0.109958E+03
  0.005   0.140   0.145736E+05  0.268664E+04
  0.005   0.140   0.167528E+05 -0.110103E+03
  0.005   0.140   0.165868E+05  0.235448E+04
  0.005   0.140   0.181777E+05 -0.110398E+03
  0.005   0.140   0.180963E+05  0.172208E+04
  0.005   0.140   0.190503E+05 -0.110803E+03
  0.005   0.140   0.190310E+05  0.865309E+03
  0.005   0.140   0.193441E+05 -0.111268E+03
  0.005   0.140   0.193441E+05 -0.111276E+03
  0.005   0.140   0.190501E+05 -0.111737E+03
  0.005   0.140   0.190194E+05 -0.108756E+04
  0.005   0.140   0.181773E+05 -0.112154E+03
  0.005   0.140   0.180735E+05 -0.194349E+04
  0.005   0.140   0.167522E+05 -0.112473E+03
  0.005   0.140   0.165537E+05 -0.257458E+04
  0.005   0.140   0.148181E+05 -0.112663E+03
  0.005   0.140   0.145311E+05 -0.290517E+04
  0.005   0.140   0.124338E+05 -0.112710E+03
  0.005   0.140   0.120922E+05 -0.289729E+04
  0.005   0.140   0.967173E+04 -0.112619E+03
  0.005   0.140   0.932919E+04 -0.255435E+04
  0.005   0.140   0.661583E+04 -0.112414E+03
  0.005   0.140   0.633245E+04 -0.191960E+04
  0.005   0.140   0.335895E+04 -0.112132E+03
  0.005   0.140   0.318621E+04 -0.107002E+04
  0.005   0.140   0.402023E-01 -0.111820E+03
  0.005   0.140  -0.321385E+02 -0.106884E+03
  0.005   0.140  -0.335885E+04 -0.111527E+03
  0.005   0.140  -0.324952E+04  0.855943E+03
  0.005   0.140  -0.661567E+04 -0.111300E+03
  0.005   0.140  -0.639289E+04  0.170461E+04
  0.005   0.140  -0.967147E+04 -0.111179E+03
  0.005   0.140  -0.938492E+04  0.233797E+04
  0.005   0.140  -0.124334E+05 -0.111189E+03
  0.005   0.140  -0.121415E+05  0.267921E+04
  0.005   0.140  -0.148175E+05 -0.111340E+03
  0.005   0.140  -0.145723E+05  0.268527E+04
  0.005   0.140  -0.167515E+05 -0.111621E+03
  0.005   0.140  -0.165855E+05  0.235297E+04
  0.005   0.140  -0.181763E+05 -0.112005E+03
  0.005   0.140  -0.180949E+05  0.172048E+04
  0.005   0.140  -0.190489E+05 -0.112450E+03
  0.005   0.140  -0.190296E+05  0.863665E+03
