  0.000   0.000   0.000000E+00  0.000000E+00
  0.000   0.000   0.000000E+00  0.000000E+00
  0.000   0.000   0.000000E+00  0.000000E+00
  0.000   0.000   0.000000E+00  0.000000E+00
  0.000   0.000   0.000000E+00  0.000000E+00
  0.000   0.000   0.000000E+00  0.000000E+00
  0.000   0.000   0.000000E+00  0.000000E+00
  0.000   0.000   0.000000E+00  0.000000E+00
  0.000   0.000   0.000000E+00  0.000000E+00
  0.000   0.000   0.000000E+00  0.000000E+00
  0.000   0.000   0.000000E+00  0.000000E+00
  0.000   0.000   0.000000E+00  0.000000E+00
  0.000   0.000   0.000000E+00  0.000000E+00
  0.000   0.000   0.000000E+00  0.000000E+00
  0.000   0.000   0.000000E+00  0.000000E+00
  0.000   0.000   0.000000E+00  0.000000E+00
  0.000   0.000   0.000000E+00  0.000000E+00
  0.000   0.000   0.000000E+00  0.000000E+00
  0.000   0.000   0.000000E+00  0.000000E+00
  0.000   0.000   0.000000E+00  0.000000E+00
 -1.000  -1.000            NaN           NaN
 -1.000  -1.000            NaN           NaN
 -1.000  -1.000            NaN           NaN
 -1.000  -1.000            NaN           NaN
 -1.000  -1.000            NaN           NaN
 -1.000  -1.000            NaN           NaN
 -1.000  -1.000            NaN           NaN
 -1.000  -1.000            NaN           NaN
 -1.000  -1.000            NaN           NaN
 -1.000  -1.000            NaN           NaN
 -1.000  -1.000            NaN           NaN
 -1.000  -1.000            NaN           NaN
 -1.000  -1.000            NaN           NaN
 -1.000  -1.000            NaN           NaN
 -1.000  -1.000            NaN           NaN
 -1.000  -1.000            NaN           NaN
 -1.000  -1.000            NaN           NaN
 -1.000  -1.000            NaN           NaN
 -1.000  -1.000            NaN           NaN
 -1.000  -1.000            NaN           NaN
  0.067   0.200   0.196887E+00  0.905712E-03
  0.067   0.200   0.191135E+00 -0.330192E-02
  0.067   0.200   0.190623E+00 -0.786557E-02
  0.067   0.200   0.190732E+00 -0.124613E-01
  0.067   0.200   0.196029E+00 -0.172833E-01
  0.067   0.200   0.197162E+00  0.731130E-03
  0.067   0.200   0.191560E+00 -0.341297E-02
  0.067   0.200   0.191070E+00 -0.788344E-02
  0.067   0.200   0.191114E+00 -0.123919E-01
  0.067   0.200   0.196335E+00 -0.171305E-01
  0.067   0.200   0.197105E+00  0.733656E-03
  0.067   0.200   0.191561E+00 -0.340829E-02
  0.067   0.200   0.191079E+00 -0.788536E-02
  0.067   0.200   0.191162E+00 -0.123977E-01
  0.067   0.200   0.196280E+00 -0.171129E-01
  0.067   0.200   0.196888E+00  0.915585E-03
  0.067   0.200   0.191135E+00 -0.330401E-02
  0.067   0.200   0.190620E+00 -0.786249E-02
  0.067   0.200   0.190732E+00 -0.124651E-01
  0.067   0.200   0.196045E+00 -0.172951E-01
