  0.000   0.000   0.000000E+00  0.000000E+00
  0.000   0.000   0.000000E+00  0.000000E+00
  0.000   0.000   0.000000E+00  0.000000E+00
  0.000   0.000   0.000000E+00  0.000000E+00
  0.000   0.000   0.000000E+00  0.000000E+00
  0.000   0.000   0.000000E+00  0.000000E+00
  0.000   0.000   0.000000E+00  0.000000E+00
  0.000   0.000   0.000000E+00  0.000000E+00
  0.000   0.000   0.000000E+00  0.000000E+00
  0.000   0.000   0.000000E+00  0.000000E+00
  0.000   0.000   0.000000E+00  0.000000E+00
  0.000   0.000   0.000000E+00  0.000000E+00
  0.000   0.000   0.000000E+00  0.000000E+00
  0.000   0.000   0.000000E+00  0.000000E+00
  0.000   0.000   0.000000E+00  0.000000E+00
  0.000   0.000   0.000000E+00  0.000000E+00
  0.000   0.000   0.000000E+00  0.000000E+00
  0.000   0.000   0.000000E+00  0.000000E+00
  0.000   0.000   0.000000E+00  0.000000E+00
  0.000   0.000   0.000000E+00  0.000000E+00
 -1.000  -1.000            NaN           NaN
 -1.000  -1.000            NaN           NaN
 -1.000  -1.000            NaN           NaN
 -1.000  -1.000            NaN           NaN
 -1.000  -1.000            NaN           NaN
 -1.000  -1.000            NaN           NaN
 -1.000  -1.000            NaN           NaN
 -1.000  -1.000            NaN           NaN
 -1.000  -1.000            NaN           NaN
 -1.000  -1.000            NaN           NaN
 -1.000  -1.000            NaN           NaN
 -1.000  -1.000            NaN           NaN
 -1.000  -1.000            NaN           NaN
 -1.000  -1.000            NaN           NaN
 -1.000  -1.000            NaN           NaN
 -1.000  -1.000            NaN           NaN
 -1.000  -1.000            NaN           NaN
 -1.000  -1.000            NaN           NaN
 -1.000  -1.000            NaN           NaN
 -1.000  -1.000            NaN           NaN
  0.067   0.200  -0.158387E-01 -0.104862E-01
  0.067   0.200  -0.893986E-02 -0.134290E-01
  0.067   0.200  -0.153278E-02 -0.144974E-01
  0.067   0.200   0.609159E-02 -0.141681E-01
  0.067   0.200   0.133453E-01 -0.119813E-01
  0.067   0.200  -0.371435E-02  0.944581E-03
  0.067   0.200  -0.252739E-02  0.369821E-03
  0.067   0.200  -0.744169E-03  0.132681E-03
  0.067   0.200   0.834526E-03  0.136246E-03
  0.067   0.200   0.235117E-02  0.589255E-03
  0.067   0.200   0.229280E-02  0.106655E-01
  0.067   0.200   0.109438E-02  0.113492E-01
  0.067   0.200  -0.579115E-03  0.117418E-01
  0.067   0.200  -0.192516E-02  0.119659E-01
  0.067   0.200  -0.309026E-02  0.113428E-01
  0.067   0.200   0.146177E-01  0.226926E-01
  0.067   0.200   0.754135E-02  0.251488E-01
  0.067   0.200   0.439949E-03  0.262847E-01
  0.067   0.200  -0.698564E-02  0.263235E-01
  0.067   0.200  -0.137030E-01  0.240482E-01
