  0.000   0.000   0.000000E+00  0.000000E+00
  0.000   0.000   0.000000E+00  0.000000E+00
  0.000   0.000   0.000000E+00  0.000000E+00
  0.000   0.000   0.000000E+00  0.000000E+00
  0.000   0.000   0.000000E+00  0.000000E+00
  0.000   0.000   0.000000E+00  0.000000E+00
  0.000   0.000   0.000000E+00  0.000000E+00
  0.000   0.000   0.000000E+00  0.000000E+00
  0.000   0.000   0.000000E+00  0.000000E+00
  0.000   0.000   0.000000E+00  0.000000E+00
  0.000   0.000   0.000000E+00  0.000000E+00
  0.000   0.000   0.000000E+00  0.000000E+00
  0.000   0.000   0.000000E+00  0.000000E+00
  0.000   0.000   0.000000E+00  0.000000E+00
  0.000   0.000   0.000000E+00  0.000000E+00
  0.000   0.000   0.000000E+00  0.000000E+00
  0.000   0.000   0.000000E+00  0.000000E+00
  0.000   0.000   0.000000E+00  0.000000E+00
  0.000   0.000   0.000000E+00  0.000000E+00
  0.000   0.000   0.000000E+00  0.000000E+00
 -1.000  -1.000            NaN           NaN
 -1.000  -1.000            NaN           NaN
 -1.000  -1.000            NaN           NaN
 -1.000  -1.000            NaN           NaN
 -1.000  -1.000            NaN           NaN
 -1.000  -1.000            NaN           NaN
 -1.000  -1.000            NaN           NaN
 -1.000  -1.000            NaN           NaN
 -1.000  -1.000            NaN           NaN
 -1.000  -1.000            NaN           NaN
 -1.000  -1.000            NaN           NaN
 -1.000  -1.000            NaN           NaN
 -1.000  -1.000            NaN           NaN
 -1.000  -1.000            NaN           NaN
 -1.000  -1.000            NaN           NaN
 -1.000  -1.000            NaN           NaN
 -1.000  -1.000            NaN           NaN
 -1.000  -1.000            NaN           NaN
 -1.000  -1.000            NaN           NaN
 -1.000  -1.000            NaN           NaN
  0.067   0.200  -0.639979E-05  0.123784E-03
  0.067   0.200  -0.282023E-05  0.123850E-03
  0.067   0.200   0.462556E-06  0.123851E-03
  0.067   0.200   0.369881E-05  0.123771E-03
  0.067   0.200   0.676223E-05  0.123611E-03
  0.067   0.200  -0.640458E-05  0.123796E-03
  0.067   0.200  -0.283587E-05  0.123862E-03
  0.067   0.200   0.444450E-06  0.123858E-03
  0.067   0.200   0.368371E-05  0.123775E-03
  0.067   0.200   0.674226E-05  0.123610E-03
  0.067   0.200  -0.639592E-05  0.123799E-03
  0.067   0.200  -0.283079E-05  0.123866E-03
  0.067   0.200   0.412691E-06  0.123891E-03
  0.067   0.200   0.367923E-05  0.123782E-03
  0.067   0.200   0.674694E-05  0.123616E-03
  0.067   0.200  -0.637317E-05  0.123790E-03
  0.067   0.200  -0.279581E-05  0.123865E-03
  0.067   0.200   0.487051E-06  0.123866E-03
  0.067   0.200   0.370956E-05  0.123794E-03
  0.067   0.200   0.676090E-05  0.123636E-03
