  0.000   0.000   -0.26782E-04  -0.97970E-01  -0.53176E-03   0.53477E-02  -0.18431E-05  -0.19366E-06
  0.000   0.000    0.13031E-04   0.95837E-02  -0.15700E-01  -0.50630E-03   0.68922E-06   0.26071E-07
  0.000   0.000    0.15325E-04   0.97881E-03  -0.36933E-02  -0.52807E-04   0.10672E-05  -0.13746E-07
  0.000   0.000    0.13056E-05   0.29019E-03  -0.16619E-02  -0.15533E-04   0.65770E-07   0.96859E-09
  0.000   0.000   -0.36751E-03  -0.13634E-03  -0.11400E-02   0.72803E-05  -0.19682E-04   0.11090E-08
  0.000   0.000   -0.16451E-04  -0.41540E-03  -0.22349E-04   0.22270E-04  -0.87546E-06  -0.75127E-09
  0.000   0.000   -0.25531E-03   0.68960E-04  -0.12015E-02  -0.36823E-05  -0.13645E-04   0.40883E-09
  0.000   0.000   -0.12386E-03   0.82211E-04  -0.90097E-03  -0.44013E-05  -0.66254E-05   0.33419E-09
  0.000   0.000   -0.43066E-06  -0.50590E-04   0.70280E-05   0.27130E-05  -0.22860E-07  -0.39213E-10
  0.000   0.000   -0.30739E-04  -0.39158E-04  -0.16459E-03   0.21010E-05  -0.16456E-05   0.28617E-10
  0.000   0.000    0.11529E-04   0.96687E-02   0.15608E-01  -0.51078E-03   0.66196E-06   0.94393E-08
  0.000   0.000   -0.26933E-04  -0.98404E-01   0.87503E-04   0.53705E-02  -0.18508E-05  -0.19456E-06
  0.000   0.000    0.12864E-04   0.95460E-02  -0.15552E-01  -0.50428E-03   0.67393E-06   0.26515E-07
  0.000   0.000    0.15197E-04   0.97831E-03  -0.36211E-02  -0.52775E-04   0.10605E-05  -0.13663E-07
  0.000   0.000    0.93808E-06  -0.40530E-03  -0.28326E-06   0.21733E-04   0.52560E-07  -0.76890E-09
  0.000   0.000    0.35467E-03  -0.13668E-03   0.11082E-02   0.73329E-05   0.18972E-04  -0.80175E-09
  0.000   0.000   -0.35259E-03  -0.13341E-03  -0.11165E-02   0.71192E-05  -0.18855E-04   0.10586E-08
  0.000   0.000   -0.24793E-03   0.70276E-04  -0.11693E-02  -0.37512E-05  -0.13250E-04   0.40428E-09
  0.000   0.000    0.30139E-04  -0.38572E-04   0.17137E-03   0.20686E-05   0.16135E-05  -0.94082E-10
  0.000   0.000    0.44521E-06  -0.49078E-04   0.35786E-05   0.26318E-05   0.23734E-07  -0.38429E-10
  0.000   0.000   -0.19289E-06   0.99787E-03   0.36629E-02  -0.53733E-04  -0.10332E-06   0.15044E-07
  0.000   0.000    0.11193E-04   0.96356E-02   0.15657E-01  -0.50904E-03   0.64393E-06   0.93648E-08
  0.000   0.000   -0.27467E-04  -0.98404E-01   0.12272E-03   0.53705E-02  -0.18797E-05  -0.19447E-06
  0.000   0.000    0.12047E-04   0.95790E-02  -0.15503E-01  -0.50602E-03   0.62890E-06   0.26518E-07
  0.000   0.000    0.36173E-03  -0.14082E-03   0.11121E-02   0.75530E-05   0.19348E-04  -0.80980E-09
  0.000   0.000    0.25351E-03   0.67331E-04   0.11789E-02  -0.35993E-05   0.13559E-04  -0.53014E-09
  0.000   0.000    0.13251E-04  -0.39519E-03  -0.16618E-04   0.21104E-04   0.81430E-06  -0.81690E-09
  0.000   0.000   -0.35250E-03  -0.13433E-03  -0.10917E-02   0.71756E-05  -0.18884E-04   0.10761E-08
  0.000   0.000    0.42985E-04  -0.17652E-04   0.27183E-03   0.94684E-06   0.23014E-05  -0.11862E-09
  0.000   0.000    0.30369E-04  -0.39190E-04   0.16593E-03   0.21009E-05   0.16255E-05  -0.96133E-10
  0.000   0.000   -0.10520E-05   0.29244E-03   0.16889E-02  -0.15666E-04  -0.55698E-07  -0.11556E-08
  0.000   0.000   -0.64346E-06   0.99840E-03   0.37373E-02  -0.53768E-04  -0.12749E-06   0.14973E-07
  0.000   0.000    0.10654E-04   0.96732E-02   0.15807E-01  -0.51105E-03   0.60820E-06   0.97018E-08
  0.000   0.000   -0.27765E-04  -0.97973E-01   0.73774E-03   0.53478E-02  -0.18941E-05  -0.19384E-06
  0.000   0.000    0.26086E-03   0.66219E-04   0.12139E-02  -0.35431E-05   0.13951E-04  -0.54228E-09
  0.000   0.000    0.12616E-03   0.82457E-04   0.91686E-03  -0.44196E-05   0.67515E-05  -0.29246E-09
  0.000   0.000    0.37350E-03  -0.12893E-03   0.11521E-02   0.69031E-05   0.19997E-04  -0.88796E-09
  0.000   0.000    0.20257E-04  -0.41600E-03   0.46575E-04   0.22304E-04   0.10853E-05  -0.86597E-09
  0.000   0.000    0.41076E-04  -0.88648E-06   0.31389E-03   0.47507E-07   0.21994E-05  -0.11629E-09
  0.000   0.000    0.44374E-04  -0.18620E-04   0.28009E-03   0.99779E-06   0.23757E-05  -0.12424E-09
  0.000   0.000   -0.35773E-03  -0.13600E-03   0.11212E-02   0.73092E-05  -0.19178E-04   0.35114E-08
  0.000   0.000   -0.28038E-05  -0.40450E-03   0.18445E-04   0.21670E-04  -0.17452E-06  -0.17676E-09
  0.000   0.000    0.36010E-03  -0.13824E-03  -0.10888E-02   0.74052E-05   0.19330E-04  -0.52797E-08
  0.000   0.000    0.25132E-03   0.66210E-04  -0.11528E-02  -0.35339E-05   0.13439E-04   0.57741E-09
  0.000   0.000   -0.28097E-04  -0.98405E-01   0.93735E-04   0.53706E-02  -0.19131E-05  -0.19455E-06
  0.000   0.000    0.12698E-04   0.96687E-02   0.15617E-01  -0.51078E-03   0.72461E-06   0.94261E-08
  0.000   0.000    0.10154E-04   0.95451E-02  -0.15550E-01  -0.50423E-03   0.52496E-06   0.26516E-07
  0.000   0.000    0.10968E-04   0.97795E-03  -0.36184E-02  -0.52756E-04   0.83139E-06  -0.13629E-07
  0.000   0.000    0.35628E-03  -0.13643E-03   0.11155E-02   0.73188E-05   0.19062E-04  -0.80353E-09
  0.000   0.000    0.68389E-05  -0.41068E-03   0.66046E-05   0.22019E-04   0.37210E-06  -0.85497E-09
  0.000   0.000    0.14623E-04  -0.41600E-03  -0.12005E-04   0.22282E-04   0.75638E-06  -0.27356E-09
  0.000   0.000    0.37043E-03  -0.13729E-03  -0.11314E-02   0.73551E-05   0.19883E-04  -0.52620E-08
  0.000   0.000    0.25877E-03   0.66397E-04  -0.11907E-02  -0.35461E-05   0.13837E-04   0.59123E-09
  0.000   0.000    0.12547E-03   0.81341E-04  -0.89633E-03  -0.43558E-05   0.67138E-05   0.35849E-09
  0.000   0.000    0.10174E-04   0.95828E-02  -0.15706E-01  -0.50626E-03   0.53590E-06   0.26094E-07
  0.000   0.000   -0.27876E-04  -0.97971E-01  -0.53372E-03   0.53478E-02  -0.19016E-05  -0.19366E-06
  0.000   0.000    0.13577E-04   0.97976E-03  -0.37071E-02  -0.52873E-04   0.99881E-06  -0.13668E-07
  0.000   0.000   -0.72546E-06   0.29128E-03  -0.16658E-02  -0.15591E-04  -0.43438E-07   0.99344E-09
  0.000   0.000   -0.15696E-04  -0.41658E-03  -0.15268E-04   0.22335E-04  -0.82934E-06  -0.80477E-09
  0.000   0.000   -0.36427E-03  -0.13434E-03  -0.11310E-02   0.71772E-05  -0.19509E-04   0.10877E-08
  0.000   0.000   -0.25400E-03   0.68618E-04   0.11877E-02  -0.36677E-05  -0.13583E-04   0.82436E-10
  0.000   0.000   -0.36417E-03  -0.13694E-03   0.11322E-02   0.73581E-05  -0.19521E-04   0.35253E-08
  0.000   0.000   -0.58411E-05  -0.40449E-03   0.30546E-04   0.21670E-04  -0.33713E-06  -0.16442E-09
  0.000   0.000    0.35370E-03  -0.13732E-03  -0.10778E-02   0.73580E-05   0.18990E-04  -0.52695E-08
  0.000   0.000    0.13433E-04   0.96351E-02   0.15670E-01  -0.50901E-03   0.76471E-06   0.93367E-08
  0.000   0.000    0.17888E-05   0.99909E-03   0.36733E-02  -0.53801E-04   0.19286E-08   0.15045E-07
  0.000   0.000   -0.27969E-04  -0.98405E-01   0.13187E-03   0.53706E-02  -0.19072E-05  -0.19415E-06
  0.000   0.000    0.89375E-05   0.95783E-02  -0.15496E-01  -0.50598E-03   0.46263E-06   0.26586E-07
  0.000   0.000    0.25403E-03   0.66807E-04   0.11805E-02  -0.35710E-05   0.13586E-04  -0.54369E-09
  0.000   0.000    0.36106E-03  -0.15038E-03   0.11060E-02   0.80546E-05   0.19317E-04  -0.84143E-09
  0.000   0.000   -0.12650E-03   0.82901E-04   0.92005E-03  -0.44429E-05  -0.67687E-05   0.88550E-10
  0.000   0.000   -0.26106E-03   0.68581E-04   0.12214E-02  -0.36680E-05  -0.13960E-04   0.86650E-10
  0.000   0.000   -0.37400E-03  -0.13610E-03   0.11700E-02   0.73132E-05  -0.20046E-04   0.35314E-08
  0.000   0.000   -0.22583E-04  -0.41604E-03   0.55891E-04   0.22284E-04  -0.12310E-05  -0.13765E-09
  0.000   0.000    0.25109E-05   0.99923E-03   0.37443E-02  -0.53816E-04   0.40467E-07   0.14953E-07
  0.000   0.000    0.48693E-06   0.29301E-03   0.16935E-02  -0.15696E-04   0.26634E-07  -0.11604E-08
  0.000   0.000    0.14495E-04   0.96717E-02   0.15814E-01  -0.51097E-03   0.81463E-06   0.96281E-08
  0.000   0.000   -0.26651E-04  -0.97973E-01   0.74146E-03   0.53479E-02  -0.18341E-05  -0.19386E-06
  0.000   0.000    0.12585E-03   0.81992E-04   0.91672E-03  -0.43946E-05   0.67348E-05  -0.30170E-09
  0.000   0.000    0.25510E-03   0.63267E-04   0.12093E-02  -0.33863E-05   0.13644E-04  -0.55868E-09
  0.000   0.000    0.15806E-06  -0.50582E-04   0.98263E-05   0.27125E-05   0.81997E-08  -0.10394E-09
  0.000   0.000    0.31214E-04  -0.38714E-04  -0.16151E-03   0.20776E-05   0.16704E-05  -0.32618E-10
  0.000   0.000    0.44398E-04  -0.17789E-04  -0.26808E-03   0.95553E-06   0.23763E-05   0.35780E-10
  0.000   0.000    0.40810E-04  -0.12044E-05  -0.30168E-03   0.65913E-07   0.21848E-05   0.69464E-10
  0.000   0.000    0.36701E-03  -0.13771E-03  -0.11318E-02   0.73759E-05   0.19700E-04  -0.52480E-08
  0.000   0.000    0.13799E-04  -0.41575E-03  -0.85286E-05   0.22269E-04   0.71199E-06  -0.28003E-09
  0.000   0.000    0.25556E-03   0.67730E-04  -0.11996E-02  -0.36214E-05   0.13663E-04   0.60042E-09
  0.000   0.000    0.12705E-03   0.81656E-04  -0.90445E-03  -0.43757E-05   0.68033E-05   0.33836E-09
  0.000   0.000   -0.28571E-04  -0.97967E-01  -0.51786E-03   0.53475E-02  -0.19393E-05  -0.19360E-06
  0.000   0.000    0.68467E-05   0.96201E-02  -0.15643E-01  -0.50822E-03   0.35095E-06   0.26190E-07
  0.000   0.000   -0.31960E-04  -0.38904E-04   0.18494E-03   0.20865E-05  -0.17107E-05  -0.12600E-09
  0.000   0.000   -0.14977E-05  -0.48996E-04   0.15508E-04   0.26285E-05  -0.80137E-07  -0.11426E-09
  0.000   0.000    0.29966E-04  -0.39284E-04  -0.15528E-03   0.21082E-05   0.16037E-05  -0.36836E-10
  0.000   0.000    0.43534E-04  -0.18956E-04  -0.26472E-03   0.10180E-05   0.23304E-05   0.30344E-10
  0.000   0.000   -0.14289E-04  -0.41042E-03   0.51865E-04   0.21988E-04  -0.78942E-06  -0.15387E-09
  0.000   0.000   -0.36604E-03  -0.13364E-03   0.11608E-02   0.71822E-05  -0.19620E-04   0.35647E-08
  0.000   0.000    0.36073E-03  -0.15138E-03  -0.11009E-02   0.80993E-05   0.19373E-04  -0.52034E-08
  0.000   0.000    0.26007E-03   0.64866E-04  -0.11999E-02  -0.34659E-05   0.13908E-04   0.42038E-09
  0.000   0.000    0.14469E-04   0.97106E-02   0.15742E-01  -0.51303E-03   0.81317E-06   0.97090E-08
  0.000   0.000   -0.27350E-04  -0.97970E-01   0.71719E-03   0.53477E-02  -0.18706E-05  -0.19392E-06
 -1.000  -1.000   -0.18949E-03  -0.54831E-01  -0.20036E-04   0.31426E-02  -0.88886E-05  -0.50290E-07
 -1.000  -1.000    0.41463E-05   0.12237E-02  -0.23231E-02  -0.70407E-04   0.23216E-06   0.22368E-07
 -1.000  -1.000    0.13829E-04   0.68991E-04  -0.17297E-03  -0.43939E-05   0.10270E-05  -0.16460E-07
 -1.000  -1.000   -0.61367E-08   0.56007E-05  -0.32401E-04  -0.33565E-06  -0.93410E-09   0.64402E-10
 -1.000  -1.000   -0.68823E-05   0.83898E-06  -0.30498E-04  -0.84246E-07  -0.44884E-06   0.57193E-09
 -1.000  -1.000    0.74371E-06  -0.49861E-05  -0.45600E-05   0.32619E-06   0.61609E-07  -0.11756E-08
 -1.000  -1.000   -0.27433E-05   0.15735E-05  -0.21343E-04  -0.93246E-07  -0.16360E-06   0.22675E-10
 -1.000  -1.000   -0.87719E-06   0.99376E-06  -0.10783E-04  -0.59208E-07  -0.52146E-07   0.95467E-11
 -1.000  -1.000   -0.20971E-07  -0.15847E-06  -0.49347E-06   0.93919E-08  -0.12474E-08   0.11648E-12
 -1.000  -1.000   -0.15825E-06  -0.92245E-07  -0.15962E-05   0.54689E-08  -0.93901E-08   0.10443E-11
 -1.000  -1.000    0.69819E-05   0.12826E-02   0.23326E-02  -0.73655E-04   0.38571E-06   0.85944E-08
 -1.000  -1.000   -0.18926E-03  -0.54863E-01   0.49129E-04   0.31445E-02  -0.88813E-05  -0.50967E-07
 -1.000  -1.000    0.42199E-05   0.12220E-02  -0.23159E-02  -0.70294E-04   0.23490E-06   0.22640E-07
 -1.000  -1.000    0.13828E-04   0.69025E-04  -0.17043E-03  -0.43954E-05   0.10269E-05  -0.16459E-07
 -1.000  -1.000    0.10019E-05  -0.52752E-05  -0.11797E-05   0.34376E-06   0.77345E-07  -0.11906E-08
 -1.000  -1.000    0.61552E-05   0.27512E-06   0.24856E-04  -0.17249E-07   0.38604E-06  -0.20783E-09
 -1.000  -1.000   -0.69278E-05   0.66660E-06  -0.28292E-04  -0.73826E-07  -0.45261E-06   0.57476E-09
 -1.000  -1.000   -0.27105E-05   0.15787E-05  -0.20197E-04  -0.93434E-07  -0.16166E-06   0.22499E-10
 -1.000  -1.000    0.14206E-06  -0.10238E-06   0.11752E-05   0.60855E-08   0.84258E-08  -0.93270E-12
 -1.000  -1.000   -0.29238E-09  -0.16307E-06   0.20726E-08   0.96746E-08  -0.20216E-10  -0.11425E-12
 -1.000  -1.000    0.61658E-06   0.88717E-04   0.17364E-03  -0.53827E-05  -0.85730E-07   0.19794E-07
 -1.000  -1.000    0.67474E-05   0.12816E-02   0.23360E-02  -0.73584E-04   0.37823E-06   0.85671E-08
 -1.000  -1.000   -0.18924E-03  -0.54863E-01   0.49916E-04   0.31445E-02  -0.88807E-05  -0.50935E-07
 -1.000  -1.000    0.40907E-05   0.12234E-02  -0.23120E-02  -0.70377E-04   0.22577E-06   0.22636E-07
 -1.000  -1.000    0.60267E-05  -0.96818E-07   0.26168E-04   0.48262E-08   0.37690E-06  -0.21284E-09
 -1.000  -1.000    0.26733E-05   0.16011E-05   0.20065E-04  -0.94517E-07   0.15852E-06  -0.16415E-10
 -1.000  -1.000    0.60609E-06  -0.53202E-05  -0.35350E-06   0.34878E-06   0.54584E-07  -0.11864E-08
 -1.000  -1.000   -0.69095E-05   0.81377E-06  -0.27635E-04  -0.82363E-07  -0.45153E-06   0.57413E-09
 -1.000  -1.000    0.18119E-06  -0.47662E-08   0.17764E-05   0.30347E-09   0.10746E-07  -0.13031E-11
 -1.000  -1.000    0.14610E-06  -0.11587E-06   0.12781E-05   0.68789E-08   0.86681E-08  -0.12794E-11
 -1.000  -1.000    0.20900E-07   0.57297E-05   0.32609E-04  -0.34098E-06   0.13119E-08   0.31440E-09
 -1.000  -1.000    0.61470E-06   0.88718E-04   0.17622E-03  -0.53833E-05  -0.85861E-07   0.19790E-07
 -1.000  -1.000    0.70132E-05   0.12835E-02   0.23439E-02  -0.73711E-04   0.38843E-06   0.93049E-08
 -1.000  -1.000   -0.18918E-03  -0.54830E-01   0.11924E-03   0.31426E-02  -0.88783E-05  -0.50855E-07
 -1.000  -1.000    0.27055E-05   0.15976E-05   0.21188E-04  -0.94359E-07   0.16043E-06  -0.18290E-10
 -1.000  -1.000    0.88215E-06   0.10292E-05   0.10727E-04  -0.60895E-07   0.52302E-07  -0.19918E-11
 -1.000  -1.000    0.61260E-05   0.79290E-07   0.27923E-04  -0.42906E-08   0.38297E-06  -0.20717E-09
 -1.000  -1.000    0.85860E-06  -0.49851E-05   0.30703E-05   0.32917E-06   0.69746E-07  -0.11889E-08
 -1.000  -1.000    0.14562E-06   0.57431E-07   0.18761E-05  -0.33868E-08   0.86351E-08  -0.11437E-11
 -1.000  -1.000    0.19116E-06  -0.16375E-07   0.20783E-05   0.97474E-09   0.11338E-07  -0.15743E-11
 -1.000  -1.000   -0.85249E-05  -0.91247E-06   0.27614E-04   0.65728E-07  -0.56737E-06   0.50461E-08
 -1.000  -1.000   -0.95389E-06  -0.56003E-05   0.40292E-06   0.33985E-06  -0.77687E-07   0.11885E-08
 -1.000  -1.000    0.95921E-05   0.10281E-07  -0.28260E-04  -0.17497E-07   0.65542E-06  -0.65559E-08
 -1.000  -1.000    0.27726E-05   0.15493E-05  -0.19964E-04  -0.91640E-07   0.16454E-06  -0.99519E-11
 -1.000  -1.000   -0.18929E-03  -0.54863E-01   0.49208E-04   0.31445E-02  -0.88826E-05  -0.50963E-07
 -1.000  -1.000    0.71473E-05   0.12826E-02   0.23329E-02  -0.73652E-04   0.39744E-06   0.86067E-08
 -1.000  -1.000    0.41791E-05   0.12220E-02  -0.23153E-02  -0.70292E-04   0.23179E-06   0.22647E-07
 -1.000  -1.000    0.13673E-04   0.68378E-04  -0.16993E-03  -0.43579E-05   0.10182E-05  -0.16456E-07
 -1.000  -1.000    0.64839E-05  -0.40365E-06   0.27122E-04   0.22689E-07   0.40643E-06  -0.20080E-09
 -1.000  -1.000    0.65921E-06  -0.62884E-05   0.95540E-06   0.40346E-06   0.57674E-07  -0.11852E-08
 -1.000  -1.000   -0.66205E-06  -0.52959E-05  -0.30312E-05   0.32163E-06  -0.59279E-07   0.11075E-08
 -1.000  -1.000    0.96879E-05   0.15342E-06  -0.30069E-04  -0.26052E-07   0.66110E-06  -0.65565E-08
 -1.000  -1.000    0.28065E-05   0.15424E-05  -0.21099E-04  -0.91346E-07   0.16657E-06  -0.10290E-10
 -1.000  -1.000    0.90096E-06   0.99894E-06  -0.10635E-04  -0.59260E-07   0.53526E-07   0.26196E-11
 -1.000  -1.000    0.41905E-05   0.12237E-02  -0.23230E-02  -0.70405E-04   0.23520E-06   0.22363E-07
 -1.000  -1.000   -0.18881E-03  -0.54831E-01  -0.20491E-04   0.31426E-02  -0.88547E-05  -0.50292E-07
 -1.000  -1.000    0.13739E-04   0.68421E-04  -0.17242E-03  -0.43597E-05   0.10210E-05  -0.16460E-07
 -1.000  -1.000    0.16201E-07   0.55055E-05  -0.32262E-04  -0.33003E-06   0.33644E-09   0.65998E-10
 -1.000  -1.000    0.39045E-06  -0.61403E-05  -0.29144E-05   0.39404E-06   0.41306E-07  -0.11686E-08
 -1.000  -1.000   -0.71092E-05   0.77551E-06  -0.29082E-04  -0.80493E-07  -0.46031E-06   0.56441E-09
 -1.000  -1.000   -0.27816E-05   0.15730E-05   0.20172E-04  -0.92774E-07  -0.16502E-06   0.11466E-10
 -1.000  -1.000   -0.85461E-05  -0.10576E-05   0.28250E-04   0.74250E-07  -0.56870E-06   0.50493E-08
 -1.000  -1.000   -0.96333E-06  -0.56055E-05   0.72715E-06   0.34019E-06  -0.78256E-07   0.11935E-08
 -1.000  -1.000    0.95721E-05   0.15966E-06  -0.27636E-04  -0.26162E-07   0.65420E-06  -0.65543E-08
 -1.000  -1.000    0.68429E-05   0.12811E-02   0.23367E-02  -0.73567E-04   0.38026E-06   0.85732E-08
 -1.000  -1.000    0.27950E-06   0.88957E-04   0.17435E-03  -0.53964E-05  -0.10501E-06   0.19802E-07
 -1.000  -1.000   -0.18932E-03  -0.54863E-01   0.50051E-04   0.31445E-02  -0.88846E-05  -0.50926E-07
 -1.000  -1.000    0.40776E-05   0.12236E-02  -0.23111E-02  -0.70387E-04   0.22102E-06   0.22638E-07
 -1.000  -1.000    0.27763E-05   0.15791E-05   0.20183E-04  -0.93109E-07   0.16427E-06  -0.17471E-10
 -1.000  -1.000    0.65067E-05  -0.60140E-06   0.27632E-04   0.34271E-07   0.40781E-06  -0.20550E-09
 -1.000  -1.000   -0.90388E-06   0.10183E-05   0.10756E-04  -0.60248E-07  -0.53691E-07   0.51910E-11
 -1.000  -1.000   -0.28182E-05   0.15710E-05   0.21321E-04  -0.92703E-07  -0.16720E-06   0.10677E-10
 -1.000  -1.000   -0.86402E-05  -0.91661E-06   0.30075E-04   0.65898E-07  -0.57426E-06   0.50576E-08
 -1.000  -1.000   -0.12397E-05  -0.53011E-05   0.41437E-05   0.32246E-06  -0.95200E-07   0.12420E-08
 -1.000  -1.000    0.60155E-06   0.88999E-04   0.17692E-03  -0.53993E-05  -0.86644E-07   0.19790E-07
 -1.000  -1.000    0.25158E-07   0.57523E-05   0.32726E-04  -0.34236E-06   0.15510E-08   0.32100E-09
 -1.000  -1.000    0.46393E-05   0.12807E-02   0.23546E-02  -0.73566E-04   0.22508E-06   0.92944E-08
 -1.000  -1.000   -0.18924E-03  -0.54830E-01   0.11959E-03   0.31426E-02  -0.88811E-05  -0.50852E-07
 -1.000  -1.000    0.90367E-06   0.10038E-05   0.10697E-04  -0.59329E-07   0.53504E-07  -0.72879E-11
 -1.000  -1.000    0.28064E-05   0.13831E-05   0.20831E-04  -0.81754E-07   0.16607E-06  -0.18734E-10
 -1.000  -1.000    0.19310E-07  -0.15871E-06  -0.46543E-06   0.94134E-08   0.11452E-08  -0.31298E-12
 -1.000  -1.000    0.15691E-06  -0.10525E-06  -0.15952E-05   0.62339E-08   0.93325E-08  -0.10360E-11
 -1.000  -1.000    0.18811E-06  -0.79268E-08  -0.20322E-05   0.45708E-09   0.11191E-07  -0.37792E-12
 -1.000  -1.000    0.14322E-06   0.55318E-07  -0.18161E-05  -0.32837E-08   0.85216E-08   0.12538E-12
 -1.000  -1.000    0.96437E-05   0.49173E-06  -0.30088E-04  -0.46128E-07   0.66120E-06  -0.65539E-08
 -1.000  -1.000   -0.57579E-06  -0.52830E-05  -0.26563E-05   0.32092E-06  -0.54317E-07   0.11072E-08
 -1.000  -1.000    0.27721E-05   0.16039E-05  -0.20605E-04  -0.94435E-07   0.16445E-06   0.29136E-11
 -1.000  -1.000    0.85780E-06   0.10015E-05  -0.10428E-04  -0.59431E-07   0.51133E-07   0.65085E-11
 -1.000  -1.000   -0.18892E-03  -0.54831E-01  -0.19735E-04   0.31426E-02  -0.88603E-05  -0.50258E-07
 -1.000  -1.000    0.42651E-05   0.12255E-02  -0.23183E-02  -0.70505E-04   0.24168E-06   0.22402E-07
 -1.000  -1.000   -0.15823E-06  -0.90898E-07   0.15615E-05   0.54073E-08  -0.94120E-08   0.52077E-12
 -1.000  -1.000   -0.20622E-07  -0.16376E-06   0.45227E-06   0.97143E-08  -0.12276E-08  -0.34383E-12
 -1.000  -1.000    0.12186E-06  -0.11702E-06  -0.74354E-06   0.69385E-08   0.72520E-08  -0.73725E-12
 -1.000  -1.000    0.16092E-06  -0.17003E-07  -0.12951E-05   0.10151E-08   0.95743E-08  -0.33240E-12
 -1.000  -1.000   -0.11360E-05  -0.54283E-05   0.37980E-05   0.32987E-06  -0.89217E-07   0.12362E-08
 -1.000  -1.000   -0.85495E-05  -0.77445E-06   0.29478E-04   0.57421E-07  -0.56879E-06   0.50221E-08
 -1.000  -1.000    0.92082E-05   0.12992E-06  -0.24156E-04  -0.21132E-07   0.62867E-06  -0.62913E-08
 -1.000  -1.000    0.25585E-05   0.14311E-05  -0.17024E-04  -0.84025E-07   0.15167E-06   0.11199E-10
 -1.000  -1.000    0.70411E-05   0.12850E-02   0.23397E-02  -0.73801E-04   0.38823E-06   0.93124E-08
 -1.000  -1.000   -0.18921E-03  -0.54830E-01   0.11864E-03   0.31426E-02  -0.88796E-05  -0.50856E-07
  0.067   0.200   -0.25320E-04  -0.97978E-01  -0.53305E-03   0.53482E-02  -0.17649E-05  -0.19346E-06
  0.067   0.200    0.14088E-04   0.94948E-02  -0.16107E-01  -0.50154E-03   0.74033E-06   0.26059E-07
  0.067   0.200    0.16949E-04   0.92819E-03  -0.43626E-02  -0.50090E-04   0.11546E-05  -0.13663E-07
  0.067   0.200    0.24549E-05   0.27294E-03  -0.24471E-02  -0.14608E-04   0.12715E-06   0.11281E-08
  0.067   0.200   -0.37222E-03  -0.21101E-03  -0.15007E-02   0.11298E-04  -0.19879E-04   0.11503E-08
  0.067   0.200   -0.80659E-06  -0.48913E-03  -0.79381E-04   0.26232E-04   0.33393E-07  -0.85190E-09
  0.067   0.200   -0.27946E-03   0.29586E-04  -0.17572E-02  -0.15674E-05  -0.14934E-04   0.49330E-09
  0.067   0.200   -0.15122E-03   0.61935E-04  -0.15698E-02  -0.33120E-05  -0.80924E-05   0.46940E-09
  0.067   0.200   -0.23710E-05  -0.10148E-03  -0.47303E-05   0.54442E-05  -0.12670E-06  -0.90463E-10
  0.067   0.200   -0.44772E-04  -0.84978E-04  -0.35833E-03   0.45606E-05  -0.23979E-05   0.32630E-10
  0.067   0.200    0.12902E-04   0.95786E-02   0.15980E-01  -0.50595E-03   0.73587E-06   0.92448E-08
  0.067   0.200   -0.25185E-04  -0.98406E-01   0.84754E-04   0.53707E-02  -0.17574E-05  -0.19435E-06
  0.067   0.200    0.14817E-04   0.94582E-02  -0.15941E-01  -0.49957E-03   0.77860E-06   0.26479E-07
  0.067   0.200    0.16713E-04   0.92816E-03  -0.42664E-02  -0.50082E-04   0.11421E-05  -0.13588E-07
  0.067   0.200    0.16949E-04  -0.47107E-03  -0.57340E-04   0.25270E-04   0.97928E-06  -0.85700E-09
  0.067   0.200    0.38020E-03  -0.20532E-03   0.13613E-02   0.11011E-04   0.20409E-04  -0.97392E-09
  0.067   0.200   -0.36447E-03  -0.19759E-03  -0.14387E-02   0.10556E-04  -0.19467E-04   0.10644E-08
  0.067   0.200   -0.27161E-03   0.27473E-04  -0.17000E-02  -0.14537E-05  -0.14515E-04   0.47527E-09
  0.067   0.200    0.40947E-04  -0.84030E-04   0.33594E-03   0.45080E-05   0.21931E-05  -0.19340E-09
  0.067   0.200   -0.75837E-06  -0.98112E-04  -0.98625E-05   0.52634E-05  -0.40780E-07  -0.90222E-10
  0.067   0.200   -0.11680E-06   0.94816E-03   0.43316E-02  -0.51069E-04  -0.10009E-06   0.14831E-07
  0.067   0.200    0.11603E-04   0.95477E-02   0.16069E-01  -0.50433E-03   0.66595E-06   0.91687E-08
  0.067   0.200   -0.26456E-04  -0.98406E-01   0.14601E-03   0.53707E-02  -0.18264E-05  -0.19428E-06
  0.067   0.200    0.13063E-04   0.94887E-02  -0.15852E-01  -0.50118E-03   0.68320E-06   0.26471E-07
  0.067   0.200    0.38652E-03  -0.19628E-03   0.14029E-02   0.10527E-04   0.20751E-04  -0.98273E-09
  0.067   0.200    0.28163E-03   0.17246E-04   0.17078E-02  -0.91454E-06   0.15065E-04  -0.73099E-09
  0.067   0.200    0.80584E-05  -0.49441E-03   0.13863E-04   0.26552E-04   0.46104E-06  -0.92949E-09
  0.067   0.200   -0.35848E-03  -0.19887E-03  -0.13986E-02   0.10630E-04  -0.19151E-04   0.10340E-08
  0.067   0.200    0.63739E-04  -0.52608E-04   0.60541E-03   0.28222E-05   0.34141E-05  -0.25759E-09
  0.067   0.200    0.42805E-04  -0.84544E-04   0.34912E-03   0.45344E-05   0.22923E-05  -0.20254E-09
  0.067   0.200   -0.13322E-05   0.27530E-03   0.25031E-02  -0.14749E-04  -0.70414E-07  -0.13715E-08
  0.067   0.200   -0.71134E-06   0.94812E-03   0.44346E-02  -0.51073E-04  -0.13190E-06   0.14752E-07
  0.067   0.200    0.11469E-04   0.95825E-02   0.16243E-01  -0.50619E-03   0.65195E-06   0.94865E-08
  0.067   0.200   -0.26426E-04  -0.97981E-01   0.76897E-03   0.53483E-02  -0.18226E-05  -0.19365E-06
  0.067   0.200    0.28821E-03   0.14239E-04   0.17746E-02  -0.75545E-06   0.15414E-04  -0.77931E-09
  0.067   0.200    0.13702E-03   0.69304E-04   0.16270E-02  -0.37109E-05   0.73215E-05  -0.41849E-09
  0.067   0.200    0.39436E-03  -0.20515E-03   0.14698E-02   0.10986E-04   0.21121E-04  -0.10880E-08
  0.067   0.200    0.37523E-04  -0.48799E-03   0.17905E-04   0.26030E-04   0.21683E-05  -0.95510E-09
  0.067   0.200    0.67113E-04  -0.24624E-04   0.77591E-03   0.13204E-05   0.35951E-05  -0.28128E-09
  0.067   0.200    0.66444E-04  -0.55533E-04   0.62957E-03   0.29776E-05   0.35589E-05  -0.27013E-09
  0.067   0.200   -0.37539E-03  -0.20817E-03   0.14560E-02   0.11184E-04  -0.20126E-04   0.33331E-08
  0.067   0.200   -0.31046E-05  -0.48673E-03   0.56571E-04   0.26088E-04  -0.19050E-06  -0.31463E-09
  0.067   0.200    0.37751E-03  -0.20927E-03  -0.13465E-02   0.11221E-04   0.20265E-04  -0.53433E-08
  0.067   0.200    0.27788E-03   0.19370E-04  -0.16347E-02  -0.10192E-05   0.14864E-04   0.60072E-09
  0.067   0.200   -0.27733E-04  -0.98408E-01   0.13238E-03   0.53708E-02  -0.18934E-05  -0.19436E-06
  0.067   0.200    0.13048E-04   0.95787E-02   0.16031E-01  -0.50596E-03   0.74404E-06   0.92227E-08
  0.067   0.200    0.86188E-05   0.94562E-02  -0.15901E-01  -0.49946E-03   0.44343E-06   0.26516E-07
  0.067   0.200    0.14238E-04   0.92397E-03  -0.42391E-02  -0.49830E-04   0.10359E-05  -0.13581E-07
  0.067   0.200    0.37424E-03  -0.20895E-03   0.14468E-02   0.11212E-04   0.20027E-04  -0.98240E-09
  0.067   0.200    0.77164E-05  -0.49564E-03   0.37555E-04   0.26581E-04   0.41885E-06  -0.96275E-09
  0.067   0.200    0.15255E-04  -0.50285E-03   0.17999E-04   0.26946E-04   0.79049E-06  -0.41711E-09
  0.067   0.200    0.38895E-03  -0.20995E-03  -0.14094E-02   0.11258E-04   0.20877E-04  -0.53190E-08
  0.067   0.200    0.28684E-03   0.19669E-04  -0.16952E-02  -0.10366E-05   0.15343E-04   0.62227E-09
  0.067   0.200    0.15401E-03   0.58908E-04  -0.15289E-02  -0.31515E-05   0.82444E-05   0.45950E-09
  0.067   0.200    0.10723E-04   0.94916E-02  -0.16084E-01  -0.50136E-03   0.56742E-06   0.26054E-07
  0.067   0.200   -0.27569E-04  -0.97980E-01  -0.50088E-03   0.53483E-02  -0.18851E-05  -0.19348E-06
  0.067   0.200    0.15860E-04   0.92833E-03  -0.43536E-02  -0.50112E-04   0.11365E-05  -0.13710E-07
  0.067   0.200   -0.24025E-06   0.27420E-03  -0.24270E-02  -0.14678E-04  -0.12105E-07   0.11376E-08
  0.067   0.200   -0.16069E-04  -0.50384E-03   0.89284E-05   0.27022E-04  -0.84948E-06  -0.91113E-09
  0.067   0.200   -0.38208E-03  -0.20875E-03  -0.14148E-02   0.11173E-04  -0.20465E-04   0.10798E-08
  0.067   0.200   -0.28131E-03   0.22809E-04   0.17468E-02  -0.12103E-05  -0.15048E-04  -0.95313E-10
  0.067   0.200   -0.38252E-03  -0.20730E-03   0.14701E-02   0.11137E-04  -0.20506E-04   0.33498E-08
  0.067   0.200   -0.65815E-05  -0.48662E-03   0.74065E-04   0.26082E-04  -0.37676E-06  -0.30689E-09
  0.067   0.200    0.37033E-03  -0.20995E-03  -0.13315E-02   0.11258E-04   0.19883E-04  -0.53401E-08
  0.067   0.200    0.13826E-04   0.95474E-02   0.16104E-01  -0.50431E-03   0.78573E-06   0.91312E-08
  0.067   0.200    0.19433E-05   0.94946E-03   0.43650E-02  -0.51140E-04   0.10461E-07   0.14818E-07
  0.067   0.200   -0.27692E-04  -0.98407E-01   0.17794E-03   0.53708E-02  -0.18928E-05  -0.19428E-06
  0.067   0.200    0.87445E-05   0.94882E-02  -0.15824E-01  -0.50115E-03   0.45158E-06   0.26519E-07
  0.067   0.200    0.28155E-03   0.20599E-04   0.17350E-02  -0.10922E-05   0.15063E-04  -0.75716E-09
  0.067   0.200    0.37963E-03  -0.22372E-03   0.14364E-02   0.11991E-04   0.20314E-04  -0.10235E-08
  0.067   0.200   -0.15554E-03   0.61575E-04   0.16188E-02  -0.33007E-05  -0.83263E-05  -0.81823E-10
  0.067   0.200   -0.28980E-03   0.22814E-04   0.17956E-02  -0.12122E-05  -0.15502E-04  -0.93413E-10
  0.067   0.200   -0.39335E-03  -0.20806E-03   0.15207E-02   0.11178E-04  -0.21085E-04   0.33466E-08
  0.067   0.200   -0.24161E-04  -0.50277E-03   0.10044E-03   0.26942E-04  -0.13154E-05  -0.29073E-09
  0.067   0.200    0.27269E-05   0.94925E-03   0.44555E-02  -0.51135E-04   0.52254E-07   0.14720E-07
  0.067   0.200    0.52798E-06   0.27635E-03   0.25198E-02  -0.14806E-04   0.28709E-07  -0.13781E-08
  0.067   0.200    0.14769E-04   0.95830E-02   0.16266E-01  -0.50622E-03   0.82971E-06   0.94242E-08
  0.067   0.200   -0.26697E-04  -0.97981E-01   0.78933E-03   0.53484E-02  -0.18364E-05  -0.19369E-06
  0.067   0.200    0.15484E-03   0.60337E-04   0.16139E-02  -0.32347E-05   0.82897E-05  -0.52461E-09
  0.067   0.200    0.28343E-03   0.14958E-04   0.17790E-02  -0.79604E-06   0.15165E-04  -0.77952E-09
  0.067   0.200    0.94029E-06  -0.10113E-03   0.25160E-04   0.54254E-05   0.49956E-07  -0.18630E-09
  0.067   0.200    0.44344E-04  -0.83526E-04  -0.32756E-03   0.44840E-05   0.23742E-05  -0.69297E-10
  0.067   0.200    0.66031E-04  -0.52522E-04  -0.58510E-03   0.28209E-05   0.35357E-05   0.46666E-10
  0.067   0.200    0.65741E-04  -0.24795E-04  -0.72836E-03   0.13327E-05   0.35209E-05   0.12272E-09
  0.067   0.200    0.38963E-03  -0.19294E-03  -0.14422E-02   0.10345E-04   0.20928E-04  -0.52753E-08
  0.067   0.200    0.27500E-04  -0.51610E-03  -0.26998E-04   0.27647E-04   0.15088E-05  -0.68992E-09
  0.067   0.200    0.28562E-03   0.19171E-04  -0.17121E-02  -0.10111E-05   0.15279E-04   0.62527E-09
  0.067   0.200    0.15326E-03   0.57744E-04  -0.15496E-02  -0.30888E-05   0.82014E-05   0.44749E-09
  0.067   0.200   -0.29380E-04  -0.97975E-01  -0.50652E-03   0.53480E-02  -0.19828E-05  -0.19342E-06
  0.067   0.200    0.52074E-05   0.95276E-02  -0.16037E-01  -0.50326E-03   0.26241E-06   0.26149E-07
  0.067   0.200   -0.44063E-04  -0.85086E-04   0.37849E-03   0.45646E-05  -0.23597E-05  -0.23638E-09
  0.067   0.200   -0.12257E-05  -0.98007E-04   0.27798E-04   0.52601E-05  -0.65664E-07  -0.19387E-09
  0.067   0.200    0.42652E-04  -0.84289E-04  -0.32237E-03   0.45249E-05   0.22836E-05  -0.76538E-10
  0.067   0.200    0.64609E-04  -0.54928E-04  -0.58511E-03   0.29491E-05   0.34600E-05   0.39672E-10
  0.067   0.200   -0.10895E-05  -0.50395E-03   0.29785E-04   0.27006E-04  -0.25304E-07  -0.55110E-09
  0.067   0.200   -0.36747E-03  -0.20297E-03   0.14523E-02   0.10914E-04  -0.19679E-04   0.35135E-08
  0.067   0.200    0.37960E-03  -0.21780E-03  -0.14007E-02   0.11665E-04   0.20390E-04  -0.52448E-08
  0.067   0.200    0.29212E-03   0.15681E-04  -0.17171E-02  -0.83011E-06   0.15638E-04   0.51071E-09
  0.067   0.200    0.13330E-04   0.96181E-02   0.16164E-01  -0.50807E-03   0.75332E-06   0.94979E-08
  0.067   0.200   -0.28828E-04  -0.97978E-01   0.73290E-03   0.53482E-02  -0.19498E-05  -0.19373E-06
  0.130   0.385   -0.26660E-04  -0.98073E-01  -0.51416E-03   0.53532E-02  -0.18366E-05  -0.19369E-06
  0.130   0.385    0.13487E-04   0.95016E-02  -0.16132E-01  -0.50187E-03   0.71344E-06   0.26052E-07
  0.130   0.385    0.15844E-04   0.92736E-03  -0.43867E-02  -0.50042E-04   0.10947E-05  -0.13660E-07
  0.130   0.385    0.17360E-05   0.27090E-03  -0.24877E-02  -0.14497E-04   0.88643E-07   0.11322E-08
  0.130   0.385   -0.38877E-03  -0.21443E-03  -0.14518E-02   0.11475E-04  -0.20823E-04   0.11065E-08
  0.130   0.385   -0.20900E-04  -0.50963E-03  -0.15845E-04   0.27328E-04  -0.11444E-05  -0.89956E-09
  0.130   0.385   -0.28249E-03   0.20650E-04  -0.17573E-02  -0.10879E-05  -0.15094E-04   0.47360E-09
  0.130   0.385   -0.15297E-03   0.58180E-04  -0.15910E-02  -0.31102E-05  -0.81861E-05   0.47106E-09
  0.130   0.385   -0.41509E-06  -0.10504E-03   0.22283E-04   0.56348E-05  -0.21943E-07  -0.10470E-09
  0.130   0.385   -0.43498E-04  -0.89047E-04  -0.34530E-03   0.47786E-05  -0.23295E-05   0.23907E-10
  0.130   0.385    0.11573E-04   0.95872E-02   0.16064E-01  -0.50639E-03   0.66428E-06   0.92350E-08
  0.130   0.385   -0.26366E-04  -0.98501E-01   0.10167E-03   0.53757E-02  -0.18204E-05  -0.19458E-06
  0.130   0.385    0.12397E-04   0.94658E-02  -0.15975E-01  -0.49994E-03   0.64094E-06   0.26495E-07
  0.130   0.385    0.15959E-04   0.92725E-03  -0.43035E-02  -0.50030E-04   0.11009E-05  -0.13582E-07
  0.130   0.385   -0.21829E-05  -0.49603E-03  -0.18558E-05   0.26605E-04  -0.14547E-06  -0.91042E-09
  0.130   0.385    0.37530E-03  -0.21548E-03   0.14383E-02   0.11562E-04   0.20085E-04  -0.98089E-09
  0.130   0.385   -0.36722E-03  -0.20545E-03  -0.14336E-02   0.10980E-04  -0.19611E-04   0.10477E-08
  0.130   0.385   -0.27352E-03   0.22806E-04  -0.17172E-02  -0.12024E-05  -0.14614E-04   0.47102E-09
  0.130   0.385    0.43102E-04  -0.87306E-04   0.36711E-03   0.46835E-05   0.23084E-05  -0.20753E-09
  0.130   0.385    0.75136E-06  -0.10219E-03   0.78287E-05   0.54822E-05   0.40060E-07  -0.10094E-09
  0.130   0.385   -0.92510E-06   0.94858E-03   0.43895E-02  -0.51091E-04  -0.14365E-06   0.14817E-07
  0.130   0.385    0.11175E-04   0.95567E-02   0.16126E-01  -0.50478E-03   0.64208E-06   0.91599E-08
  0.130   0.385   -0.27509E-04  -0.98501E-01   0.15773E-03   0.53757E-02  -0.18813E-05  -0.19450E-06
  0.130   0.385    0.12167E-04   0.94965E-02  -0.15910E-01  -0.50157E-03   0.63544E-06   0.26482E-07
  0.130   0.385    0.38262E-03  -0.21215E-03   0.14670E-02   0.11384E-04   0.20476E-04  -0.98635E-09
  0.130   0.385    0.28290E-03   0.19323E-04   0.17614E-02  -0.10239E-05   0.15134E-04  -0.73729E-09
  0.130   0.385    0.38145E-05  -0.49481E-03   0.48041E-04   0.26545E-04   0.20349E-06  -0.94374E-09
  0.130   0.385   -0.37161E-03  -0.21369E-03  -0.13760E-02   0.11435E-04  -0.19909E-04   0.10553E-08
  0.130   0.385    0.65656E-04  -0.55062E-04   0.63989E-03   0.29536E-05   0.35165E-05  -0.27099E-09
  0.130   0.385    0.44628E-04  -0.87707E-04   0.37336E-03   0.47038E-05   0.23898E-05  -0.21384E-09
  0.130   0.385   -0.12944E-05   0.27443E-03   0.25566E-02  -0.14702E-04  -0.68372E-07  -0.13856E-08
  0.130   0.385   -0.11305E-05   0.94874E-03   0.44768E-02  -0.51106E-04  -0.15464E-06   0.14744E-07
  0.130   0.385    0.10550E-04   0.95918E-02   0.16289E-01  -0.50666E-03   0.60250E-06   0.94814E-08
  0.130   0.385   -0.27441E-04  -0.98076E-01   0.77056E-03   0.53533E-02  -0.18767E-05  -0.19388E-06
  0.130   0.385    0.29156E-03   0.19434E-04   0.18083E-02  -0.10311E-05   0.15597E-04  -0.76030E-09
  0.130   0.385    0.15671E-03   0.59050E-04   0.16431E-02  -0.31656E-05   0.83896E-05  -0.51636E-09
  0.130   0.385    0.39293E-03  -0.21451E-03   0.15147E-02   0.11512E-04   0.21020E-04  -0.10217E-08
  0.130   0.385    0.21677E-04  -0.51102E-03   0.71365E-04   0.27407E-04   0.11590E-05  -0.99594E-09
  0.130   0.385    0.67992E-04  -0.26630E-04   0.80330E-03   0.14278E-05   0.36419E-05  -0.29006E-09
  0.130   0.385    0.67695E-04  -0.57683E-04   0.64946E-03   0.30927E-05   0.36256E-05  -0.27903E-09
  0.130   0.385   -0.37759E-03  -0.21331E-03   0.14635E-02   0.11459E-04  -0.20242E-04   0.33242E-08
  0.130   0.385   -0.29732E-05  -0.49317E-03   0.42740E-04   0.26432E-04  -0.18344E-06  -0.32482E-09
  0.130   0.385    0.37993E-03  -0.21408E-03  -0.13810E-02   0.11479E-04   0.20393E-04  -0.53422E-08
  0.130   0.385    0.28016E-03   0.16286E-04  -0.16829E-02  -0.85347E-06   0.14985E-04   0.60736E-09
  0.130   0.385   -0.27394E-04  -0.98503E-01   0.11609E-03   0.53758E-02  -0.18758E-05  -0.19457E-06
  0.130   0.385    0.13150E-04   0.95866E-02   0.16084E-01  -0.50635E-03   0.74949E-06   0.92154E-08
  0.130   0.385    0.19006E-04   0.94639E-02  -0.15976E-01  -0.49985E-03   0.10205E-05   0.26097E-07
  0.130   0.385    0.11134E-04   0.92792E-03  -0.42909E-02  -0.50066E-04   0.84117E-06  -0.13540E-07
  0.130   0.385    0.37646E-03  -0.21417E-03   0.14533E-02   0.11492E-04   0.20144E-04  -0.99192E-09
  0.130   0.385    0.76135E-05  -0.50239E-03   0.22135E-04   0.26942E-04   0.41352E-06  -0.96539E-09
  0.130   0.385    0.14898E-04  -0.50964E-03   0.15142E-04   0.27308E-04   0.77133E-06  -0.43088E-09
  0.130   0.385    0.39084E-03  -0.21490E-03  -0.14313E-02   0.11524E-04   0.20977E-04  -0.53214E-08
  0.130   0.385    0.28864E-03   0.16482E-04  -0.17317E-02  -0.86530E-06   0.15438E-04   0.62554E-09
  0.130   0.385    0.15528E-03   0.56383E-04  -0.15762E-02  -0.30158E-05   0.83117E-05   0.46626E-09
  0.130   0.385    0.10222E-04   0.95012E-02  -0.16128E-01  -0.50185E-03   0.53834E-06   0.26072E-07
  0.130   0.385   -0.27702E-04  -0.98074E-01  -0.50622E-03   0.53533E-02  -0.18924E-05  -0.19369E-06
  0.130   0.385    0.10967E-04   0.92746E-03  -0.43836E-02  -0.50047E-04   0.83269E-06  -0.13624E-07
  0.130   0.385   -0.90123E-06   0.27119E-03  -0.24751E-02  -0.14513E-04  -0.53129E-07   0.11561E-08
  0.130   0.385   -0.15673E-04  -0.51064E-03   0.90229E-05   0.27385E-04  -0.82819E-06  -0.91821E-09
  0.130   0.385   -0.38382E-03  -0.21392E-03  -0.14364E-02   0.11450E-04  -0.20558E-04   0.10802E-08
  0.130   0.385   -0.28352E-03   0.19680E-04   0.17660E-02  -0.10424E-05  -0.15165E-04  -0.10215E-09
  0.130   0.385   -0.38482E-03  -0.21215E-03   0.14757E-02   0.11396E-04  -0.20627E-04   0.33419E-08
  0.130   0.385   -0.65994E-05  -0.49302E-03   0.59081E-04   0.26424E-04  -0.37773E-06  -0.31735E-09
  0.130   0.385    0.37258E-03  -0.21501E-03  -0.13678E-02   0.11529E-04   0.20002E-04  -0.53402E-08
  0.130   0.385    0.13773E-04   0.95559E-02   0.16135E-01  -0.50474E-03   0.78294E-06   0.91327E-08
  0.130   0.385    0.20416E-05   0.94893E-03   0.43976E-02  -0.51109E-04   0.15484E-07   0.14811E-07
  0.130   0.385   -0.27954E-04  -0.98502E-01   0.16320E-03   0.53757E-02  -0.19071E-05  -0.19449E-06
  0.130   0.385    0.85581E-05   0.94961E-02  -0.15885E-01  -0.50154E-03   0.44185E-06   0.26541E-07
  0.130   0.385    0.28377E-03   0.17417E-04   0.17549E-02  -0.92148E-06   0.15181E-04  -0.76858E-09
  0.130   0.385    0.38193E-03  -0.22880E-03   0.14415E-02   0.12263E-04   0.20436E-04  -0.10324E-08
  0.130   0.385   -0.15715E-03   0.59243E-04   0.16459E-02  -0.31754E-05  -0.84118E-05  -0.89826E-10
  0.130   0.385   -0.29201E-03   0.19698E-04   0.18127E-02  -0.10448E-05  -0.15619E-04  -0.99199E-10
  0.130   0.385   -0.39559E-03  -0.21308E-03   0.15233E-02   0.11447E-04  -0.21203E-04   0.33385E-08
  0.130   0.385   -0.24078E-04  -0.50969E-03   0.83211E-04   0.27311E-04  -0.13109E-05  -0.30120E-09
  0.130   0.385    0.27440E-05   0.94898E-03   0.44835E-02  -0.51118E-04   0.53311E-07   0.14714E-07
  0.130   0.385    0.62294E-06   0.27499E-03   0.25614E-02  -0.14732E-04   0.34207E-07  -0.13915E-08
  0.130   0.385    0.14640E-04   0.95907E-02   0.16295E-01  -0.50660E-03   0.82280E-06   0.94264E-08
  0.130   0.385   -0.26702E-04  -0.98076E-01   0.77302E-03   0.53534E-02  -0.18368E-05  -0.19390E-06
  0.130   0.385    0.15642E-03   0.58002E-04   0.16412E-02  -0.31093E-05   0.83741E-05  -0.53611E-09
  0.130   0.385    0.28556E-03   0.11739E-04   0.17960E-02  -0.62333E-06   0.15278E-04  -0.79012E-09
  0.130   0.385   -0.19849E-06  -0.10489E-03   0.36043E-04   0.56264E-05  -0.10959E-07  -0.19663E-09
  0.130   0.385    0.43945E-04  -0.87329E-04  -0.32962E-03   0.46879E-05   0.23527E-05  -0.75081E-10
  0.130   0.385    0.66372E-04  -0.56021E-04  -0.60070E-03   0.30085E-05   0.35538E-05   0.44726E-10
  0.130   0.385    0.66498E-04  -0.27861E-04  -0.75569E-03   0.14971E-05   0.35612E-05   0.12428E-09
  0.130   0.385    0.38680E-03  -0.21475E-03  -0.14301E-02   0.11516E-04   0.20756E-04  -0.53039E-08
  0.130   0.385    0.14337E-04  -0.50941E-03   0.20411E-04   0.27297E-04   0.74045E-06  -0.43471E-09
  0.130   0.385    0.28771E-03   0.14832E-04  -0.17340E-02  -0.77757E-06   0.15389E-04   0.63151E-09
  0.130   0.385    0.15490E-03   0.54667E-04  -0.15853E-02  -0.29236E-05   0.82895E-05   0.45042E-09
  0.130   0.385   -0.28034E-04  -0.98070E-01  -0.49077E-03   0.53530E-02  -0.19104E-05  -0.19364E-06
  0.130   0.385    0.82116E-05   0.95359E-02  -0.16071E-01  -0.50368E-03   0.43089E-06   0.26157E-07
  0.130   0.385   -0.45910E-04  -0.88418E-04   0.40593E-03   0.47431E-05  -0.24584E-05  -0.24872E-09
  0.130   0.385   -0.25262E-05  -0.10181E-03   0.43007E-04   0.54638E-05  -0.13522E-06  -0.20545E-09
  0.130   0.385    0.42206E-04  -0.88248E-04  -0.32158E-03   0.47371E-05   0.22596E-05  -0.84225E-10
  0.130   0.385    0.64929E-04  -0.58694E-04  -0.59817E-03   0.31510E-05   0.34769E-05   0.36101E-10
  0.130   0.385   -0.15453E-04  -0.50210E-03   0.86724E-04   0.26911E-04  -0.85113E-06  -0.30426E-09
  0.130   0.385   -0.38631E-03  -0.21307E-03   0.15216E-02   0.11446E-04  -0.20707E-04   0.33133E-08
  0.130   0.385    0.37801E-03  -0.22916E-03  -0.13897E-02   0.12286E-04   0.20287E-04  -0.53463E-08
  0.130   0.385    0.29151E-03   0.91682E-05  -0.17335E-02  -0.47280E-06   0.15596E-04   0.43755E-09
  0.130   0.385    0.15019E-04   0.96266E-02   0.16230E-01  -0.50850E-03   0.84351E-06   0.94834E-08
  0.130   0.385   -0.27101E-04  -0.98073E-01   0.74868E-03   0.53532E-02  -0.18574E-05  -0.19395E-06
