  0.000   0.000    0.00000E+00   0.00000E+00   0.00000E+00   0.00000E+00   0.00000E+00   0.00000E+00
  0.000   0.000    0.00000E+00   0.00000E+00   0.00000E+00   0.00000E+00   0.00000E+00   0.00000E+00
  0.000   0.000    0.00000E+00   0.00000E+00   0.00000E+00   0.00000E+00   0.00000E+00   0.00000E+00
  0.000   0.000    0.00000E+00   0.00000E+00   0.00000E+00   0.00000E+00   0.00000E+00   0.00000E+00
  0.000   0.000    0.00000E+00   0.00000E+00   0.00000E+00   0.00000E+00   0.00000E+00   0.00000E+00
  0.000   0.000    0.00000E+00   0.00000E+00   0.00000E+00   0.00000E+00   0.00000E+00   0.00000E+00
  0.000   0.000    0.00000E+00   0.00000E+00   0.00000E+00   0.00000E+00   0.00000E+00   0.00000E+00
  0.000   0.000    0.00000E+00   0.00000E+00   0.00000E+00   0.00000E+00   0.00000E+00   0.00000E+00
  0.000   0.000    0.00000E+00   0.00000E+00   0.00000E+00   0.00000E+00   0.00000E+00   0.00000E+00
  0.000   0.000    0.00000E+00   0.00000E+00   0.00000E+00   0.00000E+00   0.00000E+00   0.00000E+00
  0.000   0.000    0.00000E+00   0.00000E+00   0.00000E+00   0.00000E+00   0.00000E+00   0.00000E+00
  0.000   0.000    0.00000E+00   0.00000E+00   0.00000E+00   0.00000E+00   0.00000E+00   0.00000E+00
  0.000   0.000    0.00000E+00   0.00000E+00   0.00000E+00   0.00000E+00   0.00000E+00   0.00000E+00
  0.000   0.000    0.00000E+00   0.00000E+00   0.00000E+00   0.00000E+00   0.00000E+00   0.00000E+00
  0.000   0.000    0.00000E+00   0.00000E+00   0.00000E+00   0.00000E+00   0.00000E+00   0.00000E+00
  0.000   0.000    0.00000E+00   0.00000E+00   0.00000E+00   0.00000E+00   0.00000E+00   0.00000E+00
  0.000   0.000    0.00000E+00   0.00000E+00   0.00000E+00   0.00000E+00   0.00000E+00   0.00000E+00
  0.000   0.000    0.00000E+00   0.00000E+00   0.00000E+00   0.00000E+00   0.00000E+00   0.00000E+00
  0.000   0.000    0.00000E+00   0.00000E+00   0.00000E+00   0.00000E+00   0.00000E+00   0.00000E+00
  0.000   0.000    0.00000E+00   0.00000E+00   0.00000E+00   0.00000E+00   0.00000E+00   0.00000E+00
  0.000   0.000    0.00000E+00   0.00000E+00   0.00000E+00   0.00000E+00   0.00000E+00   0.00000E+00
  0.000   0.000    0.00000E+00   0.00000E+00   0.00000E+00   0.00000E+00   0.00000E+00   0.00000E+00
  0.000   0.000    0.00000E+00   0.00000E+00   0.00000E+00   0.00000E+00   0.00000E+00   0.00000E+00
  0.000   0.000    0.00000E+00   0.00000E+00   0.00000E+00   0.00000E+00   0.00000E+00   0.00000E+00
  0.000   0.000    0.00000E+00   0.00000E+00   0.00000E+00   0.00000E+00   0.00000E+00   0.00000E+00
  0.000   0.000    0.00000E+00   0.00000E+00   0.00000E+00   0.00000E+00   0.00000E+00   0.00000E+00
  0.000   0.000    0.00000E+00   0.00000E+00   0.00000E+00   0.00000E+00   0.00000E+00   0.00000E+00
  0.000   0.000    0.00000E+00   0.00000E+00   0.00000E+00   0.00000E+00   0.00000E+00   0.00000E+00
  0.000   0.000    0.00000E+00   0.00000E+00   0.00000E+00   0.00000E+00   0.00000E+00   0.00000E+00
  0.000   0.000    0.00000E+00   0.00000E+00   0.00000E+00   0.00000E+00   0.00000E+00   0.00000E+00
  0.000   0.000    0.00000E+00   0.00000E+00   0.00000E+00   0.00000E+00   0.00000E+00   0.00000E+00
  0.000   0.000    0.00000E+00   0.00000E+00   0.00000E+00   0.00000E+00   0.00000E+00   0.00000E+00
  0.000   0.000    0.00000E+00   0.00000E+00   0.00000E+00   0.00000E+00   0.00000E+00   0.00000E+00
  0.000   0.000    0.00000E+00   0.00000E+00   0.00000E+00   0.00000E+00   0.00000E+00   0.00000E+00
  0.000   0.000    0.00000E+00   0.00000E+00   0.00000E+00   0.00000E+00   0.00000E+00   0.00000E+00
  0.000   0.000    0.00000E+00   0.00000E+00   0.00000E+00   0.00000E+00   0.00000E+00   0.00000E+00
  0.000   0.000    0.00000E+00   0.00000E+00   0.00000E+00   0.00000E+00   0.00000E+00   0.00000E+00
  0.000   0.000    0.00000E+00   0.00000E+00   0.00000E+00   0.00000E+00   0.00000E+00   0.00000E+00
  0.000   0.000    0.00000E+00   0.00000E+00   0.00000E+00   0.00000E+00   0.00000E+00   0.00000E+00
  0.000   0.000    0.00000E+00   0.00000E+00   0.00000E+00   0.00000E+00   0.00000E+00   0.00000E+00
  0.000   0.000    0.00000E+00   0.00000E+00   0.00000E+00   0.00000E+00   0.00000E+00   0.00000E+00
  0.000   0.000    0.00000E+00   0.00000E+00   0.00000E+00   0.00000E+00   0.00000E+00   0.00000E+00
  0.000   0.000    0.00000E+00   0.00000E+00   0.00000E+00   0.00000E+00   0.00000E+00   0.00000E+00
  0.000   0.000    0.00000E+00   0.00000E+00   0.00000E+00   0.00000E+00   0.00000E+00   0.00000E+00
  0.000   0.000    0.00000E+00   0.00000E+00   0.00000E+00   0.00000E+00   0.00000E+00   0.00000E+00
  0.000   0.000    0.00000E+00   0.00000E+00   0.00000E+00   0.00000E+00   0.00000E+00   0.00000E+00
  0.000   0.000    0.00000E+00   0.00000E+00   0.00000E+00   0.00000E+00   0.00000E+00   0.00000E+00
  0.000   0.000    0.00000E+00   0.00000E+00   0.00000E+00   0.00000E+00   0.00000E+00   0.00000E+00
  0.000   0.000    0.00000E+00   0.00000E+00   0.00000E+00   0.00000E+00   0.00000E+00   0.00000E+00
  0.000   0.000    0.00000E+00   0.00000E+00   0.00000E+00   0.00000E+00   0.00000E+00   0.00000E+00
  0.000   0.000    0.00000E+00   0.00000E+00   0.00000E+00   0.00000E+00   0.00000E+00   0.00000E+00
  0.000   0.000    0.00000E+00   0.00000E+00   0.00000E+00   0.00000E+00   0.00000E+00   0.00000E+00
  0.000   0.000    0.00000E+00   0.00000E+00   0.00000E+00   0.00000E+00   0.00000E+00   0.00000E+00
  0.000   0.000    0.00000E+00   0.00000E+00   0.00000E+00   0.00000E+00   0.00000E+00   0.00000E+00
  0.000   0.000    0.00000E+00   0.00000E+00   0.00000E+00   0.00000E+00   0.00000E+00   0.00000E+00
  0.000   0.000    0.00000E+00   0.00000E+00   0.00000E+00   0.00000E+00   0.00000E+00   0.00000E+00
  0.000   0.000    0.00000E+00   0.00000E+00   0.00000E+00   0.00000E+00   0.00000E+00   0.00000E+00
  0.000   0.000    0.00000E+00   0.00000E+00   0.00000E+00   0.00000E+00   0.00000E+00   0.00000E+00
  0.000   0.000    0.00000E+00   0.00000E+00   0.00000E+00   0.00000E+00   0.00000E+00   0.00000E+00
  0.000   0.000    0.00000E+00   0.00000E+00   0.00000E+00   0.00000E+00   0.00000E+00   0.00000E+00
  0.000   0.000    0.00000E+00   0.00000E+00   0.00000E+00   0.00000E+00   0.00000E+00   0.00000E+00
  0.000   0.000    0.00000E+00   0.00000E+00   0.00000E+00   0.00000E+00   0.00000E+00   0.00000E+00
  0.000   0.000    0.00000E+00   0.00000E+00   0.00000E+00   0.00000E+00   0.00000E+00   0.00000E+00
  0.000   0.000    0.00000E+00   0.00000E+00   0.00000E+00   0.00000E+00   0.00000E+00   0.00000E+00
  0.000   0.000    0.00000E+00   0.00000E+00   0.00000E+00   0.00000E+00   0.00000E+00   0.00000E+00
  0.000   0.000    0.00000E+00   0.00000E+00   0.00000E+00   0.00000E+00   0.00000E+00   0.00000E+00
  0.000   0.000    0.00000E+00   0.00000E+00   0.00000E+00   0.00000E+00   0.00000E+00   0.00000E+00
  0.000   0.000    0.00000E+00   0.00000E+00   0.00000E+00   0.00000E+00   0.00000E+00   0.00000E+00
  0.000   0.000    0.00000E+00   0.00000E+00   0.00000E+00   0.00000E+00   0.00000E+00   0.00000E+00
  0.000   0.000    0.00000E+00   0.00000E+00   0.00000E+00   0.00000E+00   0.00000E+00   0.00000E+00
  0.000   0.000    0.00000E+00   0.00000E+00   0.00000E+00   0.00000E+00   0.00000E+00   0.00000E+00
  0.000   0.000    0.00000E+00   0.00000E+00   0.00000E+00   0.00000E+00   0.00000E+00   0.00000E+00
  0.000   0.000    0.00000E+00   0.00000E+00   0.00000E+00   0.00000E+00   0.00000E+00   0.00000E+00
  0.000   0.000    0.00000E+00   0.00000E+00   0.00000E+00   0.00000E+00   0.00000E+00   0.00000E+00
  0.000   0.000    0.00000E+00   0.00000E+00   0.00000E+00   0.00000E+00   0.00000E+00   0.00000E+00
  0.000   0.000    0.00000E+00   0.00000E+00   0.00000E+00   0.00000E+00   0.00000E+00   0.00000E+00
  0.000   0.000    0.00000E+00   0.00000E+00   0.00000E+00   0.00000E+00   0.00000E+00   0.00000E+00
  0.000   0.000    0.00000E+00   0.00000E+00   0.00000E+00   0.00000E+00   0.00000E+00   0.00000E+00
  0.000   0.000    0.00000E+00   0.00000E+00   0.00000E+00   0.00000E+00   0.00000E+00   0.00000E+00
  0.000   0.000    0.00000E+00   0.00000E+00   0.00000E+00   0.00000E+00   0.00000E+00   0.00000E+00
  0.000   0.000    0.00000E+00   0.00000E+00   0.00000E+00   0.00000E+00   0.00000E+00   0.00000E+00
  0.000   0.000    0.00000E+00   0.00000E+00   0.00000E+00   0.00000E+00   0.00000E+00   0.00000E+00
  0.000   0.000    0.00000E+00   0.00000E+00   0.00000E+00   0.00000E+00   0.00000E+00   0.00000E+00
  0.000   0.000    0.00000E+00   0.00000E+00   0.00000E+00   0.00000E+00   0.00000E+00   0.00000E+00
  0.000   0.000    0.00000E+00   0.00000E+00   0.00000E+00   0.00000E+00   0.00000E+00   0.00000E+00
  0.000   0.000    0.00000E+00   0.00000E+00   0.00000E+00   0.00000E+00   0.00000E+00   0.00000E+00
  0.000   0.000    0.00000E+00   0.00000E+00   0.00000E+00   0.00000E+00   0.00000E+00   0.00000E+00
  0.000   0.000    0.00000E+00   0.00000E+00   0.00000E+00   0.00000E+00   0.00000E+00   0.00000E+00
  0.000   0.000    0.00000E+00   0.00000E+00   0.00000E+00   0.00000E+00   0.00000E+00   0.00000E+00
  0.000   0.000    0.00000E+00   0.00000E+00   0.00000E+00   0.00000E+00   0.00000E+00   0.00000E+00
  0.000   0.000    0.00000E+00   0.00000E+00   0.00000E+00   0.00000E+00   0.00000E+00   0.00000E+00
  0.000   0.000    0.00000E+00   0.00000E+00   0.00000E+00   0.00000E+00   0.00000E+00   0.00000E+00
  0.000   0.000    0.00000E+00   0.00000E+00   0.00000E+00   0.00000E+00   0.00000E+00   0.00000E+00
  0.000   0.000    0.00000E+00   0.00000E+00   0.00000E+00   0.00000E+00   0.00000E+00   0.00000E+00
  0.000   0.000    0.00000E+00   0.00000E+00   0.00000E+00   0.00000E+00   0.00000E+00   0.00000E+00
  0.000   0.000    0.00000E+00   0.00000E+00   0.00000E+00   0.00000E+00   0.00000E+00   0.00000E+00
  0.000   0.000    0.00000E+00   0.00000E+00   0.00000E+00   0.00000E+00   0.00000E+00   0.00000E+00
  0.000   0.000    0.00000E+00   0.00000E+00   0.00000E+00   0.00000E+00   0.00000E+00   0.00000E+00
  0.000   0.000    0.00000E+00   0.00000E+00   0.00000E+00   0.00000E+00   0.00000E+00   0.00000E+00
  0.000   0.000    0.00000E+00   0.00000E+00   0.00000E+00   0.00000E+00   0.00000E+00   0.00000E+00
 -1.000  -1.000    0.00000E+00   0.00000E+00   0.00000E+00   0.00000E+00   0.00000E+00   0.00000E+00
 -1.000  -1.000    0.00000E+00   0.00000E+00   0.00000E+00   0.00000E+00   0.00000E+00   0.00000E+00
 -1.000  -1.000    0.00000E+00   0.00000E+00   0.00000E+00   0.00000E+00   0.00000E+00   0.00000E+00
 -1.000  -1.000    0.00000E+00   0.00000E+00   0.00000E+00   0.00000E+00   0.00000E+00   0.00000E+00
 -1.000  -1.000    0.00000E+00   0.00000E+00   0.00000E+00   0.00000E+00   0.00000E+00   0.00000E+00
 -1.000  -1.000    0.00000E+00   0.00000E+00   0.00000E+00   0.00000E+00   0.00000E+00   0.00000E+00
 -1.000  -1.000    0.00000E+00   0.00000E+00   0.00000E+00   0.00000E+00   0.00000E+00   0.00000E+00
 -1.000  -1.000    0.00000E+00   0.00000E+00   0.00000E+00   0.00000E+00   0.00000E+00   0.00000E+00
 -1.000  -1.000    0.00000E+00   0.00000E+00   0.00000E+00   0.00000E+00   0.00000E+00   0.00000E+00
 -1.000  -1.000    0.00000E+00   0.00000E+00   0.00000E+00   0.00000E+00   0.00000E+00   0.00000E+00
 -1.000  -1.000    0.00000E+00   0.00000E+00   0.00000E+00   0.00000E+00   0.00000E+00   0.00000E+00
 -1.000  -1.000    0.00000E+00   0.00000E+00   0.00000E+00   0.00000E+00   0.00000E+00   0.00000E+00
 -1.000  -1.000    0.00000E+00   0.00000E+00   0.00000E+00   0.00000E+00   0.00000E+00   0.00000E+00
 -1.000  -1.000    0.00000E+00   0.00000E+00   0.00000E+00   0.00000E+00   0.00000E+00   0.00000E+00
 -1.000  -1.000    0.00000E+00   0.00000E+00   0.00000E+00   0.00000E+00   0.00000E+00   0.00000E+00
 -1.000  -1.000    0.00000E+00   0.00000E+00   0.00000E+00   0.00000E+00   0.00000E+00   0.00000E+00
 -1.000  -1.000    0.00000E+00   0.00000E+00   0.00000E+00   0.00000E+00   0.00000E+00   0.00000E+00
 -1.000  -1.000    0.00000E+00   0.00000E+00   0.00000E+00   0.00000E+00   0.00000E+00   0.00000E+00
 -1.000  -1.000    0.00000E+00   0.00000E+00   0.00000E+00   0.00000E+00   0.00000E+00   0.00000E+00
 -1.000  -1.000    0.00000E+00   0.00000E+00   0.00000E+00   0.00000E+00   0.00000E+00   0.00000E+00
 -1.000  -1.000    0.00000E+00   0.00000E+00   0.00000E+00   0.00000E+00   0.00000E+00   0.00000E+00
 -1.000  -1.000    0.00000E+00   0.00000E+00   0.00000E+00   0.00000E+00   0.00000E+00   0.00000E+00
 -1.000  -1.000    0.00000E+00   0.00000E+00   0.00000E+00   0.00000E+00   0.00000E+00   0.00000E+00
 -1.000  -1.000    0.00000E+00   0.00000E+00   0.00000E+00   0.00000E+00   0.00000E+00   0.00000E+00
 -1.000  -1.000    0.00000E+00   0.00000E+00   0.00000E+00   0.00000E+00   0.00000E+00   0.00000E+00
 -1.000  -1.000    0.00000E+00   0.00000E+00   0.00000E+00   0.00000E+00   0.00000E+00   0.00000E+00
 -1.000  -1.000    0.00000E+00   0.00000E+00   0.00000E+00   0.00000E+00   0.00000E+00   0.00000E+00
 -1.000  -1.000    0.00000E+00   0.00000E+00   0.00000E+00   0.00000E+00   0.00000E+00   0.00000E+00
 -1.000  -1.000    0.00000E+00   0.00000E+00   0.00000E+00   0.00000E+00   0.00000E+00   0.00000E+00
 -1.000  -1.000    0.00000E+00   0.00000E+00   0.00000E+00   0.00000E+00   0.00000E+00   0.00000E+00
 -1.000  -1.000    0.00000E+00   0.00000E+00   0.00000E+00   0.00000E+00   0.00000E+00   0.00000E+00
 -1.000  -1.000    0.00000E+00   0.00000E+00   0.00000E+00   0.00000E+00   0.00000E+00   0.00000E+00
 -1.000  -1.000    0.00000E+00   0.00000E+00   0.00000E+00   0.00000E+00   0.00000E+00   0.00000E+00
 -1.000  -1.000    0.00000E+00   0.00000E+00   0.00000E+00   0.00000E+00   0.00000E+00   0.00000E+00
 -1.000  -1.000    0.00000E+00   0.00000E+00   0.00000E+00   0.00000E+00   0.00000E+00   0.00000E+00
 -1.000  -1.000    0.00000E+00   0.00000E+00   0.00000E+00   0.00000E+00   0.00000E+00   0.00000E+00
 -1.000  -1.000    0.00000E+00   0.00000E+00   0.00000E+00   0.00000E+00   0.00000E+00   0.00000E+00
 -1.000  -1.000    0.00000E+00   0.00000E+00   0.00000E+00   0.00000E+00   0.00000E+00   0.00000E+00
 -1.000  -1.000    0.00000E+00   0.00000E+00   0.00000E+00   0.00000E+00   0.00000E+00   0.00000E+00
 -1.000  -1.000    0.00000E+00   0.00000E+00   0.00000E+00   0.00000E+00   0.00000E+00   0.00000E+00
 -1.000  -1.000    0.00000E+00   0.00000E+00   0.00000E+00   0.00000E+00   0.00000E+00   0.00000E+00
 -1.000  -1.000    0.00000E+00   0.00000E+00   0.00000E+00   0.00000E+00   0.00000E+00   0.00000E+00
 -1.000  -1.000    0.00000E+00   0.00000E+00   0.00000E+00   0.00000E+00   0.00000E+00   0.00000E+00
 -1.000  -1.000    0.00000E+00   0.00000E+00   0.00000E+00   0.00000E+00   0.00000E+00   0.00000E+00
 -1.000  -1.000    0.00000E+00   0.00000E+00   0.00000E+00   0.00000E+00   0.00000E+00   0.00000E+00
 -1.000  -1.000    0.00000E+00   0.00000E+00   0.00000E+00   0.00000E+00   0.00000E+00   0.00000E+00
 -1.000  -1.000    0.00000E+00   0.00000E+00   0.00000E+00   0.00000E+00   0.00000E+00   0.00000E+00
 -1.000  -1.000    0.00000E+00   0.00000E+00   0.00000E+00   0.00000E+00   0.00000E+00   0.00000E+00
 -1.000  -1.000    0.00000E+00   0.00000E+00   0.00000E+00   0.00000E+00   0.00000E+00   0.00000E+00
 -1.000  -1.000    0.00000E+00   0.00000E+00   0.00000E+00   0.00000E+00   0.00000E+00   0.00000E+00
 -1.000  -1.000    0.00000E+00   0.00000E+00   0.00000E+00   0.00000E+00   0.00000E+00   0.00000E+00
 -1.000  -1.000    0.00000E+00   0.00000E+00   0.00000E+00   0.00000E+00   0.00000E+00   0.00000E+00
 -1.000  -1.000    0.00000E+00   0.00000E+00   0.00000E+00   0.00000E+00   0.00000E+00   0.00000E+00
 -1.000  -1.000    0.00000E+00   0.00000E+00   0.00000E+00   0.00000E+00   0.00000E+00   0.00000E+00
 -1.000  -1.000    0.00000E+00   0.00000E+00   0.00000E+00   0.00000E+00   0.00000E+00   0.00000E+00
 -1.000  -1.000    0.00000E+00   0.00000E+00   0.00000E+00   0.00000E+00   0.00000E+00   0.00000E+00
 -1.000  -1.000    0.00000E+00   0.00000E+00   0.00000E+00   0.00000E+00   0.00000E+00   0.00000E+00
 -1.000  -1.000    0.00000E+00   0.00000E+00   0.00000E+00   0.00000E+00   0.00000E+00   0.00000E+00
 -1.000  -1.000    0.00000E+00   0.00000E+00   0.00000E+00   0.00000E+00   0.00000E+00   0.00000E+00
 -1.000  -1.000    0.00000E+00   0.00000E+00   0.00000E+00   0.00000E+00   0.00000E+00   0.00000E+00
 -1.000  -1.000    0.00000E+00   0.00000E+00   0.00000E+00   0.00000E+00   0.00000E+00   0.00000E+00
 -1.000  -1.000    0.00000E+00   0.00000E+00   0.00000E+00   0.00000E+00   0.00000E+00   0.00000E+00
 -1.000  -1.000    0.00000E+00   0.00000E+00   0.00000E+00   0.00000E+00   0.00000E+00   0.00000E+00
 -1.000  -1.000    0.00000E+00   0.00000E+00   0.00000E+00   0.00000E+00   0.00000E+00   0.00000E+00
 -1.000  -1.000    0.00000E+00   0.00000E+00   0.00000E+00   0.00000E+00   0.00000E+00   0.00000E+00
 -1.000  -1.000    0.00000E+00   0.00000E+00   0.00000E+00   0.00000E+00   0.00000E+00   0.00000E+00
 -1.000  -1.000    0.00000E+00   0.00000E+00   0.00000E+00   0.00000E+00   0.00000E+00   0.00000E+00
 -1.000  -1.000    0.00000E+00   0.00000E+00   0.00000E+00   0.00000E+00   0.00000E+00   0.00000E+00
 -1.000  -1.000    0.00000E+00   0.00000E+00   0.00000E+00   0.00000E+00   0.00000E+00   0.00000E+00
 -1.000  -1.000    0.00000E+00   0.00000E+00   0.00000E+00   0.00000E+00   0.00000E+00   0.00000E+00
 -1.000  -1.000    0.00000E+00   0.00000E+00   0.00000E+00   0.00000E+00   0.00000E+00   0.00000E+00
 -1.000  -1.000    0.00000E+00   0.00000E+00   0.00000E+00   0.00000E+00   0.00000E+00   0.00000E+00
 -1.000  -1.000    0.00000E+00   0.00000E+00   0.00000E+00   0.00000E+00   0.00000E+00   0.00000E+00
 -1.000  -1.000    0.00000E+00   0.00000E+00   0.00000E+00   0.00000E+00   0.00000E+00   0.00000E+00
 -1.000  -1.000    0.00000E+00   0.00000E+00   0.00000E+00   0.00000E+00   0.00000E+00   0.00000E+00
 -1.000  -1.000    0.00000E+00   0.00000E+00   0.00000E+00   0.00000E+00   0.00000E+00   0.00000E+00
 -1.000  -1.000    0.00000E+00   0.00000E+00   0.00000E+00   0.00000E+00   0.00000E+00   0.00000E+00
 -1.000  -1.000    0.00000E+00   0.00000E+00   0.00000E+00   0.00000E+00   0.00000E+00   0.00000E+00
 -1.000  -1.000    0.00000E+00   0.00000E+00   0.00000E+00   0.00000E+00   0.00000E+00   0.00000E+00
 -1.000  -1.000    0.00000E+00   0.00000E+00   0.00000E+00   0.00000E+00   0.00000E+00   0.00000E+00
 -1.000  -1.000    0.00000E+00   0.00000E+00   0.00000E+00   0.00000E+00   0.00000E+00   0.00000E+00
 -1.000  -1.000    0.00000E+00   0.00000E+00   0.00000E+00   0.00000E+00   0.00000E+00   0.00000E+00
 -1.000  -1.000    0.00000E+00   0.00000E+00   0.00000E+00   0.00000E+00   0.00000E+00   0.00000E+00
 -1.000  -1.000    0.00000E+00   0.00000E+00   0.00000E+00   0.00000E+00   0.00000E+00   0.00000E+00
 -1.000  -1.000    0.00000E+00   0.00000E+00   0.00000E+00   0.00000E+00   0.00000E+00   0.00000E+00
 -1.000  -1.000    0.00000E+00   0.00000E+00   0.00000E+00   0.00000E+00   0.00000E+00   0.00000E+00
 -1.000  -1.000    0.00000E+00   0.00000E+00   0.00000E+00   0.00000E+00   0.00000E+00   0.00000E+00
 -1.000  -1.000    0.00000E+00   0.00000E+00   0.00000E+00   0.00000E+00   0.00000E+00   0.00000E+00
 -1.000  -1.000    0.00000E+00   0.00000E+00   0.00000E+00   0.00000E+00   0.00000E+00   0.00000E+00
 -1.000  -1.000    0.00000E+00   0.00000E+00   0.00000E+00   0.00000E+00   0.00000E+00   0.00000E+00
 -1.000  -1.000    0.00000E+00   0.00000E+00   0.00000E+00   0.00000E+00   0.00000E+00   0.00000E+00
 -1.000  -1.000    0.00000E+00   0.00000E+00   0.00000E+00   0.00000E+00   0.00000E+00   0.00000E+00
 -1.000  -1.000    0.00000E+00   0.00000E+00   0.00000E+00   0.00000E+00   0.00000E+00   0.00000E+00
 -1.000  -1.000    0.00000E+00   0.00000E+00   0.00000E+00   0.00000E+00   0.00000E+00   0.00000E+00
 -1.000  -1.000    0.00000E+00   0.00000E+00   0.00000E+00   0.00000E+00   0.00000E+00   0.00000E+00
 -1.000  -1.000    0.00000E+00   0.00000E+00   0.00000E+00   0.00000E+00   0.00000E+00   0.00000E+00
 -1.000  -1.000    0.00000E+00   0.00000E+00   0.00000E+00   0.00000E+00   0.00000E+00   0.00000E+00
 -1.000  -1.000    0.00000E+00   0.00000E+00   0.00000E+00   0.00000E+00   0.00000E+00   0.00000E+00
 -1.000  -1.000    0.00000E+00   0.00000E+00   0.00000E+00   0.00000E+00   0.00000E+00   0.00000E+00
 -1.000  -1.000    0.00000E+00   0.00000E+00   0.00000E+00   0.00000E+00   0.00000E+00   0.00000E+00
  0.067   0.200    0.20419E-11   0.11649E-10  -0.12201E-08  -0.61981E-12   0.10862E-12   0.31847E-15
  0.067   0.200    0.22797E-11   0.12193E-10  -0.11912E-08  -0.65217E-12   0.12134E-12   0.30631E-15
  0.067   0.200    0.22642E-11   0.11976E-10  -0.11467E-08  -0.64098E-12   0.12087E-12   0.29333E-15
  0.067   0.200    0.20807E-11   0.12581E-10  -0.11017E-08  -0.67309E-12   0.11099E-12   0.28179E-15
  0.067   0.200    0.58970E-11   0.10891E-10  -0.12029E-08  -0.58249E-12   0.35566E-12   0.30385E-15
  0.067   0.200    0.49047E-11   0.11359E-10  -0.12519E-08  -0.60821E-12   0.29364E-12   0.31670E-15
  0.067   0.200    0.36675E-11   0.13474E-10  -0.11562E-08  -0.72704E-12   0.21477E-12   0.30299E-15
  0.067   0.200    0.26222E-11   0.13171E-10  -0.11139E-08  -0.70467E-12   0.15000E-12   0.28773E-15
  0.067   0.200    0.60530E-12   0.11871E-10  -0.12445E-08  -0.63458E-12   0.31897E-13   0.32198E-15
  0.067   0.200    0.56648E-12   0.12244E-10  -0.11990E-08  -0.65443E-12   0.29831E-13   0.30831E-15
  0.067   0.200    0.25324E-11   0.10845E-10  -0.14333E-08  -0.55839E-12   0.13871E-12   0.38474E-15
  0.067   0.200    0.28657E-11   0.12647E-10  -0.14207E-08  -0.67262E-12   0.15248E-12   0.31796E-15
  0.067   0.200    0.78096E-11   0.10565E-10  -0.13827E-08  -0.54132E-12   0.44986E-12   0.35984E-15
  0.067   0.200    0.26146E-11   0.11323E-10  -0.13480E-08  -0.60606E-12   0.13950E-12   0.33843E-15
  0.067   0.200    0.52943E-11   0.12163E-10  -0.14430E-08  -0.65006E-12   0.31352E-12   0.37088E-15
  0.067   0.200    0.43848E-11   0.99086E-11  -0.14910E-08  -0.52825E-12   0.25866E-12   0.37986E-15
  0.067   0.200    0.60206E-11   0.13716E-10  -0.13989E-08  -0.74971E-12   0.35884E-12   0.36063E-15
  0.067   0.200    0.38022E-11   0.13329E-10  -0.13542E-08  -0.71855E-12   0.22153E-12   0.34976E-15
  0.067   0.200    0.58934E-12   0.11380E-10  -0.14914E-08  -0.60767E-12   0.31019E-13   0.38188E-15
  0.067   0.200    0.52903E-12   0.11650E-10  -0.14483E-08  -0.62204E-12   0.27832E-13   0.36746E-15
  0.067   0.200    0.23923E-11   0.11722E-10  -0.13479E-08  -0.62682E-12   0.12761E-12   0.34966E-15
  0.067   0.200    0.18726E-11   0.10481E-10  -0.12944E-08  -0.54835E-12   0.10426E-12   0.36349E-15
  0.067   0.200    0.24359E-11   0.11504E-10  -0.12878E-08  -0.61412E-12   0.12996E-12   0.34978E-15
  0.067   0.200    0.24897E-11   0.11785E-10  -0.12665E-08  -0.63800E-12   0.13344E-12   0.31452E-15
  0.067   0.200    0.52462E-11   0.97845E-11  -0.13493E-08  -0.52248E-12   0.31278E-12   0.34529E-15
  0.067   0.200    0.19294E-11   0.10074E-10  -0.13804E-08  -0.53776E-12   0.10270E-12   0.35032E-15
  0.067   0.200    0.33378E-11   0.10311E-10  -0.13021E-08  -0.53625E-12   0.19002E-12   0.33931E-15
  0.067   0.200    0.56919E-11   0.14023E-10  -0.12657E-08  -0.76521E-12   0.34106E-12   0.32323E-15
  0.067   0.200    0.10276E-11   0.11261E-10  -0.13939E-08  -0.60145E-12   0.54588E-13   0.35729E-15
  0.067   0.200    0.88004E-12   0.11318E-10  -0.13516E-08  -0.60443E-12   0.46699E-13   0.34247E-15
  0.067   0.200    0.22626E-11   0.11407E-10  -0.14304E-08  -0.60879E-12   0.12080E-12   0.36210E-15
  0.067   0.200    0.23774E-11   0.10884E-10  -0.13710E-08  -0.58310E-12   0.12682E-12   0.35327E-15
  0.067   0.200   -0.44990E-12   0.10202E-10  -0.13276E-08  -0.54425E-12  -0.37013E-13   0.33494E-15
  0.067   0.200    0.27050E-11   0.12135E-10  -0.13409E-08  -0.65440E-12   0.14421E-12   0.41489E-15
  0.067   0.200    0.82922E-12   0.88968E-11  -0.14068E-08  -0.47494E-12   0.37586E-13   0.34727E-15
  0.067   0.200   -0.20660E-11   0.11528E-10  -0.14409E-08  -0.61515E-12  -0.13421E-12   0.37666E-15
  0.067   0.200    0.86163E-12   0.82272E-11  -0.13765E-08  -0.44194E-12   0.36753E-13   0.33122E-15
  0.067   0.200    0.10824E-10   0.21622E-10  -0.13556E-08  -0.12412E-11   0.66520E-12   0.33764E-15
  0.067   0.200    0.14395E-11   0.11120E-10  -0.14595E-08  -0.59369E-12   0.76418E-13   0.37238E-15
  0.067   0.200    0.12344E-11   0.11233E-10  -0.14177E-08  -0.59982E-12   0.65444E-13   0.35998E-15
  0.067   0.200    0.23534E-11   0.11569E-10  -0.18147E-08  -0.61771E-12   0.12558E-12   0.46172E-15
  0.067   0.200    0.23642E-11   0.11278E-10  -0.17792E-08  -0.60196E-12   0.12608E-12   0.45115E-15
  0.067   0.200    0.23079E-11   0.11462E-10  -0.17392E-08  -0.61191E-12   0.12284E-12   0.44250E-15
  0.067   0.200    0.23122E-11   0.11897E-10  -0.16935E-08  -0.63493E-12   0.12321E-12   0.43258E-15
  0.067   0.200    0.20871E-11   0.11643E-10  -0.18072E-08  -0.61876E-12   0.11133E-12   0.34284E-15
  0.067   0.200    0.19459E-11   0.10762E-10  -0.17921E-08  -0.55264E-12   0.10810E-12   0.47088E-15
  0.067   0.200    0.31610E-11   0.10872E-10  -0.17797E-08  -0.58032E-12   0.17024E-12   0.47094E-15
  0.067   0.200    0.21519E-11   0.11539E-10  -0.17252E-08  -0.61319E-12   0.11602E-12   0.43435E-15
  0.067   0.200    0.15948E-11   0.11586E-10  -0.18575E-08  -0.61813E-12   0.84606E-13   0.47052E-15
  0.067   0.200    0.15762E-11   0.11642E-10  -0.18142E-08  -0.62052E-12   0.83674E-13   0.46026E-15
  0.067   0.200    0.21626E-11   0.12072E-10  -0.14659E-08  -0.64502E-12   0.11522E-12   0.37220E-15
  0.067   0.200    0.21884E-11   0.11774E-10  -0.14197E-08  -0.62930E-12   0.11657E-12   0.36311E-15
  0.067   0.200    0.22632E-11   0.11872E-10  -0.13761E-08  -0.63450E-12   0.12072E-12   0.35332E-15
  0.067   0.200    0.22070E-11   0.12415E-10  -0.13329E-08  -0.66349E-12   0.11767E-12   0.34186E-15
  0.067   0.200    0.68301E-11   0.11751E-10  -0.14469E-08  -0.63124E-12   0.38766E-12   0.35755E-15
  0.067   0.200    0.20655E-11   0.11790E-10  -0.14585E-08  -0.62690E-12   0.11018E-12   0.34604E-15
  0.067   0.200    0.82526E-11   0.16094E-10  -0.14132E-08  -0.90547E-12   0.48620E-12   0.40918E-15
  0.067   0.200    0.19925E-11   0.13184E-10  -0.13527E-08  -0.70490E-12   0.10492E-12   0.34974E-15
  0.067   0.200    0.14576E-11   0.12076E-10  -0.14872E-08  -0.64634E-12   0.77676E-13   0.38056E-15
  0.067   0.200    0.12844E-11   0.12096E-10  -0.14414E-08  -0.64579E-12   0.68080E-13   0.37087E-15
  0.067   0.200    0.24220E-11   0.11363E-10  -0.16119E-08  -0.60645E-12   0.12907E-12   0.40988E-15
  0.067   0.200    0.24246E-11   0.11156E-10  -0.15703E-08  -0.59574E-12   0.12920E-12   0.39837E-15
  0.067   0.200    0.24008E-11   0.11317E-10  -0.15303E-08  -0.60441E-12   0.12813E-12   0.38969E-15
  0.067   0.200    0.23319E-11   0.11747E-10  -0.14904E-08  -0.62713E-12   0.12433E-12   0.38041E-15
  0.067   0.200    0.20157E-11   0.11856E-10  -0.15574E-08  -0.63103E-12   0.10760E-12   0.40451E-15
  0.067   0.200    0.35810E-11   0.11302E-10  -0.16091E-08  -0.59989E-12   0.20589E-12   0.41030E-15
  0.067   0.200    0.19979E-11   0.11697E-10  -0.15582E-08  -0.62457E-12   0.10667E-12   0.45938E-15
  0.067   0.200    0.21155E-11   0.11753E-10  -0.15312E-08  -0.63693E-12   0.11265E-12   0.38973E-15
  0.067   0.200    0.15208E-11   0.11448E-10  -0.16439E-08  -0.61070E-12   0.80736E-13   0.41837E-15
  0.067   0.200    0.15331E-11   0.11527E-10  -0.16011E-08  -0.61482E-12   0.81183E-13   0.40652E-15
  0.067   0.200    0.25643E-11   0.11438E-10  -0.16836E-08  -0.61022E-12   0.13665E-12   0.42725E-15
  0.067   0.200    0.25755E-11   0.11186E-10  -0.16409E-08  -0.59714E-12   0.13725E-12   0.41624E-15
  0.067   0.200    0.25464E-11   0.11313E-10  -0.15993E-08  -0.60392E-12   0.13571E-12   0.40680E-15
  0.067   0.200    0.25529E-11   0.11757E-10  -0.15575E-08  -0.62720E-12   0.13629E-12   0.39821E-15
  0.067   0.200    0.22878E-11   0.11268E-10  -0.16406E-08  -0.60206E-12   0.12296E-12   0.42077E-15
  0.067   0.200    0.21778E-11   0.11431E-10  -0.16940E-08  -0.60951E-12   0.11582E-12   0.43173E-15
  0.067   0.200    0.22233E-11   0.11554E-10  -0.15934E-08  -0.62002E-12   0.11877E-12   0.40917E-15
  0.067   0.200    0.22428E-11   0.11667E-10  -0.16058E-08  -0.62960E-12   0.11920E-12   0.48433E-15
  0.067   0.200    0.18322E-11   0.11440E-10  -0.17192E-08  -0.61014E-12   0.97426E-13   0.43647E-15
  0.067   0.200    0.18630E-11   0.11566E-10  -0.16767E-08  -0.61726E-12   0.99060E-13   0.42567E-15
  0.067   0.200    0.25660E-11   0.12074E-10  -0.13770E-08  -0.64514E-12   0.13694E-12   0.35213E-15
  0.067   0.200    0.25626E-11   0.11877E-10  -0.13289E-08  -0.63491E-12   0.13675E-12   0.33970E-15
  0.067   0.200    0.25099E-11   0.11967E-10  -0.12837E-08  -0.63976E-12   0.13389E-12   0.33017E-15
  0.067   0.200    0.24337E-11   0.12378E-10  -0.12412E-08  -0.66160E-12   0.12987E-12   0.31809E-15
  0.067   0.200    0.24428E-11   0.11520E-10  -0.13491E-08  -0.61575E-12   0.12751E-12   0.34431E-15
  0.067   0.200    0.44829E-11   0.11803E-10  -0.13975E-08  -0.63066E-12   0.25934E-12   0.35600E-15
  0.067   0.200    0.23393E-11   0.12271E-10  -0.13039E-08  -0.65777E-12   0.12692E-12   0.33503E-15
  0.067   0.200    0.18105E-11   0.12580E-10  -0.12618E-08  -0.67257E-12   0.91623E-13   0.32244E-15
  0.067   0.200    0.14805E-11   0.11884E-10  -0.14009E-08  -0.63215E-12   0.78271E-13   0.42308E-15
  0.067   0.200    0.30303E-11   0.14213E-10  -0.13638E-08  -0.76855E-12   0.15502E-12   0.32961E-15
  0.067   0.200    0.30349E-11   0.11740E-10  -0.14050E-08  -0.62718E-12   0.16201E-12   0.35722E-15
  0.067   0.200    0.30549E-11   0.11522E-10  -0.13574E-08  -0.61579E-12   0.16307E-12   0.34597E-15
  0.067   0.200    0.30061E-11   0.11694E-10  -0.13137E-08  -0.62516E-12   0.16061E-12   0.33636E-15
  0.067   0.200    0.28822E-11   0.12306E-10  -0.12725E-08  -0.65765E-12   0.15390E-12   0.32669E-15
  0.067   0.200    0.41608E-11   0.11533E-10  -0.13827E-08  -0.61627E-12   0.23608E-12   0.35457E-15
  0.067   0.200    0.44208E-11   0.11896E-10  -0.14266E-08  -0.63592E-12   0.25108E-12   0.36141E-15
  0.067   0.200    0.25412E-11   0.11599E-10  -0.13359E-08  -0.61743E-12   0.13052E-12   0.34129E-15
  0.067   0.200    0.31091E-11   0.12678E-10  -0.12955E-08  -0.67991E-12   0.17204E-12   0.32888E-15
  0.067   0.200    0.16527E-11   0.11387E-10  -0.14306E-08  -0.59718E-12   0.87859E-13   0.36778E-15
  0.067   0.200    0.20467E-11   0.12059E-10  -0.14049E-08  -0.64577E-12   0.10864E-12   0.17032E-15
  0.130   0.385    0.12528E-10   0.84281E-10  -0.29814E-08  -0.45213E-11   0.66715E-12   0.88118E-15
  0.130   0.385    0.15172E-10   0.84580E-10  -0.27244E-08  -0.45344E-11   0.81835E-12   0.76280E-15
  0.130   0.385    0.13926E-10   0.88368E-10  -0.24167E-08  -0.47546E-11   0.74079E-12   0.69758E-15
  0.130   0.385    0.13811E-10   0.90863E-10  -0.20436E-08  -0.48711E-11   0.73875E-12   0.62249E-15
  0.130   0.385    0.12014E-10   0.82688E-10  -0.27664E-08  -0.44335E-11   0.64807E-12   0.77866E-15
  0.130   0.385    0.11047E-10   0.87393E-10  -0.31135E-08  -0.46863E-11   0.59679E-12   0.85929E-15
  0.130   0.385    0.23483E-10   0.86867E-10  -0.24945E-08  -0.47001E-11   0.13859E-11   0.73133E-15
  0.130   0.385    0.17314E-10   0.91355E-10  -0.21552E-08  -0.48980E-11   0.98919E-12   0.66636E-15
  0.130   0.385    0.69275E-11   0.86371E-10  -0.31688E-08  -0.46280E-11   0.36928E-12   0.89238E-15
  0.130   0.385    0.70737E-11   0.87722E-10  -0.28452E-08  -0.47006E-11   0.37759E-12   0.81158E-15
  0.130   0.385    0.31078E-12   0.99754E-10  -0.27507E-08  -0.54625E-11  -0.82418E-13   0.47406E-15
  0.130   0.385    0.16847E-10   0.92430E-10  -0.24635E-08  -0.49380E-11   0.89825E-12   0.64370E-15
  0.130   0.385    0.47744E-10   0.80584E-10  -0.21345E-08  -0.41691E-11   0.27640E-11   0.63043E-15
  0.130   0.385    0.17069E-10   0.83971E-10  -0.18394E-08  -0.45198E-11   0.90893E-12   0.54927E-15
  0.130   0.385    0.14277E-10   0.76489E-10  -0.25815E-08  -0.41047E-11   0.77012E-12   0.71351E-15
  0.130   0.385    0.13489E-10   0.79920E-10  -0.28803E-08  -0.42883E-11   0.73608E-12   0.78943E-15
  0.130   0.385    0.38729E-10   0.90483E-10  -0.23251E-08  -0.49611E-11   0.23132E-11   0.66540E-15
  0.130   0.385    0.26630E-10   0.94112E-10  -0.19924E-08  -0.50881E-11   0.15558E-11   0.62517E-15
  0.130   0.385    0.78008E-11   0.82346E-10  -0.29238E-08  -0.44120E-11   0.41744E-12   0.82611E-15
  0.130   0.385    0.73365E-11   0.82564E-10  -0.26169E-08  -0.44242E-11   0.39232E-12   0.74630E-15
  0.130   0.385    0.15273E-10   0.85048E-10  -0.34327E-08  -0.45608E-11   0.81766E-12   0.95449E-15
  0.130   0.385    0.10721E-10   0.79464E-10  -0.30458E-08  -0.41857E-11   0.61123E-12   0.10319E-14
  0.130   0.385    0.14041E-10   0.83558E-10  -0.28756E-08  -0.44662E-11   0.75031E-12   0.90948E-15
  0.130   0.385    0.15391E-10   0.84010E-10  -0.25652E-08  -0.45212E-11   0.82534E-12   0.72202E-15
  0.130   0.385    0.16760E-10   0.80450E-10  -0.32631E-08  -0.43089E-11   0.94060E-12   0.89861E-15
  0.130   0.385    0.11761E-10   0.81217E-10  -0.35561E-08  -0.43499E-11   0.62861E-12   0.97187E-15
  0.130   0.385    0.10446E-10   0.84605E-10  -0.29509E-08  -0.45339E-11   0.54454E-12   0.83859E-15
  0.130   0.385    0.12680E-10   0.84803E-10  -0.26335E-08  -0.45428E-11   0.68311E-12   0.76163E-15
  0.130   0.385    0.87651E-11   0.82172E-10  -0.36337E-08  -0.44013E-11   0.46848E-12   0.99909E-15
  0.130   0.385    0.90615E-11   0.82607E-10  -0.33277E-08  -0.44250E-11   0.48442E-12   0.92002E-15
  0.130   0.385    0.16195E-10   0.81153E-10  -0.35383E-08  -0.43469E-11   0.86693E-12   0.95746E-15
  0.130   0.385    0.16075E-10   0.80057E-10  -0.31991E-08  -0.42985E-11   0.86081E-12   0.89802E-15
  0.130   0.385   -0.82276E-12   0.72475E-10  -0.28844E-08  -0.37949E-11  -0.86748E-13   0.75159E-15
  0.130   0.385    0.16495E-10   0.87690E-10  -0.26682E-08  -0.47206E-11   0.88087E-12   0.83022E-15
  0.130   0.385    0.11769E-10   0.77719E-10  -0.33660E-08  -0.41660E-11   0.62896E-12   0.92172E-15
  0.130   0.385    0.14034E-10   0.81101E-10  -0.36618E-08  -0.43423E-11   0.76564E-12   0.98686E-15
  0.130   0.385    0.29629E-11   0.83659E-10  -0.31027E-08  -0.44791E-11   0.82088E-13   0.88185E-15
  0.130   0.385    0.10915E-10   0.90426E-10  -0.27725E-08  -0.48443E-11   0.57730E-12   0.79359E-15
  0.130   0.385    0.90666E-11   0.81419E-10  -0.37412E-08  -0.43607E-11   0.48357E-12   0.10239E-14
  0.130   0.385    0.93082E-11   0.83108E-10  -0.34360E-08  -0.44521E-11   0.49669E-12   0.94791E-15
  0.130   0.385    0.14637E-10   0.84996E-10   0.80563E-09  -0.45644E-11   0.78594E-12  -0.95369E-16
  0.130   0.385    0.15665E-10   0.82129E-10   0.10465E-08  -0.44118E-11   0.84009E-12  -0.17221E-15
  0.130   0.385    0.15840E-10   0.83034E-10   0.13509E-08  -0.44611E-11   0.84789E-12  -0.22769E-15
  0.130   0.385    0.15114E-10   0.86021E-10   0.17338E-08  -0.46188E-11   0.81007E-12  -0.31577E-15
  0.130   0.385    0.18721E-10   0.72674E-10   0.90874E-09  -0.38921E-11   0.10030E-11  -0.36670E-15
  0.130   0.385    0.14026E-10   0.82244E-10   0.74224E-09  -0.43844E-11   0.75383E-12  -0.15913E-15
  0.130   0.385    0.15595E-09   0.34557E-10   0.11065E-08  -0.15602E-11   0.90675E-11   0.10900E-15
  0.130   0.385    0.19155E-10   0.10437E-09   0.14333E-08  -0.55992E-11   0.10214E-11  -0.23886E-15
  0.130   0.385    0.11707E-10   0.84795E-10   0.59736E-09  -0.45515E-11   0.62754E-12  -0.34035E-16
  0.130   0.385    0.99310E-11   0.84205E-10   0.91909E-09  -0.45216E-11   0.53392E-12  -0.13339E-15
  0.130   0.385    0.15442E-10   0.87188E-10  -0.29484E-08  -0.46715E-11   0.82550E-12   0.82849E-15
  0.130   0.385    0.15314E-10   0.85325E-10  -0.26280E-08  -0.45757E-11   0.81843E-12   0.74557E-15
  0.130   0.385    0.15140E-10   0.85657E-10  -0.23107E-08  -0.45931E-11   0.81030E-12   0.67548E-15
  0.130   0.385    0.14595E-10   0.88797E-10  -0.19821E-08  -0.47602E-11   0.78080E-12   0.60242E-15
  0.130   0.385    0.13748E-10   0.86780E-10  -0.27879E-08  -0.46519E-11   0.74089E-12   0.77997E-15
  0.130   0.385    0.12961E-10   0.84878E-10  -0.30316E-08  -0.45544E-11   0.69236E-12   0.79537E-15
  0.130   0.385    0.12183E-10   0.85349E-10  -0.24572E-08  -0.45780E-11   0.65239E-12   0.70085E-15
  0.130   0.385    0.12909E-10   0.89146E-10  -0.21110E-08  -0.47783E-11   0.68966E-12   0.62802E-15
  0.130   0.385    0.10774E-10   0.87643E-10  -0.31487E-08  -0.46997E-11   0.57671E-12   0.88571E-15
  0.130   0.385    0.10560E-10   0.88070E-10  -0.28211E-08  -0.47184E-11   0.56318E-12   0.81566E-15
  0.130   0.385    0.17359E-10   0.81782E-10  -0.34984E-08  -0.43806E-11   0.92837E-12   0.95839E-15
  0.130   0.385    0.17318E-10   0.80381E-10  -0.31942E-08  -0.43085E-11   0.92622E-12   0.87777E-15
  0.130   0.385    0.17136E-10   0.81589E-10  -0.29000E-08  -0.43734E-11   0.91820E-12   0.81582E-15
  0.130   0.385    0.16460E-10   0.84777E-10  -0.25872E-08  -0.45429E-11   0.88050E-12   0.74814E-15
  0.130   0.385    0.14339E-10   0.85723E-10  -0.32097E-08  -0.45875E-11   0.76714E-12   0.92158E-15
  0.130   0.385    0.24935E-10   0.81806E-10  -0.36232E-08  -0.43662E-11   0.14331E-11   0.96200E-15
  0.130   0.385    0.14241E-10   0.85108E-10  -0.30547E-08  -0.45487E-11   0.76221E-12   0.10019E-14
  0.130   0.385    0.11989E-10   0.80448E-10  -0.28194E-08  -0.43470E-11   0.65564E-12   0.82856E-15
  0.130   0.385    0.10650E-10   0.82422E-10  -0.37181E-08  -0.44142E-11   0.56887E-12   0.10198E-14
  0.130   0.385    0.10868E-10   0.83180E-10  -0.34108E-08  -0.44543E-11   0.57966E-12   0.93004E-15
  0.130   0.385    0.18400E-10   0.82195E-10  -0.36455E-08  -0.44024E-11   0.98398E-12   0.99246E-15
  0.130   0.385    0.18476E-10   0.80486E-10  -0.33366E-08  -0.43133E-11   0.98845E-12   0.91479E-15
  0.130   0.385    0.18093E-10   0.81661E-10  -0.30364E-08  -0.43772E-11   0.96774E-12   0.84770E-15
  0.130   0.385    0.17974E-10   0.84825E-10  -0.27280E-08  -0.45446E-11   0.96234E-12   0.78368E-15
  0.130   0.385    0.16334E-10   0.81014E-10  -0.34020E-08  -0.43458E-11   0.88058E-12   0.94744E-15
  0.130   0.385    0.15736E-10   0.82356E-10  -0.37661E-08  -0.44101E-11   0.84148E-12   0.10262E-14
  0.130   0.385    0.15621E-10   0.84729E-10  -0.30784E-08  -0.45543E-11   0.83779E-12   0.87827E-15
  0.130   0.385    0.15992E-10   0.83252E-10  -0.29893E-08  -0.44861E-11   0.85204E-12   0.67064E-15
  0.130   0.385    0.12937E-10   0.82281E-10  -0.38886E-08  -0.44062E-11   0.69138E-12   0.10590E-14
  0.130   0.385    0.13220E-10   0.83249E-10  -0.35840E-08  -0.44594E-11   0.70660E-12   0.97883E-15
  0.130   0.385    0.18264E-10   0.86632E-10  -0.31969E-08  -0.46416E-11   0.97697E-12   0.88593E-15
  0.130   0.385    0.18095E-10   0.84765E-10  -0.28742E-08  -0.45442E-11   0.96805E-12   0.80194E-15
  0.130   0.385    0.17690E-10   0.85467E-10  -0.25544E-08  -0.45825E-11   0.94635E-12   0.73544E-15
  0.130   0.385    0.17085E-10   0.88607E-10  -0.22311E-08  -0.47493E-11   0.91420E-12   0.66138E-15
  0.130   0.385    0.14337E-10   0.82953E-10  -0.30111E-08  -0.44489E-11   0.73874E-12   0.84194E-15
  0.130   0.385    0.13259E-10   0.86466E-10  -0.33284E-08  -0.46340E-11   0.70346E-12   0.92583E-15
  0.130   0.385    0.15373E-10   0.86319E-10  -0.26917E-08  -0.46377E-11   0.83250E-12   0.77389E-15
  0.130   0.385    0.13521E-10   0.89155E-10  -0.23692E-08  -0.47732E-11   0.69976E-12   0.69159E-15
  0.130   0.385    0.11710E-10   0.89039E-10  -0.34026E-08  -0.47688E-11   0.62258E-12   0.10637E-14
  0.130   0.385    0.40055E-10   0.10146E-09  -0.30882E-08  -0.54956E-11   0.22800E-11   0.88885E-15
  0.130   0.385    0.19864E-10   0.84697E-10  -0.24284E-08  -0.45393E-11   0.10630E-11   0.69571E-15
  0.130   0.385    0.19755E-10   0.82787E-10  -0.21258E-08  -0.44397E-11   0.10572E-11   0.61491E-15
  0.130   0.385    0.19340E-10   0.83383E-10  -0.18142E-08  -0.44721E-11   0.10350E-11   0.54624E-15
  0.130   0.385    0.18611E-10   0.86367E-10  -0.14868E-08  -0.46306E-11   0.99634E-12   0.47809E-15
  0.130   0.385    0.18210E-10   0.82693E-10  -0.22678E-08  -0.44345E-11   0.97396E-12   0.65083E-15
  0.130   0.385    0.19046E-10   0.85105E-10  -0.25689E-08  -0.45615E-11   0.10331E-11   0.72388E-15
  0.130   0.385    0.19226E-10   0.81366E-10  -0.19656E-08  -0.43648E-11   0.10113E-11   0.58101E-15
  0.130   0.385    0.18866E-10   0.89007E-10  -0.16545E-08  -0.47826E-11   0.10216E-11   0.51087E-15
  0.130   0.385    0.10927E-10   0.10760E-09  -0.26994E-08  -0.58981E-11   0.52404E-12   0.75365E-15
  0.130   0.385    0.16254E-10   0.87839E-10  -0.24335E-08  -0.47088E-11   0.86631E-12   0.85306E-16
