  0.000   0.000    0.00000E+00   0.00000E+00   0.00000E+00   0.00000E+00   0.00000E+00   0.00000E+00
  0.000   0.000    0.00000E+00   0.00000E+00   0.00000E+00   0.00000E+00   0.00000E+00   0.00000E+00
  0.000   0.000    0.00000E+00   0.00000E+00   0.00000E+00   0.00000E+00   0.00000E+00   0.00000E+00
  0.000   0.000    0.00000E+00   0.00000E+00   0.00000E+00   0.00000E+00   0.00000E+00   0.00000E+00
  0.000   0.000    0.00000E+00   0.00000E+00   0.00000E+00   0.00000E+00   0.00000E+00   0.00000E+00
  0.000   0.000    0.00000E+00   0.00000E+00   0.00000E+00   0.00000E+00   0.00000E+00   0.00000E+00
  0.000   0.000    0.00000E+00   0.00000E+00   0.00000E+00   0.00000E+00   0.00000E+00   0.00000E+00
  0.000   0.000    0.00000E+00   0.00000E+00   0.00000E+00   0.00000E+00   0.00000E+00   0.00000E+00
  0.000   0.000    0.00000E+00   0.00000E+00   0.00000E+00   0.00000E+00   0.00000E+00   0.00000E+00
  0.000   0.000    0.00000E+00   0.00000E+00   0.00000E+00   0.00000E+00   0.00000E+00   0.00000E+00
  0.000   0.000    0.00000E+00   0.00000E+00   0.00000E+00   0.00000E+00   0.00000E+00   0.00000E+00
  0.000   0.000    0.00000E+00   0.00000E+00   0.00000E+00   0.00000E+00   0.00000E+00   0.00000E+00
  0.000   0.000    0.00000E+00   0.00000E+00   0.00000E+00   0.00000E+00   0.00000E+00   0.00000E+00
  0.000   0.000    0.00000E+00   0.00000E+00   0.00000E+00   0.00000E+00   0.00000E+00   0.00000E+00
  0.000   0.000    0.00000E+00   0.00000E+00   0.00000E+00   0.00000E+00   0.00000E+00   0.00000E+00
  0.000   0.000    0.00000E+00   0.00000E+00   0.00000E+00   0.00000E+00   0.00000E+00   0.00000E+00
  0.000   0.000    0.00000E+00   0.00000E+00   0.00000E+00   0.00000E+00   0.00000E+00   0.00000E+00
  0.000   0.000    0.00000E+00   0.00000E+00   0.00000E+00   0.00000E+00   0.00000E+00   0.00000E+00
  0.000   0.000    0.00000E+00   0.00000E+00   0.00000E+00   0.00000E+00   0.00000E+00   0.00000E+00
  0.000   0.000    0.00000E+00   0.00000E+00   0.00000E+00   0.00000E+00   0.00000E+00   0.00000E+00
  0.000   0.000    0.00000E+00   0.00000E+00   0.00000E+00   0.00000E+00   0.00000E+00   0.00000E+00
  0.000   0.000    0.00000E+00   0.00000E+00   0.00000E+00   0.00000E+00   0.00000E+00   0.00000E+00
  0.000   0.000    0.00000E+00   0.00000E+00   0.00000E+00   0.00000E+00   0.00000E+00   0.00000E+00
  0.000   0.000    0.00000E+00   0.00000E+00   0.00000E+00   0.00000E+00   0.00000E+00   0.00000E+00
  0.000   0.000    0.00000E+00   0.00000E+00   0.00000E+00   0.00000E+00   0.00000E+00   0.00000E+00
  0.000   0.000    0.00000E+00   0.00000E+00   0.00000E+00   0.00000E+00   0.00000E+00   0.00000E+00
  0.000   0.000    0.00000E+00   0.00000E+00   0.00000E+00   0.00000E+00   0.00000E+00   0.00000E+00
  0.000   0.000    0.00000E+00   0.00000E+00   0.00000E+00   0.00000E+00   0.00000E+00   0.00000E+00
  0.000   0.000    0.00000E+00   0.00000E+00   0.00000E+00   0.00000E+00   0.00000E+00   0.00000E+00
  0.000   0.000    0.00000E+00   0.00000E+00   0.00000E+00   0.00000E+00   0.00000E+00   0.00000E+00
  0.000   0.000    0.00000E+00   0.00000E+00   0.00000E+00   0.00000E+00   0.00000E+00   0.00000E+00
  0.000   0.000    0.00000E+00   0.00000E+00   0.00000E+00   0.00000E+00   0.00000E+00   0.00000E+00
  0.000   0.000    0.00000E+00   0.00000E+00   0.00000E+00   0.00000E+00   0.00000E+00   0.00000E+00
  0.000   0.000    0.00000E+00   0.00000E+00   0.00000E+00   0.00000E+00   0.00000E+00   0.00000E+00
  0.000   0.000    0.00000E+00   0.00000E+00   0.00000E+00   0.00000E+00   0.00000E+00   0.00000E+00
  0.000   0.000    0.00000E+00   0.00000E+00   0.00000E+00   0.00000E+00   0.00000E+00   0.00000E+00
  0.000   0.000    0.00000E+00   0.00000E+00   0.00000E+00   0.00000E+00   0.00000E+00   0.00000E+00
  0.000   0.000    0.00000E+00   0.00000E+00   0.00000E+00   0.00000E+00   0.00000E+00   0.00000E+00
  0.000   0.000    0.00000E+00   0.00000E+00   0.00000E+00   0.00000E+00   0.00000E+00   0.00000E+00
  0.000   0.000    0.00000E+00   0.00000E+00   0.00000E+00   0.00000E+00   0.00000E+00   0.00000E+00
  0.000   0.000    0.00000E+00   0.00000E+00   0.00000E+00   0.00000E+00   0.00000E+00   0.00000E+00
  0.000   0.000    0.00000E+00   0.00000E+00   0.00000E+00   0.00000E+00   0.00000E+00   0.00000E+00
  0.000   0.000    0.00000E+00   0.00000E+00   0.00000E+00   0.00000E+00   0.00000E+00   0.00000E+00
  0.000   0.000    0.00000E+00   0.00000E+00   0.00000E+00   0.00000E+00   0.00000E+00   0.00000E+00
  0.000   0.000    0.00000E+00   0.00000E+00   0.00000E+00   0.00000E+00   0.00000E+00   0.00000E+00
  0.000   0.000    0.00000E+00   0.00000E+00   0.00000E+00   0.00000E+00   0.00000E+00   0.00000E+00
  0.000   0.000    0.00000E+00   0.00000E+00   0.00000E+00   0.00000E+00   0.00000E+00   0.00000E+00
  0.000   0.000    0.00000E+00   0.00000E+00   0.00000E+00   0.00000E+00   0.00000E+00   0.00000E+00
  0.000   0.000    0.00000E+00   0.00000E+00   0.00000E+00   0.00000E+00   0.00000E+00   0.00000E+00
  0.000   0.000    0.00000E+00   0.00000E+00   0.00000E+00   0.00000E+00   0.00000E+00   0.00000E+00
  0.000   0.000    0.00000E+00   0.00000E+00   0.00000E+00   0.00000E+00   0.00000E+00   0.00000E+00
  0.000   0.000    0.00000E+00   0.00000E+00   0.00000E+00   0.00000E+00   0.00000E+00   0.00000E+00
  0.000   0.000    0.00000E+00   0.00000E+00   0.00000E+00   0.00000E+00   0.00000E+00   0.00000E+00
  0.000   0.000    0.00000E+00   0.00000E+00   0.00000E+00   0.00000E+00   0.00000E+00   0.00000E+00
  0.000   0.000    0.00000E+00   0.00000E+00   0.00000E+00   0.00000E+00   0.00000E+00   0.00000E+00
  0.000   0.000    0.00000E+00   0.00000E+00   0.00000E+00   0.00000E+00   0.00000E+00   0.00000E+00
  0.000   0.000    0.00000E+00   0.00000E+00   0.00000E+00   0.00000E+00   0.00000E+00   0.00000E+00
  0.000   0.000    0.00000E+00   0.00000E+00   0.00000E+00   0.00000E+00   0.00000E+00   0.00000E+00
  0.000   0.000    0.00000E+00   0.00000E+00   0.00000E+00   0.00000E+00   0.00000E+00   0.00000E+00
  0.000   0.000    0.00000E+00   0.00000E+00   0.00000E+00   0.00000E+00   0.00000E+00   0.00000E+00
  0.000   0.000    0.00000E+00   0.00000E+00   0.00000E+00   0.00000E+00   0.00000E+00   0.00000E+00
  0.000   0.000    0.00000E+00   0.00000E+00   0.00000E+00   0.00000E+00   0.00000E+00   0.00000E+00
  0.000   0.000    0.00000E+00   0.00000E+00   0.00000E+00   0.00000E+00   0.00000E+00   0.00000E+00
  0.000   0.000    0.00000E+00   0.00000E+00   0.00000E+00   0.00000E+00   0.00000E+00   0.00000E+00
  0.000   0.000    0.00000E+00   0.00000E+00   0.00000E+00   0.00000E+00   0.00000E+00   0.00000E+00
  0.000   0.000    0.00000E+00   0.00000E+00   0.00000E+00   0.00000E+00   0.00000E+00   0.00000E+00
  0.000   0.000    0.00000E+00   0.00000E+00   0.00000E+00   0.00000E+00   0.00000E+00   0.00000E+00
  0.000   0.000    0.00000E+00   0.00000E+00   0.00000E+00   0.00000E+00   0.00000E+00   0.00000E+00
  0.000   0.000    0.00000E+00   0.00000E+00   0.00000E+00   0.00000E+00   0.00000E+00   0.00000E+00
  0.000   0.000    0.00000E+00   0.00000E+00   0.00000E+00   0.00000E+00   0.00000E+00   0.00000E+00
  0.000   0.000    0.00000E+00   0.00000E+00   0.00000E+00   0.00000E+00   0.00000E+00   0.00000E+00
  0.000   0.000    0.00000E+00   0.00000E+00   0.00000E+00   0.00000E+00   0.00000E+00   0.00000E+00
  0.000   0.000    0.00000E+00   0.00000E+00   0.00000E+00   0.00000E+00   0.00000E+00   0.00000E+00
  0.000   0.000    0.00000E+00   0.00000E+00   0.00000E+00   0.00000E+00   0.00000E+00   0.00000E+00
  0.000   0.000    0.00000E+00   0.00000E+00   0.00000E+00   0.00000E+00   0.00000E+00   0.00000E+00
  0.000   0.000    0.00000E+00   0.00000E+00   0.00000E+00   0.00000E+00   0.00000E+00   0.00000E+00
  0.000   0.000    0.00000E+00   0.00000E+00   0.00000E+00   0.00000E+00   0.00000E+00   0.00000E+00
  0.000   0.000    0.00000E+00   0.00000E+00   0.00000E+00   0.00000E+00   0.00000E+00   0.00000E+00
  0.000   0.000    0.00000E+00   0.00000E+00   0.00000E+00   0.00000E+00   0.00000E+00   0.00000E+00
  0.000   0.000    0.00000E+00   0.00000E+00   0.00000E+00   0.00000E+00   0.00000E+00   0.00000E+00
  0.000   0.000    0.00000E+00   0.00000E+00   0.00000E+00   0.00000E+00   0.00000E+00   0.00000E+00
  0.000   0.000    0.00000E+00   0.00000E+00   0.00000E+00   0.00000E+00   0.00000E+00   0.00000E+00
  0.000   0.000    0.00000E+00   0.00000E+00   0.00000E+00   0.00000E+00   0.00000E+00   0.00000E+00
  0.000   0.000    0.00000E+00   0.00000E+00   0.00000E+00   0.00000E+00   0.00000E+00   0.00000E+00
  0.000   0.000    0.00000E+00   0.00000E+00   0.00000E+00   0.00000E+00   0.00000E+00   0.00000E+00
  0.000   0.000    0.00000E+00   0.00000E+00   0.00000E+00   0.00000E+00   0.00000E+00   0.00000E+00
  0.000   0.000    0.00000E+00   0.00000E+00   0.00000E+00   0.00000E+00   0.00000E+00   0.00000E+00
  0.000   0.000    0.00000E+00   0.00000E+00   0.00000E+00   0.00000E+00   0.00000E+00   0.00000E+00
  0.000   0.000    0.00000E+00   0.00000E+00   0.00000E+00   0.00000E+00   0.00000E+00   0.00000E+00
  0.000   0.000    0.00000E+00   0.00000E+00   0.00000E+00   0.00000E+00   0.00000E+00   0.00000E+00
  0.000   0.000    0.00000E+00   0.00000E+00   0.00000E+00   0.00000E+00   0.00000E+00   0.00000E+00
  0.000   0.000    0.00000E+00   0.00000E+00   0.00000E+00   0.00000E+00   0.00000E+00   0.00000E+00
  0.000   0.000    0.00000E+00   0.00000E+00   0.00000E+00   0.00000E+00   0.00000E+00   0.00000E+00
  0.000   0.000    0.00000E+00   0.00000E+00   0.00000E+00   0.00000E+00   0.00000E+00   0.00000E+00
  0.000   0.000    0.00000E+00   0.00000E+00   0.00000E+00   0.00000E+00   0.00000E+00   0.00000E+00
  0.000   0.000    0.00000E+00   0.00000E+00   0.00000E+00   0.00000E+00   0.00000E+00   0.00000E+00
  0.000   0.000    0.00000E+00   0.00000E+00   0.00000E+00   0.00000E+00   0.00000E+00   0.00000E+00
  0.000   0.000    0.00000E+00   0.00000E+00   0.00000E+00   0.00000E+00   0.00000E+00   0.00000E+00
  0.000   0.000    0.00000E+00   0.00000E+00   0.00000E+00   0.00000E+00   0.00000E+00   0.00000E+00
  0.000   0.000    0.00000E+00   0.00000E+00   0.00000E+00   0.00000E+00   0.00000E+00   0.00000E+00
 -1.000  -1.000    0.00000E+00   0.00000E+00   0.00000E+00   0.00000E+00   0.00000E+00   0.00000E+00
 -1.000  -1.000    0.00000E+00   0.00000E+00   0.00000E+00   0.00000E+00   0.00000E+00   0.00000E+00
 -1.000  -1.000    0.00000E+00   0.00000E+00   0.00000E+00   0.00000E+00   0.00000E+00   0.00000E+00
 -1.000  -1.000    0.00000E+00   0.00000E+00   0.00000E+00   0.00000E+00   0.00000E+00   0.00000E+00
 -1.000  -1.000    0.00000E+00   0.00000E+00   0.00000E+00   0.00000E+00   0.00000E+00   0.00000E+00
 -1.000  -1.000    0.00000E+00   0.00000E+00   0.00000E+00   0.00000E+00   0.00000E+00   0.00000E+00
 -1.000  -1.000    0.00000E+00   0.00000E+00   0.00000E+00   0.00000E+00   0.00000E+00   0.00000E+00
 -1.000  -1.000    0.00000E+00   0.00000E+00   0.00000E+00   0.00000E+00   0.00000E+00   0.00000E+00
 -1.000  -1.000    0.00000E+00   0.00000E+00   0.00000E+00   0.00000E+00   0.00000E+00   0.00000E+00
 -1.000  -1.000    0.00000E+00   0.00000E+00   0.00000E+00   0.00000E+00   0.00000E+00   0.00000E+00
 -1.000  -1.000    0.00000E+00   0.00000E+00   0.00000E+00   0.00000E+00   0.00000E+00   0.00000E+00
 -1.000  -1.000    0.00000E+00   0.00000E+00   0.00000E+00   0.00000E+00   0.00000E+00   0.00000E+00
 -1.000  -1.000    0.00000E+00   0.00000E+00   0.00000E+00   0.00000E+00   0.00000E+00   0.00000E+00
 -1.000  -1.000    0.00000E+00   0.00000E+00   0.00000E+00   0.00000E+00   0.00000E+00   0.00000E+00
 -1.000  -1.000    0.00000E+00   0.00000E+00   0.00000E+00   0.00000E+00   0.00000E+00   0.00000E+00
 -1.000  -1.000    0.00000E+00   0.00000E+00   0.00000E+00   0.00000E+00   0.00000E+00   0.00000E+00
 -1.000  -1.000    0.00000E+00   0.00000E+00   0.00000E+00   0.00000E+00   0.00000E+00   0.00000E+00
 -1.000  -1.000    0.00000E+00   0.00000E+00   0.00000E+00   0.00000E+00   0.00000E+00   0.00000E+00
 -1.000  -1.000    0.00000E+00   0.00000E+00   0.00000E+00   0.00000E+00   0.00000E+00   0.00000E+00
 -1.000  -1.000    0.00000E+00   0.00000E+00   0.00000E+00   0.00000E+00   0.00000E+00   0.00000E+00
 -1.000  -1.000    0.00000E+00   0.00000E+00   0.00000E+00   0.00000E+00   0.00000E+00   0.00000E+00
 -1.000  -1.000    0.00000E+00   0.00000E+00   0.00000E+00   0.00000E+00   0.00000E+00   0.00000E+00
 -1.000  -1.000    0.00000E+00   0.00000E+00   0.00000E+00   0.00000E+00   0.00000E+00   0.00000E+00
 -1.000  -1.000    0.00000E+00   0.00000E+00   0.00000E+00   0.00000E+00   0.00000E+00   0.00000E+00
 -1.000  -1.000    0.00000E+00   0.00000E+00   0.00000E+00   0.00000E+00   0.00000E+00   0.00000E+00
 -1.000  -1.000    0.00000E+00   0.00000E+00   0.00000E+00   0.00000E+00   0.00000E+00   0.00000E+00
 -1.000  -1.000    0.00000E+00   0.00000E+00   0.00000E+00   0.00000E+00   0.00000E+00   0.00000E+00
 -1.000  -1.000    0.00000E+00   0.00000E+00   0.00000E+00   0.00000E+00   0.00000E+00   0.00000E+00
 -1.000  -1.000    0.00000E+00   0.00000E+00   0.00000E+00   0.00000E+00   0.00000E+00   0.00000E+00
 -1.000  -1.000    0.00000E+00   0.00000E+00   0.00000E+00   0.00000E+00   0.00000E+00   0.00000E+00
 -1.000  -1.000    0.00000E+00   0.00000E+00   0.00000E+00   0.00000E+00   0.00000E+00   0.00000E+00
 -1.000  -1.000    0.00000E+00   0.00000E+00   0.00000E+00   0.00000E+00   0.00000E+00   0.00000E+00
 -1.000  -1.000    0.00000E+00   0.00000E+00   0.00000E+00   0.00000E+00   0.00000E+00   0.00000E+00
 -1.000  -1.000    0.00000E+00   0.00000E+00   0.00000E+00   0.00000E+00   0.00000E+00   0.00000E+00
 -1.000  -1.000    0.00000E+00   0.00000E+00   0.00000E+00   0.00000E+00   0.00000E+00   0.00000E+00
 -1.000  -1.000    0.00000E+00   0.00000E+00   0.00000E+00   0.00000E+00   0.00000E+00   0.00000E+00
 -1.000  -1.000    0.00000E+00   0.00000E+00   0.00000E+00   0.00000E+00   0.00000E+00   0.00000E+00
 -1.000  -1.000    0.00000E+00   0.00000E+00   0.00000E+00   0.00000E+00   0.00000E+00   0.00000E+00
 -1.000  -1.000    0.00000E+00   0.00000E+00   0.00000E+00   0.00000E+00   0.00000E+00   0.00000E+00
 -1.000  -1.000    0.00000E+00   0.00000E+00   0.00000E+00   0.00000E+00   0.00000E+00   0.00000E+00
 -1.000  -1.000    0.00000E+00   0.00000E+00   0.00000E+00   0.00000E+00   0.00000E+00   0.00000E+00
 -1.000  -1.000    0.00000E+00   0.00000E+00   0.00000E+00   0.00000E+00   0.00000E+00   0.00000E+00
 -1.000  -1.000    0.00000E+00   0.00000E+00   0.00000E+00   0.00000E+00   0.00000E+00   0.00000E+00
 -1.000  -1.000    0.00000E+00   0.00000E+00   0.00000E+00   0.00000E+00   0.00000E+00   0.00000E+00
 -1.000  -1.000    0.00000E+00   0.00000E+00   0.00000E+00   0.00000E+00   0.00000E+00   0.00000E+00
 -1.000  -1.000    0.00000E+00   0.00000E+00   0.00000E+00   0.00000E+00   0.00000E+00   0.00000E+00
 -1.000  -1.000    0.00000E+00   0.00000E+00   0.00000E+00   0.00000E+00   0.00000E+00   0.00000E+00
 -1.000  -1.000    0.00000E+00   0.00000E+00   0.00000E+00   0.00000E+00   0.00000E+00   0.00000E+00
 -1.000  -1.000    0.00000E+00   0.00000E+00   0.00000E+00   0.00000E+00   0.00000E+00   0.00000E+00
 -1.000  -1.000    0.00000E+00   0.00000E+00   0.00000E+00   0.00000E+00   0.00000E+00   0.00000E+00
 -1.000  -1.000    0.00000E+00   0.00000E+00   0.00000E+00   0.00000E+00   0.00000E+00   0.00000E+00
 -1.000  -1.000    0.00000E+00   0.00000E+00   0.00000E+00   0.00000E+00   0.00000E+00   0.00000E+00
 -1.000  -1.000    0.00000E+00   0.00000E+00   0.00000E+00   0.00000E+00   0.00000E+00   0.00000E+00
 -1.000  -1.000    0.00000E+00   0.00000E+00   0.00000E+00   0.00000E+00   0.00000E+00   0.00000E+00
 -1.000  -1.000    0.00000E+00   0.00000E+00   0.00000E+00   0.00000E+00   0.00000E+00   0.00000E+00
 -1.000  -1.000    0.00000E+00   0.00000E+00   0.00000E+00   0.00000E+00   0.00000E+00   0.00000E+00
 -1.000  -1.000    0.00000E+00   0.00000E+00   0.00000E+00   0.00000E+00   0.00000E+00   0.00000E+00
 -1.000  -1.000    0.00000E+00   0.00000E+00   0.00000E+00   0.00000E+00   0.00000E+00   0.00000E+00
 -1.000  -1.000    0.00000E+00   0.00000E+00   0.00000E+00   0.00000E+00   0.00000E+00   0.00000E+00
 -1.000  -1.000    0.00000E+00   0.00000E+00   0.00000E+00   0.00000E+00   0.00000E+00   0.00000E+00
 -1.000  -1.000    0.00000E+00   0.00000E+00   0.00000E+00   0.00000E+00   0.00000E+00   0.00000E+00
 -1.000  -1.000    0.00000E+00   0.00000E+00   0.00000E+00   0.00000E+00   0.00000E+00   0.00000E+00
 -1.000  -1.000    0.00000E+00   0.00000E+00   0.00000E+00   0.00000E+00   0.00000E+00   0.00000E+00
 -1.000  -1.000    0.00000E+00   0.00000E+00   0.00000E+00   0.00000E+00   0.00000E+00   0.00000E+00
 -1.000  -1.000    0.00000E+00   0.00000E+00   0.00000E+00   0.00000E+00   0.00000E+00   0.00000E+00
 -1.000  -1.000    0.00000E+00   0.00000E+00   0.00000E+00   0.00000E+00   0.00000E+00   0.00000E+00
 -1.000  -1.000    0.00000E+00   0.00000E+00   0.00000E+00   0.00000E+00   0.00000E+00   0.00000E+00
 -1.000  -1.000    0.00000E+00   0.00000E+00   0.00000E+00   0.00000E+00   0.00000E+00   0.00000E+00
 -1.000  -1.000    0.00000E+00   0.00000E+00   0.00000E+00   0.00000E+00   0.00000E+00   0.00000E+00
 -1.000  -1.000    0.00000E+00   0.00000E+00   0.00000E+00   0.00000E+00   0.00000E+00   0.00000E+00
 -1.000  -1.000    0.00000E+00   0.00000E+00   0.00000E+00   0.00000E+00   0.00000E+00   0.00000E+00
 -1.000  -1.000    0.00000E+00   0.00000E+00   0.00000E+00   0.00000E+00   0.00000E+00   0.00000E+00
 -1.000  -1.000    0.00000E+00   0.00000E+00   0.00000E+00   0.00000E+00   0.00000E+00   0.00000E+00
 -1.000  -1.000    0.00000E+00   0.00000E+00   0.00000E+00   0.00000E+00   0.00000E+00   0.00000E+00
 -1.000  -1.000    0.00000E+00   0.00000E+00   0.00000E+00   0.00000E+00   0.00000E+00   0.00000E+00
 -1.000  -1.000    0.00000E+00   0.00000E+00   0.00000E+00   0.00000E+00   0.00000E+00   0.00000E+00
 -1.000  -1.000    0.00000E+00   0.00000E+00   0.00000E+00   0.00000E+00   0.00000E+00   0.00000E+00
 -1.000  -1.000    0.00000E+00   0.00000E+00   0.00000E+00   0.00000E+00   0.00000E+00   0.00000E+00
 -1.000  -1.000    0.00000E+00   0.00000E+00   0.00000E+00   0.00000E+00   0.00000E+00   0.00000E+00
 -1.000  -1.000    0.00000E+00   0.00000E+00   0.00000E+00   0.00000E+00   0.00000E+00   0.00000E+00
 -1.000  -1.000    0.00000E+00   0.00000E+00   0.00000E+00   0.00000E+00   0.00000E+00   0.00000E+00
 -1.000  -1.000    0.00000E+00   0.00000E+00   0.00000E+00   0.00000E+00   0.00000E+00   0.00000E+00
 -1.000  -1.000    0.00000E+00   0.00000E+00   0.00000E+00   0.00000E+00   0.00000E+00   0.00000E+00
 -1.000  -1.000    0.00000E+00   0.00000E+00   0.00000E+00   0.00000E+00   0.00000E+00   0.00000E+00
 -1.000  -1.000    0.00000E+00   0.00000E+00   0.00000E+00   0.00000E+00   0.00000E+00   0.00000E+00
 -1.000  -1.000    0.00000E+00   0.00000E+00   0.00000E+00   0.00000E+00   0.00000E+00   0.00000E+00
 -1.000  -1.000    0.00000E+00   0.00000E+00   0.00000E+00   0.00000E+00   0.00000E+00   0.00000E+00
 -1.000  -1.000    0.00000E+00   0.00000E+00   0.00000E+00   0.00000E+00   0.00000E+00   0.00000E+00
 -1.000  -1.000    0.00000E+00   0.00000E+00   0.00000E+00   0.00000E+00   0.00000E+00   0.00000E+00
 -1.000  -1.000    0.00000E+00   0.00000E+00   0.00000E+00   0.00000E+00   0.00000E+00   0.00000E+00
 -1.000  -1.000    0.00000E+00   0.00000E+00   0.00000E+00   0.00000E+00   0.00000E+00   0.00000E+00
 -1.000  -1.000    0.00000E+00   0.00000E+00   0.00000E+00   0.00000E+00   0.00000E+00   0.00000E+00
 -1.000  -1.000    0.00000E+00   0.00000E+00   0.00000E+00   0.00000E+00   0.00000E+00   0.00000E+00
 -1.000  -1.000    0.00000E+00   0.00000E+00   0.00000E+00   0.00000E+00   0.00000E+00   0.00000E+00
 -1.000  -1.000    0.00000E+00   0.00000E+00   0.00000E+00   0.00000E+00   0.00000E+00   0.00000E+00
 -1.000  -1.000    0.00000E+00   0.00000E+00   0.00000E+00   0.00000E+00   0.00000E+00   0.00000E+00
 -1.000  -1.000    0.00000E+00   0.00000E+00   0.00000E+00   0.00000E+00   0.00000E+00   0.00000E+00
 -1.000  -1.000    0.00000E+00   0.00000E+00   0.00000E+00   0.00000E+00   0.00000E+00   0.00000E+00
 -1.000  -1.000    0.00000E+00   0.00000E+00   0.00000E+00   0.00000E+00   0.00000E+00   0.00000E+00
 -1.000  -1.000    0.00000E+00   0.00000E+00   0.00000E+00   0.00000E+00   0.00000E+00   0.00000E+00
  0.067   0.200    0.11465E-05  -0.22913E-06   0.14661E+00  -0.28810E-06   0.11985E-06  -0.35984E-07
  0.067   0.200    0.16036E-05  -0.95326E-05   0.14658E+00   0.21446E-06   0.14467E-06  -0.35980E-07
  0.067   0.200    0.15480E-05  -0.20729E-04   0.14650E+00   0.81324E-06   0.14133E-06  -0.35970E-07
  0.067   0.200    0.10905E-05  -0.30971E-04   0.14639E+00   0.13622E-05   0.11679E-06  -0.35959E-07
  0.067   0.200    0.29926E-04  -0.90560E-05   0.14645E+00   0.18745E-06   0.16549E-05  -0.35965E-07
  0.067   0.200    0.30108E-04  -0.30179E-06   0.14650E+00  -0.28376E-06   0.16676E-05  -0.35969E-07
  0.067   0.200    0.29704E-04  -0.20523E-04   0.14637E+00   0.80536E-06   0.16440E-05  -0.35957E-07
  0.067   0.200    0.29490E-04  -0.30733E-04   0.14626E+00   0.13502E-05   0.16354E-05  -0.35948E-07
  0.067   0.200    0.60640E-04   0.58295E-06   0.14611E+00  -0.33050E-06   0.33068E-05  -0.35894E-07
  0.067   0.200    0.60087E-04  -0.61500E-05   0.14608E+00   0.32366E-07   0.32773E-05  -0.35892E-07
  0.067   0.200    0.12342E-05   0.14314E-04   0.14659E+00  -0.10752E-05   0.12450E-06  -0.35962E-07
  0.067   0.200    0.16080E-05   0.44368E-05   0.14661E+00  -0.53734E-06   0.14454E-06  -0.35969E-07
  0.067   0.200    0.15899E-05  -0.65077E-05   0.14658E+00   0.48998E-07   0.14379E-06  -0.35969E-07
  0.067   0.200    0.11233E-05  -0.16615E-04   0.14651E+00   0.59110E-06   0.11861E-06  -0.35970E-07
  0.067   0.200    0.30198E-04   0.47974E-05   0.14647E+00  -0.55647E-06   0.16726E-05  -0.35953E-07
  0.067   0.200    0.30175E-04   0.14095E-04   0.14646E+00  -0.10568E-05   0.16719E-05  -0.35944E-07
  0.067   0.200    0.29612E-04  -0.64109E-05   0.14645E+00   0.47928E-07   0.16383E-05  -0.35956E-07
  0.067   0.200    0.29307E-04  -0.16615E-04   0.14639E+00   0.59555E-06   0.16228E-05  -0.35959E-07
  0.067   0.200    0.60603E-04   0.14976E-04   0.14609E+00  -0.11028E-05   0.33049E-05  -0.35867E-07
  0.067   0.200    0.60097E-04   0.82880E-05   0.14611E+00  -0.74225E-06   0.32778E-05  -0.35877E-07
  0.067   0.200    0.13330E-05   0.28235E-04   0.14655E+00  -0.18169E-05   0.12982E-06  -0.35933E-07
  0.067   0.200    0.16785E-05   0.18140E-04   0.14662E+00  -0.12743E-05   0.14825E-06  -0.35957E-07
  0.067   0.200    0.15840E-05   0.71850E-05   0.14665E+00  -0.68500E-06   0.14328E-06  -0.35967E-07
  0.067   0.200    0.11087E-05  -0.24397E-05   0.14663E+00  -0.17554E-06   0.11787E-06  -0.35979E-07
  0.067   0.200    0.30245E-04   0.18619E-04   0.14648E+00  -0.12986E-05   0.16757E-05  -0.35939E-07
  0.067   0.200    0.30557E-04   0.28072E-04   0.14642E+00  -0.18067E-05   0.16957E-05  -0.35917E-07
  0.067   0.200    0.30200E-04   0.79243E-05   0.14651E+00  -0.72617E-06   0.16760E-05  -0.35953E-07
  0.067   0.200    0.29132E-04  -0.24550E-05   0.14651E+00  -0.16324E-06   0.16119E-05  -0.35966E-07
  0.067   0.200    0.60482E-04   0.29231E-04   0.14605E+00  -0.18677E-05   0.32983E-05  -0.35839E-07
  0.067   0.200    0.60006E-04   0.22574E-04   0.14613E+00  -0.15087E-05   0.32729E-05  -0.35862E-07
  0.067   0.200    0.13635E-05   0.42565E-04   0.14643E+00  -0.25846E-05   0.13139E-06  -0.35883E-07
  0.067   0.200    0.16800E-05   0.32230E-04   0.14654E+00  -0.20295E-05   0.14839E-06  -0.35921E-07
  0.067   0.200    0.15565E-05   0.20992E-04   0.14662E+00  -0.14248E-05   0.14176E-06  -0.35944E-07
  0.067   0.200    0.10294E-05   0.11777E-04   0.14666E+00  -0.93102E-06   0.11362E-06  -0.35967E-07
  0.067   0.200    0.30500E-04   0.32399E-04   0.14641E+00  -0.20381E-05   0.16921E-05  -0.35903E-07
  0.067   0.200    0.30527E-04   0.42303E-04   0.14630E+00  -0.25699E-05   0.16940E-05  -0.35868E-07
  0.067   0.200    0.30189E-04   0.21966E-04   0.14649E+00  -0.14775E-05   0.16757E-05  -0.35927E-07
  0.067   0.200    0.28833E-04   0.11269E-04   0.14654E+00  -0.89260E-06   0.15936E-05  -0.35954E-07
  0.067   0.200    0.60354E-04   0.43581E-04   0.14593E+00  -0.26375E-05   0.32914E-05  -0.35789E-07
  0.067   0.200    0.59910E-04   0.36984E-04   0.14606E+00  -0.22816E-05   0.32677E-05  -0.35826E-07
  0.067   0.200   -0.31844E-04   0.13899E-04   0.14653E+00  -0.10463E-05  -0.16472E-05  -0.35924E-07
  0.067   0.200   -0.31887E-04   0.43863E-05   0.14654E+00  -0.53450E-06  -0.16491E-05  -0.35934E-07
  0.067   0.200   -0.31947E-04  -0.65636E-05   0.14652E+00   0.53146E-07  -0.16526E-05  -0.35933E-07
  0.067   0.200   -0.31945E-04  -0.16530E-04   0.14646E+00   0.58791E-06  -0.16527E-05  -0.35935E-07
  0.067   0.200   -0.28602E-05   0.46318E-05   0.14667E+00  -0.54789E-06  -0.94516E-07  -0.35981E-07
  0.067   0.200   -0.24745E-05   0.14086E-04   0.14665E+00  -0.10633E-05  -0.73875E-07  -0.35972E-07
  0.067   0.200   -0.32409E-05  -0.60045E-05   0.14664E+00   0.21250E-07  -0.11477E-06  -0.35980E-07
  0.067   0.200   -0.35795E-05  -0.15925E-04   0.14657E+00   0.55192E-06  -0.13575E-06  -0.35984E-07
  0.067   0.200    0.27588E-04   0.15085E-04   0.14654E+00  -0.11100E-05   0.15366E-05  -0.35954E-07
  0.067   0.200    0.27117E-04   0.83320E-05   0.14656E+00  -0.74548E-06   0.15115E-05  -0.35964E-07
  0.067   0.200   -0.31858E-04  -0.46993E-06   0.14655E+00  -0.27475E-06  -0.16479E-05  -0.35946E-07
  0.067   0.200   -0.31895E-04  -0.95499E-05   0.14651E+00   0.21381E-06  -0.16497E-05  -0.35942E-07
  0.067   0.200   -0.31912E-04  -0.20533E-04   0.14643E+00   0.80324E-06  -0.16507E-05  -0.35931E-07
  0.067   0.200   -0.31872E-04  -0.30900E-04   0.14632E+00   0.13593E-05  -0.16489E-05  -0.35921E-07
  0.067   0.200   -0.28260E-05  -0.91243E-05   0.14662E+00   0.19179E-06  -0.92779E-07  -0.35990E-07
  0.067   0.200   -0.24349E-05  -0.42397E-06   0.14665E+00  -0.27779E-06  -0.71821E-07  -0.35994E-07
  0.067   0.200   -0.37262E-05  -0.20182E-04   0.14654E+00   0.78405E-06  -0.14504E-06  -0.35981E-07
  0.067   0.200   -0.36136E-05  -0.30741E-04   0.14644E+00   0.13506E-05  -0.13779E-06  -0.35971E-07
  0.067   0.200    0.27673E-04   0.64288E-06   0.14655E+00  -0.33458E-06   0.15412E-05  -0.35977E-07
  0.067   0.200    0.27186E-04  -0.61126E-05   0.14652E+00   0.29264E-07   0.15151E-05  -0.35975E-07
  0.067   0.200   -0.31808E-04   0.28135E-04   0.14647E+00  -0.18101E-05  -0.16454E-05  -0.35889E-07
  0.067   0.200   -0.31904E-04   0.18195E-04   0.14653E+00  -0.12758E-05  -0.16502E-05  -0.35912E-07
  0.067   0.200   -0.31978E-04   0.72356E-05   0.14656E+00  -0.68752E-06  -0.16541E-05  -0.35924E-07
  0.067   0.200   -0.32020E-04  -0.23091E-05   0.14655E+00  -0.17518E-06  -0.16567E-05  -0.35937E-07
  0.067   0.200   -0.29137E-05   0.18373E-04   0.14665E+00  -0.12867E-05  -0.97310E-07  -0.35959E-07
  0.067   0.200   -0.25361E-05   0.28047E-04   0.14658E+00  -0.18069E-05  -0.77299E-07  -0.35937E-07
  0.067   0.200   -0.32921E-05   0.76314E-05   0.14668E+00  -0.70900E-06  -0.11764E-06  -0.35970E-07
  0.067   0.200   -0.32814E-05  -0.20331E-05   0.14666E+00  -0.19782E-06  -0.11709E-06  -0.35982E-07
  0.067   0.200    0.27497E-04   0.29383E-04   0.14647E+00  -0.18771E-05   0.15316E-05  -0.35918E-07
  0.067   0.200    0.27048E-04   0.22635E-04   0.14655E+00  -0.15125E-05   0.15077E-05  -0.35942E-07
  0.067   0.200   -0.31745E-04   0.42448E-04   0.14634E+00  -0.25777E-05  -0.16421E-05  -0.35839E-07
  0.067   0.200   -0.31881E-04   0.32118E-04   0.14646E+00  -0.20231E-05  -0.16491E-05  -0.35877E-07
  0.067   0.200   -0.31994E-04   0.21144E-04   0.14654E+00  -0.14339E-05  -0.16550E-05  -0.35899E-07
  0.067   0.200   -0.32052E-04   0.12024E-04   0.14658E+00  -0.94355E-06  -0.16583E-05  -0.35925E-07
  0.067   0.200   -0.29458E-05   0.32457E-04   0.14657E+00  -0.20417E-05  -0.99128E-07  -0.35923E-07
  0.067   0.200   -0.25742E-05   0.42406E-04   0.14646E+00  -0.25761E-05  -0.79521E-07  -0.35887E-07
  0.067   0.200   -0.33146E-05   0.21422E-04   0.14665E+00  -0.14474E-05  -0.11888E-06  -0.35944E-07
  0.067   0.200   -0.32658E-05   0.12179E-04   0.14669E+00  -0.95272E-06  -0.11621E-06  -0.35975E-07
  0.067   0.200    0.27438E-04   0.43762E-04   0.14635E+00  -0.26483E-05   0.15283E-05  -0.35867E-07
  0.067   0.200    0.27017E-04   0.37051E-04   0.14648E+00  -0.22858E-05   0.15059E-05  -0.35907E-07
  0.067   0.200   -0.64878E-04  -0.50534E-06   0.14613E+00  -0.27195E-06  -0.34169E-05  -0.35820E-07
  0.067   0.200   -0.65369E-04  -0.95019E-05   0.14609E+00   0.21202E-06  -0.34429E-05  -0.35817E-07
  0.067   0.200   -0.65349E-04  -0.20430E-04   0.14601E+00   0.79868E-06  -0.34418E-05  -0.35805E-07
  0.067   0.200   -0.64823E-04  -0.30704E-04   0.14590E+00   0.13500E-05  -0.34142E-05  -0.35797E-07
  0.067   0.200   -0.36486E-04  -0.95384E-05   0.14647E+00   0.21321E-06  -0.18979E-05  -0.35928E-07
  0.067   0.200   -0.36529E-04  -0.35319E-06   0.14651E+00  -0.28083E-06  -0.19078E-05  -0.35931E-07
  0.067   0.200   -0.36729E-04  -0.20290E-04   0.14639E+00   0.79116E-06  -0.19099E-05  -0.35913E-07
  0.067   0.200   -0.36091E-04  -0.30692E-04   0.14628E+00   0.13485E-05  -0.18722E-05  -0.35906E-07
  0.067   0.200   -0.51101E-05   0.87941E-06   0.14664E+00  -0.34765E-06  -0.21515E-06  -0.35974E-07
  0.067   0.200   -0.55943E-05  -0.58996E-05   0.14660E+00   0.14117E-07  -0.24105E-06  -0.35971E-07
  0.067   0.200   -0.64901E-04   0.14047E-04   0.14607E+00  -0.10528E-05  -0.34183E-05  -0.35786E-07
  0.067   0.200   -0.65442E-04   0.45554E-05   0.14608E+00  -0.54257E-06  -0.34468E-05  -0.35797E-07
  0.067   0.200   -0.65460E-04  -0.63749E-05   0.14605E+00   0.44147E-07  -0.34477E-05  -0.35797E-07
  0.067   0.200   -0.64953E-04  -0.16257E-04   0.14600E+00   0.57477E-06  -0.34211E-05  -0.35800E-07
  0.067   0.200   -0.37382E-04   0.47082E-05   0.14646E+00  -0.55153E-06  -0.19529E-05  -0.35908E-07
  0.067   0.200   -0.36270E-04   0.14201E-04   0.14645E+00  -0.10622E-05  -0.18905E-05  -0.35897E-07
  0.067   0.200   -0.36749E-04  -0.62045E-05   0.14643E+00   0.33020E-07  -0.19097E-05  -0.35905E-07
  0.067   0.200   -0.36720E-04  -0.16584E-04   0.14638E+00   0.59377E-06  -0.19124E-05  -0.35910E-07
  0.067   0.200   -0.51722E-05   0.15640E-04   0.14658E+00  -0.11453E-05  -0.21853E-06  -0.35939E-07
  0.067   0.200   -0.55779E-05   0.86574E-05   0.14661E+00  -0.76304E-06  -0.24020E-06  -0.35953E-07
  0.130   0.385    0.18351E-04  -0.31948E-04   0.28228E+00   0.11304E-05   0.10961E-05  -0.69361E-07
  0.130   0.385    0.21332E-04  -0.97619E-04   0.28198E+00   0.46661E-05   0.12556E-05  -0.69335E-07
  0.130   0.385    0.21266E-04  -0.17861E-03   0.28140E+00   0.90108E-05   0.12524E-05  -0.69258E-07
  0.130   0.385    0.17922E-04  -0.25159E-03   0.28056E+00   0.12925E-04   0.10727E-05  -0.69169E-07
  0.130   0.385    0.22877E-03  -0.96365E-04   0.28102E+00   0.45975E-05   0.12369E-04  -0.69226E-07
  0.130   0.385    0.22890E-03  -0.34248E-04   0.28129E+00   0.12554E-05   0.12381E-04  -0.69254E-07
  0.130   0.385    0.22195E-03  -0.17563E-03   0.28048E+00   0.88711E-05   0.11958E-04  -0.69161E-07
  0.130   0.385    0.22057E-03  -0.24855E-03   0.27965E+00   0.12763E-04   0.11911E-04  -0.69091E-07
  0.130   0.385    0.44157E-03  -0.26027E-04   0.27867E+00   0.81913E-06   0.23766E-04  -0.68711E-07
  0.130   0.385    0.43740E-03  -0.73999E-04   0.27844E+00   0.34048E-05   0.23543E-04  -0.68691E-07
  0.130   0.385    0.18914E-04   0.71699E-04   0.28199E+00  -0.44416E-05   0.11261E-05  -0.69170E-07
  0.130   0.385    0.21611E-04   0.18978E-05   0.28212E+00  -0.67933E-06   0.12705E-05  -0.69232E-07
  0.130   0.385    0.21255E-04  -0.76280E-04   0.28191E+00   0.35157E-05   0.12518E-05  -0.69235E-07
  0.130   0.385    0.18078E-04  -0.14895E-03   0.28143E+00   0.74174E-05   0.10818E-05  -0.69240E-07
  0.130   0.385    0.22918E-03   0.44037E-05   0.28114E+00  -0.81179E-06   0.12395E-04  -0.69118E-07
  0.130   0.385    0.22828E-03   0.69354E-04   0.28102E+00  -0.43035E-05   0.12342E-04  -0.69051E-07
  0.130   0.385    0.22172E-03  -0.75268E-04   0.28097E+00   0.34845E-05   0.11944E-04  -0.69136E-07
  0.130   0.385    0.21931E-03  -0.14807E-03   0.28052E+00   0.73907E-05   0.11822E-04  -0.69155E-07
  0.130   0.385    0.44123E-03   0.77040E-04   0.27840E+00  -0.47102E-05   0.23747E-04  -0.68503E-07
  0.130   0.385    0.43765E-03   0.29289E-04   0.27855E+00  -0.21368E-05   0.23556E-04  -0.68579E-07
  0.130   0.385    0.19480E-04   0.17216E-03   0.28149E+00  -0.98228E-05   0.11563E-05  -0.68916E-07
  0.130   0.385    0.22088E-04   0.10022E-03   0.28198E+00  -0.59600E-05   0.12954E-05  -0.69082E-07
  0.130   0.385    0.21539E-04   0.21951E-04   0.28220E+00  -0.17563E-05   0.12667E-05  -0.69160E-07
  0.130   0.385    0.18064E-04  -0.47737E-04   0.28207E+00   0.19718E-05   0.10809E-05  -0.69248E-07
  0.130   0.385    0.22855E-03   0.10196E-03   0.28101E+00  -0.60488E-05   0.12355E-04  -0.68965E-07
  0.130   0.385    0.22779E-03   0.17052E-03   0.28052E+00  -0.97305E-05   0.12314E-04  -0.68802E-07
  0.130   0.385    0.22736E-03   0.25195E-04   0.28122E+00  -0.19303E-05   0.12301E-04  -0.69057E-07
  0.130   0.385    0.22422E-03  -0.43616E-04   0.28115E+00   0.17671E-05   0.12131E-04  -0.69154E-07
  0.130   0.385    0.44018E-03   0.17873E-03   0.27791E+00  -0.10165E-04   0.23691E-04  -0.68243E-07
  0.130   0.385    0.43690E-03   0.13127E-03   0.27845E+00  -0.76078E-05   0.23515E-04  -0.68417E-07
  0.130   0.385    0.19546E-04   0.27482E-03   0.28062E+00  -0.15327E-04   0.11594E-05  -0.68564E-07
  0.130   0.385    0.21921E-04   0.20129E-03   0.28146E+00  -0.11382E-04   0.12869E-05  -0.68827E-07
  0.130   0.385    0.21222E-04   0.12123E-03   0.28204E+00  -0.70832E-05   0.12497E-05  -0.68991E-07
  0.130   0.385    0.17500E-04   0.55297E-04   0.28235E+00  -0.35407E-05   0.10507E-05  -0.69169E-07
  0.130   0.385    0.22775E-03   0.20194E-03   0.28051E+00  -0.11414E-04   0.12311E-04  -0.68713E-07
  0.130   0.385    0.22696E-03   0.27312E-03   0.27965E+00  -0.15233E-04   0.12269E-04  -0.68452E-07
  0.130   0.385    0.22593E-03   0.12488E-03   0.28109E+00  -0.72793E-05   0.12215E-04  -0.68884E-07
  0.130   0.385    0.22406E-03   0.59584E-04   0.28141E+00  -0.37678E-05   0.12122E-04  -0.69072E-07
  0.130   0.385    0.43894E-03   0.28118E-03   0.27705E+00  -0.15660E-04   0.23624E-04  -0.67889E-07
  0.130   0.385    0.43616E-03   0.23416E-03   0.27796E+00  -0.13127E-04   0.23476E-04  -0.68163E-07
  0.130   0.385   -0.21871E-03   0.69493E-04   0.28108E+00  -0.43105E-05  -0.11602E-04  -0.68785E-07
  0.130   0.385   -0.21908E-03   0.15986E-05   0.28120E+00  -0.66141E-06  -0.11620E-04  -0.68858E-07
  0.130   0.385   -0.21943E-03  -0.76682E-04   0.28102E+00   0.35401E-05  -0.11639E-04  -0.68859E-07
  0.130   0.385   -0.21925E-03  -0.14790E-03   0.28053E+00   0.73643E-05  -0.11631E-04  -0.68873E-07
  0.130   0.385   -0.11658E-04   0.34029E-05   0.28207E+00  -0.75982E-06  -0.51050E-06  -0.69198E-07
  0.130   0.385   -0.88793E-05   0.70218E-04   0.28194E+00  -0.43628E-05  -0.36216E-06  -0.69132E-07
  0.130   0.385   -0.14888E-04  -0.73487E-04   0.28188E+00   0.33668E-05  -0.68597E-06  -0.69196E-07
  0.130   0.385   -0.14894E-04  -0.14561E-03   0.28140E+00   0.72376E-05  -0.68494E-06  -0.69223E-07
  0.130   0.385    0.20618E-03   0.78003E-04   0.28116E+00  -0.47680E-05   0.11158E-04  -0.69004E-07
  0.130   0.385    0.20284E-03   0.29761E-04   0.28132E+00  -0.21674E-05   0.10980E-04  -0.69077E-07
  0.130   0.385   -0.21884E-03  -0.33689E-04   0.28135E+00   0.12258E-05  -0.11609E-04  -0.68986E-07
  0.130   0.385   -0.21896E-03  -0.98539E-04   0.28108E+00   0.47143E-05  -0.11614E-04  -0.68960E-07
  0.130   0.385   -0.21886E-03  -0.17687E-03   0.28052E+00   0.89189E-05  -0.11609E-04  -0.68880E-07
  0.130   0.385   -0.21833E-03  -0.25064E-03   0.27966E+00   0.12879E-04  -0.11582E-04  -0.68805E-07
  0.130   0.385   -0.11164E-04  -0.96414E-04   0.28192E+00   0.46018E-05  -0.48410E-06  -0.69302E-07
  0.130   0.385   -0.85000E-05  -0.33647E-04   0.28223E+00   0.12215E-05  -0.34183E-06  -0.69332E-07
  0.130   0.385   -0.14373E-04  -0.17498E-03   0.28135E+00   0.88156E-05  -0.65761E-06  -0.69218E-07
  0.130   0.385   -0.14584E-04  -0.24869E-03   0.28054E+00   0.12771E-04  -0.66769E-06  -0.69147E-07
  0.130   0.385    0.20683E-03  -0.25723E-04   0.28142E+00   0.79746E-06   0.11193E-04  -0.69212E-07
  0.130   0.385    0.20312E-03  -0.74098E-04   0.28119E+00   0.34045E-05   0.10994E-04  -0.69190E-07
  0.130   0.385   -0.21836E-03   0.17149E-03   0.28054E+00  -0.97820E-05  -0.11583E-04  -0.68520E-07
  0.130   0.385   -0.21917E-03   0.10067E-03   0.28104E+00  -0.59793E-05  -0.11625E-04  -0.68692E-07
  0.130   0.385   -0.21978E-03   0.22434E-04   0.28123E+00  -0.17801E-05  -0.11657E-04  -0.68773E-07
  0.130   0.385   -0.22006E-03  -0.45892E-04   0.28112E+00   0.18908E-05  -0.11674E-04  -0.68873E-07
  0.130   0.385   -0.12069E-04   0.10198E-03   0.28189E+00  -0.60542E-05  -0.53244E-06  -0.69029E-07
  0.130   0.385   -0.92005E-05   0.17097E-03   0.28139E+00  -0.97583E-05  -0.37943E-06  -0.68865E-07
  0.130   0.385   -0.14716E-04   0.25254E-04   0.28212E+00  -0.19333E-05  -0.67348E-06  -0.69103E-07
  0.130   0.385   -0.14692E-04  -0.44812E-04   0.28201E+00   0.18137E-05  -0.67289E-06  -0.69184E-07
  0.130   0.385    0.20535E-03   0.18053E-03   0.28062E+00  -0.10268E-04   0.11113E-04  -0.68732E-07
  0.130   0.385    0.20230E-03   0.13248E-03   0.28117E+00  -0.76771E-05   0.10951E-04  -0.68912E-07
  0.130   0.385   -0.21770E-03   0.27399E-03   0.27969E+00  -0.15279E-04  -0.11549E-04  -0.68177E-07
  0.130   0.385   -0.21895E-03   0.20047E-03   0.28055E+00  -0.11335E-04  -0.11613E-04  -0.68446E-07
  0.130   0.385   -0.21992E-03   0.12222E-03   0.28113E+00  -0.71355E-05  -0.11665E-04  -0.68609E-07
  0.130   0.385   -0.22042E-03   0.57037E-04   0.28140E+00  -0.36305E-05  -0.11693E-04  -0.68797E-07
  0.130   0.385   -0.12283E-04   0.20324E-03   0.28138E+00  -0.11486E-04  -0.54455E-06  -0.68780E-07
  0.130   0.385   -0.92862E-05   0.27397E-03   0.28054E+00  -0.15281E-04  -0.38416E-06  -0.68520E-07
  0.130   0.385   -0.14897E-04   0.12446E-03   0.28198E+00  -0.72546E-05  -0.68386E-06  -0.68934E-07
  0.130   0.385   -0.14570E-04   0.58110E-04   0.28227E+00  -0.36916E-05  -0.66622E-06  -0.69150E-07
  0.130   0.385    0.20471E-03   0.28345E-03   0.27977E+00  -0.15788E-04   0.11079E-04  -0.68381E-07
  0.130   0.385    0.20196E-03   0.23583E-03   0.28069E+00  -0.13221E-04   0.10932E-04  -0.68669E-07
  0.130   0.385   -0.45404E-03  -0.33465E-04   0.27871E+00   0.12194E-05  -0.24208E-04  -0.68182E-07
  0.130   0.385   -0.45741E-03  -0.97770E-04   0.27845E+00   0.46785E-05  -0.24386E-04  -0.68162E-07
  0.130   0.385   -0.45712E-03  -0.17527E-03   0.27790E+00   0.88392E-05  -0.24370E-04  -0.68084E-07
  0.130   0.385   -0.45299E-03  -0.24846E-03   0.27705E+00   0.12768E-04  -0.24152E-04  -0.68018E-07
  0.130   0.385   -0.24981E-03  -0.96032E-04   0.28114E+00   0.45801E-05  -0.13261E-04  -0.68951E-07
  0.130   0.385   -0.24352E-03  -0.33208E-04   0.28141E+00   0.12001E-05  -0.12920E-04  -0.68982E-07
  0.130   0.385   -0.25402E-03  -0.17335E-03   0.28059E+00   0.87338E-05  -0.13494E-04  -0.68846E-07
  0.130   0.385   -0.24923E-03  -0.24879E-03   0.27977E+00   0.12780E-04  -0.13215E-04  -0.68802E-07
  0.130   0.385   -0.29202E-04  -0.23937E-04   0.28246E+00   0.69955E-06  -0.14500E-05  -0.69289E-07
  0.130   0.385   -0.32473E-04  -0.72635E-04   0.28220E+00   0.33173E-05  -0.16247E-05  -0.69250E-07
  0.130   0.385   -0.45375E-03   0.70378E-04   0.27850E+00  -0.43517E-05  -0.24193E-04  -0.67994E-07
  0.130   0.385   -0.45767E-03   0.30243E-05   0.27862E+00  -0.73238E-06  -0.24400E-04  -0.68074E-07
  0.130   0.385   -0.45791E-03  -0.74655E-04   0.27845E+00   0.34373E-05  -0.24413E-04  -0.68076E-07
  0.130   0.385   -0.45425E-03  -0.14510E-03   0.27798E+00   0.72207E-05  -0.24220E-04  -0.68102E-07
  0.130   0.385   -0.25118E-03   0.56911E-05   0.28132E+00  -0.88070E-06  -0.13341E-04  -0.68860E-07
  0.130   0.385   -0.24442E-03   0.71273E-04   0.28119E+00  -0.44063E-05  -0.12973E-04  -0.68790E-07
  0.130   0.385   -0.25524E-03  -0.72346E-04   0.28116E+00   0.33098E-05  -0.13564E-04  -0.68838E-07
  0.130   0.385   -0.25200E-03  -0.14541E-03   0.28071E+00   0.72339E-05  -0.13389E-04  -0.68887E-07
  0.130   0.385   -0.29808E-04   0.81160E-04   0.28222E+00  -0.49493E-05  -0.14827E-05  -0.69091E-07
  0.130   0.385   -0.32911E-04   0.32411E-04   0.28242E+00  -0.23107E-05  -0.16484E-05  -0.69199E-07
