  0.000   0.000   0.000000E+00  0.000000E+00
  0.000   0.000   0.000000E+00  0.000000E+00
  0.000   0.000   0.000000E+00  0.000000E+00
  0.000   0.000   0.000000E+00  0.000000E+00
  0.000   0.000   0.000000E+00  0.000000E+00
  0.000   0.000   0.000000E+00  0.000000E+00
  0.000   0.000   0.000000E+00  0.000000E+00
  0.000   0.000   0.000000E+00  0.000000E+00
  0.000   0.000   0.000000E+00  0.000000E+00
  0.000   0.000   0.000000E+00  0.000000E+00
 -1.000  -1.000            NaN           NaN
 -1.000  -1.000            NaN           NaN
 -1.000  -1.000            NaN           NaN
 -1.000  -1.000            NaN           NaN
 -1.000  -1.000            NaN           NaN
 -1.000  -1.000            NaN           NaN
 -1.000  -1.000            NaN           NaN
 -1.000  -1.000            NaN           NaN
 -1.000  -1.000            NaN           NaN
 -1.000  -1.000            NaN           NaN
  0.067   0.200   0.589880E-01 -0.503616E+03
  0.067   0.200  -0.134496E+02 -0.503405E+03
  0.067   0.200  -0.268351E+02 -0.502879E+03
  0.067   0.200  -0.403134E+02 -0.502031E+03
  0.067   0.200  -0.134622E+02 -0.503377E+03
  0.067   0.200   0.727186E-01 -0.503589E+03
  0.067   0.200  -0.268621E+02 -0.502856E+03
  0.067   0.200  -0.403375E+02 -0.502014E+03
  0.067   0.200  -0.766362E-02 -0.503642E+03
  0.067   0.200  -0.136862E+02 -0.503451E+03
  0.130   0.385  -0.330707E+00 -0.501828E+03
  0.130   0.385  -0.263264E+02 -0.501041E+03
  0.130   0.385  -0.520380E+02 -0.499093E+03
  0.130   0.385  -0.778417E+02 -0.495952E+03
  0.130   0.385  -0.263510E+02 -0.500936E+03
  0.130   0.385  -0.304314E+00 -0.501725E+03
  0.130   0.385  -0.520903E+02 -0.499005E+03
  0.130   0.385  -0.778890E+02 -0.495886E+03
  0.130   0.385  -0.467892E+00 -0.501925E+03
  0.130   0.385  -0.267991E+02 -0.501210E+03
