  0.000   0.000   0.000000E+00  0.000000E+00
  0.000   0.000   0.000000E+00  0.000000E+00
  0.000   0.000   0.000000E+00  0.000000E+00
  0.000   0.000   0.000000E+00  0.000000E+00
  0.000   0.000   0.000000E+00  0.000000E+00
  0.000   0.000   0.000000E+00  0.000000E+00
  0.000   0.000   0.000000E+00  0.000000E+00
  0.000   0.000   0.000000E+00  0.000000E+00
  0.000   0.000   0.000000E+00  0.000000E+00
  0.000   0.000   0.000000E+00  0.000000E+00
 -1.000  -1.000            NaN           NaN
 -1.000  -1.000            NaN           NaN
 -1.000  -1.000            NaN           NaN
 -1.000  -1.000            NaN           NaN
 -1.000  -1.000            NaN           NaN
 -1.000  -1.000            NaN           NaN
 -1.000  -1.000            NaN           NaN
 -1.000  -1.000            NaN           NaN
 -1.000  -1.000            NaN           NaN
 -1.000  -1.000            NaN           NaN
  0.067   0.200  -0.639816E-05  0.123777E-03
  0.067   0.200  -0.281931E-05  0.123845E-03
  0.067   0.200   0.442497E-06  0.123849E-03
  0.067   0.200   0.351210E-05  0.123771E-03
  0.067   0.200  -0.283184E-05  0.123846E-03
  0.067   0.200  -0.640709E-05  0.123780E-03
  0.067   0.200   0.457534E-06  0.123850E-03
  0.067   0.200   0.352609E-05  0.123776E-03
  0.067   0.200  -0.641972E-05  0.123770E-03
  0.067   0.200  -0.304494E-05  0.123833E-03
  0.130   0.385  -0.123290E-04  0.123846E-03
  0.130   0.385  -0.541658E-05  0.124104E-03
  0.130   0.385   0.882137E-06  0.124111E-03
  0.130   0.385   0.680137E-05  0.123823E-03
  0.130   0.385  -0.546682E-05  0.124141E-03
  0.130   0.385  -0.123488E-04  0.123863E-03
  0.130   0.385   0.912256E-06  0.124117E-03
  0.130   0.385   0.683137E-05  0.123844E-03
  0.130   0.385  -0.123661E-04  0.123824E-03
  0.130   0.385  -0.585860E-05  0.124060E-03
