  0.002   0.050    0.11320E+03  -0.87155E+01   0.15434E+06  -0.89843E+01  -0.35370E+02  -0.29629E+01
  0.002   0.050    0.32122E+01   0.13892E+04   0.22838E+05   0.99871E+03   0.23818E+01   0.37970E+00
  0.002   0.050    0.31343E+01  -0.13885E+04   0.22838E+05  -0.10003E+04   0.23154E+01  -0.15482E+01
  0.002   0.050    0.11318E+03  -0.69467E+01   0.15434E+06  -0.77168E+01  -0.35360E+02  -0.29617E+01
  0.002   0.060    0.11299E+03  -0.86828E+01   0.15282E+06  -0.88911E+01  -0.35488E+02  -0.29250E+01
  0.002   0.060    0.29373E+01   0.13993E+04   0.21223E+05   0.10059E+04   0.22249E+01   0.42704E+00
  0.002   0.060    0.28585E+01  -0.13986E+04   0.21223E+05  -0.10073E+04   0.21579E+01  -0.15151E+01
  0.002   0.060    0.11298E+03  -0.69916E+01   0.15282E+06  -0.76785E+01  -0.35480E+02  -0.29238E+01
  0.003   0.070    0.11284E+03  -0.86605E+01   0.15157E+06  -0.88209E+01  -0.35565E+02  -0.28938E+01
  0.003   0.070    0.27064E+01   0.14108E+04   0.19861E+05   0.10141E+04   0.20925E+01   0.46911E+00
  0.003   0.070    0.26269E+01  -0.14102E+04   0.19861E+05  -0.10154E+04   0.20250E+01  -0.14895E+01
  0.003   0.070    0.11285E+03  -0.70503E+01   0.15157E+06  -0.76727E+01  -0.35573E+02  -0.28927E+01
  0.003   0.080    0.11280E+03  -0.86775E+01   0.15052E+06  -0.87782E+01  -0.35708E+02  -0.28677E+01
  0.003   0.080    0.25075E+01   0.14238E+04   0.18683E+05   0.10233E+04   0.19783E+01   0.50761E+00
  0.003   0.080    0.24270E+01  -0.14232E+04   0.18683E+05  -0.10246E+04   0.19098E+01  -0.14695E+01
  0.003   0.080    0.11277E+03  -0.71177E+01   0.15052E+06  -0.76657E+01  -0.35695E+02  -0.28667E+01
  0.003   0.090    0.11260E+03  -0.82758E+01   0.14962E+06  -0.82805E+01  -0.35605E+02  -0.28454E+01
  0.003   0.090    0.23352E+01   0.14382E+04   0.17644E+05   0.10335E+04   0.18749E+01   0.54366E+00
  0.003   0.090    0.22515E+01  -0.14376E+04   0.17644E+05  -0.10347E+04   0.18082E+01  -0.14541E+01
  0.003   0.090    0.11286E+03  -0.65490E+01   0.14962E+06  -0.67676E+01  -0.35970E+02  -0.28444E+01
  0.004   0.100    0.11274E+03  -0.86598E+01   0.14884E+06  -0.86779E+01  -0.35903E+02  -0.28266E+01
  0.004   0.100    0.21780E+01   0.14541E+04   0.16715E+05   0.10447E+04   0.17873E+01   0.57802E+00
  0.004   0.100    0.20949E+01  -0.14535E+04   0.16714E+05  -0.10458E+04   0.17172E+01  -0.14425E+01
  0.004   0.100    0.11268E+03  -0.73759E+01   0.14884E+06  -0.77343E+01  -0.35873E+02  -0.28257E+01
  0.004   0.110    0.11262E+03  -0.82808E+01   0.14817E+06  -0.84719E+01  -0.35937E+02  -0.28100E+01
  0.004   0.110    0.20381E+01   0.14714E+04   0.15872E+05   0.10569E+04   0.17054E+01   0.61124E+00
  0.004   0.110    0.19540E+01  -0.14709E+04   0.15872E+05  -0.10580E+04   0.16344E+01  -0.14341E+01
  0.004   0.110    0.11264E+03  -0.72161E+01   0.14817E+06  -0.76494E+01  -0.35947E+02  -0.28093E+01
  0.005   0.120    0.11276E+03  -0.84693E+01   0.14758E+06  -0.85169E+01  -0.36074E+02  -0.27960E+01
  0.005   0.120    0.19108E+01   0.14902E+04   0.15100E+05   0.10701E+04   0.16303E+01   0.64375E+00
  0.005   0.120    0.18253E+01  -0.14896E+04   0.15099E+05  -0.10711E+04   0.15583E+01  -0.14285E+01
  0.005   0.120    0.11284E+03  -0.73088E+01   0.14758E+06  -0.76836E+01  -0.36106E+02  -0.27952E+01
  0.005   0.130    0.11300E+03  -0.84510E+01   0.14706E+06  -0.84808E+01  -0.36242E+02  -0.27837E+01
  0.005   0.130    0.17942E+01   0.15105E+04   0.14385E+05   0.10844E+04   0.15605E+01   0.67589E+00
  0.005   0.130    0.17061E+01  -0.15099E+04   0.14385E+05  -0.10853E+04   0.14879E+01  -0.14255E+01
  0.005   0.130    0.11290E+03  -0.73150E+01   0.14706E+06  -0.76722E+01  -0.36193E+02  -0.27830E+01
  0.005   0.140    0.11247E+03  -0.84669E+01   0.14661E+06  -0.84541E+01  -0.36056E+02  -0.27735E+01
  0.005   0.140    0.16824E+01   0.15323E+04   0.13719E+05   0.10997E+04   0.14972E+01   0.70792E+00
  0.005   0.140    0.15947E+01  -0.15317E+04   0.13719E+05  -0.11006E+04   0.14227E+01  -0.14248E+01
  0.005   0.140    0.11205E+03  -0.70410E+01   0.14661E+06  -0.75496E+01  -0.35871E+02  -0.27725E+01
