  0.002   0.050   -0.10130E+06   0.75257E+01   0.65686E+02  -0.11313E+01   0.13436E+06  -0.77333E+01
  0.002   0.050   -0.10745E+03   0.62091E+00   0.10689E+02   0.44372E+00   0.77516E+02  -0.18976E-01
  0.002   0.050   -0.10748E+03  -0.64087E+00   0.10877E+02  -0.46057E+00   0.77523E+02  -0.12199E-01
  0.002   0.050   -0.10130E+06   0.75277E+01   0.65657E+02  -0.11312E+01   0.13436E+06  -0.77333E+01
  0.002   0.060   -0.10133E+06   0.75264E+01   0.64967E+02  -0.11362E+01   0.13439E+06  -0.77360E+01
  0.002   0.060   -0.10826E+03   0.62543E+00   0.99243E+01   0.44699E+00   0.78091E+02  -0.19088E-01
  0.002   0.060   -0.10829E+03  -0.64570E+00   0.10117E+02  -0.46392E+00   0.78098E+02  -0.12288E-01
  0.002   0.060   -0.10133E+06   0.75257E+01   0.64963E+02  -0.11451E+01   0.13439E+06  -0.77359E+01
  0.003   0.070   -0.10135E+06   0.74560E+01   0.64456E+02  -0.12299E+01   0.13442E+06  -0.77392E+01
  0.003   0.070   -0.10919E+03   0.63106E+00   0.92842E+01   0.45103E+00   0.78750E+02  -0.19223E-01
  0.003   0.070   -0.10922E+03  -0.65167E+00   0.94818E+01  -0.46809E+00   0.78756E+02  -0.12397E-01
  0.003   0.070   -0.10135E+06   0.74603E+01   0.64476E+02  -0.12189E+01   0.13442E+06  -0.77392E+01
  0.003   0.080   -0.10138E+06   0.74623E+01   0.63944E+02  -0.11854E+01   0.13445E+06  -0.77430E+01
  0.003   0.080   -0.11024E+03   0.63740E+00   0.87305E+01   0.45557E+00   0.79491E+02  -0.19380E-01
  0.003   0.080   -0.11027E+03  -0.65768E+00   0.89261E+01  -0.47227E+00   0.79498E+02  -0.12523E-01
  0.003   0.080   -0.10138E+06   0.74612E+01   0.63948E+02  -0.11897E+01   0.13445E+06  -0.77430E+01
  0.003   0.090   -0.10141E+06   0.91193E+01   0.61157E+02   0.10321E+01   0.13447E+06  -0.77468E+01
  0.003   0.090   -0.11141E+03   0.62023E+00   0.79623E+01   0.44338E+00   0.80316E+02  -0.19568E-01
  0.003   0.090   -0.11143E+03  -0.62884E+00   0.79658E+01  -0.45126E+00   0.80322E+02  -0.12629E-01
  0.003   0.090   -0.10141E+06   0.10616E+02   0.58967E+02   0.31989E+01   0.13447E+06  -0.77465E+01
  0.004   0.100   -0.10144E+06   0.75236E+01   0.63279E+02  -0.11713E+01   0.13450E+06  -0.77521E+01
  0.004   0.100   -0.11269E+03   0.65263E+00   0.78141E+01   0.46647E+00   0.81221E+02  -0.19759E-01
  0.004   0.100   -0.11272E+03  -0.67323E+00   0.80123E+01  -0.48312E+00   0.81228E+02  -0.12827E-01
  0.004   0.100   -0.10144E+06   0.75455E+01   0.63257E+02  -0.11547E+01   0.13450E+06  -0.77521E+01
  0.004   0.110   -0.10147E+06   0.75368E+01   0.62960E+02  -0.11653E+01   0.13452E+06  -0.77575E+01
  0.004   0.110   -0.11410E+03   0.66058E+00   0.74136E+01   0.47211E+00   0.82211E+02  -0.19981E-01
  0.004   0.110   -0.11412E+03  -0.68135E+00   0.76150E+01  -0.48878E+00   0.82217E+02  -0.13003E-01
  0.004   0.110   -0.10147E+06   0.74866E+01   0.62945E+02  -0.11876E+01   0.13452E+06  -0.77575E+01
  0.005   0.120   -0.10150E+06   0.75606E+01   0.62739E+02  -0.11489E+01   0.13455E+06  -0.77634E+01
  0.005   0.120   -0.11562E+03   0.66993E+00   0.70539E+01   0.47876E+00   0.83284E+02  -0.20224E-01
  0.005   0.120   -0.11564E+03  -0.69177E+00   0.72661E+01  -0.49604E+00   0.83291E+02  -0.13197E-01
  0.005   0.120   -0.10150E+06   0.75199E+01   0.62783E+02  -0.11674E+01   0.13455E+06  -0.77635E+01
  0.005   0.130   -0.10154E+06   0.75017E+01   0.62598E+02  -0.11888E+01   0.13457E+06  -0.77700E+01
  0.005   0.130   -0.11727E+03   0.68091E+00   0.67284E+01   0.48656E+00   0.84443E+02  -0.20489E-01
  0.005   0.130   -0.11729E+03  -0.70235E+00   0.69389E+01  -0.50343E+00   0.84450E+02  -0.13407E-01
  0.005   0.130   -0.10154E+06   0.75134E+01   0.62615E+02  -0.11711E+01   0.13457E+06  -0.77700E+01
  0.005   0.140   -0.10158E+06   0.75180E+01   0.62334E+02  -0.11669E+01   0.13460E+06  -0.77771E+01
  0.005   0.140   -0.11904E+03   0.69040E+00   0.64040E+01   0.49322E+00   0.85689E+02  -0.20778E-01
  0.005   0.140   -0.11906E+03  -0.71051E+00   0.66057E+01  -0.50904E+00   0.85695E+02  -0.13630E-01
  0.005   0.140   -0.10158E+06   0.74685E+01   0.62265E+02  -0.11900E+01   0.13460E+06  -0.77770E+01
