  0.002   0.050    0.99516E+01   0.13497E+06   0.16108E+01   0.10225E+06  -0.27186E+00   0.91884E+02
  0.002   0.050    0.11862E+01  -0.25647E+03  -0.14293E+04  -0.18420E+03  -0.53333E+00  -0.13660E+00
  0.002   0.050   -0.51167E+00  -0.25647E+03   0.14293E+04  -0.18430E+03   0.32049E+00  -0.21886E+00
  0.002   0.050    0.99830E+01   0.13497E+06  -0.33710E+00   0.10225E+06  -0.28815E+00   0.91884E+02
  0.002   0.060    0.99874E+01   0.13501E+06   0.15290E+01   0.10228E+06  -0.27396E+00   0.91910E+02
  0.002   0.060    0.11838E+01  -0.25684E+03  -0.14397E+04  -0.18444E+03  -0.53423E+00  -0.13661E+00
  0.002   0.060   -0.50952E+00  -0.25684E+03   0.14397E+04  -0.18454E+03   0.32144E+00  -0.21942E+00
  0.002   0.060    0.99557E+01   0.13501E+06  -0.22729E+00   0.10228E+06  -0.25431E+00   0.91910E+02
  0.003   0.070    0.99435E+01   0.13506E+06   0.14306E+01   0.10230E+06  -0.27282E+00   0.91941E+02
  0.003   0.070    0.11813E+01  -0.25733E+03  -0.14517E+04  -0.18475E+03  -0.53536E+00  -0.13666E+00
  0.003   0.070   -0.50688E+00  -0.25733E+03   0.14517E+04  -0.18485E+03   0.32246E+00  -0.22012E+00
  0.003   0.070    0.99921E+01   0.13506E+06  -0.15490E+00   0.10230E+06  -0.29428E+00   0.91941E+02
  0.003   0.080    0.99510E+01   0.13510E+06   0.14711E+01   0.10233E+06  -0.22060E+00   0.91976E+02
  0.003   0.080    0.11781E+01  -0.25794E+03  -0.14651E+04  -0.18515E+03  -0.53656E+00  -0.13677E+00
  0.003   0.080   -0.50363E+00  -0.25794E+03   0.14651E+04  -0.18525E+03   0.32346E+00  -0.22094E+00
  0.003   0.080    0.99523E+01   0.13510E+06  -0.94804E-01   0.10233E+06  -0.21247E+00   0.91976E+02
  0.003   0.090    0.99970E+01   0.13515E+06   0.13943E+01   0.10236E+06  -0.25546E+00   0.92015E+02
  0.003   0.090    0.11744E+01  -0.25868E+03  -0.14800E+04  -0.18564E+03  -0.53752E+00  -0.13693E+00
  0.003   0.090   -0.49992E+00  -0.25867E+03   0.14799E+04  -0.18574E+03   0.32436E+00  -0.22190E+00
  0.003   0.090    0.10506E+02   0.13515E+06  -0.76345E+00   0.10236E+06  -0.89316E+00   0.92015E+02
  0.004   0.100    0.99645E+01   0.13520E+06   0.13971E+01   0.10239E+06  -0.20186E+00   0.92059E+02
  0.004   0.100    0.11714E+01  -0.25955E+03  -0.14964E+04  -0.18622E+03  -0.53962E+00  -0.13715E+00
  0.004   0.100   -0.49669E+00  -0.25955E+03   0.14964E+04  -0.18632E+03   0.32613E+00  -0.22301E+00
  0.004   0.100    0.99555E+01   0.13520E+06   0.34552E-01   0.10239E+06  -0.20443E+00   0.92059E+02
  0.004   0.110    0.98853E+01   0.13525E+06   0.10582E+01   0.10242E+06  -0.16040E+00   0.92108E+02
  0.004   0.110    0.11675E+01  -0.26059E+03  -0.15143E+04  -0.18691E+03  -0.54132E+00  -0.13745E+00
  0.004   0.110   -0.49288E+00  -0.26057E+03   0.15143E+04  -0.18701E+03   0.32771E+00  -0.22426E+00
  0.004   0.110    0.10010E+02   0.13525E+06  -0.81566E-01   0.10242E+06  -0.21903E+00   0.92108E+02
  0.005   0.120    0.98749E+01   0.13531E+06   0.13137E+01   0.10246E+06  -0.15199E+00   0.92161E+02
  0.005   0.120    0.11622E+01  -0.26177E+03  -0.15337E+04  -0.18769E+03  -0.54280E+00  -0.13781E+00
  0.005   0.120   -0.48856E+00  -0.26176E+03   0.15337E+04  -0.18780E+03   0.32940E+00  -0.22568E+00
  0.005   0.120    0.99903E+01   0.13531E+06  -0.33960E-01   0.10246E+06  -0.20251E+00   0.92161E+02
  0.005   0.130    0.99778E+01   0.13538E+06   0.13764E+01   0.10250E+06  -0.18374E+00   0.92218E+02
  0.005   0.130    0.11565E+01  -0.26311E+03  -0.15546E+04  -0.18860E+03  -0.54440E+00  -0.13826E+00
  0.005   0.130   -0.48211E+00  -0.26311E+03   0.15546E+04  -0.18870E+03   0.33044E+00  -0.22726E+00
  0.005   0.130    0.10056E+02   0.13538E+06  -0.33750E-01   0.10250E+06  -0.22488E+00   0.92218E+02
  0.005   0.140    0.10077E+02   0.13545E+06   0.15308E+01   0.10254E+06  -0.21776E+00   0.92281E+02
  0.005   0.140    0.11502E+01  -0.26464E+03  -0.15770E+04  -0.18962E+03  -0.54609E+00  -0.13879E+00
  0.005   0.140   -0.47675E+00  -0.26465E+03   0.15772E+04  -0.18974E+03   0.33265E+00  -0.22903E+00
  0.005   0.140    0.92784E+01   0.13545E+06   0.85556E+00   0.10254E+06   0.12915E+00   0.92282E+02
