  0.002   0.050   -0.20846E+01   0.10141E+06  -0.53275E+01   0.13442E+06  -0.26868E+01   0.38097E+02
  0.002   0.050    0.83328E+00  -0.18070E+03  -0.10137E+04  -0.12994E+03  -0.36563E+00  -0.95972E-01
  0.002   0.050   -0.26575E+00  -0.18055E+03   0.10110E+04  -0.12989E+03   0.19940E+00  -0.15432E+00
  0.002   0.050   -0.20786E+01   0.10141E+06  -0.77130E+01   0.13442E+06  -0.26896E+01   0.38098E+02
  0.002   0.060   -0.20783E+01   0.10143E+06  -0.53195E+01   0.13445E+06  -0.26939E+01   0.38111E+02
  0.002   0.060    0.83131E+00  -0.18093E+03  -0.10209E+04  -0.13009E+03  -0.36609E+00  -0.95963E-01
  0.002   0.060   -0.26425E+00  -0.18079E+03   0.10184E+04  -0.13004E+03   0.20009E+00  -0.15470E+00
  0.002   0.060   -0.20842E+01   0.10143E+06  -0.75171E+01   0.13445E+06  -0.26934E+01   0.38111E+02
  0.003   0.070   -0.20654E+01   0.10146E+06  -0.53206E+01   0.13448E+06  -0.27581E+01   0.38126E+02
  0.003   0.070    0.82950E+00  -0.18124E+03  -0.10292E+04  -0.13029E+03  -0.36678E+00  -0.95982E-01
  0.003   0.070   -0.26247E+00  -0.18109E+03   0.10268E+04  -0.13024E+03   0.20085E+00  -0.15516E+00
  0.003   0.070   -0.20705E+01   0.10146E+06  -0.74003E+01   0.13448E+06  -0.27482E+01   0.38126E+02
  0.003   0.080   -0.20613E+01   0.10149E+06  -0.53111E+01   0.13451E+06  -0.27146E+01   0.38144E+02
  0.003   0.080    0.82695E+00  -0.18163E+03  -0.10384E+04  -0.13054E+03  -0.36740E+00  -0.96035E-01
  0.003   0.080   -0.26011E+00  -0.18148E+03   0.10362E+04  -0.13049E+03   0.20152E+00  -0.15571E+00
  0.003   0.080   -0.20943E+01   0.10149E+06  -0.72631E+01   0.13451E+06  -0.26834E+01   0.38144E+02
  0.003   0.090   -0.19753E+01   0.10151E+06  -0.50462E+01   0.13453E+06  -0.28546E+01   0.38164E+02
  0.003   0.090    0.82425E+00  -0.18211E+03  -0.10487E+04  -0.13085E+03  -0.36793E+00  -0.96123E-01
  0.003   0.090   -0.25621E+00  -0.18193E+03   0.10463E+04  -0.13079E+03   0.20116E+00  -0.15632E+00
  0.003   0.090   -0.33052E+00   0.10152E+06  -0.10131E+02   0.13453E+06  -0.51438E+01   0.38164E+02
  0.004   0.100   -0.20944E+01   0.10154E+06  -0.52820E+01   0.13456E+06  -0.26998E+01   0.38186E+02
  0.004   0.100    0.82177E+00  -0.18268E+03  -0.10600E+04  -0.13123E+03  -0.36913E+00  -0.96255E-01
  0.004   0.100   -0.25531E+00  -0.18253E+03   0.10581E+04  -0.13118E+03   0.20344E+00  -0.15709E+00
  0.004   0.100   -0.20866E+01   0.10154E+06  -0.70492E+01   0.13456E+06  -0.27155E+01   0.38186E+02
  0.004   0.110   -0.20879E+01   0.10158E+06  -0.53541E+01   0.13458E+06  -0.27162E+01   0.38211E+02
  0.004   0.110    0.81894E+00  -0.18336E+03  -0.10724E+04  -0.13168E+03  -0.37019E+00  -0.96433E-01
  0.004   0.110   -0.25283E+00  -0.18319E+03   0.10705E+04  -0.13162E+03   0.20463E+00  -0.15793E+00
  0.004   0.110   -0.20691E+01   0.10158E+06  -0.70307E+01   0.13458E+06  -0.27256E+01   0.38211E+02
  0.005   0.120   -0.20787E+01   0.10161E+06  -0.52930E+01   0.13461E+06  -0.27200E+01   0.38239E+02
  0.005   0.120    0.81474E+00  -0.18413E+03  -0.10857E+04  -0.13219E+03  -0.37088E+00  -0.96660E-01
  0.005   0.120   -0.24976E+00  -0.18397E+03   0.10839E+04  -0.13214E+03   0.20576E+00  -0.15888E+00
  0.005   0.120   -0.20424E+01   0.10161E+06  -0.70023E+01   0.13461E+06  -0.27401E+01   0.38239E+02
  0.005   0.130   -0.20927E+01   0.10165E+06  -0.52620E+01   0.13464E+06  -0.27092E+01   0.38269E+02
  0.005   0.130    0.80996E+00  -0.18502E+03  -0.11001E+04  -0.13279E+03  -0.37149E+00  -0.96938E-01
  0.005   0.130   -0.24483E+00  -0.18485E+03   0.10984E+04  -0.13273E+03   0.20630E+00  -0.15993E+00
  0.005   0.130   -0.20032E+01   0.10165E+06  -0.69033E+01   0.13464E+06  -0.27609E+01   0.38269E+02
  0.005   0.140   -0.20640E+01   0.10168E+06  -0.52443E+01   0.13466E+06  -0.27228E+01   0.38301E+02
  0.005   0.140    0.80438E+00  -0.18603E+03  -0.11156E+04  -0.13346E+03  -0.37198E+00  -0.97276E-01
  0.005   0.140   -0.23977E+00  -0.18585E+03   0.11139E+04  -0.13340E+03   0.20699E+00  -0.16111E+00
  0.005   0.140   -0.20249E+01   0.10168E+06  -0.69978E+01   0.13466E+06  -0.27330E+01   0.38301E+02
