  0.002   0.050    0.13478E+06  -0.12942E+02  -0.16434E+03  -0.80605E+01  -0.10212E+06   0.19263E+02
  0.002   0.050    0.15157E+03  -0.15668E+01  -0.26968E+02  -0.11227E+01  -0.10925E+03   0.26636E-01
  0.002   0.050    0.15161E+03   0.16041E+01  -0.27259E+02   0.11514E+01  -0.10927E+03   0.18070E-01
  0.002   0.050    0.13478E+06  -0.12926E+02  -0.16431E+03  -0.80619E+01  -0.10212E+06   0.19263E+02
  0.002   0.060    0.13482E+06  -0.12929E+02  -0.16259E+03  -0.80893E+01  -0.10214E+06   0.19268E+02
  0.002   0.060    0.15273E+03  -0.15791E+01  -0.25048E+02  -0.11315E+01  -0.11008E+03   0.26773E-01
  0.002   0.060    0.15277E+03   0.16168E+01  -0.25346E+02   0.11603E+01  -0.11009E+03   0.18182E-01
  0.002   0.060    0.13482E+06  -0.12942E+02  -0.16259E+03  -0.80801E+01  -0.10214E+06   0.19268E+02
  0.003   0.070    0.13486E+06  -0.12942E+02  -0.16123E+03  -0.80758E+01  -0.10217E+06   0.19275E+02
  0.003   0.070    0.15407E+03  -0.15936E+01  -0.23437E+02  -0.11420E+01  -0.11102E+03   0.26946E-01
  0.003   0.070    0.15411E+03   0.16313E+01  -0.23734E+02   0.11705E+01  -0.11104E+03   0.18325E-01
  0.003   0.070    0.13486E+06  -0.12902E+02  -0.16121E+03  -0.80681E+01  -0.10217E+06   0.19275E+02
  0.003   0.080    0.13490E+06  -0.12937E+02  -0.16009E+03  -0.81067E+01  -0.10220E+06   0.19282E+02
  0.003   0.080    0.15558E+03  -0.16104E+01  -0.22050E+02  -0.11540E+01  -0.11209E+03   0.27153E-01
  0.003   0.080    0.15562E+03   0.16485E+01  -0.22354E+02   0.11825E+01  -0.11210E+03   0.18497E-01
  0.003   0.080    0.13490E+06  -0.12923E+02  -0.16010E+03  -0.80969E+01  -0.10220E+06   0.19282E+02
  0.003   0.090    0.13495E+06  -0.13352E+02  -0.15847E+03  -0.86824E+01  -0.10223E+06   0.19291E+02
  0.003   0.090    0.15726E+03  -0.16221E+01  -0.20743E+02  -0.11625E+01  -0.11328E+03   0.27395E-01
  0.003   0.090    0.15730E+03   0.16574E+01  -0.21007E+02   0.11885E+01  -0.11329E+03   0.18687E-01
  0.003   0.090    0.13495E+06  -0.13678E+02  -0.15795E+03  -0.92394E+01  -0.10223E+06   0.19291E+02
  0.004   0.100    0.13500E+06  -0.12937E+02  -0.15836E+03  -0.81298E+01  -0.10226E+06   0.19300E+02
  0.004   0.100    0.15911E+03  -0.16491E+01  -0.19732E+02  -0.11815E+01  -0.11458E+03   0.27664E-01
  0.004   0.100    0.15915E+03   0.16873E+01  -0.20038E+02   0.12097E+01  -0.11460E+03   0.18922E-01
  0.004   0.100    0.13500E+06  -0.12950E+02  -0.15833E+03  -0.81368E+01  -0.10226E+06   0.19300E+02
  0.004   0.110    0.13506E+06  -0.13043E+02  -0.15742E+03  -0.81800E+01  -0.10229E+06   0.19311E+02
  0.004   0.110    0.16113E+03  -0.16676E+01  -0.18703E+02  -0.11946E+01  -0.11601E+03   0.27970E-01
  0.004   0.110    0.16117E+03   0.17074E+01  -0.19027E+02   0.12237E+01  -0.11602E+03   0.19170E-01
  0.004   0.110    0.13506E+06  -0.12900E+02  -0.15751E+03  -0.81235E+01  -0.10229E+06   0.19311E+02
  0.005   0.120    0.13512E+06  -0.13065E+02  -0.15694E+03  -0.82069E+01  -0.10233E+06   0.19323E+02
  0.005   0.120    0.16333E+03  -0.16925E+01  -0.17807E+02  -0.12123E+01  -0.11756E+03   0.28305E-01
  0.005   0.120    0.16337E+03   0.17346E+01  -0.18154E+02   0.12428E+01  -0.11757E+03   0.19449E-01
  0.005   0.120    0.13512E+06  -0.12940E+02  -0.15715E+03  -0.81501E+01  -0.10233E+06   0.19323E+02
  0.005   0.130    0.13518E+06  -0.12929E+02  -0.15666E+03  -0.81484E+01  -0.10236E+06   0.19335E+02
  0.005   0.130    0.16571E+03  -0.17214E+01  -0.16995E+02  -0.12327E+01  -0.11924E+03   0.28672E-01
  0.005   0.130    0.16575E+03   0.17596E+01  -0.17308E+02   0.12603E+01  -0.11925E+03   0.19750E-01
  0.005   0.130    0.13518E+06  -0.12905E+02  -0.15660E+03  -0.81413E+01  -0.10236E+06   0.19336E+02
  0.005   0.140    0.13525E+06  -0.12854E+02  -0.15727E+03  -0.81346E+01  -0.10240E+06   0.19350E+02
  0.005   0.140    0.16828E+03  -0.17650E+01  -0.16349E+02  -0.12636E+01  -0.12104E+03   0.29066E-01
  0.005   0.140    0.16832E+03   0.18155E+01  -0.16774E+02   0.12999E+01  -0.12105E+03   0.20104E-01
  0.005   0.140    0.13525E+06  -0.13645E+02  -0.15794E+03  -0.84739E+01  -0.10240E+06   0.19349E+02
