  0.002   0.050    0.22061E+02   0.99642E+02  -0.22719E+01   0.42239E+02  -0.91040E+01   0.25172E+00
  0.002   0.050    0.20451E-01  -0.22928E+00  -0.15351E+01  -0.16426E+00  -0.14600E-01  -0.11403E-03
  0.002   0.050    0.31036E-01  -0.16895E+00   0.67683E+00  -0.12108E+00  -0.22476E-01  -0.13511E-03
  0.002   0.050    0.22061E+02   0.99643E+02  -0.22703E+01   0.42239E+02  -0.91041E+01   0.25172E+00
  0.002   0.060    0.22068E+02   0.99671E+02  -0.22441E+01   0.42254E+02  -0.91073E+01   0.25182E+00
  0.002   0.060    0.20636E-01  -0.22981E+00  -0.15142E+01  -0.16461E+00  -0.14726E-01  -0.11490E-03
  0.002   0.060    0.31270E-01  -0.16907E+00   0.71409E+00  -0.12116E+00  -0.22633E-01  -0.13613E-03
  0.002   0.060    0.22067E+02   0.99671E+02  -0.22430E+01   0.42254E+02  -0.91071E+01   0.25182E+00
  0.003   0.070    0.22075E+02   0.99705E+02  -0.22217E+01   0.42272E+02  -0.91111E+01   0.25191E+00
  0.003   0.070    0.20845E-01  -0.23046E+00  -0.14991E+01  -0.16506E+00  -0.14871E-01  -0.11571E-03
  0.003   0.070    0.31540E-01  -0.16928E+00   0.74818E+00  -0.12128E+00  -0.22816E-01  -0.13713E-03
  0.003   0.070    0.22075E+02   0.99705E+02  -0.22197E+01   0.42272E+02  -0.91114E+01   0.25191E+00
  0.003   0.080    0.22084E+02   0.99744E+02  -0.22018E+01   0.42293E+02  -0.91161E+01   0.25200E+00
  0.003   0.080    0.21080E-01  -0.23123E+00  -0.14884E+01  -0.16558E+00  -0.15036E-01  -0.11648E-03
  0.003   0.080    0.31843E-01  -0.16954E+00   0.77994E+00  -0.12144E+00  -0.23022E-01  -0.13811E-03
  0.003   0.080    0.22084E+02   0.99744E+02  -0.22009E+01   0.42293E+02  -0.91159E+01   0.25200E+00
  0.003   0.090    0.22094E+02   0.99789E+02  -0.21862E+01   0.42316E+02  -0.91212E+01   0.25209E+00
  0.003   0.090    0.21339E-01  -0.23216E+00  -0.14816E+01  -0.16621E+00  -0.15217E-01  -0.11727E-03
  0.003   0.090    0.32182E-01  -0.16989E+00   0.81048E+00  -0.12167E+00  -0.23254E-01  -0.13914E-03
  0.003   0.090    0.22095E+02   0.99789E+02  -0.21844E+01   0.42316E+02  -0.91215E+01   0.25209E+00
  0.004   0.100    0.22104E+02   0.99838E+02  -0.21728E+01   0.42342E+02  -0.91267E+01   0.25218E+00
  0.004   0.100    0.21622E-01  -0.23323E+00  -0.14781E+01  -0.16693E+00  -0.15418E-01  -0.11808E-03
  0.004   0.100    0.32554E-01  -0.17032E+00   0.84012E+00  -0.12195E+00  -0.23509E-01  -0.14019E-03
  0.004   0.100    0.22105E+02   0.99839E+02  -0.21707E+01   0.42343E+02  -0.91270E+01   0.25218E+00
  0.004   0.110    0.22118E+02   0.99895E+02  -0.21619E+01   0.42372E+02  -0.91338E+01   0.25228E+00
  0.004   0.110    0.21934E-01  -0.23447E+00  -0.14774E+01  -0.16777E+00  -0.15638E-01  -0.11892E-03
  0.004   0.110    0.32965E-01  -0.17084E+00   0.86933E+00  -0.12228E+00  -0.23791E-01  -0.14130E-03
  0.004   0.110    0.22119E+02   0.99894E+02  -0.21595E+01   0.42372E+02  -0.91340E+01   0.25227E+00
  0.005   0.120    0.22132E+02   0.99955E+02  -0.21497E+01   0.42404E+02  -0.91412E+01   0.25237E+00
  0.005   0.120    0.22270E-01  -0.23582E+00  -0.14788E+01  -0.16869E+00  -0.15876E-01  -0.11979E-03
  0.005   0.120    0.33410E-01  -0.17146E+00   0.89859E+00  -0.12269E+00  -0.24097E-01  -0.14249E-03
  0.005   0.120    0.22132E+02   0.99954E+02  -0.21488E+01   0.42404E+02  -0.91411E+01   0.25237E+00
  0.005   0.130    0.22148E+02   0.10002E+03  -0.21402E+01   0.42438E+02  -0.91494E+01   0.25247E+00
  0.005   0.130    0.22634E-01  -0.23736E+00  -0.14827E+01  -0.16973E+00  -0.16133E-01  -0.12073E-03
  0.005   0.130    0.33895E-01  -0.17221E+00   0.92817E+00  -0.12318E+00  -0.24430E-01  -0.14377E-03
  0.005   0.130    0.22149E+02   0.10002E+03  -0.21386E+01   0.42438E+02  -0.91497E+01   0.25247E+00
  0.005   0.140    0.22166E+02   0.10009E+03  -0.21304E+01   0.42476E+02  -0.91586E+01   0.25258E+00
  0.005   0.140    0.23025E-01  -0.23905E+00  -0.14886E+01  -0.17088E+00  -0.16410E-01  -0.12172E-03
  0.005   0.140    0.34417E-01  -0.17305E+00   0.95787E+00  -0.12374E+00  -0.24789E-01  -0.14513E-03
  0.005   0.140    0.22165E+02   0.10009E+03  -0.21313E+01   0.42475E+02  -0.91580E+01   0.25258E+00
