  0.002   0.050    0.43620E-01  -0.14817E-04  -0.84998E+00   0.23796E-04  -0.31749E-01   0.27586E-04
  0.002   0.050    0.43562E-01  -0.48555E-03  -0.84766E+00  -0.31634E-03  -0.31706E-01   0.27196E-04
  0.002   0.050    0.43562E-01   0.46456E-03  -0.84767E+00   0.36996E-03  -0.31706E-01   0.27851E-04
  0.002   0.050    0.43620E-01  -0.62421E-05  -0.84990E+00   0.29966E-04  -0.31749E-01   0.27591E-04
  0.002   0.060    0.76019E-01  -0.22725E-04  -0.10243E+01   0.24541E-04  -0.55221E-01   0.36648E-04
  0.002   0.060    0.75873E-01  -0.84155E-03  -0.10202E+01  -0.56702E-03  -0.55115E-01   0.35964E-04
  0.002   0.060    0.75873E-01   0.81141E-03  -0.10205E+01   0.62680E-03  -0.55115E-01   0.37107E-04
  0.002   0.060    0.76019E-01  -0.77013E-05  -0.10243E+01   0.35362E-04  -0.55221E-01   0.36663E-04
  0.003   0.070    0.12186E+00  -0.33501E-04  -0.12013E+01   0.22986E-04  -0.88409E-01   0.47734E-04
  0.003   0.070    0.12154E+00  -0.13444E-02  -0.11949E+01  -0.92392E-03  -0.88176E-01   0.46627E-04
  0.003   0.070    0.12154E+00   0.13020E-02  -0.11950E+01   0.98709E-03  -0.88176E-01   0.48449E-04
  0.003   0.070    0.12186E+00  -0.92171E-05  -0.12012E+01   0.40464E-04  -0.88409E-01   0.47752E-04
  0.003   0.080    0.18384E+00  -0.47739E-04  -0.13816E+01   0.18639E-04  -0.13325E+00   0.61247E-04
  0.003   0.080    0.18321E+00  -0.20234E-02  -0.13719E+01  -0.14081E-02  -0.13279E+00   0.59562E-04
  0.003   0.080    0.18321E+00   0.19658E-02  -0.13724E+01   0.14719E-02  -0.13279E+00   0.62307E-04
  0.003   0.080    0.18384E+00  -0.10836E-04  -0.13818E+01   0.45209E-04  -0.13325E+00   0.61283E-04
  0.003   0.090    0.26489E+00  -0.66990E-04  -0.15594E+01   0.98703E-05  -0.19185E+00   0.77473E-04
  0.003   0.090    0.26373E+00  -0.29001E-02  -0.15455E+01  -0.20358E-02  -0.19101E+00   0.75026E-04
  0.003   0.090    0.26373E+00   0.28127E-02  -0.15422E+01   0.20876E-02  -0.19101E+00   0.78844E-04
  0.003   0.090    0.26489E+00  -0.14567E-04  -0.15555E+01   0.47230E-04  -0.19185E+00   0.77421E-04
  0.004   0.100    0.36816E+00  -0.89272E-04  -0.17527E+01  -0.62066E-06  -0.26649E+00   0.97329E-04
  0.004   0.100    0.36617E+00  -0.40363E-02  -0.17333E+01  -0.28496E-02  -0.26504E+00   0.93874E-04
  0.004   0.100    0.36617E+00   0.39347E-02  -0.17339E+01   0.29022E-02  -0.26504E+00   0.99313E-04
  0.004   0.100    0.36816E+00  -0.14077E-04  -0.17526E+01   0.53440E-04  -0.26649E+00   0.97390E-04
  0.004   0.110    0.49718E+00  -0.11834E-03  -0.19410E+01  -0.17111E-04  -0.35967E+00   0.12081E-03
  0.004   0.110    0.49391E+00  -0.54319E-02  -0.19148E+01  -0.38512E-02  -0.35730E+00   0.11609E-03
  0.004   0.110    0.49391E+00   0.53042E-02  -0.19170E+01   0.38935E-02  -0.35730E+00   0.12342E-03
  0.004   0.110    0.49718E+00  -0.15625E-04  -0.19422E+01   0.56817E-04  -0.35967E+00   0.12093E-03
  0.005   0.120    0.65580E+00  -0.15393E-03  -0.21387E+01  -0.38716E-04  -0.47416E+00   0.14886E-03
  0.005   0.120    0.65063E+00  -0.71569E-02  -0.21042E+01  -0.50901E-02  -0.47043E+00   0.14253E-03
  0.005   0.120    0.65063E+00   0.70018E-02  -0.21090E+01   0.51202E-02  -0.47043E+00   0.15220E-03
  0.005   0.120    0.65580E+00  -0.17276E-04  -0.21422E+01   0.59734E-04  -0.47416E+00   0.14906E-03
  0.005   0.130    0.84830E+00  -0.19631E-03  -0.23441E+01  -0.65717E-04  -0.61303E+00   0.18205E-03
  0.005   0.130    0.84041E+00  -0.92545E-02  -0.22996E+01  -0.65972E-02  -0.60733E+00   0.17372E-03
  0.005   0.130    0.84041E+00   0.90426E-02  -0.23004E+01   0.65924E-02  -0.60733E+00   0.18602E-03
  0.005   0.130    0.84830E+00  -0.18929E-04  -0.23433E+01   0.61899E-04  -0.61303E+00   0.18218E-03
  0.005   0.140    0.10795E+01  -0.24863E-03  -0.25735E+01  -0.99832E-04  -0.77969E+00   0.22150E-03
  0.005   0.140    0.10678E+01  -0.11851E-01  -0.25165E+01  -0.84625E-02  -0.77123E+00   0.21064E-03
  0.005   0.140    0.10678E+01   0.11651E-01  -0.25326E+01   0.84728E-02  -0.77123E+00   0.22674E-03
  0.005   0.140    0.10795E+01  -0.25942E-04  -0.25878E+01   0.61176E-04  -0.77969E+00   0.22205E-03
