  0.002   0.050   -0.31105E-01   0.67544E-05   0.33666E+00  -0.83712E-05   0.22598E-01  -0.12921E-04
  0.002   0.050   -0.31064E-01   0.19335E-03   0.33574E+00   0.12645E-03   0.22567E-01  -0.12764E-04
  0.002   0.050   -0.31064E-01  -0.18303E-03   0.33575E+00  -0.14541E-03   0.22567E-01  -0.13023E-04
  0.002   0.050   -0.31105E-01   0.36288E-05   0.33662E+00  -0.10621E-04   0.22598E-01  -0.12923E-04
  0.002   0.060   -0.54176E-01   0.10548E-04   0.40552E+00  -0.78732E-05   0.39312E-01  -0.17984E-04
  0.002   0.060   -0.54072E-01   0.33496E-03   0.40391E+00   0.22649E-03   0.39236E-01  -0.17707E-04
  0.002   0.060   -0.54072E-01  -0.31959E-03   0.40407E+00  -0.24624E-03   0.39236E-01  -0.18159E-04
  0.002   0.060   -0.54176E-01   0.50594E-05   0.40559E+00  -0.11830E-04   0.39312E-01  -0.17991E-04
  0.003   0.070   -0.86806E-01   0.15718E-04   0.47550E+00  -0.61652E-05   0.62939E-01  -0.24460E-04
  0.003   0.070   -0.86578E-01   0.53498E-03   0.47292E+00   0.36889E-03   0.62774E-01  -0.24011E-04
  0.003   0.070   -0.86578E-01  -0.51299E-03   0.47334E+00  -0.38784E-03   0.62774E-01  -0.24735E-04
  0.003   0.070   -0.86806E-01   0.68833E-05   0.47577E+00  -0.12540E-04   0.62939E-01  -0.24476E-04
  0.003   0.080   -0.13091E+00   0.22557E-04   0.54655E+00  -0.29764E-05   0.94855E-01  -0.32628E-04
  0.003   0.080   -0.13045E+00   0.80465E-03   0.54267E+00   0.56180E-03   0.94529E-01  -0.31938E-04
  0.003   0.080   -0.13045E+00  -0.77375E-03   0.54306E+00  -0.57770E-03   0.94529E-01  -0.33016E-04
  0.003   0.080   -0.13090E+00   0.91053E-05   0.54671E+00  -0.12669E-04   0.94855E-01  -0.32645E-04
  0.003   0.090   -0.18854E+00   0.34170E-04   0.59943E+00   0.49562E-05   0.13655E+00  -0.42304E-04
  0.003   0.090   -0.18772E+00   0.11241E-02   0.59398E+00   0.79195E-03   0.13595E+00  -0.41318E-04
  0.003   0.090   -0.18772E+00  -0.10399E-02   0.57674E+00  -0.76933E-03   0.13595E+00  -0.42341E-04
  0.003   0.090   -0.18855E+00   0.18552E-04   0.58161E+00  -0.53946E-05   0.13654E+00  -0.41874E-04
  0.004   0.100   -0.26195E+00   0.42853E-04   0.69353E+00   0.91788E-05   0.18963E+00  -0.55309E-04
  0.004   0.100   -0.26053E+00   0.16056E-02   0.68576E+00   0.11371E-02   0.18860E+00  -0.53868E-04
  0.004   0.100   -0.26053E+00  -0.15485E-02   0.68614E+00  -0.11387E-02   0.18860E+00  -0.55987E-04
  0.004   0.100   -0.26195E+00   0.15411E-04   0.69344E+00  -0.10532E-04   0.18963E+00  -0.55334E-04
  0.004   0.110   -0.35361E+00   0.56818E-04   0.76867E+00   0.18703E-04   0.25587E+00  -0.70494E-04
  0.004   0.110   -0.35129E+00   0.21624E-02   0.75821E+00   0.15379E-02   0.25418E+00  -0.68502E-04
  0.004   0.110   -0.35129E+00  -0.20883E-02   0.75886E+00  -0.15282E-02   0.25418E+00  -0.71340E-04
  0.004   0.110   -0.35361E+00   0.19409E-04   0.76869E+00  -0.82261E-05   0.25587E+00  -0.70531E-04
  0.005   0.120   -0.46624E+00   0.74088E-04   0.84645E+00   0.31111E-04   0.33721E+00  -0.88799E-04
  0.005   0.120   -0.46257E+00   0.28473E-02   0.83266E+00   0.20314E-02   0.33456E+00  -0.86102E-04
  0.005   0.120   -0.46257E+00  -0.27548E-02   0.83438E+00  -0.20083E-02   0.33456E+00  -0.89834E-04
  0.005   0.120   -0.46624E+00   0.24414E-04   0.84734E+00  -0.47068E-05   0.33721E+00  -0.88870E-04
  0.005   0.130   -0.60285E+00   0.94744E-04   0.92723E+00   0.46428E-04   0.43582E+00  -0.11068E-03
  0.005   0.130   -0.59725E+00   0.36797E-02   0.90941E+00   0.26311E-02   0.43177E+00  -0.10709E-03
  0.005   0.130   -0.59725E+00  -0.35609E-02   0.91098E+00  -0.25881E-02   0.43177E+00  -0.11185E-03
  0.005   0.130   -0.60285E+00   0.30553E-04   0.92773E+00   0.10018E-06   0.43582E+00  -0.11075E-03
  0.005   0.140   -0.76679E+00   0.12016E-03   0.10074E+01   0.65901E-04   0.55408E+00  -0.13653E-03
  0.005   0.140   -0.75847E+00   0.46641E-02   0.98480E+00   0.33406E-02   0.54807E+00  -0.13184E-03
  0.005   0.140   -0.75847E+00  -0.45074E-02   0.98504E+00  -0.32677E-02   0.54807E+00  -0.13776E-03
  0.005   0.140   -0.76679E+00   0.37704E-04   0.10062E+01   0.64720E-05   0.55408E+00  -0.13658E-03
