  0.002   0.050    0.32553E-05   0.31074E-01   0.17419E-01   0.22508E-01   0.32399E-05   0.20982E-04
  0.002   0.050   -0.58707E-04   0.30977E-01  -0.27688E+00   0.22454E-01  -0.19321E-04   0.28204E-04
  0.002   0.050    0.44814E-04   0.31054E-01   0.19241E+00   0.22482E-01   0.14096E-04   0.16663E-04
  0.002   0.050   -0.17245E-04   0.31073E-01  -0.10211E+00   0.22513E-01  -0.84543E-05   0.23971E-04
  0.002   0.060    0.44437E-05   0.54087E-01   0.23228E-01   0.39171E-01   0.49509E-05   0.36704E-04
  0.002   0.060   -0.10345E-03   0.53825E-01  -0.48851E+00   0.39009E-01  -0.34270E-04   0.49201E-04
  0.002   0.060    0.86911E-04   0.53958E-01   0.38694E+00   0.39056E-01   0.29692E-04   0.27643E-04
  0.002   0.060   -0.20977E-04   0.54086E-01  -0.12519E+00   0.39177E-01  -0.95788E-05   0.40416E-04
  0.003   0.070    0.59300E-05   0.86626E-01   0.30308E-01   0.62726E-01   0.72568E-05   0.58971E-04
  0.003   0.070   -0.16665E-03   0.86030E-01  -0.78834E+00   0.62339E-01  -0.55606E-04   0.78846E-04
  0.003   0.070    0.14774E-03   0.86244E-01   0.66933E+00   0.62412E-01   0.52492E-04   0.42919E-04
  0.003   0.070   -0.24910E-04   0.86625E-01  -0.14995E+00   0.62733E-01  -0.10402E-04   0.63481E-04
  0.003   0.080    0.77538E-05   0.13059E+00   0.38839E-01   0.94543E-01   0.10291E-04   0.89094E-04
  0.003   0.080   -0.25264E-03   0.12938E+00  -0.11937E+01   0.93734E-01  -0.84299E-04   0.11881E-03
  0.003   0.080    0.23130E-03   0.12971E+00   0.10571E+01   0.93842E-01   0.83898E-04   0.63300E-04
  0.003   0.080   -0.29040E-04   0.13059E+00  -0.17637E+00   0.94551E-01  -0.10786E-04   0.94481E-04
  0.003   0.090    0.10558E-04   0.18804E+00   0.51193E-01   0.13610E+00   0.14223E-04   0.12844E-03
  0.003   0.090   -0.36407E-03   0.18579E+00  -0.17208E+01   0.13457E+00  -0.12222E-03   0.17083E-03
  0.003   0.090    0.33999E-03   0.18630E+00   0.15443E+01   0.13475E+00   0.12095E-03   0.90294E-04
  0.003   0.090   -0.34119E-04   0.18804E+00  -0.22923E+00   0.13611E+00  -0.15792E-04   0.13546E-03
  0.004   0.100    0.12696E-04   0.26120E+00   0.61834E-01   0.18900E+00   0.19137E-04   0.17870E-03
  0.004   0.100   -0.50658E-03   0.25728E+00  -0.23953E+01   0.18630E+00  -0.17036E-03   0.23695E-03
  0.004   0.100    0.48168E-03   0.25792E+00   0.22236E+01   0.18650E+00   0.17925E-03   0.12290E-03
  0.004   0.100   -0.37757E-04   0.26120E+00  -0.23541E+00   0.18901E+00  -0.10164E-04   0.18615E-03
  0.004   0.110    0.15876E-04   0.35252E+00   0.75407E-01   0.25500E+00   0.25007E-04   0.24147E-03
  0.004   0.110   -0.68404E-03   0.34603E+00  -0.32346E+01   0.25048E+00  -0.23081E-03   0.31913E-03
  0.004   0.110    0.65687E-03   0.34691E+00   0.30425E+01   0.25077E+00   0.24679E-03   0.16406E-03
  0.004   0.110   -0.42807E-04   0.35252E+00  -0.27001E+00   0.25502E+00  -0.90417E-05   0.25013E-03
  0.005   0.120    0.20169E-04   0.46471E+00   0.93757E-01   0.33604E+00   0.32331E-04   0.31858E-03
  0.005   0.120   -0.90526E-03   0.45440E+00  -0.42605E+01   0.32882E+00  -0.30332E-03   0.41957E-03
  0.005   0.120    0.87369E-03   0.45555E+00   0.40500E+01   0.32920E+00   0.32964E-03   0.21415E-03
  0.005   0.120   -0.47985E-04   0.46471E+00  -0.30756E+00   0.33606E+00  -0.72705E-05   0.32865E-03
  0.005   0.130    0.24741E-04   0.60074E+00   0.11491E+00   0.43426E+00   0.41388E-04   0.41218E-03
  0.005   0.130   -0.11771E-02   0.58494E+00  -0.55010E+01   0.42313E+00  -0.38948E-03   0.54077E-03
  0.005   0.130    0.11444E-02   0.58642E+00   0.52726E+01   0.42361E+00   0.42737E-03   0.27430E-03
  0.005   0.130   -0.53688E-04   0.60074E+00  -0.34769E+00   0.43428E+00  -0.44817E-05   0.42380E-03
  0.005   0.140    0.30259E-04   0.76394E+00   0.13961E+00   0.55201E+00   0.52029E-04   0.52456E-03
  0.005   0.140   -0.15078E-02   0.74041E+00  -0.69842E+01   0.53539E+00  -0.49070E-03   0.68536E-03
  0.005   0.140    0.14694E-02   0.74228E+00   0.67342E+01   0.53599E+00   0.54435E-03   0.34584E-03
  0.005   0.140   -0.61038E-04   0.76394E+00  -0.39514E+00   0.55204E+00  -0.66711E-06   0.53800E-03
