  0.002   0.050    0.52685E-05   0.33562E-04  -0.12907E-01   0.24782E-04  -0.66681E-05   0.34709E-06
  0.002   0.050    0.52081E-05   0.26287E-04  -0.13191E-01   0.19539E-04  -0.66880E-05   0.34915E-06
  0.002   0.050    0.53223E-05   0.40715E-04  -0.12554E-01   0.29934E-04  -0.66284E-05   0.34324E-06
  0.002   0.050    0.52701E-05   0.33709E-04  -0.12908E-01   0.24888E-04  -0.66694E-05   0.34722E-06
  0.002   0.060    0.10367E-04   0.58486E-04  -0.15548E-01   0.42889E-04  -0.10934E-04   0.43136E-06
  0.002   0.060    0.10253E-04   0.45733E-04  -0.16043E-01   0.33699E-04  -0.10962E-04   0.43488E-06
  0.002   0.060    0.10453E-04   0.70828E-04  -0.14941E-01   0.51777E-04  -0.10861E-04   0.42473E-06
  0.002   0.060    0.10368E-04   0.58743E-04  -0.15556E-01   0.43074E-04  -0.10937E-04   0.43172E-06
  0.003   0.070    0.17764E-04   0.93760E-04  -0.18228E-01   0.68463E-04  -0.16866E-04   0.52416E-06
  0.003   0.070    0.17564E-04   0.73156E-04  -0.19020E-01   0.53617E-04  -0.16898E-04   0.52966E-06
  0.003   0.070    0.17892E-04   0.11331E-03  -0.17248E-01   0.82539E-04  -0.16740E-04   0.51320E-06
  0.003   0.070    0.17769E-04   0.94175E-04  -0.18232E-01   0.68761E-04  -0.16870E-04   0.52454E-06
  0.003   0.080    0.27928E-04   0.14146E-03  -0.20936E-01   0.10300E-03  -0.24798E-04   0.62679E-06
  0.003   0.080    0.27596E-04   0.11011E-03  -0.22129E-01   0.80410E-04  -0.24825E-04   0.63486E-06
  0.003   0.080    0.28095E-04   0.17057E-03  -0.19476E-01   0.12395E-03  -0.24592E-04   0.61046E-06
  0.003   0.080    0.27930E-04   0.14209E-03  -0.20958E-01   0.10345E-03  -0.24804E-04   0.62780E-06
  0.003   0.090    0.41354E-04   0.20386E-03  -0.23705E-01   0.14812E-03  -0.35093E-04   0.74174E-06
  0.003   0.090    0.40827E-04   0.15819E-03  -0.25421E-01   0.11523E-03  -0.35097E-04   0.75296E-06
  0.003   0.090    0.41562E-04   0.24516E-03  -0.21595E-01   0.17784E-03  -0.34771E-04   0.71758E-06
  0.003   0.090    0.41361E-04   0.20477E-03  -0.23727E-01   0.14878E-03  -0.35103E-04   0.74294E-06
  0.004   0.100    0.58592E-04   0.28340E-03  -0.26527E-01   0.20559E-03  -0.48143E-04   0.87062E-06
  0.004   0.100    0.57783E-04   0.21916E-03  -0.28908E-01   0.15933E-03  -0.48092E-04   0.88558E-06
  0.004   0.100    0.58827E-04   0.33983E-03  -0.23601E-01   0.24619E-03  -0.47658E-04   0.83650E-06
  0.004   0.100    0.58603E-04   0.28468E-03  -0.26560E-01   0.20651E-03  -0.48157E-04   0.87233E-06
  0.004   0.110    0.80258E-04   0.38280E-03  -0.29419E-01   0.27735E-03  -0.64392E-04   0.10158E-05
  0.004   0.110    0.79048E-04   0.29487E-03  -0.32629E-01   0.21405E-03  -0.64239E-04   0.10351E-05
  0.004   0.110    0.80490E-04   0.45756E-03  -0.25474E-01   0.33111E-03  -0.63676E-04   0.96889E-06
  0.004   0.110    0.80272E-04   0.38454E-03  -0.29462E-01   0.27860E-03  -0.64410E-04   0.10182E-05
  0.005   0.120    0.10702E-03   0.50506E-03  -0.32337E-01   0.36554E-03  -0.84307E-04   0.11785E-05
  0.005   0.120    0.10525E-03   0.38748E-03  -0.36564E-01   0.28092E-03  -0.83983E-04   0.12026E-05
  0.005   0.120    0.10719E-03   0.60153E-03  -0.27175E-01   0.43489E-03  -0.83277E-04   0.11161E-05
  0.005   0.120    0.10703E-03   0.50738E-03  -0.32426E-01   0.36721E-03  -0.84332E-04   0.11824E-05
  0.005   0.130    0.13962E-03   0.65350E-03  -0.35347E-01   0.47253E-03  -0.10843E-03   0.13629E-05
  0.005   0.130    0.13709E-03   0.49905E-03  -0.40804E-01   0.36141E-03  -0.10784E-03   0.13921E-05
  0.005   0.130    0.13968E-03   0.77517E-03  -0.28670E-01   0.55995E-03  -0.10698E-03   0.12798E-05
  0.005   0.130    0.13964E-03   0.65653E-03  -0.35448E-01   0.47471E-03  -0.10847E-03   0.13675E-05
  0.005   0.140    0.17890E-03   0.83185E-03  -0.38405E-01   0.60098E-03  -0.13736E-03   0.15704E-05
  0.005   0.140    0.17535E-03   0.63216E-03  -0.45335E-01   0.45737E-03  -0.13636E-03   0.16051E-05
  0.005   0.140    0.17871E-03   0.98251E-03  -0.29985E-01   0.70918E-03  -0.13533E-03   0.14637E-05
  0.005   0.140    0.17889E-03   0.83573E-03  -0.38590E-01   0.60377E-03  -0.13740E-03   0.15778E-05
