  0.002   0.050    0.15649E-04   0.43688E-01   0.61067E-01   0.31618E-01   0.46163E-05   0.28645E-04
  0.002   0.050   -0.66955E-04   0.43564E-01  -0.35264E+00   0.31550E-01  -0.29566E-04   0.38834E-04
  0.002   0.050    0.77145E-04   0.43597E-01   0.35094E+00   0.31536E-01   0.26627E-04   0.21406E-04
  0.002   0.050   -0.55035E-05   0.43687E-01  -0.62776E-01   0.31622E-01  -0.75293E-05   0.31742E-04
  0.002   0.060    0.22099E-04   0.76054E-01   0.76344E-01   0.55035E-01   0.51051E-05   0.50625E-04
  0.002   0.060   -0.12173E-03   0.75708E-01  -0.64315E+00   0.54822E-01  -0.54350E-04   0.68257E-04
  0.002   0.060    0.13944E-03   0.75764E-01   0.64112E+00   0.54795E-01   0.49412E-04   0.36425E-04
  0.002   0.060   -0.42815E-05   0.76052E-01  -0.78386E-01   0.55041E-01  -0.10071E-04   0.54495E-04
  0.003   0.070    0.30336E-04   0.12183E+00   0.93148E-01   0.88148E-01   0.53662E-05   0.81843E-04
  0.003   0.070   -0.19979E-03   0.12103E+00  -0.10581E+01   0.87625E-01  -0.89926E-04   0.10989E-03
  0.003   0.070    0.22831E-03   0.12112E+00   0.10556E+01   0.87581E-01   0.82063E-04   0.57475E-04
  0.003   0.070   -0.17041E-05   0.12183E+00  -0.95694E-01   0.88155E-01  -0.13234E-04   0.86568E-04
  0.003   0.080    0.41022E-04   0.18371E+00   0.11307E+00   0.13289E+00   0.54511E-05   0.12413E-03
  0.003   0.080   -0.30615E-03   0.18206E+00  -0.16206E+01   0.13179E+00  -0.13805E-03   0.16607E-03
  0.003   0.080    0.34911E-03   0.18220E+00   0.16182E+01   0.13172E+00   0.12652E-03   0.85717E-04
  0.003   0.080    0.23187E-05   0.18371E+00  -0.11544E+00   0.13290E+00  -0.17056E-04   0.12985E-03
  0.003   0.090    0.54250E-04   0.26459E+00   0.13393E+00   0.19135E+00   0.49412E-05   0.17955E-03
  0.003   0.090   -0.44523E-03   0.26150E+00  -0.23591E+01   0.18924E+00  -0.20211E-03   0.23939E-03
  0.003   0.090    0.50709E-03   0.26171E+00   0.23501E+01   0.18915E+00   0.18382E-03   0.12251E-03
  0.003   0.090    0.86950E-05   0.26459E+00  -0.14305E+00   0.19136E+00  -0.23508E-04   0.18649E-03
  0.004   0.100    0.70605E-04   0.36765E+00   0.15912E+00   0.26581E+00   0.43716E-05   0.25023E-03
  0.004   0.100   -0.62226E-03   0.36223E+00  -0.32990E+01   0.26207E+00  -0.28311E-03   0.33250E-03
  0.004   0.100    0.70884E-03   0.36249E+00   0.32960E+01   0.26192E+00   0.25996E-03   0.16872E-03
  0.004   0.100    0.16655E-04   0.36764E+00  -0.16215E+00   0.26582E+00  -0.27460E-04   0.25828E-03
  0.004   0.110    0.89578E-04   0.49635E+00   0.18280E+00   0.35876E+00   0.30023E-05   0.33876E-03
  0.004   0.110   -0.84458E-03   0.48733E+00  -0.44770E+01   0.35247E+00  -0.38519E-03   0.44847E-03
  0.004   0.110    0.95983E-03   0.48772E+00   0.44678E+01   0.35229E+00   0.35377E-03   0.22625E-03
  0.004   0.110    0.27196E-04   0.49634E+00  -0.19214E+00   0.35877E+00  -0.34539E-04   0.34816E-03
  0.005   0.120    0.11426E-03   0.65453E+00   0.21835E+00   0.47293E+00   0.18113E-05   0.44746E-03
  0.005   0.120   -0.11200E-02   0.64018E+00  -0.59138E+01   0.46288E+00  -0.50847E-03   0.59019E-03
  0.005   0.120    0.12693E-02   0.64068E+00   0.59077E+01   0.46263E+00   0.46919E-03   0.29634E-03
  0.005   0.120    0.40686E-04   0.65452E+00  -0.22449E+00   0.47295E+00  -0.42591E-04   0.45857E-03
  0.005   0.130    0.14390E-03   0.84646E+00   0.25602E+00   0.61139E+00  -0.62399E-06   0.57958E-03
  0.005   0.130   -0.14574E-02   0.82440E+00  -0.76561E+01   0.59586E+00  -0.65742E-03   0.76139E-03
  0.005   0.130    0.16523E-02   0.82504E+00   0.76507E+01   0.59553E+00   0.60587E-03   0.38069E-03
  0.005   0.130    0.57569E-04   0.84645E+00  -0.26148E+00   0.61141E+00  -0.52350E-04   0.59257E-03
  0.005   0.140    0.17949E-03   0.10769E+01   0.30097E+00   0.77751E+00  -0.36406E-05   0.73831E-03
  0.005   0.140   -0.18676E-02   0.10440E+01  -0.97398E+01   0.75426E+00  -0.83356E-03   0.96576E-03
  0.005   0.140    0.21088E-02   0.10447E+01   0.97551E+01   0.75377E+00   0.77623E-03   0.48052E-03
  0.005   0.140    0.73614E-04   0.10769E+01  -0.28534E+00   0.77753E+00  -0.56654E-04   0.75305E-03
