  0.002   0.050    0.12276E+00   0.87674E-02   0.71243E+03  -0.23571E-01   0.69669E-01  -0.17806E-01
  0.002   0.050    0.12245E+00   0.40311E+00   0.71052E+03   0.26137E+00   0.69491E-01  -0.17485E-01
  0.002   0.050    0.12242E+00  -0.39334E+00   0.71052E+03  -0.31394E+00   0.69473E-01  -0.18038E-01
  0.002   0.050    0.12276E+00   0.10292E-02   0.71243E+03  -0.29142E-01   0.69669E-01  -0.17812E-01
  0.002   0.060    0.14795E+00   0.12686E-01   0.85822E+03  -0.26879E-01   0.83989E-01  -0.21454E-01
  0.002   0.060    0.14741E+00   0.69843E+00   0.85491E+03   0.46854E+00   0.83680E-01  -0.20895E-01
  0.002   0.060    0.14736E+00  -0.68666E+00   0.85491E+03  -0.53181E+00   0.83649E-01  -0.21857E-01
  0.002   0.060    0.14795E+00  -0.87426E-03   0.85822E+03  -0.36640E-01   0.83989E-01  -0.21464E-01
  0.003   0.070    0.17350E+00   0.17868E-01   0.10059E+04  -0.29362E-01   0.98525E-01  -0.25151E-01
  0.003   0.070    0.17263E+00   0.11149E+01   0.10006E+04   0.76309E+00   0.98030E-01  -0.24256E-01
  0.003   0.070    0.17255E+00  -0.11012E+01   0.10006E+04  -0.83717E+00   0.97980E-01  -0.25795E-01
  0.003   0.070    0.17350E+00  -0.40099E-02   0.10059E+04  -0.45108E-01   0.98525E-01  -0.25166E-01
  0.003   0.080    0.19946E+00   0.24590E-01   0.11557E+04  -0.30837E-01   0.11332E+00  -0.28904E-01
  0.003   0.080    0.19815E+00   0.16764E+01   0.11477E+04   0.11620E+01   0.11257E+00  -0.27557E-01
  0.003   0.080    0.19803E+00  -0.16606E+01   0.11477E+04  -0.12471E+01   0.11249E+00  -0.29875E-01
  0.003   0.080    0.19946E+00  -0.86485E-02   0.11557E+04  -0.54757E-01   0.11332E+00  -0.28927E-01
  0.003   0.090    0.22591E+00   0.33152E-01   0.13080E+04  -0.31109E-01   0.12840E+00  -0.32724E-01
  0.003   0.090    0.22403E+00   0.24081E+01   0.12965E+04   0.16836E+01   0.12732E+00  -0.30786E-01
  0.003   0.090    0.22385E+00  -0.23902E+01   0.12965E+04  -0.17797E+01   0.12721E+00  -0.34120E-01
  0.003   0.090    0.22590E+00  -0.15098E-01   0.13080E+04  -0.65828E-01   0.12840E+00  -0.32757E-01
  0.004   0.100    0.25292E+00   0.43915E-01   0.14632E+04  -0.29928E-01   0.14382E+00  -0.36619E-01
  0.004   0.100    0.25030E+00   0.33377E+01   0.14473E+04   0.23475E+01   0.14233E+00  -0.33931E-01
  0.004   0.100    0.25005E+00  -0.33177E+01   0.14473E+04  -0.24548E+01   0.14218E+00  -0.38556E-01
  0.004   0.100    0.25291E+00  -0.23663E-01   0.14632E+04  -0.78539E-01   0.14382E+00  -0.36666E-01
  0.004   0.110    0.28055E+00   0.57216E-01   0.16216E+04  -0.27071E-01   0.15962E+00  -0.40599E-01
  0.004   0.110    0.27702E+00   0.44948E+01   0.16002E+04   0.31750E+01   0.15761E+00  -0.36976E-01
  0.004   0.110    0.27669E+00  -0.44726E+01   0.16002E+04  -0.32937E+01   0.15740E+00  -0.43211E-01
  0.004   0.110    0.28054E+00  -0.34760E-01   0.16216E+04  -0.93217E-01   0.15962E+00  -0.40663E-01
  0.005   0.120    0.30888E+00   0.73532E-01   0.17837E+04  -0.22227E-01   0.17585E+00  -0.44674E-01
  0.005   0.120    0.30423E+00   0.59119E+01   0.17555E+04   0.41892E+01   0.17320E+00  -0.39906E-01
  0.005   0.120    0.30380E+00  -0.58875E+01   0.17555E+04  -0.43195E+01   0.17292E+00  -0.48112E-01
  0.005   0.120    0.30886E+00  -0.48778E-01   0.17837E+04  -0.11016E+00   0.17586E+00  -0.44759E-01
  0.005   0.130    0.33799E+00   0.93302E-01   0.19498E+04  -0.15091E-01   0.19256E+00  -0.48854E-01
  0.005   0.130    0.33200E+00   0.76247E+01   0.19134E+04   0.54157E+01   0.18913E+00  -0.42701E-01
  0.005   0.130    0.33142E+00  -0.75981E+01   0.19134E+04  -0.55578E+01   0.18878E+00  -0.53293E-01
  0.005   0.130    0.33797E+00  -0.66188E-01   0.19498E+04  -0.12972E+00   0.19256E+00  -0.48965E-01
  0.005   0.140    0.36800E+00   0.11707E+00   0.21204E+04  -0.53012E-02   0.20978E+00  -0.53152E-01
  0.005   0.140    0.36039E+00   0.96726E+01   0.20742E+04   0.68823E+01   0.20541E+00  -0.45341E-01
  0.005   0.140    0.35965E+00  -0.96437E+01   0.20742E+04  -0.70365E+01   0.20497E+00  -0.58788E-01
  0.005   0.140    0.36799E+00  -0.87527E-01   0.21204E+04  -0.15229E+00   0.20977E+00  -0.53294E-01
