  0.002   0.050  -0.678897E+04 -0.107791E+03
  0.002   0.050  -0.678897E+04 -0.107791E+03
  0.002   0.050  -0.668579E+04 -0.107838E+03
  0.002   0.050  -0.668280E+04 -0.227712E+03
  0.002   0.050  -0.637946E+04 -0.107875E+03
  0.002   0.050  -0.637170E+04 -0.333094E+03
  0.002   0.050  -0.587930E+04 -0.107898E+03
  0.002   0.050  -0.586593E+04 -0.411208E+03
  0.002   0.050  -0.520049E+04 -0.107905E+03
  0.002   0.050  -0.518192E+04 -0.452639E+03
  0.002   0.050  -0.436367E+04 -0.107892E+03
  0.002   0.050  -0.434154E+04 -0.452418E+03
  0.002   0.050  -0.339425E+04 -0.107863E+03
  0.002   0.050  -0.337111E+04 -0.410608E+03
  0.002   0.050  -0.232170E+04 -0.107819E+03
  0.002   0.050  -0.230039E+04 -0.332279E+03
  0.002   0.050  -0.117861E+04 -0.107766E+03
  0.002   0.050  -0.116164E+04 -0.226886E+03
  0.002   0.050   0.296743E+00 -0.107709E+03
  0.002   0.050   0.113358E+02 -0.107121E+03
  0.002   0.050   0.117920E+04 -0.107655E+03
  0.002   0.050   0.118397E+04  0.126058E+02
  0.002   0.050   0.232227E+04 -0.107610E+03
  0.002   0.050   0.232171E+04  0.117889E+03
  0.002   0.050   0.339479E+04 -0.107579E+03
  0.002   0.050   0.339078E+04  0.196048E+03
  0.002   0.050   0.436416E+04 -0.107565E+03
  0.002   0.050   0.435897E+04  0.237651E+03
  0.002   0.050   0.520093E+04 -0.107569E+03
  0.002   0.050   0.519658E+04  0.237651E+03
  0.002   0.050   0.587968E+04 -0.107591E+03
  0.002   0.050   0.587737E+04  0.196012E+03
  0.002   0.050   0.637978E+04 -0.107627E+03
  0.002   0.050   0.637958E+04  0.117728E+03
  0.002   0.050   0.668603E+04 -0.107674E+03
  0.002   0.050   0.668688E+04  0.122344E+02
  0.002   0.050   0.678914E+04 -0.107725E+03
  0.002   0.050   0.678914E+04 -0.107726E+03
  0.002   0.050   0.668596E+04 -0.107775E+03
  0.002   0.050   0.668297E+04 -0.227649E+03
  0.002   0.050   0.637964E+04 -0.107817E+03
  0.002   0.050   0.637187E+04 -0.333035E+03
  0.002   0.050   0.587947E+04 -0.107846E+03
  0.002   0.050   0.586610E+04 -0.411156E+03
  0.002   0.050   0.520066E+04 -0.107860E+03
  0.002   0.050   0.518209E+04 -0.452595E+03
  0.002   0.050   0.436384E+04 -0.107857E+03
  0.002   0.050   0.434171E+04 -0.452383E+03
  0.002   0.050   0.339442E+04 -0.107838E+03
  0.002   0.050   0.337128E+04 -0.410582E+03
  0.002   0.050   0.232187E+04 -0.107805E+03
  0.002   0.050   0.230057E+04 -0.332265E+03
  0.002   0.050   0.117878E+04 -0.107763E+03
  0.002   0.050   0.116181E+04 -0.226883E+03
  0.002   0.050  -0.127515E+00 -0.107718E+03
  0.002   0.050  -0.111666E+02 -0.107129E+03
  0.002   0.050  -0.117903E+04 -0.107676E+03
  0.002   0.050  -0.118380E+04  0.125862E+02
  0.002   0.050  -0.232210E+04 -0.107641E+03
  0.002   0.050  -0.232155E+04  0.117859E+03
  0.002   0.050  -0.339462E+04 -0.107620E+03
  0.002   0.050  -0.339061E+04  0.196008E+03
  0.002   0.050  -0.436399E+04 -0.107614E+03
  0.002   0.050  -0.435880E+04  0.237603E+03
  0.002   0.050  -0.520076E+04 -0.107625E+03
  0.002   0.050  -0.519641E+04  0.237596E+03
  0.002   0.050  -0.587951E+04 -0.107652E+03
  0.002   0.050  -0.587720E+04  0.195952E+03
  0.002   0.050  -0.637961E+04 -0.107692E+03
  0.002   0.050  -0.637941E+04  0.117664E+03
  0.002   0.050  -0.668586E+04 -0.107740E+03
  0.002   0.050  -0.668671E+04  0.121685E+02
  0.002   0.060  -0.815596E+04 -0.108100E+03
  0.002   0.060  -0.815596E+04 -0.108101E+03
  0.002   0.060  -0.803201E+04 -0.108168E+03
  0.002   0.060  -0.802783E+04 -0.281204E+03
  0.002   0.060  -0.766400E+04 -0.108222E+03
  0.002   0.060  -0.765254E+04 -0.433299E+03
  0.002   0.060  -0.706312E+04 -0.108255E+03
  0.002   0.060  -0.704286E+04 -0.546001E+03
  0.002   0.060  -0.624763E+04 -0.108263E+03
  0.002   0.060  -0.621919E+04 -0.605730E+03
  0.002   0.060  -0.524230E+04 -0.108243E+03
  0.002   0.060  -0.520843E+04 -0.605341E+03
  0.002   0.060  -0.407769E+04 -0.108199E+03
  0.002   0.060  -0.404263E+04 -0.544956E+03
  0.002   0.060  -0.278917E+04 -0.108134E+03
  0.002   0.060  -0.275773E+04 -0.431918E+03
  0.002   0.060  -0.141591E+04 -0.108055E+03
  0.002   0.060  -0.139226E+04 -0.279873E+03
  0.002   0.060   0.379693E+00 -0.107971E+03
  0.002   0.060   0.136606E+02 -0.107121E+03
  0.002   0.060   0.141666E+04 -0.107891E+03
  0.002   0.060   0.141917E+04  0.655765E+02
  0.002   0.060   0.278990E+04 -0.107824E+03
  0.002   0.060   0.278343E+04  0.217462E+03
  0.002   0.060   0.407838E+04 -0.107777E+03
  0.002   0.060   0.406634E+04  0.330255E+03
  0.002   0.060   0.524294E+04 -0.107755E+03
  0.002   0.060   0.522944E+04  0.390340E+03
  0.002   0.060   0.624820E+04 -0.107760E+03
  0.002   0.060   0.623688E+04  0.390409E+03
  0.002   0.060   0.706362E+04 -0.107791E+03
  0.002   0.060   0.705668E+04  0.330379E+03
  0.002   0.060   0.766442E+04 -0.107844E+03
  0.002   0.060   0.766207E+04  0.217430E+03
  0.002   0.060   0.803234E+04 -0.107911E+03
  0.002   0.060   0.803279E+04  0.651742E+02
  0.002   0.060   0.815621E+04 -0.107986E+03
  0.002   0.060   0.815621E+04 -0.107987E+03
  0.002   0.060   0.803225E+04 -0.108058E+03
  0.002   0.060   0.802808E+04 -0.281094E+03
  0.002   0.060   0.766425E+04 -0.108120E+03
  0.002   0.060   0.765279E+04 -0.433197E+03
  0.002   0.060   0.706337E+04 -0.108164E+03
  0.002   0.060   0.704311E+04 -0.545909E+03
  0.002   0.060   0.624787E+04 -0.108186E+03
  0.002   0.060   0.621944E+04 -0.605652E+03
  0.002   0.060   0.524255E+04 -0.108182E+03
  0.002   0.060   0.520867E+04 -0.605279E+03
  0.002   0.060   0.407793E+04 -0.108156E+03
  0.002   0.060   0.404288E+04 -0.544912E+03
  0.002   0.060   0.278942E+04 -0.108110E+03
  0.002   0.060   0.275798E+04 -0.431893E+03
  0.002   0.060   0.141615E+04 -0.108051E+03
  0.002   0.060   0.139250E+04 -0.279868E+03
  0.002   0.060  -0.135439E+00 -0.107987E+03
  0.002   0.060  -0.134163E+02 -0.107135E+03
  0.002   0.060  -0.141642E+04 -0.107927E+03
  0.002   0.060  -0.141893E+04  0.655423E+02
  0.002   0.060  -0.278966E+04 -0.107878E+03
  0.002   0.060  -0.278319E+04  0.217409E+03
  0.002   0.060  -0.407814E+04 -0.107848E+03
  0.002   0.060  -0.406610E+04  0.330186E+03
  0.002   0.060  -0.524270E+04 -0.107841E+03
  0.002   0.060  -0.522920E+04  0.390255E+03
  0.002   0.060  -0.624796E+04 -0.107858E+03
  0.002   0.060  -0.623663E+04  0.390312E+03
  0.002   0.060  -0.706338E+04 -0.107898E+03
  0.002   0.060  -0.705644E+04  0.330273E+03
  0.002   0.060  -0.766418E+04 -0.107956E+03
  0.002   0.060  -0.766183E+04  0.217318E+03
  0.002   0.060  -0.803210E+04 -0.108026E+03
  0.002   0.060  -0.803255E+04  0.650593E+02
  0.003   0.070  -0.952788E+04 -0.108468E+03
  0.003   0.070  -0.952789E+04 -0.108469E+03
  0.003   0.070  -0.938308E+04 -0.108561E+03
  0.003   0.070  -0.937739E+04 -0.344753E+03
  0.003   0.070  -0.895316E+04 -0.108634E+03
  0.003   0.070  -0.893681E+04 -0.552324E+03
  0.003   0.070  -0.825120E+04 -0.108679E+03
  0.003   0.070  -0.822172E+04 -0.706073E+03
  0.003   0.070  -0.729853E+04 -0.108688E+03
  0.003   0.070  -0.725681E+04 -0.787480E+03
  0.003   0.070  -0.612409E+04 -0.108659E+03
  0.003   0.070  -0.607440E+04 -0.786835E+03
  0.003   0.070  -0.476358E+04 -0.108596E+03
  0.003   0.070  -0.471256E+04 -0.704360E+03
  0.003   0.070  -0.325832E+04 -0.108504E+03
  0.003   0.070  -0.321348E+04 -0.550110E+03
  0.003   0.070  -0.165405E+04 -0.108394E+03
  0.003   0.070  -0.162190E+04 -0.342714E+03
  0.003   0.070   0.471773E+00 -0.108276E+03
  0.003   0.070   0.160110E+02 -0.107113E+03
  0.003   0.070   0.165499E+04 -0.108164E+03
  0.003   0.070   0.165344E+04  0.128412E+03
  0.003   0.070   0.325922E+04 -0.108070E+03
  0.003   0.070   0.324361E+04  0.335590E+03
  0.003   0.070   0.476444E+04 -0.108003E+03
  0.003   0.070   0.474037E+04  0.489505E+03
  0.003   0.070   0.612490E+04 -0.107971E+03
  0.003   0.070   0.609905E+04  0.571570E+03
  0.003   0.070   0.729926E+04 -0.107976E+03
  0.003   0.070   0.727757E+04  0.571776E+03
  0.003   0.070   0.825184E+04 -0.108017E+03
  0.003   0.070   0.823795E+04  0.489957E+03
  0.003   0.070   0.895371E+04 -0.108089E+03
  0.003   0.070   0.894803E+04  0.335871E+03
  0.003   0.070   0.938352E+04 -0.108182E+03
  0.003   0.070   0.938325E+04  0.128078E+03
  0.003   0.070   0.952822E+04 -0.108285E+03
  0.003   0.070   0.952822E+04 -0.108286E+03
  0.003   0.070   0.938341E+04 -0.108385E+03
  0.003   0.070   0.937773E+04 -0.344577E+03
  0.003   0.070   0.895350E+04 -0.108471E+03
  0.003   0.070   0.893715E+04 -0.552160E+03
  0.003   0.070   0.825154E+04 -0.108533E+03
  0.003   0.070   0.822206E+04 -0.705926E+03
  0.003   0.070   0.729887E+04 -0.108564E+03
  0.003   0.070   0.725716E+04 -0.787355E+03
  0.003   0.070   0.612443E+04 -0.108561E+03
  0.003   0.070   0.607474E+04 -0.786736E+03
  0.003   0.070   0.476392E+04 -0.108527E+03
  0.003   0.070   0.471290E+04 -0.704289E+03
  0.003   0.070   0.325866E+04 -0.108466E+03
  0.003   0.070   0.321382E+04 -0.550069E+03
  0.003   0.070   0.165439E+04 -0.108387E+03
  0.003   0.070   0.162223E+04 -0.342705E+03
  0.003   0.070  -0.138298E+00 -0.108301E+03
  0.003   0.070  -0.156773E+02 -0.107136E+03
  0.003   0.070  -0.165466E+04 -0.108221E+03
  0.003   0.070  -0.165311E+04  0.128357E+03
  0.003   0.070  -0.325889E+04 -0.108156E+03
  0.003   0.070  -0.324328E+04  0.335505E+03
  0.003   0.070  -0.476411E+04 -0.108116E+03
  0.003   0.070  -0.474004E+04  0.489394E+03
  0.003   0.070  -0.612457E+04 -0.108108E+03
  0.003   0.070  -0.609872E+04  0.571435E+03
  0.003   0.070  -0.729893E+04 -0.108132E+03
  0.003   0.070  -0.727724E+04  0.571622E+03
  0.003   0.070  -0.825151E+04 -0.108188E+03
  0.003   0.070  -0.823762E+04  0.489787E+03
  0.003   0.070  -0.895337E+04 -0.108269E+03
  0.003   0.070  -0.894770E+04  0.335691E+03
  0.003   0.070  -0.938318E+04 -0.108366E+03
  0.003   0.070  -0.938292E+04  0.127894E+03
  0.003   0.080  -0.109056E+05 -0.108895E+03
  0.003   0.080  -0.109056E+05 -0.108897E+03
  0.003   0.080  -0.107398E+05 -0.109018E+03
  0.003   0.080  -0.107322E+05 -0.418528E+03
  0.003   0.080  -0.102477E+05 -0.109114E+03
  0.003   0.080  -0.102251E+05 -0.690476E+03
  0.003   0.080  -0.944428E+04 -0.109171E+03
  0.003   0.080  -0.940279E+04 -0.891816E+03
  0.003   0.080  -0.835385E+04 -0.109181E+03
  0.003   0.080  -0.829480E+04 -0.998305E+03
  0.003   0.080  -0.700959E+04 -0.109141E+03
  0.003   0.080  -0.693925E+04 -0.997289E+03
  0.003   0.080  -0.545234E+04 -0.109055E+03
  0.003   0.080  -0.538059E+04 -0.889134E+03
  0.003   0.080  -0.372943E+04 -0.108931E+03
  0.003   0.080  -0.366734E+04 -0.687073E+03
  0.003   0.080  -0.189319E+04 -0.108782E+03
  0.003   0.080  -0.185037E+04 -0.415518E+03
  0.003   0.080   0.572241E+00 -0.108623E+03
  0.003   0.080   0.183931E+02 -0.107096E+03
  0.003   0.080   0.189433E+04 -0.108472E+03
  0.003   0.080   0.188661E+04  0.201227E+03
  0.003   0.080   0.373053E+04 -0.108345E+03
  0.003   0.080   0.370196E+04  0.472496E+03
  0.003   0.080   0.545339E+04 -0.108254E+03
  0.003   0.080   0.541255E+04  0.674117E+03
  0.003   0.080   0.701057E+04 -0.108209E+03
  0.003   0.080   0.696760E+04  0.781732E+03
  0.003   0.080   0.835474E+04 -0.108214E+03
  0.003   0.080   0.831868E+04  0.782173E+03
  0.003   0.080   0.944507E+04 -0.108267E+03
  0.003   0.080   0.942148E+04  0.675140E+03
  0.003   0.080   0.102484E+05 -0.108360E+03
  0.003   0.080   0.102380E+05  0.473356E+03
  0.003   0.080   0.107404E+05 -0.108483E+03
  0.003   0.080   0.107390E+05  0.201116E+03
  0.003   0.080   0.109060E+05 -0.108619E+03
  0.003   0.080   0.109060E+05 -0.108621E+03
  0.003   0.080   0.107403E+05 -0.108752E+03
  0.003   0.080   0.107327E+05 -0.418262E+03
  0.003   0.080   0.102482E+05 -0.108867E+03
  0.003   0.080   0.102255E+05 -0.690228E+03
  0.003   0.080   0.944473E+04 -0.108951E+03
  0.003   0.080   0.940324E+04 -0.891594E+03
  0.003   0.080   0.835430E+04 -0.108994E+03
  0.003   0.080   0.829525E+04 -0.998117E+03
  0.003   0.080   0.701004E+04 -0.108993E+03
  0.003   0.080   0.693970E+04 -0.997139E+03
  0.003   0.080   0.545279E+04 -0.108950E+03
  0.003   0.080   0.538103E+04 -0.889027E+03
  0.003   0.080   0.372987E+04 -0.108872E+03
  0.003   0.080   0.366779E+04 -0.687012E+03
  0.003   0.080   0.189363E+04 -0.108771E+03
  0.003   0.080   0.185081E+04 -0.415504E+03
  0.003   0.080  -0.135073E+00 -0.108661E+03
  0.003   0.080  -0.179556E+02 -0.107131E+03
  0.003   0.080  -0.189389E+04 -0.108557E+03
  0.003   0.080  -0.188617E+04  0.201145E+03
  0.003   0.080  -0.373010E+04 -0.108474E+03
  0.003   0.080  -0.370153E+04  0.472369E+03
  0.003   0.080  -0.545297E+04 -0.108424E+03
  0.003   0.080  -0.541212E+04  0.673950E+03
  0.003   0.080  -0.701014E+04 -0.108415E+03
  0.003   0.080  -0.696717E+04  0.781528E+03
  0.003   0.080  -0.835432E+04 -0.108449E+03
  0.003   0.080  -0.831825E+04  0.781939E+03
  0.003   0.080  -0.944464E+04 -0.108524E+03
  0.003   0.080  -0.942105E+04  0.674884E+03
  0.003   0.080  -0.102480E+05 -0.108633E+03
  0.003   0.080  -0.102376E+05  0.473085E+03
  0.003   0.080  -0.107400E+05 -0.108761E+03
  0.003   0.080  -0.107386E+05  0.200837E+03
  0.003   0.090  -0.122899E+05 -0.109378E+03
  0.003   0.090  -0.122899E+05 -0.109376E+03
  0.003   0.090  -0.121031E+05 -0.109535E+03
  0.003   0.090  -0.120932E+05 -0.502714E+03
  0.003   0.090  -0.115486E+05 -0.109657E+03
  0.003   0.090  -0.115180E+05 -0.848100E+03
  0.003   0.090  -0.106431E+05 -0.109728E+03
  0.003   0.090  -0.105864E+05 -0.110367E+04
  0.003   0.090  -0.941424E+04 -0.109738E+03
  0.003   0.090  -0.933315E+04 -0.123868E+04
  0.003   0.090  -0.789934E+04 -0.109684E+03
  0.003   0.090  -0.780276E+04 -0.123714E+04
  0.003   0.090  -0.614441E+04 -0.109570E+03
  0.003   0.090  -0.604635E+04 -0.109963E+04
  0.003   0.090  -0.420279E+04 -0.109407E+03
  0.003   0.090  -0.411897E+04 -0.843049E+03
  0.003   0.090  -0.213346E+04 -0.109212E+03
  0.003   0.090  -0.207746E+04 -0.498399E+03
  0.003   0.090   0.694515E+00 -0.109005E+03
  0.003   0.090   0.208301E+02 -0.107051E+03
  0.003   0.090   0.213484E+04 -0.108808E+03
  0.003   0.090   0.211850E+04  0.284171E+03
  0.003   0.090   0.420413E+04 -0.108641E+03
  0.003   0.090   0.415818E+04  0.628455E+03
  0.003   0.090   0.614569E+04 -0.108521E+03
  0.003   0.090   0.608257E+04  0.884479E+03
  0.003   0.090   0.790053E+04 -0.108460E+03
  0.003   0.090   0.783490E+04  0.102130E+04
  0.003   0.090   0.941534E+04 -0.108464E+03
  0.003   0.090   0.936025E+04  0.102210E+04
  0.003   0.090   0.106441E+05 -0.108530E+03
  0.003   0.090   0.106076E+05  0.886400E+03
  0.003   0.090   0.115494E+05 -0.108648E+03
  0.003   0.090   0.115327E+05  0.630256E+03
  0.003   0.090   0.121038E+05 -0.108805E+03
  0.003   0.090   0.121009E+05  0.284496E+03
  0.003   0.090   0.122905E+05 -0.108980E+03
  0.003   0.090   0.122905E+05 -0.108978E+03
  0.003   0.090   0.121037E+05 -0.109152E+03
  0.003   0.090   0.120938E+05 -0.502330E+03
  0.003   0.090   0.115491E+05 -0.109301E+03
  0.003   0.090   0.115185E+05 -0.847743E+03
  0.003   0.090   0.106437E+05 -0.109411E+03
  0.003   0.090   0.105869E+05 -0.110336E+04
  0.003   0.090   0.941482E+04 -0.109469E+03
  0.003   0.090   0.933373E+04 -0.123841E+04
  0.003   0.090   0.789991E+04 -0.109471E+03
  0.003   0.090   0.780333E+04 -0.123692E+04
  0.003   0.090   0.614498E+04 -0.109419E+03
  0.003   0.090   0.604692E+04 -0.109948E+04
  0.003   0.090   0.420335E+04 -0.109323E+03
  0.003   0.090   0.411953E+04 -0.842961E+03
  0.003   0.090   0.213402E+04 -0.109197E+03
  0.003   0.090   0.207802E+04 -0.498380E+03
  0.003   0.090  -0.141043E+00 -0.109059E+03
  0.003   0.090  -0.202775E+02 -0.107101E+03
  0.003   0.090  -0.213429E+04 -0.108930E+03
  0.003   0.090  -0.211795E+04  0.284053E+03
  0.003   0.090  -0.420358E+04 -0.108827E+03
  0.003   0.090  -0.415764E+04  0.628273E+03
  0.003   0.090  -0.614515E+04 -0.108766E+03
  0.003   0.090  -0.608203E+04  0.884238E+03
  0.003   0.090  -0.789999E+04 -0.108757E+03
  0.003   0.090  -0.783436E+04  0.102100E+04
  0.003   0.090  -0.941480E+04 -0.108803E+03
  0.003   0.090  -0.935971E+04  0.102176E+04
  0.003   0.090  -0.106435E+05 -0.108901E+03
  0.003   0.090  -0.106071E+05  0.886031E+03
  0.003   0.090  -0.115489E+05 -0.109041E+03
  0.003   0.090  -0.115321E+05  0.629865E+03
  0.003   0.090  -0.121033E+05 -0.109207E+03
  0.003   0.090  -0.121004E+05  0.284095E+03
  0.004   0.100  -0.136817E+05 -0.109937E+03
  0.004   0.100  -0.136817E+05 -0.109940E+03
  0.004   0.100  -0.134738E+05 -0.110133E+03
  0.004   0.100  -0.134610E+05 -0.597569E+03
  0.004   0.100  -0.128564E+05 -0.110284E+03
  0.004   0.100  -0.128160E+05 -0.102564E+04
  0.004   0.100  -0.118484E+05 -0.110370E+03
  0.004   0.100  -0.117728E+05 -0.134221E+04
  0.004   0.100  -0.104804E+05 -0.110380E+03
  0.004   0.100  -0.103719E+05 -0.150920E+04
  0.004   0.100  -0.879391E+04 -0.110309E+03
  0.004   0.100  -0.866470E+04 -0.150694E+04
  0.004   0.100  -0.684023E+04 -0.110162E+03
  0.004   0.100  -0.670953E+04 -0.133632E+04
  0.004   0.100  -0.467872E+04 -0.109953E+03
  0.004   0.100  -0.456807E+04 -0.101837E+04
  0.004   0.100  -0.237505E+04 -0.109704E+03
  0.004   0.100  -0.230302E+04 -0.591548E+03
  0.004   0.100   0.800669E+00 -0.109440E+03
  0.004   0.100   0.232610E+02 -0.107021E+03
  0.004   0.100   0.237663E+04 -0.109189E+03
  0.004   0.100   0.234885E+04  0.377349E+03
  0.004   0.100   0.468027E+04 -0.108975E+03
  0.004   0.100   0.461188E+04  0.803718E+03
  0.004   0.100   0.684172E+04 -0.108820E+03
  0.004   0.100   0.675000E+04  0.112097E+04
  0.004   0.100   0.879530E+04 -0.108740E+03
  0.004   0.100   0.870064E+04  0.129074E+04
  0.004   0.100   0.104817E+05 -0.108742E+03
  0.004   0.100   0.104022E+05  0.129208E+04
  0.004   0.100   0.118496E+05 -0.108821E+03
  0.004   0.100   0.117965E+05  0.112422E+04
  0.004   0.100   0.128574E+05 -0.108968E+03
  0.004   0.100   0.128325E+05  0.806948E+03
  0.004   0.100   0.134746E+05 -0.109164E+03
  0.004   0.100   0.134697E+05  0.378413E+03
  0.004   0.100   0.136824E+05 -0.109383E+03
  0.004   0.100   0.136824E+05 -0.109386E+03
  0.004   0.100   0.134745E+05 -0.109600E+03
  0.004   0.100   0.134617E+05 -0.597035E+03
  0.004   0.100   0.128571E+05 -0.109789E+03
  0.004   0.100   0.128167E+05 -0.102514E+04
  0.004   0.100   0.118491E+05 -0.109929E+03
  0.004   0.100   0.117735E+05 -0.134176E+04
  0.004   0.100   0.104811E+05 -0.110005E+03
  0.004   0.100   0.103726E+05 -0.150882E+04
  0.004   0.100   0.879463E+04 -0.110012E+03
  0.004   0.100   0.866543E+04 -0.150664E+04
  0.004   0.100   0.684095E+04 -0.109952E+03
  0.004   0.100   0.671024E+04 -0.133611E+04
  0.004   0.100   0.467943E+04 -0.109836E+03
  0.004   0.100   0.456878E+04 -0.101825E+04
  0.004   0.100   0.237574E+04 -0.109683E+03
  0.004   0.100   0.230372E+04 -0.591521E+03
  0.004   0.100  -0.111769E+00 -0.109515E+03
  0.004   0.100  -0.225715E+02 -0.107090E+03
  0.004   0.100  -0.237595E+04 -0.109358E+03
  0.004   0.100  -0.234817E+04  0.377185E+03
  0.004   0.100  -0.467960E+04 -0.109233E+03
  0.004   0.100  -0.461120E+04  0.803465E+03
  0.004   0.100  -0.684105E+04 -0.109160E+03
  0.004   0.100  -0.674933E+04  0.112064E+04
  0.004   0.100  -0.879463E+04 -0.109152E+03
  0.004   0.100  -0.869997E+04  0.129033E+04
  0.004   0.100  -0.104810E+05 -0.109213E+03
  0.004   0.100  -0.104015E+05  0.129161E+04
  0.004   0.100  -0.118489E+05 -0.109338E+03
  0.004   0.100  -0.117959E+05  0.112371E+04
  0.004   0.100  -0.128567E+05 -0.109514E+03
  0.004   0.100  -0.128318E+05  0.806404E+03
  0.004   0.100  -0.134739E+05 -0.109723E+03
  0.004   0.100  -0.134690E+05  0.377855E+03
  0.004   0.110  -0.150820E+05 -0.110554E+03
  0.004   0.110  -0.150820E+05 -0.110558E+03
  0.004   0.110  -0.148527E+05 -0.110793E+03
  0.004   0.110  -0.148365E+05 -0.703317E+03
  0.004   0.110  -0.141722E+05 -0.110976E+03
  0.004   0.110  -0.141198E+05 -0.122352E+04
  0.004   0.110  -0.130610E+05 -0.111080E+03
  0.004   0.110  -0.129623E+05 -0.160797E+04
  0.004   0.110  -0.115530E+05 -0.111088E+03
  0.004   0.110  -0.114109E+05 -0.181046E+04
  0.004   0.110  -0.969387E+04 -0.110995E+03
  0.004   0.110  -0.952479E+04 -0.180725E+04
  0.004   0.110  -0.754025E+04 -0.110809E+03
  0.004   0.110  -0.736969E+04 -0.159962E+04
  0.004   0.110  -0.515751E+04 -0.110548E+03
  0.004   0.110  -0.501423E+04 -0.121332E+04
  0.004   0.110  -0.261807E+04 -0.110236E+03
  0.004   0.110  -0.252677E+04 -0.695085E+03
  0.004   0.110   0.932344E+00 -0.109906E+03
  0.004   0.110   0.257505E+02 -0.106957E+03
  0.004   0.110   0.261992E+04 -0.109591E+03
  0.004   0.110   0.257751E+04  0.480979E+03
  0.004   0.110   0.515932E+04 -0.109323E+03
  0.004   0.110   0.506274E+04  0.998664E+03
  0.004   0.110   0.754198E+04 -0.109127E+03
  0.004   0.110   0.741453E+04  0.138412E+04
  0.004   0.110   0.969550E+04 -0.109024E+03
  0.004   0.110   0.956461E+04  0.159069E+04
  0.004   0.110   0.115545E+05 -0.109021E+03
  0.004   0.110   0.114446E+05  0.159279E+04
  0.004   0.110   0.130624E+05 -0.109116E+03
  0.004   0.110   0.129887E+05  0.138925E+04
  0.004   0.110   0.141734E+05 -0.109295E+03
  0.004   0.110   0.141382E+05  0.100393E+04
  0.004   0.110   0.148538E+05 -0.109534E+03
  0.004   0.110   0.148463E+05  0.483159E+03
  0.004   0.110   0.150828E+05 -0.109804E+03
  0.004   0.110   0.150828E+05 -0.109809E+03
  0.004   0.110   0.148536E+05 -0.110072E+03
  0.004   0.110   0.148374E+05 -0.702596E+03
  0.004   0.110   0.141731E+05 -0.110308E+03
  0.004   0.110   0.141207E+05 -0.122285E+04
  0.004   0.110   0.130619E+05 -0.110483E+03
  0.004   0.110   0.129632E+05 -0.160737E+04
  0.004   0.110   0.115538E+05 -0.110581E+03
  0.004   0.110   0.114118E+05 -0.180995E+04
  0.004   0.110   0.969475E+04 -0.110594E+03
  0.004   0.110   0.952567E+04 -0.180684E+04
  0.004   0.110   0.754112E+04 -0.110525E+03
  0.004   0.110   0.737057E+04 -0.159933E+04
  0.004   0.110   0.515838E+04 -0.110389E+03
  0.004   0.110   0.501510E+04 -0.121316E+04
  0.004   0.110   0.261892E+04 -0.110206E+03
  0.004   0.110   0.252762E+04 -0.695048E+03
  0.004   0.110  -0.962726E-01 -0.110006E+03
  0.004   0.110  -0.249129E+02 -0.107050E+03
  0.004   0.110  -0.261910E+04 -0.109818E+03
  0.004   0.110  -0.257669E+04  0.480759E+03
  0.004   0.110  -0.515851E+04 -0.109670E+03
  0.004   0.110  -0.506193E+04  0.998323E+03
  0.004   0.110  -0.754117E+04 -0.109585E+03
  0.004   0.110  -0.741372E+04  0.138366E+04
  0.004   0.110  -0.969470E+04 -0.109579E+03
  0.004   0.110  -0.956381E+04  0.159014E+04
  0.004   0.110  -0.115537E+05 -0.109657E+03
  0.004   0.110  -0.114438E+05  0.159216E+04
  0.004   0.110  -0.130615E+05 -0.109813E+03
  0.004   0.110  -0.129878E+05  0.138856E+04
  0.004   0.110  -0.141726E+05 -0.110032E+03
  0.004   0.110  -0.141373E+05  0.100320E+04
  0.004   0.110  -0.148529E+05 -0.110289E+03
  0.004   0.110  -0.148454E+05  0.482405E+03
  0.005   0.120  -0.164915E+05 -0.111244E+03
  0.005   0.120  -0.164915E+05 -0.111252E+03
  0.005   0.120  -0.162409E+05 -0.111532E+03
  0.005   0.120  -0.162206E+05 -0.820265E+03
  0.005   0.120  -0.154967E+05 -0.111752E+03
  0.005   0.120  -0.154300E+05 -0.144229E+04
  0.005   0.120  -0.142817E+05 -0.111873E+03
  0.005   0.120  -0.141551E+05 -0.190166E+04
  0.005   0.120  -0.126327E+05 -0.111878E+03
  0.005   0.120  -0.124503E+05 -0.214318E+04
  0.005   0.120  -0.105998E+05 -0.111760E+03
  0.005   0.120  -0.103827E+05 -0.213871E+04
  0.005   0.120  -0.824491E+04 -0.111529E+03
  0.005   0.120  -0.802640E+04 -0.189009E+04
  0.005   0.120  -0.563949E+04 -0.111206E+03
  0.005   0.120  -0.545705E+04 -0.142829E+04
  0.005   0.120  -0.286270E+04 -0.110822E+03
  0.005   0.120  -0.274848E+04 -0.809212E+03
  0.005   0.120   0.107196E+01 -0.110416E+03
  0.005   0.120   0.282895E+02 -0.106876E+03
  0.005   0.120   0.286483E+04 -0.110028E+03
  0.005   0.120   0.280423E+04  0.595228E+03
  0.005   0.120   0.564156E+04 -0.109696E+03
  0.005   0.120   0.551036E+04  0.121364E+04
  0.005   0.120   0.824691E+04 -0.109453E+03
  0.005   0.120   0.807570E+04  0.167442E+04
  0.005   0.120   0.106017E+05 -0.109322E+03
  0.005   0.120   0.104265E+05  0.192179E+04
  0.005   0.120   0.126344E+05 -0.109313E+03
  0.005   0.120   0.124873E+05  0.192491E+04
  0.005   0.120   0.142833E+05 -0.109424E+03
  0.005   0.120   0.141842E+05  0.168212E+04
  0.005   0.120   0.154981E+05 -0.109638E+03
  0.005   0.120   0.154502E+05  0.122172E+04
  0.005   0.120   0.162421E+05 -0.109926E+03
  0.005   0.120   0.162314E+05  0.599005E+03
  0.005   0.120   0.164926E+05 -0.110254E+03
  0.005   0.120   0.164926E+05 -0.110262E+03
  0.005   0.120   0.162419E+05 -0.110581E+03
  0.005   0.120   0.162216E+05 -0.819313E+03
  0.005   0.120   0.154978E+05 -0.110869E+03
  0.005   0.120   0.154310E+05 -0.144141E+04
  0.005   0.120   0.142827E+05 -0.111086E+03
  0.005   0.120   0.141562E+05 -0.190086E+04
  0.005   0.120   0.126337E+05 -0.111209E+03
  0.005   0.120   0.124513E+05 -0.214250E+04
  0.005   0.120   0.106009E+05 -0.111231E+03
  0.005   0.120   0.103838E+05 -0.213818E+04
  0.005   0.120   0.824597E+04 -0.111154E+03
  0.005   0.120   0.802747E+04 -0.188971E+04
  0.005   0.120   0.564053E+04 -0.110996E+03
  0.005   0.120   0.545809E+04 -0.142807E+04
  0.005   0.120   0.286372E+04 -0.110782E+03
  0.005   0.120   0.274950E+04 -0.809163E+03
  0.005   0.120  -0.711108E-01 -0.110547E+03
  0.005   0.120  -0.272855E+02 -0.106999E+03
  0.005   0.120  -0.286385E+04 -0.110326E+03
  0.005   0.120  -0.280325E+04  0.594938E+03
  0.005   0.120  -0.564060E+04 -0.110153E+03
  0.005   0.120  -0.550939E+04  0.121319E+04
  0.005   0.120  -0.824596E+04 -0.110056E+03
  0.005   0.120  -0.807474E+04  0.167383E+04
  0.005   0.120  -0.106008E+05 -0.110054E+03
  0.005   0.120  -0.104256E+05  0.192106E+04
  0.005   0.120  -0.126335E+05 -0.110152E+03
  0.005   0.120  -0.124863E+05  0.192408E+04
  0.005   0.120  -0.142823E+05 -0.110344E+03
  0.005   0.120  -0.141832E+05  0.168121E+04
  0.005   0.120  -0.154971E+05 -0.110611E+03
  0.005   0.120  -0.154492E+05  0.122075E+04
  0.005   0.120  -0.162411E+05 -0.110924E+03
  0.005   0.120  -0.162304E+05  0.598009E+03
  0.005   0.130  -0.179114E+05 -0.112009E+03
  0.005   0.130  -0.179114E+05 -0.112014E+03
  0.005   0.130  -0.176391E+05 -0.112353E+03
  0.005   0.130  -0.176140E+05 -0.948728E+03
  0.005   0.130  -0.168309E+05 -0.112613E+03
  0.005   0.130  -0.167471E+05 -0.168252E+04
  0.005   0.130  -0.155112E+05 -0.112753E+03
  0.005   0.130  -0.153516E+05 -0.222399E+04
  0.005   0.130  -0.137202E+05 -0.112753E+03
  0.005   0.130  -0.134898E+05 -0.250813E+04
  0.005   0.130  -0.115124E+05 -0.112606E+03
  0.005   0.130  -0.112381E+05 -0.250206E+04
  0.005   0.130  -0.895471E+04 -0.112322E+03
  0.005   0.130  -0.867922E+04 -0.220830E+04
  0.005   0.130  -0.612497E+04 -0.111928E+03
  0.005   0.130  -0.589611E+04 -0.166366E+04
  0.005   0.130  -0.310911E+04 -0.111461E+03
  0.005   0.130  -0.296791E+04 -0.934124E+03
  0.005   0.130   0.121465E+01 -0.110967E+03
  0.005   0.130   0.308705E+02 -0.106769E+03
  0.005   0.130   0.311153E+04 -0.110495E+03
  0.005   0.130   0.302875E+04  0.720313E+03
  0.005   0.130   0.612732E+04 -0.110090E+03
  0.005   0.130   0.595430E+04  0.144906E+04
  0.005   0.130   0.895698E+04 -0.109793E+03
  0.005   0.130   0.873306E+04  0.199250E+04
  0.005   0.130   0.115145E+05 -0.109629E+03
  0.005   0.130   0.112860E+05  0.228477E+04
  0.005   0.130   0.137222E+05 -0.109612E+03
  0.005   0.130   0.135303E+05  0.228925E+04
  0.005   0.130   0.155131E+05 -0.109739E+03
  0.005   0.130   0.153834E+05  0.200360E+04
  0.005   0.130   0.168325E+05 -0.109991E+03
  0.005   0.130   0.167693E+05  0.146090E+04
  0.005   0.130   0.176406E+05 -0.110335E+03
  0.005   0.130   0.176259E+05  0.726286E+03
  0.005   0.130   0.179126E+05 -0.110727E+03
  0.005   0.130   0.179126E+05 -0.110731E+03
  0.005   0.130   0.176404E+05 -0.111120E+03
  0.005   0.130   0.176153E+05 -0.947494E+03
  0.005   0.130   0.168322E+05 -0.111469E+03
  0.005   0.130   0.167484E+05 -0.168138E+04
  0.005   0.130   0.155125E+05 -0.111733E+03
  0.005   0.130   0.153529E+05 -0.222296E+04
  0.005   0.130   0.137215E+05 -0.111887E+03
  0.005   0.130   0.134911E+05 -0.250726E+04
  0.005   0.130   0.115137E+05 -0.111920E+03
  0.005   0.130   0.112394E+05 -0.250137E+04
  0.005   0.130   0.895598E+04 -0.111836E+03
  0.005   0.130   0.868049E+04 -0.220781E+04
  0.005   0.130   0.612621E+04 -0.111655E+03
  0.005   0.130   0.589735E+04 -0.166338E+04
  0.005   0.130   0.311033E+04 -0.111408E+03
  0.005   0.130   0.296912E+04 -0.934061E+03
  0.005   0.130  -0.315906E-01 -0.111135E+03
  0.005   0.130  -0.296860E+02 -0.106927E+03
  0.005   0.130  -0.311037E+04 -0.110879E+03
  0.005   0.130  -0.302760E+04  0.719939E+03
  0.005   0.130  -0.612619E+04 -0.110680E+03
  0.005   0.130  -0.595317E+04  0.144848E+04
  0.005   0.130  -0.895587E+04 -0.110571E+03
  0.005   0.130  -0.873194E+04  0.199173E+04
  0.005   0.130  -0.115134E+05 -0.110574E+03
  0.005   0.130  -0.112849E+05  0.228383E+04
  0.005   0.130  -0.137211E+05 -0.110696E+03
  0.005   0.130  -0.135292E+05  0.228817E+04
  0.005   0.130  -0.155119E+05 -0.110930E+03
  0.005   0.130  -0.153823E+05  0.200242E+04
  0.005   0.130  -0.168314E+05 -0.111252E+03
  0.005   0.130  -0.167682E+05  0.145964E+04
  0.005   0.130  -0.176394E+05 -0.111627E+03
  0.005   0.130  -0.176247E+05  0.724996E+03
  0.005   0.140  -0.193426E+05 -0.112872E+03
  0.005   0.140  -0.193426E+05 -0.112894E+03
  0.005   0.140  -0.190486E+05 -0.113276E+03
  0.005   0.140  -0.190179E+05 -0.108912E+04
  0.005   0.140  -0.181757E+05 -0.113580E+03
  0.005   0.140  -0.180719E+05 -0.194492E+04
  0.005   0.140  -0.167506E+05 -0.113741E+03
  0.005   0.140  -0.165520E+05 -0.257586E+04
  0.005   0.140  -0.148165E+05 -0.113734E+03
  0.005   0.140  -0.145295E+05 -0.290625E+04
  0.005   0.140  -0.124322E+05 -0.113551E+03
  0.005   0.140  -0.120906E+05 -0.289814E+04
  0.005   0.140  -0.967017E+04 -0.113206E+03
  0.005   0.140  -0.932762E+04 -0.255495E+04
  0.005   0.140  -0.661431E+04 -0.112730E+03
  0.005   0.140  -0.633092E+04 -0.191993E+04
  0.005   0.140  -0.335748E+04 -0.112169E+03
  0.005   0.140  -0.318473E+04 -0.107008E+04
  0.005   0.140   0.137608E+01 -0.111575E+03
  0.005   0.140   0.335604E+02 -0.106660E+03
  0.005   0.140   0.336021E+04 -0.111008E+03
  0.005   0.140   0.325089E+04  0.856437E+03
  0.005   0.140   0.661698E+04 -0.110520E+03
  0.005   0.140   0.639421E+04  0.170536E+04
  0.005   0.140   0.967275E+04 -0.110159E+03
  0.005   0.140   0.938620E+04  0.233896E+04
  0.005   0.140   0.124347E+05 -0.109956E+03
  0.005   0.140   0.121427E+05  0.268041E+04
  0.005   0.140   0.148188E+05 -0.109929E+03
  0.005   0.140   0.145736E+05  0.268665E+04
  0.005   0.140   0.167527E+05 -0.110074E+03
  0.005   0.140   0.165868E+05  0.235448E+04
  0.005   0.140   0.181776E+05 -0.110368E+03
  0.005   0.140   0.180962E+05  0.172209E+04
  0.005   0.140   0.190502E+05 -0.110773E+03
  0.005   0.140   0.190309E+05  0.865322E+03
  0.005   0.140   0.193440E+05 -0.111238E+03
  0.005   0.140   0.193441E+05 -0.111259E+03
  0.005   0.140   0.190500E+05 -0.111706E+03
  0.005   0.140   0.190193E+05 -0.108754E+04
  0.005   0.140   0.181772E+05 -0.112122E+03
  0.005   0.140   0.180734E+05 -0.194346E+04
  0.005   0.140   0.167521E+05 -0.112442E+03
  0.005   0.140   0.165536E+05 -0.257455E+04
  0.005   0.140   0.148180E+05 -0.112632E+03
  0.005   0.140   0.145310E+05 -0.290514E+04
  0.005   0.140   0.124337E+05 -0.112679E+03
  0.005   0.140   0.120921E+05 -0.289726E+04
  0.005   0.140   0.967167E+04 -0.112588E+03
  0.005   0.140   0.932913E+04 -0.255432E+04
  0.005   0.140   0.661578E+04 -0.112383E+03
  0.005   0.140   0.633240E+04 -0.191957E+04
  0.005   0.140   0.335891E+04 -0.112102E+03
  0.005   0.140   0.318617E+04 -0.107000E+04
  0.005   0.140   0.157770E-01 -0.111789E+03
  0.005   0.140  -0.321583E+02 -0.106862E+03
  0.005   0.140  -0.335886E+04 -0.111496E+03
  0.005   0.140  -0.324952E+04  0.855960E+03
  0.005   0.140  -0.661567E+04 -0.111270E+03
  0.005   0.140  -0.639288E+04  0.170462E+04
  0.005   0.140  -0.967145E+04 -0.111149E+03
  0.005   0.140  -0.938490E+04  0.233798E+04
  0.005   0.140  -0.124334E+05 -0.111159E+03
  0.005   0.140  -0.121414E+05  0.267921E+04
  0.005   0.140  -0.148175E+05 -0.111309E+03
  0.005   0.140  -0.145723E+05  0.268528E+04
  0.005   0.140  -0.167514E+05 -0.111590E+03
  0.005   0.140  -0.165855E+05  0.235297E+04
  0.005   0.140  -0.181763E+05 -0.111974E+03
  0.005   0.140  -0.180949E+05  0.172049E+04
  0.005   0.140  -0.190489E+05 -0.112419E+03
  0.005   0.140  -0.190295E+05  0.863677E+03
