  0.002   0.050   0.488704E+04 -0.604591E+02
  0.002   0.050   0.488704E+04 -0.604587E+02
  0.002   0.050   0.481274E+04 -0.604251E+02
  0.002   0.050   0.481306E+04  0.258884E+02
  0.002   0.050   0.459220E+04 -0.603974E+02
  0.002   0.050   0.459149E+04  0.101811E+03
  0.002   0.050   0.423214E+04 -0.603793E+02
  0.002   0.050   0.422963E+04  0.158139E+03
  0.002   0.050   0.374348E+04 -0.603732E+02
  0.002   0.050   0.373926E+04  0.188082E+03
  0.002   0.050   0.314107E+04 -0.603801E+02
  0.002   0.050   0.313605E+04  0.188050E+03
  0.002   0.050   0.244323E+04 -0.603995E+02
  0.002   0.050   0.243889E+04  0.158071E+03
  0.002   0.050   0.167114E+04 -0.604293E+02
  0.002   0.050   0.166917E+04  0.101783E+03
  0.002   0.050   0.848285E+03 -0.604662E+02
  0.002   0.050   0.850074E+03  0.259787E+02
  0.002   0.050  -0.349118E+00 -0.605062E+02
  0.002   0.050   0.592386E+01 -0.602124E+02
  0.002   0.050  -0.848974E+03 -0.605448E+02
  0.002   0.050  -0.838407E+03 -0.146420E+03
  0.002   0.050  -0.167180E+04 -0.605778E+02
  0.002   0.050  -0.165804E+04 -0.222271E+03
  0.002   0.050  -0.244384E+04 -0.606014E+02
  0.002   0.050  -0.242863E+04 -0.278631E+03
  0.002   0.050  -0.314162E+04 -0.606133E+02
  0.002   0.050  -0.312698E+04 -0.308698E+03
  0.002   0.050  -0.374395E+04 -0.606121E+02
  0.002   0.050  -0.373166E+04 -0.308824E+03
  0.002   0.050  -0.423252E+04 -0.605984E+02
  0.002   0.050  -0.422373E+04 -0.278969E+03
  0.002   0.050  -0.459249E+04 -0.605739E+02
  0.002   0.050  -0.458747E+04 -0.222713E+03
  0.002   0.050  -0.481292E+04 -0.605417E+02
  0.002   0.050  -0.481105E+04 -0.146837E+03
  0.002   0.050  -0.488711E+04 -0.605058E+02
  0.002   0.050  -0.488711E+04 -0.605054E+02
  0.002   0.050  -0.481281E+04 -0.604704E+02
  0.002   0.050  -0.481312E+04  0.258431E+02
  0.002   0.050  -0.459227E+04 -0.604399E+02
  0.002   0.050  -0.459155E+04  0.101769E+03
  0.002   0.050  -0.423220E+04 -0.604178E+02
  0.002   0.050  -0.422970E+04  0.158100E+03
  0.002   0.050  -0.374354E+04 -0.604066E+02
  0.002   0.050  -0.373933E+04  0.188049E+03
  0.002   0.050  -0.314114E+04 -0.604073E+02
  0.002   0.050  -0.313611E+04  0.188022E+03
  0.002   0.050  -0.244329E+04 -0.604197E+02
  0.002   0.050  -0.243895E+04  0.158051E+03
  0.002   0.050  -0.167121E+04 -0.604418E+02
  0.002   0.050  -0.166924E+04  0.101770E+03
  0.002   0.050  -0.848353E+03 -0.604707E+02
  0.002   0.050  -0.850142E+03  0.259739E+02
  0.002   0.050   0.282091E+00 -0.605026E+02
  0.002   0.050  -0.599090E+01 -0.602090E+02
  0.002   0.050   0.848907E+03 -0.605332E+02
  0.002   0.050   0.838341E+03 -0.146408E+03
  0.002   0.050   0.167174E+04 -0.605585E+02
  0.002   0.050   0.165797E+04 -0.222252E+03
  0.002   0.050   0.244377E+04 -0.605750E+02
  0.002   0.050   0.242857E+04 -0.278605E+03
  0.002   0.050   0.314156E+04 -0.605806E+02
  0.002   0.050   0.312691E+04 -0.308665E+03
  0.002   0.050   0.374388E+04 -0.605741E+02
  0.002   0.050   0.373160E+04 -0.308786E+03
  0.002   0.050   0.423245E+04 -0.605562E+02
  0.002   0.050   0.422367E+04 -0.278927E+03
  0.002   0.050   0.459242E+04 -0.605289E+02
  0.002   0.050   0.458741E+04 -0.222668E+03
  0.002   0.050   0.481285E+04 -0.604951E+02
  0.002   0.050   0.481098E+04 -0.146790E+03
  0.002   0.060   0.587020E+04 -0.603402E+02
  0.002   0.060   0.587020E+04 -0.603395E+02
  0.002   0.060   0.578095E+04 -0.602909E+02
  0.002   0.060   0.578091E+04  0.642826E+02
  0.002   0.060   0.551604E+04 -0.602509E+02
  0.002   0.060   0.551365E+04  0.173843E+03
  0.002   0.060   0.508354E+04 -0.602252E+02
  0.002   0.060   0.507751E+04  0.255100E+03
  0.002   0.060   0.449657E+04 -0.602171E+02
  0.002   0.060   0.448710E+04  0.298262E+03
  0.002   0.060   0.377297E+04 -0.602281E+02
  0.002   0.060   0.376169E+04  0.298164E+03
  0.002   0.060   0.293474E+04 -0.602573E+02
  0.002   0.060   0.292431E+04  0.254874E+03
  0.002   0.060   0.200733E+04 -0.603016E+02
  0.002   0.060   0.200076E+04  0.173656E+03
  0.002   0.060   0.101893E+04 -0.603564E+02
  0.002   0.060   0.101873E+04  0.643138E+02
  0.002   0.060  -0.428785E+00 -0.604157E+02
  0.002   0.060   0.709459E+01 -0.599921E+02
  0.002   0.060  -0.101978E+04 -0.604730E+02
  0.002   0.060  -0.100476E+04 -0.184321E+03
  0.002   0.060  -0.200814E+04 -0.605220E+02
  0.002   0.060  -0.198743E+04 -0.293731E+03
  0.002   0.060  -0.293549E+04 -0.605574E+02
  0.002   0.060  -0.291203E+04 -0.375053E+03
  0.002   0.060  -0.377365E+04 -0.605756E+02
  0.002   0.060  -0.375084E+04 -0.418470E+03
  0.002   0.060  -0.449715E+04 -0.605748E+02
  0.002   0.060  -0.447800E+04 -0.418702E+03
  0.002   0.060  -0.508401E+04 -0.605554E+02
  0.002   0.060  -0.507046E+04 -0.375668E+03
  0.002   0.060  -0.551640E+04 -0.605203E+02
  0.002   0.060  -0.550885E+04 -0.294514E+03
  0.002   0.060  -0.578118E+04 -0.604737E+02
  0.002   0.060  -0.577852E+04 -0.185020E+03
  0.002   0.060  -0.587029E+04 -0.604214E+02
  0.002   0.060  -0.587029E+04 -0.604208E+02
  0.002   0.060  -0.578104E+04 -0.603699E+02
  0.002   0.060  -0.578101E+04  0.642035E+02
  0.002   0.060  -0.551614E+04 -0.603251E+02
  0.002   0.060  -0.551375E+04  0.173769E+03
  0.002   0.060  -0.508364E+04 -0.602923E+02
  0.002   0.060  -0.507761E+04  0.255033E+03
  0.002   0.060  -0.449667E+04 -0.602752E+02
  0.002   0.060  -0.448720E+04  0.298203E+03
  0.002   0.060  -0.377307E+04 -0.602754E+02
  0.002   0.060  -0.376179E+04  0.298116E+03
  0.002   0.060  -0.293484E+04 -0.602924E+02
  0.002   0.060  -0.292441E+04  0.254839E+03
  0.002   0.060  -0.200743E+04 -0.603234E+02
  0.002   0.060  -0.200085E+04  0.173634E+03
  0.002   0.060  -0.101903E+04 -0.603643E+02
  0.002   0.060  -0.101883E+04  0.643055E+02
  0.002   0.060   0.332085E+00 -0.604094E+02
  0.002   0.060  -0.719134E+01 -0.599863E+02
  0.002   0.060   0.101968E+04 -0.604527E+02
  0.002   0.060   0.100466E+04 -0.184302E+03
  0.002   0.060   0.200805E+04 -0.604884E+02
  0.002   0.060   0.198733E+04 -0.293698E+03
  0.002   0.060   0.293540E+04 -0.605115E+02
  0.002   0.060   0.291193E+04 -0.375008E+03
  0.002   0.060   0.377356E+04 -0.605187E+02
  0.002   0.060   0.375074E+04 -0.418413E+03
  0.002   0.060   0.449706E+04 -0.605086E+02
  0.002   0.060   0.447791E+04 -0.418637E+03
  0.002   0.060   0.508392E+04 -0.604820E+02
  0.002   0.060   0.507036E+04 -0.375595E+03
  0.002   0.060   0.551631E+04 -0.604418E+02
  0.002   0.060   0.550876E+04 -0.294436E+03
  0.002   0.060   0.578108E+04 -0.603925E+02
  0.002   0.060   0.577843E+04 -0.184939E+03
  0.003   0.070   0.685639E+04 -0.601967E+02
  0.003   0.070   0.685639E+04 -0.601957E+02
  0.003   0.070   0.675215E+04 -0.601292E+02
  0.003   0.070   0.675153E+04  0.109882E+03
  0.003   0.070   0.644274E+04 -0.600747E+02
  0.003   0.070   0.643782E+04  0.259378E+03
  0.003   0.070   0.593757E+04 -0.600400E+02
  0.003   0.070   0.592635E+04  0.370209E+03
  0.003   0.070   0.525199E+04 -0.600300E+02
  0.003   0.070   0.523482E+04  0.429025E+03
  0.003   0.070   0.440683E+04 -0.600463E+02
  0.003   0.070   0.438637E+04  0.428811E+03
  0.003   0.070   0.342776E+04 -0.600878E+02
  0.003   0.070   0.340835E+04  0.369695E+03
  0.003   0.070   0.234455E+04 -0.601503E+02
  0.003   0.070   0.233105E+04  0.258886E+03
  0.003   0.070   0.119010E+04 -0.602272E+02
  0.003   0.070   0.118661E+04  0.109765E+03
  0.003   0.070  -0.510202E+00 -0.603104E+02
  0.003   0.070   0.826092E+01 -0.597327E+02
  0.003   0.070  -0.119111E+04 -0.603907E+02
  0.003   0.070  -0.117034E+04 -0.229263E+03
  0.003   0.070  -0.234552E+04 -0.604596E+02
  0.003   0.070  -0.231552E+04 -0.378475E+03
  0.003   0.070  -0.342867E+04 -0.605098E+02
  0.003   0.070  -0.339405E+04 -0.489425E+03
  0.003   0.070  -0.440764E+04 -0.605362E+02
  0.003   0.070  -0.437373E+04 -0.548714E+03
  0.003   0.070  -0.525269E+04 -0.605362E+02
  0.003   0.070  -0.522423E+04 -0.549112E+03
  0.003   0.070  -0.593815E+04 -0.605105E+02
  0.003   0.070  -0.591814E+04 -0.490469E+03
  0.003   0.070  -0.644318E+04 -0.604627E+02
  0.003   0.070  -0.643224E+04 -0.379778E+03
  0.003   0.070  -0.675243E+04 -0.603989E+02
  0.003   0.070  -0.674877E+04 -0.230373E+03
  0.003   0.070  -0.685652E+04 -0.603271E+02
  0.003   0.070  -0.685652E+04 -0.603260E+02
  0.003   0.070  -0.675228E+04 -0.602558E+02
  0.003   0.070  -0.675167E+04  0.109755E+03
  0.003   0.070  -0.644287E+04 -0.601936E+02
  0.003   0.070  -0.643795E+04  0.259258E+03
  0.003   0.070  -0.593771E+04 -0.601477E+02
  0.003   0.070  -0.592649E+04  0.370101E+03
  0.003   0.070  -0.525212E+04 -0.601232E+02
  0.003   0.070  -0.523496E+04  0.428932E+03
  0.003   0.070  -0.440696E+04 -0.601222E+02
  0.003   0.070  -0.438651E+04  0.428734E+03
  0.003   0.070  -0.342790E+04 -0.601441E+02
  0.003   0.070  -0.340849E+04  0.369638E+03
  0.003   0.070  -0.234469E+04 -0.601853E+02
  0.003   0.070  -0.233118E+04  0.258850E+03
  0.003   0.070  -0.119024E+04 -0.602399E+02
  0.003   0.070  -0.118675E+04  0.109752E+03
  0.003   0.070   0.378211E+00 -0.603004E+02
  0.003   0.070  -0.839307E+01 -0.597234E+02
  0.003   0.070   0.119098E+04 -0.603583E+02
  0.003   0.070   0.117021E+04 -0.229231E+03
  0.003   0.070   0.234539E+04 -0.604059E+02
  0.003   0.070   0.231539E+04 -0.378422E+03
  0.003   0.070   0.342854E+04 -0.604363E+02
  0.003   0.070   0.339392E+04 -0.489352E+03
  0.003   0.070   0.440751E+04 -0.604450E+02
  0.003   0.070   0.437360E+04 -0.548624E+03
  0.003   0.070   0.525256E+04 -0.604301E+02
  0.003   0.070   0.522410E+04 -0.549007E+03
  0.003   0.070   0.593802E+04 -0.603928E+02
  0.003   0.070   0.591801E+04 -0.490351E+03
  0.003   0.070   0.644305E+04 -0.603369E+02
  0.003   0.070   0.643211E+04 -0.379652E+03
  0.003   0.070   0.675230E+04 -0.602689E+02
  0.003   0.070   0.674863E+04 -0.230243E+03
  0.003   0.080   0.784614E+04 -0.600283E+02
  0.003   0.080   0.784614E+04 -0.600270E+02
  0.003   0.080   0.772685E+04 -0.599393E+02
  0.003   0.080   0.772538E+04  0.162798E+03
  0.003   0.080   0.737277E+04 -0.598679E+02
  0.003   0.080   0.736432E+04  0.358618E+03
  0.003   0.080   0.679468E+04 -0.598231E+02
  0.003   0.080   0.677628E+04  0.503726E+03
  0.003   0.080   0.601012E+04 -0.598112E+02
  0.003   0.080   0.598236E+04  0.580649E+03
  0.003   0.080   0.504296E+04 -0.598344E+02
  0.003   0.080   0.500988E+04  0.580245E+03
  0.003   0.080   0.392256E+04 -0.598911E+02
  0.003   0.080   0.389074E+04  0.502739E+03
  0.003   0.080   0.268298E+04 -0.599757E+02
  0.003   0.080   0.265979E+04  0.357615E+03
  0.003   0.080   0.136188E+04 -0.600794E+02
  0.003   0.080   0.135357E+04  0.162405E+03
  0.003   0.080  -0.597096E+00 -0.601913E+02
  0.003   0.080   0.941937E+01 -0.594359E+02
  0.003   0.080  -0.136306E+04 -0.602996E+02
  0.003   0.080  -0.133502E+04 -0.281318E+03
  0.003   0.080  -0.268412E+04 -0.603927E+02
  0.003   0.080  -0.264209E+04 -0.476649E+03
  0.003   0.080  -0.392362E+04 -0.604610E+02
  0.003   0.080  -0.387443E+04 -0.621957E+03
  0.003   0.080  -0.504391E+04 -0.604975E+02
  0.003   0.080  -0.499547E+04 -0.699689E+03
  0.003   0.080  -0.601095E+04 -0.604990E+02
  0.003   0.080  -0.597029E+04 -0.700333E+03
  0.003   0.080  -0.679536E+04 -0.604663E+02
  0.003   0.080  -0.676693E+04 -0.623635E+03
  0.003   0.080  -0.737329E+04 -0.604039E+02
  0.003   0.080  -0.735797E+04 -0.478711E+03
  0.003   0.080  -0.772720E+04 -0.603200E+02
  0.003   0.080  -0.772224E+04 -0.283009E+03
  0.003   0.080  -0.784631E+04 -0.602250E+02
  0.003   0.080  -0.784631E+04 -0.602237E+02
  0.003   0.080  -0.772702E+04 -0.601304E+02
  0.003   0.080  -0.772555E+04  0.162607E+03
  0.003   0.080  -0.737295E+04 -0.600474E+02
  0.003   0.080  -0.736449E+04  0.358438E+03
  0.003   0.080  -0.679486E+04 -0.599857E+02
  0.003   0.080  -0.677646E+04  0.503563E+03
  0.003   0.080  -0.601031E+04 -0.599518E+02
  0.003   0.080  -0.598254E+04  0.580508E+03
  0.003   0.080  -0.504314E+04 -0.599489E+02
  0.003   0.080  -0.501006E+04  0.580130E+03
  0.003   0.080  -0.392274E+04 -0.599760E+02
  0.003   0.080  -0.389092E+04  0.502654E+03
  0.003   0.080  -0.268316E+04 -0.600285E+02
  0.003   0.080  -0.265997E+04  0.357561E+03
  0.003   0.080  -0.136206E+04 -0.600986E+02
  0.003   0.080  -0.135374E+04  0.162385E+03
  0.003   0.080   0.424160E+00 -0.601763E+02
  0.003   0.080  -0.959248E+01 -0.594220E+02
  0.003   0.080   0.136289E+04 -0.602509E+02
  0.003   0.080   0.133485E+04 -0.281271E+03
  0.003   0.080   0.268395E+04 -0.603117E+02
  0.003   0.080   0.264192E+04 -0.476569E+03
  0.003   0.080   0.392346E+04 -0.603501E+02
  0.003   0.080   0.387427E+04 -0.621847E+03
  0.003   0.080   0.504375E+04 -0.603601E+02
  0.003   0.080   0.499531E+04 -0.699552E+03
  0.003   0.080   0.601079E+04 -0.603391E+02
  0.003   0.080   0.597012E+04 -0.700174E+03
  0.003   0.080   0.679519E+04 -0.602887E+02
  0.003   0.080   0.676676E+04 -0.623458E+03
  0.003   0.080   0.737313E+04 -0.602141E+02
  0.003   0.080   0.735780E+04 -0.478521E+03
  0.003   0.080   0.772703E+04 -0.601237E+02
  0.003   0.080   0.772207E+04 -0.282813E+03
  0.003   0.090   0.884000E+04 -0.598540E+02
  0.003   0.090   0.884001E+04 -0.598713E+02
  0.003   0.090   0.870559E+04 -0.597402E+02
  0.003   0.090   0.870295E+04  0.223125E+03
  0.003   0.090   0.830665E+04 -0.596493E+02
  0.003   0.090   0.829348E+04  0.471765E+03
  0.003   0.090   0.765531E+04 -0.595931E+02
  0.003   0.090   0.762743E+04  0.655916E+03
  0.003   0.090   0.677137E+04 -0.595794E+02
  0.003   0.090   0.672963E+04  0.753414E+03
  0.003   0.090   0.568169E+04 -0.596113E+02
  0.003   0.090   0.563196E+04  0.752719E+03
  0.003   0.090   0.441937E+04 -0.596863E+02
  0.003   0.090   0.437113E+04  0.654200E+03
  0.003   0.090   0.302277E+04 -0.597972E+02
  0.003   0.090   0.298665E+04  0.469958E+03
  0.003   0.090   0.153433E+04 -0.599329E+02
  0.003   0.090   0.151936E+04  0.222261E+03
  0.003   0.090  -0.739102E+00 -0.600790E+02
  0.003   0.090   0.104780E+02 -0.591599E+02
  0.003   0.090  -0.153578E+04 -0.602205E+02
  0.003   0.090  -0.149872E+04 -0.340632E+03
  0.003   0.090  -0.302417E+04 -0.603426E+02
  0.003   0.090  -0.296696E+04 -0.588478E+03
  0.003   0.090  -0.442068E+04 -0.604327E+02
  0.003   0.090  -0.435299E+04 -0.772948E+03
  0.003   0.090  -0.568287E+04 -0.604818E+02
  0.003   0.090  -0.561593E+04 -0.871747E+03
  0.003   0.090  -0.677240E+04 -0.604858E+02
  0.003   0.090  -0.671620E+04 -0.872739E+03
  0.003   0.090  -0.765616E+04 -0.604454E+02
  0.003   0.090  -0.761702E+04 -0.775520E+03
  0.003   0.090  -0.830730E+04 -0.603666E+02
  0.003   0.090  -0.828643E+04 -0.591596E+03
  0.003   0.090  -0.870602E+04 -0.602595E+02
  0.003   0.090  -0.869947E+04 -0.343103E+03
  0.003   0.090  -0.884022E+04 -0.601376E+02
  0.003   0.090  -0.884022E+04 -0.601549E+02
  0.003   0.090  -0.870580E+04 -0.600157E+02
  0.003   0.090  -0.870316E+04  0.222849E+03
  0.003   0.090  -0.830687E+04 -0.599083E+02
  0.003   0.090  -0.829370E+04  0.471506E+03
  0.003   0.090  -0.765554E+04 -0.598277E+02
  0.003   0.090  -0.762765E+04  0.655680E+03
  0.003   0.090  -0.677160E+04 -0.597825E+02
  0.003   0.090  -0.672985E+04  0.753210E+03
  0.003   0.090  -0.568192E+04 -0.597767E+02
  0.003   0.090  -0.563218E+04  0.752552E+03
  0.003   0.090  -0.441959E+04 -0.598091E+02
  0.003   0.090  -0.437135E+04  0.654076E+03
  0.003   0.090  -0.302299E+04 -0.598740E+02
  0.003   0.090  -0.298687E+04  0.469879E+03
  0.003   0.090  -0.153454E+04 -0.599612E+02
  0.003   0.090  -0.151957E+04  0.222230E+03
  0.003   0.090   0.526365E+00 -0.600583E+02
  0.003   0.090  -0.106846E+02 -0.591412E+02
  0.003   0.090   0.153558E+04 -0.601513E+02
  0.003   0.090   0.149852E+04 -0.340565E+03
  0.003   0.090   0.302397E+04 -0.602268E+02
  0.003   0.090   0.296676E+04 -0.588364E+03
  0.003   0.090   0.442048E+04 -0.602738E+02
  0.003   0.090   0.435279E+04 -0.772791E+03
  0.003   0.090   0.568267E+04 -0.602846E+02
  0.003   0.090   0.561574E+04 -0.871551E+03
  0.003   0.090   0.677220E+04 -0.602560E+02
  0.003   0.090   0.671601E+04 -0.872511E+03
  0.003   0.090   0.765596E+04 -0.601899E+02
  0.003   0.090   0.761683E+04 -0.775265E+03
  0.003   0.090   0.830709E+04 -0.600932E+02
  0.003   0.090   0.828623E+04 -0.591323E+03
  0.003   0.090   0.870581E+04 -0.599767E+02
  0.003   0.090   0.869926E+04 -0.342820E+03
  0.004   0.100   0.983842E+04 -0.596080E+02
  0.004   0.100   0.983842E+04 -0.596062E+02
  0.004   0.100   0.968883E+04 -0.594659E+02
  0.004   0.100   0.968466E+04  0.291134E+03
  0.004   0.100   0.924484E+04 -0.593532E+02
  0.004   0.100   0.922564E+04  0.599214E+03
  0.004   0.100   0.851995E+04 -0.592846E+02
  0.004   0.100   0.847996E+04  0.827254E+03
  0.004   0.100   0.753618E+04 -0.592698E+02
  0.004   0.100   0.747665E+04  0.947823E+03
  0.004   0.100   0.632342E+04 -0.593123E+02
  0.004   0.100   0.625253E+04  0.946718E+03
  0.004   0.100   0.491854E+04 -0.594092E+02
  0.004   0.100   0.484940E+04  0.824508E+03
  0.004   0.100   0.336420E+04 -0.595513E+02
  0.004   0.100   0.331158E+04  0.596268E+03
  0.004   0.100   0.170765E+04 -0.597243E+02
  0.004   0.100   0.168407E+04  0.289602E+03
  0.004   0.100  -0.784689E+00 -0.599106E+02
  0.004   0.100   0.117109E+02 -0.587274E+02
  0.004   0.100  -0.170920E+04 -0.600910E+02
  0.004   0.100  -0.166101E+04 -0.407122E+03
  0.004   0.100  -0.336570E+04 -0.602470E+02
  0.004   0.100  -0.328957E+04 -0.713976E+03
  0.004   0.100  -0.491993E+04 -0.603628E+02
  0.004   0.100  -0.482913E+04 -0.942503E+03
  0.004   0.100  -0.632469E+04 -0.604272E+02
  0.004   0.100  -0.623461E+04 -0.106507E+04
  0.004   0.100  -0.753729E+04 -0.604346E+02
  0.004   0.100  -0.746165E+04 -0.106655E+04
  0.004   0.100  -0.852087E+04 -0.603860E+02
  0.004   0.100  -0.846835E+04 -0.946329E+03
  0.004   0.100  -0.924556E+04 -0.602886E+02
  0.004   0.100  -0.921777E+04 -0.718575E+03
  0.004   0.100  -0.968933E+04 -0.601551E+02
  0.004   0.100  -0.968080E+04 -0.410680E+03
  0.004   0.100  -0.983869E+04 -0.600024E+02
  0.004   0.100  -0.983870E+04 -0.600006E+02
  0.004   0.100  -0.968911E+04 -0.598490E+02
  0.004   0.100  -0.968494E+04  0.290751E+03
  0.004   0.100  -0.924513E+04 -0.597132E+02
  0.004   0.100  -0.922593E+04  0.598853E+03
  0.004   0.100  -0.852024E+04 -0.596103E+02
  0.004   0.100  -0.848026E+04  0.826927E+03
  0.004   0.100  -0.753647E+04 -0.595514E+02
  0.004   0.100  -0.747695E+04  0.947540E+03
  0.004   0.100  -0.632372E+04 -0.595414E+02
  0.004   0.100  -0.625282E+04  0.946487E+03
  0.004   0.100  -0.491883E+04 -0.595791E+02
  0.004   0.100  -0.484969E+04  0.824336E+03
  0.004   0.100  -0.336449E+04 -0.596570E+02
  0.004   0.100  -0.331186E+04  0.596161E+03
  0.004   0.100  -0.170793E+04 -0.597629E+02
  0.004   0.100  -0.168435E+04  0.289561E+03
  0.004   0.100   0.512115E+00 -0.598810E+02
  0.004   0.100  -0.119838E+02 -0.586998E+02
  0.004   0.100   0.170894E+04 -0.599941E+02
  0.004   0.100   0.166074E+04 -0.407027E+03
  0.004   0.100   0.336544E+04 -0.600855E+02
  0.004   0.100   0.328931E+04 -0.713817E+03
  0.004   0.100   0.491968E+04 -0.601415E+02
  0.004   0.100   0.482887E+04 -0.942283E+03
  0.004   0.100   0.632444E+04 -0.601525E+02
  0.004   0.100   0.623436E+04 -0.106479E+04
  0.004   0.100   0.753703E+04 -0.601147E+02
  0.004   0.100   0.746140E+04 -0.106623E+04
  0.004   0.100   0.852062E+04 -0.600304E+02
  0.004   0.100   0.846809E+04 -0.945974E+03
  0.004   0.100   0.924530E+04 -0.599082E+02
  0.004   0.100   0.921751E+04 -0.718195E+03
  0.004   0.100   0.968906E+04 -0.597616E+02
  0.004   0.100   0.968053E+04 -0.410287E+03
  0.004   0.110   0.108420E+05 -0.593538E+02
  0.004   0.110   0.108420E+05 -0.593515E+02
  0.004   0.110   0.106772E+05 -0.591796E+02
  0.004   0.110   0.106711E+05  0.366878E+03
  0.004   0.110   0.101879E+05 -0.590423E+02
  0.004   0.110   0.101611E+05  0.741155E+03
  0.004   0.110   0.938907E+04 -0.589600E+02
  0.004   0.110   0.933398E+04  0.101801E+04
  0.004   0.110   0.830494E+04 -0.589445E+02
  0.004   0.110   0.822325E+04  0.116416E+04
  0.004   0.110   0.696846E+04 -0.590000E+02
  0.004   0.110   0.687119E+04  0.116248E+04
  0.004   0.110   0.542026E+04 -0.591227E+02
  0.004   0.110   0.532505E+04  0.101382E+04
  0.004   0.110   0.370737E+04 -0.593011E+02
  0.004   0.110   0.363406E+04  0.736598E+03
  0.004   0.110   0.188183E+04 -0.595177E+02
  0.004   0.110   0.184730E+04  0.364364E+03
  0.004   0.110  -0.883994E+00 -0.597507E+02
  0.004   0.110   0.128483E+02 -0.583156E+02
  0.004   0.110  -0.188358E+04 -0.599764E+02
  0.004   0.110  -0.182199E+04 -0.481074E+03
  0.004   0.110  -0.370905E+04 -0.601720E+02
  0.004   0.110  -0.360992E+04 -0.853535E+03
  0.004   0.110  -0.542184E+04 -0.603182E+02
  0.004   0.110  -0.530281E+04 -0.113110E+04
  0.004   0.110  -0.696990E+04 -0.604009E+02
  0.004   0.110  -0.685153E+04 -0.128019E+04
  0.004   0.110  -0.830619E+04 -0.604132E+02
  0.004   0.110  -0.820679E+04 -0.128233E+04
  0.004   0.110  -0.939012E+04 -0.603559E+02
  0.004   0.110  -0.932124E+04 -0.113660E+04
  0.004   0.110  -0.101887E+05 -0.602378E+02
  0.004   0.110  -0.101525E+05 -0.860094E+03
  0.004   0.110  -0.106778E+05 -0.600746E+02
  0.004   0.110  -0.106669E+05 -0.486041E+03
  0.004   0.110  -0.108424E+05 -0.598869E+02
  0.004   0.110  -0.108424E+05 -0.598846E+02
  0.004   0.110  -0.106775E+05 -0.596974E+02
  0.004   0.110  -0.106714E+05  0.366359E+03
  0.004   0.110  -0.101883E+05 -0.595288E+02
  0.004   0.110  -0.101615E+05  0.740668E+03
  0.004   0.110  -0.938943E+04 -0.594002E+02
  0.004   0.110  -0.933435E+04  0.101757E+04
  0.004   0.110  -0.830530E+04 -0.593250E+02
  0.004   0.110  -0.822361E+04  0.116378E+04
  0.004   0.110  -0.696883E+04 -0.593095E+02
  0.004   0.110  -0.687155E+04  0.116217E+04
  0.004   0.110  -0.542062E+04 -0.593521E+02
  0.004   0.110  -0.532541E+04  0.101359E+04
  0.004   0.110  -0.370772E+04 -0.594440E+02
  0.004   0.110  -0.363442E+04  0.736452E+03
  0.004   0.110  -0.188217E+04 -0.595701E+02
  0.004   0.110  -0.184764E+04  0.364309E+03
  0.004   0.110   0.552913E+00 -0.597110E+02
  0.004   0.110  -0.131798E+02 -0.582787E+02
  0.004   0.110   0.188326E+04 -0.598459E+02
  0.004   0.110   0.182167E+04 -0.480946E+03
  0.004   0.110   0.370874E+04 -0.599545E+02
  0.004   0.110   0.360961E+04 -0.853320E+03
  0.004   0.110   0.542153E+04 -0.600199E+02
  0.004   0.110   0.530250E+04 -0.113081E+04
  0.004   0.110   0.696959E+04 -0.600304E+02
  0.004   0.110   0.685123E+04 -0.127983E+04
  0.004   0.110   0.830589E+04 -0.599814E+02
  0.004   0.110   0.820649E+04 -0.128190E+04
  0.004   0.110   0.938981E+04 -0.598758E+02
  0.004   0.110   0.932094E+04 -0.113612E+04
  0.004   0.110   0.101884E+05 -0.597240E+02
  0.004   0.110   0.101522E+05 -0.859581E+03
  0.004   0.110   0.106775E+05 -0.595429E+02
  0.004   0.110   0.106665E+05 -0.485509E+03
  0.005   0.120   0.118514E+05 -0.590663E+02
  0.005   0.120   0.118514E+05 -0.590626E+02
  0.005   0.120   0.116712E+05 -0.588560E+02
  0.005   0.120   0.116627E+05  0.450592E+03
  0.005   0.120   0.111364E+05 -0.586914E+02
  0.005   0.120   0.111003E+05  0.897981E+03
  0.005   0.120   0.102632E+05 -0.585942E+02
  0.005   0.120   0.101896E+05  0.122867E+04
  0.005   0.120   0.907809E+04 -0.585787E+02
  0.005   0.120   0.896934E+04  0.140295E+04
  0.005   0.120   0.761719E+04 -0.586498E+02
  0.005   0.120   0.748771E+04  0.140049E+04
  0.005   0.120   0.592485E+04 -0.588026E+02
  0.005   0.120   0.579780E+04  0.122253E+04
  0.005   0.120   0.405249E+04 -0.590232E+02
  0.005   0.120   0.395386E+04  0.891240E+03
  0.005   0.120   0.205700E+04 -0.592901E+02
  0.005   0.120   0.200892E+04  0.446726E+03
  0.005   0.120  -0.988316E+00 -0.595768E+02
  0.005   0.120   0.139724E+02 -0.578650E+02
  0.005   0.120  -0.205895E+04 -0.598547E+02
  0.005   0.120  -0.198140E+04 -0.562550E+03
  0.005   0.120  -0.405437E+04 -0.600963E+02
  0.005   0.120  -0.392760E+04 -0.100733E+04
  0.005   0.120  -0.592662E+04 -0.602779E+02
  0.005   0.120  -0.577360E+04 -0.133904E+04
  0.005   0.120  -0.761880E+04 -0.603823E+02
  0.005   0.120  -0.746633E+04 -0.151751E+04
  0.005   0.120  -0.907951E+04 -0.604010E+02
  0.005   0.120  -0.895145E+04 -0.152051E+04
  0.005   0.120  -0.102643E+05 -0.603347E+02
  0.005   0.120  -0.101758E+05 -0.134674E+04
  0.005   0.120  -0.111373E+05 -0.601939E+02
  0.005   0.120  -0.110910E+05 -0.101646E+04
  0.005   0.120  -0.116719E+05 -0.599975E+02
  0.005   0.120  -0.116582E+05 -0.569335E+03
  0.005   0.120  -0.118518E+05 -0.597701E+02
  0.005   0.120  -0.118518E+05 -0.597664E+02
  0.005   0.120  -0.116716E+05 -0.595397E+02
  0.005   0.120  -0.116631E+05  0.449908E+03
  0.005   0.120  -0.111368E+05 -0.593336E+02
  0.005   0.120  -0.111008E+05  0.897338E+03
  0.005   0.120  -0.102636E+05 -0.591752E+02
  0.005   0.120  -0.101901E+05  0.122809E+04
  0.005   0.120  -0.907853E+04 -0.590807E+02
  0.005   0.120  -0.896979E+04  0.140244E+04
  0.005   0.120  -0.761763E+04 -0.590581E+02
  0.005   0.120  -0.748815E+04  0.140008E+04
  0.005   0.120  -0.592528E+04 -0.591053E+02
  0.005   0.120  -0.579823E+04  0.122223E+04
  0.005   0.120  -0.405291E+04 -0.592118E+02
  0.005   0.120  -0.395429E+04  0.891048E+03
  0.005   0.120  -0.205741E+04 -0.593594E+02
  0.005   0.120  -0.200934E+04  0.446653E+03
  0.005   0.120   0.592231E+00 -0.595249E+02
  0.005   0.120  -0.143695E+02 -0.578165E+02
  0.005   0.120   0.205857E+04 -0.596833E+02
  0.005   0.120   0.198102E+04 -0.562381E+03
  0.005   0.120   0.405400E+04 -0.598101E+02
  0.005   0.120   0.392723E+04 -0.100705E+04
  0.005   0.120   0.592626E+04 -0.598850E+02
  0.005   0.120   0.577324E+04 -0.133865E+04
  0.005   0.120   0.761844E+04 -0.598941E+02
  0.005   0.120   0.746597E+04 -0.151702E+04
  0.005   0.120   0.907915E+04 -0.598317E+02
  0.005   0.120   0.895109E+04 -0.151994E+04
  0.005   0.120   0.102640E+05 -0.597014E+02
  0.005   0.120   0.101754E+05 -0.134611E+04
  0.005   0.120   0.111369E+05 -0.595159E+02
  0.005   0.120   0.110906E+05 -0.101578E+04
  0.005   0.120   0.116715E+05 -0.592956E+02
  0.005   0.120   0.116578E+05 -0.568633E+03
  0.005   0.130   0.128671E+05 -0.587429E+02
  0.005   0.130   0.128671E+05 -0.587390E+02
  0.005   0.130   0.126715E+05 -0.584923E+02
  0.005   0.130   0.126600E+05  0.542493E+03
  0.005   0.130   0.120908E+05 -0.582973E+02
  0.005   0.130   0.120436E+05  0.107008E+04
  0.005   0.130   0.111427E+05 -0.581841E+02
  0.005   0.130   0.110470E+05  0.145974E+04
  0.005   0.130   0.985609E+04 -0.581695E+02
  0.005   0.130   0.971481E+04  0.166470E+04
  0.005   0.130   0.826998E+04 -0.582592E+02
  0.005   0.130   0.810179E+04  0.166123E+04
  0.005   0.130   0.643260E+04 -0.584471E+02
  0.005   0.130   0.626725E+04  0.145103E+04
  0.005   0.130   0.439977E+04 -0.587162E+02
  0.005   0.130   0.427064E+04  0.106046E+04
  0.005   0.130   0.223327E+04 -0.590408E+02
  0.005   0.130   0.216876E+04  0.536819E+03
  0.005   0.130  -0.109341E+01 -0.593890E+02
  0.005   0.130   0.150884E+02 -0.573761E+02
  0.005   0.130  -0.223543E+04 -0.597268E+02
  0.005   0.130  -0.213904E+04 -0.651681E+03
  0.005   0.130  -0.440186E+04 -0.600211E+02
  0.005   0.130  -0.424229E+04 -0.117564E+04
  0.005   0.130  -0.643456E+04 -0.602436E+02
  0.005   0.130  -0.624113E+04 -0.156670E+04
  0.005   0.130  -0.827177E+04 -0.603737E+02
  0.005   0.130  -0.807871E+04 -0.177749E+04
  0.005   0.130  -0.985767E+04 -0.604006E+02
  0.005   0.130  -0.969549E+04 -0.178160E+04
  0.005   0.130  -0.111441E+05 -0.603252E+02
  0.005   0.130  -0.110320E+05 -0.157723E+04
  0.005   0.130  -0.120919E+05 -0.601596E+02
  0.005   0.130  -0.120335E+05 -0.118806E+04
  0.005   0.130  -0.126723E+05 -0.599260E+02
  0.005   0.130  -0.126552E+05 -0.660781E+03
  0.005   0.130  -0.128676E+05 -0.596542E+02
  0.005   0.130  -0.128676E+05 -0.596504E+02
  0.005   0.130  -0.126720E+05 -0.593775E+02
  0.005   0.130  -0.126605E+05  0.541607E+03
  0.005   0.130  -0.120913E+05 -0.591288E+02
  0.005   0.130  -0.120441E+05  0.106925E+04
  0.005   0.130  -0.111433E+05 -0.589360E+02
  0.005   0.130  -0.110475E+05  0.145899E+04
  0.005   0.130  -0.985662E+04 -0.588191E+02
  0.005   0.130  -0.971535E+04  0.166405E+04
  0.005   0.130  -0.827051E+04 -0.587873E+02
  0.005   0.130  -0.810233E+04  0.166069E+04
  0.005   0.130  -0.643312E+04 -0.588386E+02
  0.005   0.130  -0.626778E+04  0.145064E+04
  0.005   0.130  -0.440028E+04 -0.589602E+02
  0.005   0.130  -0.427115E+04  0.106021E+04
  0.005   0.130  -0.223376E+04 -0.591306E+02
  0.005   0.130  -0.216925E+04  0.536725E+03
  0.005   0.130   0.625496E+00 -0.593224E+02
  0.005   0.130  -0.155574E+02 -0.573137E+02
  0.005   0.130   0.223498E+04 -0.595058E+02
  0.005   0.130   0.213859E+04 -0.651464E+03
  0.005   0.130   0.440143E+04 -0.596518E+02
  0.005   0.130   0.424186E+04 -0.117527E+04
  0.005   0.130   0.643414E+04 -0.597364E+02
  0.005   0.130   0.624071E+04 -0.156620E+04
  0.005   0.130   0.827136E+04 -0.597430E+02
  0.005   0.130   0.807829E+04 -0.177686E+04
  0.005   0.130   0.985725E+04 -0.596647E+02
  0.005   0.130   0.969508E+04 -0.178086E+04
  0.005   0.130   0.111436E+05 -0.595060E+02
  0.005   0.130   0.110316E+05 -0.157642E+04
  0.005   0.130   0.120914E+05 -0.592820E+02
  0.005   0.130   0.120331E+05 -0.118718E+04
  0.005   0.130   0.126718E+05 -0.590173E+02
  0.005   0.130   0.126547E+05 -0.659873E+03
  0.005   0.140   0.138898E+05 -0.583851E+02
  0.005   0.140   0.138898E+05 -0.583825E+02
  0.005   0.140   0.136786E+05 -0.580894E+02
  0.005   0.140   0.136636E+05  0.642815E+03
  0.005   0.140   0.130517E+05 -0.578611E+02
  0.005   0.140   0.129912E+05  0.125788E+04
  0.005   0.140   0.120283E+05 -0.577307E+02
  0.005   0.140   0.119062E+05  0.171175E+04
  0.005   0.140   0.106394E+05 -0.577182E+02
  0.005   0.140   0.104595E+05  0.194999E+04
  0.005   0.140   0.892721E+04 -0.578298E+02
  0.005   0.140   0.871311E+04  0.194520E+04
  0.005   0.140   0.694380E+04 -0.580581E+02
  0.005   0.140   0.673302E+04  0.169974E+04
  0.005   0.140   0.474942E+04 -0.583828E+02
  0.005   0.140   0.458404E+04  0.124453E+04
  0.005   0.140   0.241073E+04 -0.587730E+02
  0.005   0.140   0.232659E+04  0.634783E+03
  0.005   0.140  -0.120557E+01 -0.591914E+02
  0.005   0.140   0.161980E+02 -0.568526E+02
  0.005   0.140  -0.241311E+04 -0.595974E+02
  0.005   0.140  -0.229469E+04 -0.748616E+03
  0.005   0.140  -0.475172E+04 -0.599521E+02
  0.005   0.140  -0.455360E+04 -0.135873E+04
  0.005   0.140  -0.694597E+04 -0.602218E+02
  0.005   0.140  -0.670497E+04 -0.181450E+04
  0.005   0.140  -0.892919E+04 -0.603818E+02
  0.005   0.140  -0.868832E+04 -0.206066E+04
  0.005   0.140  -0.106411E+05 -0.604193E+02
  0.005   0.140  -0.104388E+05 -0.206618E+04
  0.005   0.140  -0.120298E+05 -0.603347E+02
  0.005   0.140  -0.118901E+05 -0.182864E+04
  0.005   0.140  -0.130529E+05 -0.601421E+02
  0.005   0.140  -0.129804E+05 -0.137533E+04
  0.005   0.140  -0.136794E+05 -0.598675E+02
  0.005   0.140  -0.136584E+05 -0.760625E+03
  0.005   0.140  -0.138903E+05 -0.595460E+02
  0.005   0.140  -0.138903E+05 -0.595435E+02
  0.005   0.140  -0.136791E+05 -0.592172E+02
  0.005   0.140  -0.136642E+05  0.641686E+03
  0.005   0.140  -0.130523E+05 -0.589202E+02
  0.005   0.140  -0.129918E+05  0.125682E+04
  0.005   0.140  -0.120289E+05 -0.586883E+02
  0.005   0.140  -0.119068E+05  0.171079E+04
  0.005   0.140  -0.106400E+05 -0.585452E+02
  0.005   0.140  -0.104601E+05  0.194916E+04
  0.005   0.140  -0.892785E+04 -0.585020E+02
  0.005   0.140  -0.871375E+04  0.194453E+04
  0.005   0.140  -0.694442E+04 -0.585564E+02
  0.005   0.140  -0.673364E+04  0.169923E+04
  0.005   0.140  -0.475002E+04 -0.586934E+02
  0.005   0.140  -0.458464E+04  0.124421E+04
  0.005   0.140  -0.241130E+04 -0.588879E+02
  0.005   0.140  -0.232716E+04  0.634663E+03
  0.005   0.140   0.660813E+00 -0.591076E+02
  0.005   0.140  -0.167433E+02 -0.567740E+02
  0.005   0.140   0.241260E+04 -0.593175E+02
  0.005   0.140   0.229417E+04 -0.748341E+03
  0.005   0.140   0.475122E+04 -0.594837E+02
  0.005   0.140   0.455311E+04 -0.135827E+04
  0.005   0.140   0.694549E+04 -0.595779E+02
  0.005   0.140   0.670450E+04 -0.181386E+04
  0.005   0.140   0.892873E+04 -0.595805E+02
  0.005   0.140   0.868786E+04 -0.205986E+04
  0.005   0.140   0.106407E+05 -0.594836E+02
  0.005   0.140   0.104383E+05 -0.206525E+04
  0.005   0.140   0.120293E+05 -0.592924E+02
  0.005   0.140   0.118896E+05 -0.182760E+04
  0.005   0.140   0.130524E+05 -0.590249E+02
  0.005   0.140   0.129799E+05 -0.137422E+04
  0.005   0.140   0.136789E+05 -0.587102E+02
  0.005   0.140   0.136579E+05 -0.759468E+03
