  0.002   0.050   0.148336E+00  0.204455E+02
  0.002   0.050   0.151352E+00  0.254988E+02
  0.002   0.050  -0.848122E+03  0.204527E+02
  0.002   0.050  -0.848441E+03  0.102592E+02
  0.002   0.050  -0.167062E+04  0.204805E+02
  0.002   0.050  -0.167048E+04 -0.336110E+02
  0.002   0.050  -0.244236E+04  0.205252E+02
  0.002   0.050  -0.244042E+04 -0.100798E+03
  0.002   0.050  -0.313990E+04  0.205810E+02
  0.002   0.050  -0.313466E+04 -0.183171E+03
  0.002   0.050  -0.374202E+04  0.206409E+02
  0.002   0.050  -0.373231E+04 -0.270779E+03
  0.002   0.050  -0.423045E+04  0.206975E+02
  0.002   0.050  -0.421578E+04 -0.353054E+03
  0.002   0.050  -0.459034E+04  0.207437E+02
  0.002   0.050  -0.457116E+04 -0.420091E+03
  0.002   0.050  -0.481075E+04  0.207739E+02
  0.002   0.050  -0.478842E+04 -0.463831E+03
  0.002   0.050  -0.488499E+04  0.207842E+02
  0.002   0.050  -0.486153E+04 -0.479021E+03
  0.002   0.050  -0.481080E+04  0.207736E+02
  0.002   0.050  -0.478848E+04 -0.463837E+03
  0.002   0.050  -0.459043E+04  0.207431E+02
  0.002   0.050  -0.457127E+04 -0.420103E+03
  0.002   0.050  -0.423059E+04  0.206967E+02
  0.002   0.050  -0.421594E+04 -0.353070E+03
  0.002   0.050  -0.374220E+04  0.206400E+02
  0.002   0.050  -0.373251E+04 -0.270796E+03
  0.002   0.050  -0.314010E+04  0.205801E+02
  0.002   0.050  -0.313489E+04 -0.183189E+03
  0.002   0.050  -0.244260E+04  0.205244E+02
  0.002   0.050  -0.244069E+04 -0.100813E+03
  0.002   0.050  -0.167088E+04  0.204799E+02
  0.002   0.050  -0.167077E+04 -0.336226E+02
  0.002   0.050  -0.848389E+03  0.204524E+02
  0.002   0.050  -0.848748E+03  0.102530E+02
  0.002   0.050  -0.122404E+00  0.204454E+02
  0.002   0.050  -0.160373E+00  0.254988E+02
  0.002   0.050   0.848148E+03  0.204603E+02
  0.002   0.050   0.848432E+03  0.102671E+02
  0.002   0.050   0.167065E+04  0.204954E+02
  0.002   0.050   0.167047E+04 -0.335954E+02
  0.002   0.050   0.244239E+04  0.205470E+02
  0.002   0.050   0.244041E+04 -0.100775E+03
  0.002   0.050   0.313992E+04  0.206090E+02
  0.002   0.050   0.313465E+04 -0.183142E+03
  0.002   0.050   0.374205E+04  0.206743E+02
  0.002   0.050   0.373230E+04 -0.270744E+03
  0.002   0.050   0.423048E+04  0.207352E+02
  0.002   0.050   0.421577E+04 -0.353015E+03
  0.002   0.050   0.459037E+04  0.207846E+02
  0.002   0.050   0.457115E+04 -0.420049E+03
  0.002   0.050   0.481078E+04  0.208168E+02
  0.002   0.050   0.478842E+04 -0.463786E+03
  0.002   0.050   0.488502E+04  0.208278E+02
  0.002   0.050   0.486153E+04 -0.478975E+03
  0.002   0.050   0.481083E+04  0.208165E+02
  0.002   0.050   0.478847E+04 -0.463792E+03
  0.002   0.050   0.459046E+04  0.207841E+02
  0.002   0.050   0.457126E+04 -0.420060E+03
  0.002   0.050   0.423061E+04  0.207345E+02
  0.002   0.050   0.421593E+04 -0.353030E+03
  0.002   0.050   0.374222E+04  0.206735E+02
  0.002   0.050   0.373250E+04 -0.270761E+03
  0.002   0.050   0.314013E+04  0.206082E+02
  0.002   0.050   0.313489E+04 -0.183159E+03
  0.002   0.050   0.244263E+04  0.205463E+02
  0.002   0.050   0.244068E+04 -0.100790E+03
  0.002   0.050   0.167090E+04  0.204949E+02
  0.002   0.050   0.167076E+04 -0.336070E+02
  0.002   0.050   0.848415E+03  0.204600E+02
  0.002   0.050   0.848739E+03  0.102609E+02
  0.002   0.060   0.190517E+00  0.192963E+02
  0.002   0.060   0.171721E+00  0.266262E+02
  0.002   0.060  -0.101870E+04  0.193061E+02
  0.002   0.060  -0.101906E+04  0.463021E+01
  0.002   0.060  -0.200665E+04  0.193462E+02
  0.002   0.060  -0.200599E+04 -0.586816E+02
  0.002   0.060  -0.293362E+04  0.194110E+02
  0.002   0.060  -0.292963E+04 -0.155625E+03
  0.002   0.060  -0.377146E+04  0.194923E+02
  0.002   0.060  -0.376158E+04 -0.274454E+03
  0.002   0.060  -0.449470E+04  0.195797E+02
  0.002   0.060  -0.447691E+04 -0.400799E+03
  0.002   0.060  -0.508137E+04  0.196623E+02
  0.002   0.060  -0.505486E+04 -0.519423E+03
  0.002   0.060  -0.551365E+04  0.197298E+02
  0.002   0.060  -0.547923E+04 -0.616054E+03
  0.002   0.060  -0.577840E+04  0.197738E+02
  0.002   0.060  -0.573847E+04 -0.679091E+03
  0.002   0.060  -0.586757E+04  0.197889E+02
  0.002   0.060  -0.582566E+04 -0.700980E+03
  0.002   0.060  -0.577846E+04  0.197733E+02
  0.002   0.060  -0.573853E+04 -0.679100E+03
  0.002   0.060  -0.551376E+04  0.197289E+02
  0.002   0.060  -0.547936E+04 -0.616070E+03
  0.002   0.060  -0.508154E+04  0.196612E+02
  0.002   0.060  -0.505505E+04 -0.519445E+03
  0.002   0.060  -0.449491E+04  0.195784E+02
  0.002   0.060  -0.447715E+04 -0.400825E+03
  0.002   0.060  -0.377171E+04  0.194910E+02
  0.002   0.060  -0.376187E+04 -0.274479E+03
  0.002   0.060  -0.293390E+04  0.194099E+02
  0.002   0.060  -0.292996E+04 -0.155648E+03
  0.002   0.060  -0.200695E+04  0.193453E+02
  0.002   0.060  -0.200634E+04 -0.586983E+02
  0.002   0.060  -0.101903E+04  0.193056E+02
  0.002   0.060  -0.101943E+04  0.462135E+01
  0.002   0.060  -0.134713E+00  0.192962E+02
  0.002   0.060  -0.203107E+00  0.266263E+02
  0.002   0.060   0.101876E+04  0.193189E+02
  0.002   0.060   0.101903E+04  0.464402E+01
  0.002   0.060   0.200670E+04  0.193713E+02
  0.002   0.060   0.200596E+04 -0.586544E+02
  0.002   0.060   0.293368E+04  0.194478E+02
  0.002   0.060   0.292960E+04 -0.155586E+03
  0.002   0.060   0.377151E+04  0.195396E+02
  0.002   0.060   0.376155E+04 -0.274403E+03
  0.002   0.060   0.449476E+04  0.196360E+02
  0.002   0.060   0.447688E+04 -0.400738E+03
  0.002   0.060   0.508143E+04  0.197259E+02
  0.002   0.060   0.505484E+04 -0.519354E+03
  0.002   0.060   0.551371E+04  0.197988E+02
  0.002   0.060   0.547921E+04 -0.615979E+03
  0.002   0.060   0.577846E+04  0.198461E+02
  0.002   0.060   0.573844E+04 -0.679013E+03
  0.002   0.060   0.586763E+04  0.198624E+02
  0.002   0.060   0.582563E+04 -0.700901E+03
  0.002   0.060   0.577852E+04  0.198457E+02
  0.002   0.060   0.573850E+04 -0.679022E+03
  0.002   0.060   0.551382E+04  0.197980E+02
  0.002   0.060   0.547933E+04 -0.615996E+03
  0.002   0.060   0.508160E+04  0.197249E+02
  0.002   0.060   0.505502E+04 -0.519377E+03
  0.002   0.060   0.449497E+04  0.196348E+02
  0.002   0.060   0.447712E+04 -0.400764E+03
  0.002   0.060   0.377176E+04  0.195384E+02
  0.002   0.060   0.376184E+04 -0.274428E+03
  0.002   0.060   0.293396E+04  0.194468E+02
  0.002   0.060   0.292993E+04 -0.155608E+03
  0.002   0.060   0.200701E+04  0.193706E+02
  0.002   0.060   0.200631E+04 -0.586712E+02
  0.002   0.060   0.101908E+04  0.193185E+02
  0.002   0.060   0.101940E+04  0.463506E+01
  0.003   0.070   0.242832E+00  0.179190E+02
  0.003   0.070   0.182308E+00  0.279780E+02
  0.003   0.070  -0.118979E+04  0.179318E+02
  0.003   0.070  -0.119018E+04 -0.204262E+01
  0.003   0.070  -0.234367E+04  0.179867E+02
  0.003   0.070  -0.234223E+04 -0.884393E+02
  0.003   0.070  -0.342634E+04  0.180762E+02
  0.003   0.070  -0.341941E+04 -0.220702E+03
  0.003   0.070  -0.440490E+04  0.181887E+02
  0.003   0.070  -0.438840E+04 -0.382778E+03
  0.003   0.070  -0.524963E+04  0.183097E+02
  0.003   0.070  -0.522035E+04 -0.555051E+03
  0.003   0.070  -0.593484E+04  0.184242E+02
  0.003   0.070  -0.589155E+04 -0.716745E+03
  0.003   0.070  -0.643973E+04  0.185177E+02
  0.003   0.070  -0.638375E+04 -0.848423E+03
  0.003   0.070  -0.674895E+04  0.185788E+02
  0.003   0.070  -0.668412E+04 -0.934306E+03
  0.003   0.070  -0.685310E+04  0.185998E+02
  0.003   0.070  -0.678510E+04 -0.964125E+03
  0.003   0.070  -0.674901E+04  0.185781E+02
  0.003   0.070  -0.668419E+04 -0.934318E+03
  0.003   0.070  -0.643986E+04  0.185166E+02
  0.003   0.070  -0.638390E+04 -0.848446E+03
  0.003   0.070  -0.593503E+04  0.184226E+02
  0.003   0.070  -0.589177E+04 -0.716776E+03
  0.003   0.070  -0.524987E+04  0.183080E+02
  0.003   0.070  -0.522063E+04 -0.555086E+03
  0.003   0.070  -0.440519E+04  0.181869E+02
  0.003   0.070  -0.438873E+04 -0.382813E+03
  0.003   0.070  -0.342667E+04  0.180746E+02
  0.003   0.070  -0.341978E+04 -0.220733E+03
  0.003   0.070  -0.234403E+04  0.179854E+02
  0.003   0.070  -0.234264E+04 -0.884620E+02
  0.003   0.070  -0.119016E+04  0.179311E+02
  0.003   0.070  -0.119061E+04 -0.205468E+01
  0.003   0.070  -0.136762E+00  0.179189E+02
  0.003   0.070  -0.254975E+00  0.279781E+02
  0.003   0.070   0.118990E+04  0.179514E+02
  0.003   0.070   0.119011E+04 -0.202049E+01
  0.003   0.070   0.234378E+04  0.180254E+02
  0.003   0.070   0.234216E+04 -0.883958E+02
  0.003   0.070   0.342645E+04  0.181329E+02
  0.003   0.070   0.341934E+04 -0.220639E+03
  0.003   0.070   0.440501E+04  0.182615E+02
  0.003   0.070   0.438833E+04 -0.382696E+03
  0.003   0.070   0.524974E+04  0.183965E+02
  0.003   0.070   0.522029E+04 -0.554954E+03
  0.003   0.070   0.593496E+04  0.185222E+02
  0.003   0.070   0.589149E+04 -0.716635E+03
  0.003   0.070   0.643984E+04  0.186241E+02
  0.003   0.070   0.638368E+04 -0.848304E+03
  0.003   0.070   0.674906E+04  0.186902E+02
  0.003   0.070   0.668405E+04 -0.934182E+03
  0.003   0.070   0.685321E+04  0.187129E+02
  0.003   0.070   0.678503E+04 -0.963998E+03
  0.003   0.070   0.674913E+04  0.186896E+02
  0.003   0.070   0.668413E+04 -0.934194E+03
  0.003   0.070   0.643997E+04  0.186230E+02
  0.003   0.070   0.638383E+04 -0.848327E+03
  0.003   0.070   0.593515E+04  0.185208E+02
  0.003   0.070   0.589171E+04 -0.716666E+03
  0.003   0.070   0.524998E+04  0.183949E+02
  0.003   0.070   0.522057E+04 -0.554989E+03
  0.003   0.070   0.440530E+04  0.182599E+02
  0.003   0.070   0.438867E+04 -0.382731E+03
  0.003   0.070   0.342678E+04  0.181315E+02
  0.003   0.070   0.341971E+04 -0.220670E+03
  0.003   0.070   0.234413E+04  0.180244E+02
  0.003   0.070   0.234257E+04 -0.884187E+02
  0.003   0.070   0.119027E+04  0.179509E+02
  0.003   0.070   0.119054E+04 -0.203274E+01
  0.003   0.080   0.309692E+00  0.163048E+02
  0.003   0.080   0.180628E+00  0.295635E+02
  0.003   0.080  -0.136146E+04  0.163209E+02
  0.003   0.080  -0.136187E+04 -0.976991E+01
  0.003   0.080  -0.268185E+04  0.163937E+02
  0.003   0.080  -0.267933E+04 -0.122949E+03
  0.003   0.080  -0.392077E+04  0.165129E+02
  0.003   0.080  -0.390982E+04 -0.296171E+03
  0.003   0.080  -0.504055E+04  0.166631E+02
  0.003   0.080  -0.501508E+04 -0.508368E+03
  0.003   0.080  -0.600718E+04  0.168248E+02
  0.003   0.080  -0.596242E+04 -0.733833E+03
  0.003   0.080  -0.679128E+04  0.169778E+02
  0.003   0.080  -0.672539E+04 -0.945373E+03
  0.003   0.080  -0.736904E+04  0.171028E+02
  0.003   0.080  -0.728402E+04 -0.111759E+04
  0.003   0.080  -0.772288E+04  0.171843E+02
  0.003   0.080  -0.762455E+04 -0.122988E+04
  0.003   0.080  -0.784206E+04  0.172124E+02
  0.003   0.080  -0.773896E+04 -0.126887E+04
  0.003   0.080  -0.772295E+04  0.171835E+02
  0.003   0.080  -0.762464E+04 -0.122990E+04
  0.003   0.080  -0.736919E+04  0.171012E+02
  0.003   0.080  -0.728419E+04 -0.111762E+04
  0.003   0.080  -0.679150E+04  0.169757E+02
  0.003   0.080  -0.672564E+04 -0.945413E+03
  0.003   0.080  -0.600746E+04  0.168225E+02
  0.003   0.080  -0.596273E+04 -0.733879E+03
  0.003   0.080  -0.504088E+04  0.166607E+02
  0.003   0.080  -0.501546E+04 -0.508414E+03
  0.003   0.080  -0.392114E+04  0.165108E+02
  0.003   0.080  -0.391025E+04 -0.296211E+03
  0.003   0.080  -0.268226E+04  0.163920E+02
  0.003   0.080  -0.267980E+04 -0.122979E+03
  0.003   0.080  -0.136188E+04  0.163200E+02
  0.003   0.080  -0.136237E+04 -0.978574E+01
  0.003   0.080  -0.125014E+00  0.163046E+02
  0.003   0.080  -0.321461E+00  0.295637E+02
  0.003   0.080   0.136164E+04  0.163492E+02
  0.003   0.080   0.136173E+04 -0.973656E+01
  0.003   0.080   0.268204E+04  0.164495E+02
  0.003   0.080   0.267919E+04 -0.122884E+03
  0.003   0.080   0.392095E+04  0.165946E+02
  0.003   0.080   0.390968E+04 -0.296075E+03
  0.003   0.080   0.504074E+04  0.167680E+02
  0.003   0.080   0.501495E+04 -0.508245E+03
  0.003   0.080   0.600737E+04  0.169498E+02
  0.003   0.080   0.596228E+04 -0.733687E+03
  0.003   0.080   0.679148E+04  0.171189E+02
  0.003   0.080   0.672526E+04 -0.945208E+03
  0.003   0.080   0.736923E+04  0.172558E+02
  0.003   0.080   0.728390E+04 -0.111741E+04
  0.003   0.080   0.772308E+04  0.173446E+02
  0.003   0.080   0.762443E+04 -0.122970E+04
  0.003   0.080   0.784226E+04  0.173752E+02
  0.003   0.080   0.773884E+04 -0.126868E+04
  0.003   0.080   0.772315E+04  0.173439E+02
  0.003   0.080   0.762451E+04 -0.122971E+04
  0.003   0.080   0.736938E+04  0.172544E+02
  0.003   0.080   0.728407E+04 -0.111744E+04
  0.003   0.080   0.679170E+04  0.171170E+02
  0.003   0.080   0.672551E+04 -0.945248E+03
  0.003   0.080   0.600765E+04  0.169476E+02
  0.003   0.080   0.596260E+04 -0.733733E+03
  0.003   0.080   0.504107E+04  0.167659E+02
  0.003   0.080   0.501533E+04 -0.508291E+03
  0.003   0.080   0.392133E+04  0.165928E+02
  0.003   0.080   0.391011E+04 -0.296116E+03
  0.003   0.080   0.268245E+04  0.164482E+02
  0.003   0.080   0.267966E+04 -0.122914E+03
  0.003   0.080   0.136207E+04  0.163486E+02
  0.003   0.080   0.136223E+04 -0.975269E+01
  0.003   0.090   0.392520E+00  0.144458E+02
  0.003   0.090   0.104927E+00  0.313662E+02
  0.003   0.090  -0.153379E+04  0.144659E+02
  0.003   0.090  -0.153430E+04 -0.185936E+02
  0.003   0.090  -0.302137E+04  0.145601E+02
  0.003   0.090  -0.301748E+04 -0.162320E+03
  0.003   0.090  -0.441715E+04  0.147150E+02
  0.003   0.090  -0.440101E+04 -0.382230E+03
  0.003   0.090  -0.567872E+04  0.149102E+02
  0.003   0.090  -0.564163E+04 -0.651519E+03
  0.003   0.090  -0.676774E+04  0.151206E+02
  0.003   0.090  -0.670289E+04 -0.937525E+03
  0.003   0.090  -0.765113E+04  0.153196E+02
  0.003   0.090  -0.755592E+04 -0.120575E+04
  0.003   0.090  -0.830204E+04  0.154822E+02
  0.003   0.090  -0.817939E+04 -0.142403E+04
  0.003   0.090  -0.870068E+04  0.155883E+02
  0.003   0.090  -0.855893E+04 -0.156633E+04
  0.003   0.090  -0.883496E+04  0.156248E+02
  0.003   0.090  -0.868635E+04 -0.161572E+04
  0.003   0.090  -0.870077E+04  0.155873E+02
  0.003   0.090  -0.855901E+04 -0.156634E+04
  0.003   0.090  -0.830220E+04  0.154803E+02
  0.003   0.090  -0.817954E+04 -0.142406E+04
  0.003   0.090  -0.765137E+04  0.153170E+02
  0.003   0.090  -0.755614E+04 -0.120579E+04
  0.003   0.090  -0.676805E+04  0.151176E+02
  0.003   0.090  -0.670318E+04 -0.937571E+03
  0.003   0.090  -0.567909E+04  0.149072E+02
  0.003   0.090  -0.564197E+04 -0.651566E+03
  0.003   0.090  -0.441757E+04  0.147123E+02
  0.003   0.090  -0.440139E+04 -0.382271E+03
  0.003   0.090  -0.302183E+04  0.145580E+02
  0.003   0.090  -0.301790E+04 -0.162350E+03
  0.003   0.090  -0.153427E+04  0.144647E+02
  0.003   0.090  -0.153474E+04 -0.186098E+02
  0.003   0.090  -0.921415E-01  0.144455E+02
  0.003   0.090  -0.341512E+00  0.313665E+02
  0.003   0.090   0.153409E+04  0.145045E+02
  0.003   0.090   0.153406E+04 -0.185458E+02
  0.003   0.090   0.302168E+04  0.146363E+02
  0.003   0.090   0.301724E+04 -0.162226E+03
  0.003   0.090   0.441746E+04  0.148264E+02
  0.003   0.090   0.440078E+04 -0.382093E+03
  0.003   0.090   0.567903E+04  0.150533E+02
  0.003   0.090   0.564140E+04 -0.651343E+03
  0.003   0.090   0.676806E+04  0.152909E+02
  0.003   0.090   0.670267E+04 -0.937315E+03
  0.003   0.090   0.765145E+04  0.155119E+02
  0.003   0.090   0.755571E+04 -0.120552E+04
  0.003   0.090   0.830236E+04  0.156906E+02
  0.003   0.090   0.817918E+04 -0.142378E+04
  0.003   0.090   0.870101E+04  0.158066E+02
  0.003   0.090   0.855872E+04 -0.156606E+04
  0.003   0.090   0.883528E+04  0.158465E+02
  0.003   0.090   0.868614E+04 -0.161544E+04
  0.003   0.090   0.870109E+04  0.158057E+02
  0.003   0.090   0.855880E+04 -0.156608E+04
  0.003   0.090   0.830252E+04  0.156889E+02
  0.003   0.090   0.817933E+04 -0.142381E+04
  0.003   0.090   0.765169E+04  0.155095E+02
  0.003   0.090   0.755593E+04 -0.120556E+04
  0.003   0.090   0.676837E+04  0.152883E+02
  0.003   0.090   0.670295E+04 -0.937362E+03
  0.003   0.090   0.567940E+04  0.150507E+02
  0.003   0.090   0.564174E+04 -0.651391E+03
  0.003   0.090   0.441788E+04  0.148241E+02
  0.003   0.090   0.440116E+04 -0.382135E+03
  0.003   0.090   0.302213E+04  0.146347E+02
  0.003   0.090   0.301766E+04 -0.162257E+03
  0.003   0.090   0.153457E+04  0.145038E+02
  0.003   0.090   0.153450E+04 -0.185624E+02
  0.004   0.100   0.507860E+00  0.123239E+02
  0.004   0.100   0.116198E+00  0.334770E+02
  0.004   0.100  -0.170688E+04  0.123492E+02
  0.004   0.100  -0.170736E+04 -0.284435E+02
  0.004   0.100  -0.336239E+04  0.124690E+02
  0.004   0.100  -0.335661E+04 -0.206547E+03
  0.004   0.100  -0.491575E+04  0.126666E+02
  0.004   0.100  -0.489288E+04 -0.478973E+03
  0.004   0.100  -0.631974E+04  0.129155E+02
  0.004   0.100  -0.626781E+04 -0.812430E+03
  0.004   0.100  -0.753171E+04  0.131839E+02
  0.004   0.100  -0.744135E+04 -0.116642E+04
  0.004   0.100  -0.851483E+04  0.134375E+02
  0.004   0.100  -0.838250E+04 -0.149824E+04
  0.004   0.100  -0.923923E+04  0.136448E+02
  0.004   0.100  -0.906898E+04 -0.176817E+04
  0.004   0.100  -0.968289E+04  0.137801E+02
  0.004   0.100  -0.948625E+04 -0.194407E+04
  0.004   0.100  -0.983232E+04  0.138266E+02
  0.004   0.100  -0.962623E+04 -0.200512E+04
  0.004   0.100  -0.968298E+04  0.137787E+02
  0.004   0.100  -0.948635E+04 -0.194410E+04
  0.004   0.100  -0.923942E+04  0.136423E+02
  0.004   0.100  -0.906919E+04 -0.176822E+04
  0.004   0.100  -0.851511E+04  0.134342E+02
  0.004   0.100  -0.838280E+04 -0.149831E+04
  0.004   0.100  -0.753207E+04  0.131800E+02
  0.004   0.100  -0.744175E+04 -0.116649E+04
  0.004   0.100  -0.632016E+04  0.129117E+02
  0.004   0.100  -0.626829E+04 -0.812502E+03
  0.004   0.100  -0.491622E+04  0.126631E+02
  0.004   0.100  -0.489342E+04 -0.479036E+03
  0.004   0.100  -0.336291E+04  0.124663E+02
  0.004   0.100  -0.335720E+04 -0.206594E+03
  0.004   0.100  -0.170742E+04  0.123475E+02
  0.004   0.100  -0.170798E+04 -0.284684E+02
  0.004   0.100  -0.413789E-01  0.123235E+02
  0.004   0.100  -0.513640E+00  0.334774E+02
  0.004   0.100   0.170734E+04  0.123994E+02
  0.004   0.100   0.170696E+04 -0.283769E+02
  0.004   0.100   0.336286E+04  0.125682E+02
  0.004   0.100   0.335622E+04 -0.206416E+03
  0.004   0.100   0.491622E+04  0.128116E+02
  0.004   0.100   0.489249E+04 -0.478782E+03
  0.004   0.100   0.632022E+04  0.131017E+02
  0.004   0.100   0.626743E+04 -0.812185E+03
  0.004   0.100   0.753220E+04  0.134054E+02
  0.004   0.100   0.744098E+04 -0.116613E+04
  0.004   0.100   0.851532E+04  0.136876E+02
  0.004   0.100   0.838213E+04 -0.149792E+04
  0.004   0.100   0.923972E+04  0.139158E+02
  0.004   0.100   0.906862E+04 -0.176781E+04
  0.004   0.100   0.968338E+04  0.140638E+02
  0.004   0.100   0.948589E+04 -0.194370E+04
  0.004   0.100   0.983281E+04  0.141147E+02
  0.004   0.100   0.962587E+04 -0.200474E+04
  0.004   0.100   0.968348E+04  0.140626E+02
  0.004   0.100   0.948599E+04 -0.194373E+04
  0.004   0.100   0.923991E+04  0.139135E+02
  0.004   0.100   0.906883E+04 -0.176786E+04
  0.004   0.100   0.851560E+04  0.136846E+02
  0.004   0.100   0.838244E+04 -0.149798E+04
  0.004   0.100   0.753255E+04  0.134020E+02
  0.004   0.100   0.744138E+04 -0.116620E+04
  0.004   0.100   0.632064E+04  0.130984E+02
  0.004   0.100   0.626791E+04 -0.812257E+03
  0.004   0.100   0.491670E+04  0.128087E+02
  0.004   0.100   0.489303E+04 -0.478846E+03
  0.004   0.100   0.336338E+04  0.125663E+02
  0.004   0.100   0.335681E+04 -0.206464E+03
  0.004   0.100   0.170788E+04  0.123985E+02
  0.004   0.100   0.170758E+04 -0.284024E+02
  0.004   0.110   0.650239E+00  0.993187E+01
  0.004   0.110   0.417717E-01  0.358281E+02
  0.004   0.110  -0.188080E+04  0.996382E+01
  0.004   0.110  -0.188134E+04 -0.394240E+02
  0.004   0.110  -0.370510E+04  0.101146E+02
  0.004   0.110  -0.369705E+04 -0.255826E+03
  0.004   0.110  -0.541681E+04  0.103630E+02
  0.004   0.110  -0.538570E+04 -0.586714E+03
  0.004   0.110  -0.696395E+04  0.106759E+02
  0.004   0.110  -0.689374E+04 -0.991542E+03
  0.004   0.110  -0.829949E+04  0.110129E+02
  0.004   0.110  -0.817766E+04 -0.142107E+04
  0.004   0.110  -0.938285E+04  0.113314E+02
  0.004   0.110  -0.920470E+04 -0.182348E+04
  0.004   0.110  -0.101811E+05  0.115915E+02
  0.004   0.110  -0.995211E+04 -0.215068E+04
  0.004   0.110  -0.106700E+05  0.117612E+02
  0.004   0.110  -0.104056E+05 -0.236383E+04
  0.004   0.110  -0.108347E+05  0.118196E+02
  0.004   0.110  -0.105576E+05 -0.243779E+04
  0.004   0.110  -0.106701E+05  0.117596E+02
  0.004   0.110  -0.104057E+05 -0.236386E+04
  0.004   0.110  -0.101813E+05  0.115885E+02
  0.004   0.110  -0.995234E+04 -0.215074E+04
  0.004   0.110  -0.938315E+04  0.113272E+02
  0.004   0.110  -0.920504E+04 -0.182356E+04
  0.004   0.110  -0.829988E+04  0.110081E+02
  0.004   0.110  -0.817810E+04 -0.142115E+04
  0.004   0.110  -0.696441E+04  0.106710E+02
  0.004   0.110  -0.689426E+04 -0.991629E+03
  0.004   0.110  -0.541734E+04  0.103586E+02
  0.004   0.110  -0.538629E+04 -0.586791E+03
  0.004   0.110  -0.370567E+04  0.101113E+02
  0.004   0.110  -0.369769E+04 -0.255883E+03
  0.004   0.110  -0.188140E+04  0.996179E+01
  0.004   0.110  -0.188202E+04 -0.394542E+02
  0.004   0.110   0.444609E-01  0.993136E+01
  0.004   0.110  -0.651429E+00  0.358286E+02
  0.004   0.110   0.188149E+04  0.100266E+02
  0.004   0.110   0.188073E+04 -0.393341E+02
  0.004   0.110   0.370580E+04  0.102386E+02
  0.004   0.110   0.369644E+04 -0.255649E+03
  0.004   0.110   0.541752E+04  0.105442E+02
  0.004   0.110   0.538510E+04 -0.586457E+03
  0.004   0.110   0.696466E+04  0.109084E+02
  0.004   0.110   0.689315E+04 -0.991212E+03
  0.004   0.110   0.830021E+04  0.112895E+02
  0.004   0.110   0.817709E+04 -0.142067E+04
  0.004   0.110   0.938357E+04  0.116434E+02
  0.004   0.110   0.920413E+04 -0.182304E+04
  0.004   0.110   0.101818E+05  0.119295E+02
  0.004   0.110   0.995155E+04 -0.215020E+04
  0.004   0.110   0.106707E+05  0.121151E+02
  0.004   0.110   0.104051E+05 -0.236333E+04
  0.004   0.110   0.108354E+05  0.121788E+02
  0.004   0.110   0.105571E+05 -0.243728E+04
  0.004   0.110   0.106708E+05  0.121136E+02
  0.004   0.110   0.104052E+05 -0.236336E+04
  0.004   0.110   0.101820E+05  0.119268E+02
  0.004   0.110   0.995178E+04 -0.215026E+04
  0.004   0.110   0.938388E+04  0.116397E+02
  0.004   0.110   0.920447E+04 -0.182312E+04
  0.004   0.110   0.830060E+04  0.112854E+02
  0.004   0.110   0.817752E+04 -0.142076E+04
  0.004   0.110   0.696513E+04  0.109044E+02
  0.004   0.110   0.689368E+04 -0.991300E+03
  0.004   0.110   0.541805E+04  0.105407E+02
  0.004   0.110   0.538570E+04 -0.586535E+03
  0.004   0.110   0.370636E+04  0.102363E+02
  0.004   0.110   0.369709E+04 -0.255707E+03
  0.004   0.110   0.188209E+04  0.100256E+02
  0.004   0.110   0.188141E+04 -0.393652E+02
  0.005   0.120   0.831139E+00  0.725662E+01
  0.005   0.120  -0.709101E-01  0.384610E+02
  0.005   0.120  -0.205565E+04  0.729736E+01
  0.005   0.120  -0.205627E+04 -0.515259E+02
  0.005   0.120  -0.404966E+04  0.748549E+01
  0.005   0.120  -0.403885E+04 -0.310237E+03
  0.005   0.120  -0.592062E+04  0.779447E+01
  0.005   0.120  -0.587947E+04 -0.705665E+03
  0.005   0.120  -0.761169E+04  0.818324E+01
  0.005   0.120  -0.751927E+04 -0.118920E+04
  0.005   0.120  -0.907148E+04  0.860164E+01
  0.005   0.120  -0.891145E+04 -0.170193E+04
  0.005   0.120  -0.102556E+05  0.899673E+01
  0.005   0.120  -0.100219E+05 -0.218202E+04
  0.005   0.120  -0.111282E+05  0.931929E+01
  0.005   0.120  -0.108279E+05 -0.257217E+04
  0.005   0.120  -0.116625E+05  0.952960E+01
  0.005   0.120  -0.113160E+05 -0.282623E+04
  0.005   0.120  -0.118425E+05  0.960197E+01
  0.005   0.120  -0.114794E+05 -0.291436E+04
  0.005   0.120  -0.116627E+05  0.952761E+01
  0.005   0.120  -0.113161E+05 -0.282626E+04
  0.005   0.120  -0.111284E+05  0.931556E+01
  0.005   0.120  -0.108281E+05 -0.257223E+04
  0.005   0.120  -0.102560E+05  0.899169E+01
  0.005   0.120  -0.100223E+05 -0.218211E+04
  0.005   0.120  -0.907191E+04  0.859587E+01
  0.005   0.120  -0.891193E+04 -0.170204E+04
  0.005   0.120  -0.761220E+04  0.817740E+01
  0.005   0.120  -0.751984E+04 -0.118931E+04
  0.005   0.120  -0.592119E+04  0.778921E+01
  0.005   0.120  -0.588012E+04 -0.705756E+03
  0.005   0.120  -0.405028E+04  0.748139E+01
  0.005   0.120  -0.403956E+04 -0.310305E+03
  0.005   0.120  -0.205630E+04  0.729485E+01
  0.005   0.120  -0.205701E+04 -0.515618E+02
  0.005   0.120   0.168437E+00  0.725593E+01
  0.005   0.120  -0.826873E+00  0.384616E+02
  0.005   0.120   0.205665E+04  0.737292E+01
  0.005   0.120   0.205537E+04 -0.514075E+02
  0.005   0.120   0.405066E+04  0.763476E+01
  0.005   0.120   0.403797E+04 -0.310005E+03
  0.005   0.120   0.592163E+04  0.801249E+01
  0.005   0.120   0.587860E+04 -0.705326E+03
  0.005   0.120   0.761271E+04  0.846291E+01
  0.005   0.120   0.751840E+04 -0.118877E+04
  0.005   0.120   0.907251E+04  0.893403E+01
  0.005   0.120   0.891060E+04 -0.170142E+04
  0.005   0.120   0.102567E+05  0.937151E+01
  0.005   0.120   0.100210E+05 -0.218144E+04
  0.005   0.120   0.111292E+05  0.972507E+01
  0.005   0.120   0.108271E+05 -0.257154E+04
  0.005   0.120   0.116636E+05  0.995429E+01
  0.005   0.120   0.113152E+05 -0.282557E+04
  0.005   0.120   0.118436E+05  0.100331E+02
  0.005   0.120   0.114786E+05 -0.291369E+04
  0.005   0.120   0.116637E+05  0.995254E+01
  0.005   0.120   0.113153E+05 -0.282560E+04
  0.005   0.120   0.111294E+05  0.972179E+01
  0.005   0.120   0.108273E+05 -0.257160E+04
  0.005   0.120   0.102570E+05  0.936714E+01
  0.005   0.120   0.100214E+05 -0.218153E+04
  0.005   0.120   0.907294E+04  0.892912E+01
  0.005   0.120   0.891108E+04 -0.170152E+04
  0.005   0.120   0.761322E+04  0.845810E+01
  0.005   0.120   0.751897E+04 -0.118887E+04
  0.005   0.120   0.592221E+04  0.800841E+01
  0.005   0.120   0.587924E+04 -0.705419E+03
  0.005   0.120   0.405129E+04  0.763194E+01
  0.005   0.120   0.403867E+04 -0.310074E+03
  0.005   0.120   0.205730E+04  0.737175E+01
  0.005   0.120   0.205611E+04 -0.514446E+02
  0.005   0.130   0.106117E+01  0.428069E+01
  0.005   0.130  -0.231208E+00  0.413923E+02
  0.005   0.130  -0.223150E+04  0.433323E+01
  0.005   0.130  -0.223224E+04 -0.647708E+02
  0.005   0.130  -0.439626E+04  0.456655E+01
  0.005   0.130  -0.438217E+04 -0.369907E+03
  0.005   0.130  -0.642743E+04  0.494790E+01
  0.005   0.130  -0.637428E+04 -0.836093E+03
  0.005   0.130  -0.826331E+04  0.542672E+01
  0.005   0.130  -0.814430E+04 -0.140583E+04
  0.005   0.130  -0.984811E+04  0.594135E+01
  0.005   0.130  -0.964237E+04 -0.200957E+04
  0.005   0.130  -0.111337E+05  0.642682E+01
  0.005   0.130  -0.108334E+05 -0.257451E+04
  0.005   0.130  -0.120809E+05  0.682289E+01
  0.005   0.130  -0.116954E+05 -0.303334E+04
  0.005   0.130  -0.126611E+05  0.708102E+01
  0.005   0.130  -0.122163E+05 -0.333200E+04
  0.005   0.130  -0.128565E+05  0.716984E+01
  0.005   0.130  -0.123905E+05 -0.343558E+04
  0.005   0.130  -0.126612E+05  0.707863E+01
  0.005   0.130  -0.122164E+05 -0.333204E+04
  0.005   0.130  -0.120812E+05  0.681841E+01
  0.005   0.130  -0.116957E+05 -0.303342E+04
  0.005   0.130  -0.111340E+05  0.642076E+01
  0.005   0.130  -0.108338E+05 -0.257461E+04
  0.005   0.130  -0.984857E+04  0.593440E+01
  0.005   0.130  -0.964288E+04 -0.200969E+04
  0.005   0.130  -0.826386E+04  0.541969E+01
  0.005   0.130  -0.814492E+04 -0.140595E+04
  0.005   0.130  -0.642805E+04  0.494156E+01
  0.005   0.130  -0.637498E+04 -0.836201E+03
  0.005   0.130  -0.439694E+04  0.456159E+01
  0.005   0.130  -0.438294E+04 -0.369987E+03
  0.005   0.130  -0.223222E+04  0.433016E+01
  0.005   0.130  -0.223305E+04 -0.648129E+02
  0.005   0.130   0.338644E+00  0.427979E+01
  0.005   0.130  -0.104872E+01  0.413931E+02
  0.005   0.130   0.223291E+04  0.442075E+01
  0.005   0.130   0.223097E+04 -0.646178E+02
  0.005   0.130   0.439766E+04  0.473948E+01
  0.005   0.130   0.438091E+04 -0.369607E+03
  0.005   0.130   0.642884E+04  0.520039E+01
  0.005   0.130   0.637303E+04 -0.835656E+03
  0.005   0.130   0.826473E+04  0.575041E+01
  0.005   0.130   0.814307E+04 -0.140527E+04
  0.005   0.130   0.984954E+04  0.632579E+01
  0.005   0.130   0.964116E+04 -0.200891E+04
  0.005   0.130   0.111351E+05  0.686000E+01
  0.005   0.130   0.108322E+05 -0.257376E+04
  0.005   0.130   0.120824E+05  0.729164E+01
  0.005   0.130   0.116942E+05 -0.303253E+04
  0.005   0.130   0.126625E+05  0.757144E+01
  0.005   0.130   0.122151E+05 -0.333115E+04
  0.005   0.130   0.128579E+05  0.766764E+01
  0.005   0.130   0.123893E+05 -0.343472E+04
  0.005   0.130   0.126626E+05  0.756936E+01
  0.005   0.130   0.122153E+05 -0.333119E+04
  0.005   0.130   0.120826E+05  0.728775E+01
  0.005   0.130   0.116945E+05 -0.303261E+04
  0.005   0.130   0.111355E+05  0.685481E+01
  0.005   0.130   0.108326E+05 -0.257387E+04
  0.005   0.130   0.985001E+04  0.631997E+01
  0.005   0.130   0.964167E+04 -0.200903E+04
  0.005   0.130   0.826529E+04  0.574472E+01
  0.005   0.130   0.814369E+04 -0.140539E+04
  0.005   0.130   0.642947E+04  0.519559E+01
  0.005   0.130   0.637373E+04 -0.835766E+03
  0.005   0.130   0.439834E+04  0.473620E+01
  0.005   0.130   0.438167E+04 -0.369689E+03
  0.005   0.130   0.223362E+04  0.441944E+01
  0.005   0.130   0.223177E+04 -0.646615E+02
  0.005   0.140   0.134729E+01  0.987481E+00
  0.005   0.140  -0.444350E+00  0.446334E+02
  0.005   0.140  -0.240847E+04  0.105591E+01
  0.005   0.140  -0.240937E+04 -0.791893E+02
  0.005   0.140  -0.474509E+04  0.134408E+01
  0.005   0.140  -0.472713E+04 -0.434982E+03
  0.005   0.140  -0.693752E+04  0.181189E+01
  0.005   0.140  -0.687018E+04 -0.978305E+03
  0.005   0.140  -0.891917E+04  0.239755E+01
  0.005   0.140  -0.876872E+04 -0.164190E+04
  0.005   0.140  -0.106298E+05  0.302589E+01
  0.005   0.140  -0.103700E+05 -0.234459E+04
  0.005   0.140  -0.120174E+05  0.361792E+01
  0.005   0.140  -0.116386E+05 -0.300166E+04
  0.005   0.140  -0.130399E+05  0.410049E+01
  0.005   0.140  -0.125537E+05 -0.353497E+04
  0.005   0.140  -0.136661E+05  0.441479E+01
  0.005   0.140  -0.131053E+05 -0.388195E+04
  0.005   0.140  -0.138770E+05  0.452293E+01
  0.005   0.140  -0.132895E+05 -0.400226E+04
  0.005   0.140  -0.136663E+05  0.441192E+01
  0.005   0.140  -0.131054E+05 -0.388200E+04
  0.005   0.140  -0.130402E+05  0.409508E+01
  0.005   0.140  -0.125540E+05 -0.353506E+04
  0.005   0.140  -0.120178E+05  0.361061E+01
  0.005   0.140  -0.116390E+05 -0.300178E+04
  0.005   0.140  -0.106303E+05  0.301752E+01
  0.005   0.140  -0.103706E+05 -0.234474E+04
  0.005   0.140  -0.891976E+04  0.238907E+01
  0.005   0.140  -0.876939E+04 -0.164204E+04
  0.005   0.140  -0.693820E+04  0.180422E+01
  0.005   0.140  -0.687094E+04 -0.978431E+03
  0.005   0.140  -0.474582E+04  0.133807E+01
  0.005   0.140  -0.472796E+04 -0.435075E+03
  0.005   0.140  -0.240923E+04  0.105215E+01
  0.005   0.140  -0.241024E+04 -0.792385E+02
  0.005   0.140   0.568447E+00  0.986328E+00
  0.005   0.140  -0.132987E+01  0.446345E+02
  0.005   0.140   0.241039E+04  0.115323E+01
  0.005   0.140   0.240760E+04 -0.789949E+02
  0.005   0.140   0.474701E+04  0.153645E+01
  0.005   0.140   0.472537E+04 -0.434601E+03
  0.005   0.140   0.693946E+04  0.209262E+01
  0.005   0.140   0.686845E+04 -0.977751E+03
  0.005   0.140   0.892111E+04  0.275717E+01
  0.005   0.140   0.876702E+04 -0.164119E+04
  0.005   0.140   0.106318E+05  0.345265E+01
  0.005   0.140   0.103683E+05 -0.234375E+04
  0.005   0.140   0.120194E+05  0.409837E+01
  0.005   0.140   0.116369E+05 -0.300071E+04
  0.005   0.140   0.130419E+05  0.462004E+01
  0.005   0.140   0.125520E+05 -0.353394E+04
  0.005   0.140   0.136681E+05  0.495814E+01
  0.005   0.140   0.131036E+05 -0.388088E+04
  0.005   0.140   0.138790E+05  0.507437E+01
  0.005   0.140   0.132878E+05 -0.400117E+04
  0.005   0.140   0.136683E+05  0.495565E+01
  0.005   0.140   0.131038E+05 -0.388093E+04
  0.005   0.140   0.130422E+05  0.461539E+01
  0.005   0.140   0.125523E+05 -0.353404E+04
  0.005   0.140   0.120198E+05  0.409218E+01
  0.005   0.140   0.116373E+05 -0.300083E+04
  0.005   0.140   0.106323E+05  0.344572E+01
  0.005   0.140   0.103689E+05 -0.234389E+04
  0.005   0.140   0.892171E+04  0.275042E+01
  0.005   0.140   0.876768E+04 -0.164133E+04
  0.005   0.140   0.694013E+04  0.208693E+01
  0.005   0.140   0.686920E+04 -0.977878E+03
  0.005   0.140   0.474774E+04  0.153259E+01
  0.005   0.140   0.472620E+04 -0.434696E+03
  0.005   0.140   0.241115E+04  0.115174E+01
  0.005   0.140   0.240848E+04 -0.790463E+02
