  0.002   0.050  -0.104073E+01  0.155265E+02
  0.002   0.050  -0.104096E+01  0.155320E+02
  0.002   0.050  -0.186780E+01  0.155280E+02
  0.002   0.050  -0.214674E+01  0.154974E+02
  0.002   0.050  -0.263808E+01  0.155290E+02
  0.002   0.050  -0.318615E+01  0.154315E+02
  0.002   0.050  -0.332817E+01  0.155295E+02
  0.002   0.050  -0.412707E+01  0.153421E+02
  0.002   0.050  -0.391709E+01  0.155294E+02
  0.002   0.050  -0.494081E+01  0.152401E+02
  0.002   0.050  -0.438696E+01  0.155286E+02
  0.002   0.050  -0.560302E+01  0.151379E+02
  0.002   0.050  -0.472349E+01  0.155273E+02
  0.002   0.050  -0.609431E+01  0.150477E+02
  0.002   0.050  -0.491646E+01  0.155257E+02
  0.002   0.050  -0.640066E+01  0.149803E+02
  0.002   0.050  -0.496001E+01  0.155239E+02
  0.002   0.050  -0.651360E+01  0.149440E+02
  0.002   0.050  -0.485280E+01  0.155221E+02
  0.002   0.050  -0.643023E+01  0.149430E+02
  0.002   0.050  -0.459811E+01  0.155206E+02
  0.002   0.050  -0.615317E+01  0.149775E+02
  0.002   0.050  -0.420366E+01  0.155196E+02
  0.002   0.050  -0.569048E+01  0.150433E+02
  0.002   0.050  -0.368144E+01  0.155191E+02
  0.002   0.050  -0.505549E+01  0.151325E+02
  0.002   0.050  -0.304733E+01  0.155192E+02
  0.002   0.050  -0.426658E+01  0.152344E+02
  0.002   0.050  -0.232059E+01  0.155200E+02
  0.002   0.050  -0.334690E+01  0.153367E+02
  0.002   0.050  -0.152330E+01  0.155213E+02
  0.002   0.050  -0.232384E+01  0.154270E+02
  0.002   0.050  -0.679693E+00  0.155229E+02
  0.002   0.050  -0.122839E+01  0.154945E+02
  0.002   0.050   0.184608E+00  0.155247E+02
  0.002   0.050  -0.942085E-01  0.155310E+02
  0.002   0.050   0.104334E+01  0.155265E+02
  0.002   0.050   0.104351E+01  0.155320E+02
  0.002   0.050   0.187041E+01  0.155280E+02
  0.002   0.050   0.214929E+01  0.154974E+02
  0.002   0.050   0.264069E+01  0.155290E+02
  0.002   0.050   0.318869E+01  0.154315E+02
  0.002   0.050   0.333077E+01  0.155295E+02
  0.002   0.050   0.412961E+01  0.153421E+02
  0.002   0.050   0.391970E+01  0.155293E+02
  0.002   0.050   0.494335E+01  0.152401E+02
  0.002   0.050   0.438956E+01  0.155285E+02
  0.002   0.050   0.560556E+01  0.151378E+02
  0.002   0.050   0.472609E+01  0.155273E+02
  0.002   0.050   0.609685E+01  0.150476E+02
  0.002   0.050   0.491907E+01  0.155256E+02
  0.002   0.050   0.640321E+01  0.149803E+02
  0.002   0.050   0.496261E+01  0.155238E+02
  0.002   0.050   0.651614E+01  0.149439E+02
  0.002   0.050   0.485541E+01  0.155220E+02
  0.002   0.050   0.643277E+01  0.149430E+02
  0.002   0.050   0.460071E+01  0.155205E+02
  0.002   0.050   0.615571E+01  0.149774E+02
  0.002   0.050   0.420626E+01  0.155195E+02
  0.002   0.050   0.569303E+01  0.150432E+02
  0.002   0.050   0.368405E+01  0.155190E+02
  0.002   0.050   0.505803E+01  0.151325E+02
  0.002   0.050   0.304994E+01  0.155192E+02
  0.002   0.050   0.426913E+01  0.152343E+02
  0.002   0.050   0.232320E+01  0.155199E+02
  0.002   0.050   0.334944E+01  0.153366E+02
  0.002   0.050   0.152591E+01  0.155212E+02
  0.002   0.050   0.232638E+01  0.154270E+02
  0.002   0.050   0.682301E+00  0.155229E+02
  0.002   0.050   0.123093E+01  0.154945E+02
  0.002   0.050  -0.181999E+00  0.155247E+02
  0.002   0.050   0.967538E-01  0.155310E+02
  0.002   0.060  -0.125019E+01  0.155205E+02
  0.002   0.060  -0.125048E+01  0.155286E+02
  0.002   0.060  -0.224392E+01  0.155227E+02
  0.002   0.060  -0.257889E+01  0.154787E+02
  0.002   0.060  -0.316941E+01  0.155243E+02
  0.002   0.060  -0.382696E+01  0.153835E+02
  0.002   0.060  -0.399855E+01  0.155250E+02
  0.002   0.060  -0.495586E+01  0.152545E+02
  0.002   0.060  -0.470614E+01  0.155248E+02
  0.002   0.060  -0.593110E+01  0.151073E+02
  0.002   0.060  -0.527068E+01  0.155237E+02
  0.002   0.060  -0.672369E+01  0.149598E+02
  0.002   0.060  -0.567502E+01  0.155218E+02
  0.002   0.060  -0.731084E+01  0.148297E+02
  0.002   0.060  -0.590686E+01  0.155194E+02
  0.002   0.060  -0.767627E+01  0.147327E+02
  0.002   0.060  -0.595917E+01  0.155168E+02
  0.002   0.060  -0.781032E+01  0.146803E+02
  0.002   0.060  -0.583035E+01  0.155143E+02
  0.002   0.060  -0.770984E+01  0.146789E+02
  0.002   0.060  -0.552432E+01  0.155121E+02
  0.002   0.060  -0.737805E+01  0.147287E+02
  0.002   0.060  -0.505037E+01  0.155106E+02
  0.002   0.060  -0.682441E+01  0.148235E+02
  0.002   0.060  -0.442291E+01  0.155099E+02
  0.002   0.060  -0.606446E+01  0.149522E+02
  0.002   0.060  -0.366101E+01  0.155101E+02
  0.002   0.060  -0.511972E+01  0.150991E+02
  0.002   0.060  -0.278782E+01  0.155112E+02
  0.002   0.060  -0.401745E+01  0.152467E+02
  0.002   0.060  -0.182986E+01  0.155131E+02
  0.002   0.060  -0.279021E+01  0.153771E+02
  0.002   0.060  -0.816254E+00  0.155154E+02
  0.002   0.060  -0.147513E+01  0.154745E+02
  0.002   0.060   0.222210E+00  0.155180E+02
  0.002   0.060  -0.112785E+00  0.155271E+02
  0.002   0.060   0.125398E+01  0.155206E+02
  0.002   0.060   0.125414E+01  0.155286E+02
  0.002   0.060   0.224771E+01  0.155227E+02
  0.002   0.060   0.258255E+01  0.154787E+02
  0.002   0.060   0.317320E+01  0.155242E+02
  0.002   0.060   0.383062E+01  0.153834E+02
  0.002   0.060   0.400233E+01  0.155249E+02
  0.002   0.060   0.495951E+01  0.152544E+02
  0.002   0.060   0.470992E+01  0.155247E+02
  0.002   0.060   0.593475E+01  0.151073E+02
  0.002   0.060   0.527446E+01  0.155235E+02
  0.002   0.060   0.672735E+01  0.149597E+02
  0.002   0.060   0.567880E+01  0.155217E+02
  0.002   0.060   0.731449E+01  0.148296E+02
  0.002   0.060   0.591064E+01  0.155193E+02
  0.002   0.060   0.767992E+01  0.147325E+02
  0.002   0.060   0.596295E+01  0.155167E+02
  0.002   0.060   0.781397E+01  0.146802E+02
  0.002   0.060   0.583413E+01  0.155141E+02
  0.002   0.060   0.771349E+01  0.146788E+02
  0.002   0.060   0.552810E+01  0.155120E+02
  0.002   0.060   0.738170E+01  0.147285E+02
  0.002   0.060   0.505415E+01  0.155105E+02
  0.002   0.060   0.682806E+01  0.148234E+02
  0.002   0.060   0.442670E+01  0.155098E+02
  0.002   0.060   0.606811E+01  0.149521E+02
  0.002   0.060   0.366480E+01  0.155100E+02
  0.002   0.060   0.512337E+01  0.150990E+02
  0.002   0.060   0.279160E+01  0.155111E+02
  0.002   0.060   0.402110E+01  0.152466E+02
  0.002   0.060   0.183365E+01  0.155130E+02
  0.002   0.060   0.279387E+01  0.153770E+02
  0.002   0.060   0.820043E+00  0.155154E+02
  0.002   0.060   0.147878E+01  0.154744E+02
  0.002   0.060  -0.218420E+00  0.155180E+02
  0.002   0.060   0.116443E+00  0.155271E+02
  0.003   0.070  -0.146042E+01  0.155136E+02
  0.003   0.070  -0.146084E+01  0.155246E+02
  0.003   0.070  -0.262148E+01  0.155166E+02
  0.003   0.070  -0.301268E+01  0.154565E+02
  0.003   0.070  -0.370283E+01  0.155187E+02
  0.003   0.070  -0.446986E+01  0.153265E+02
  0.003   0.070  -0.467159E+01  0.155196E+02
  0.003   0.070  -0.578660E+01  0.151505E+02
  0.003   0.070  -0.549833E+01  0.155194E+02
  0.003   0.070  -0.692263E+01  0.149498E+02
  0.003   0.070  -0.615793E+01  0.155179E+02
  0.003   0.070  -0.784447E+01  0.147485E+02
  0.003   0.070  -0.663036E+01  0.155154E+02
  0.003   0.070  -0.852613E+01  0.145711E+02
  0.003   0.070  -0.690124E+01  0.155121E+02
  0.003   0.070  -0.894940E+01  0.144389E+02
  0.003   0.070  -0.696234E+01  0.155086E+02
  0.003   0.070  -0.910373E+01  0.143675E+02
  0.003   0.070  -0.681181E+01  0.155051E+02
  0.003   0.070  -0.898590E+01  0.143657E+02
  0.003   0.070  -0.645423E+01  0.155021E+02
  0.003   0.070  -0.859977E+01  0.144335E+02
  0.003   0.070  -0.590045E+01  0.155001E+02
  0.003   0.070  -0.795604E+01  0.145629E+02
  0.003   0.070  -0.516730E+01  0.154991E+02
  0.003   0.070  -0.707225E+01  0.147383E+02
  0.003   0.070  -0.427708E+01  0.154994E+02
  0.003   0.070  -0.597276E+01  0.149387E+02
  0.003   0.070  -0.325682E+01  0.155009E+02
  0.003   0.070  -0.468867E+01  0.151400E+02
  0.003   0.070  -0.213754E+01  0.155034E+02
  0.003   0.070  -0.325750E+01  0.153179E+02
  0.003   0.070  -0.953233E+00  0.155066E+02
  0.003   0.070  -0.172248E+01  0.154508E+02
  0.003   0.070   0.260111E+00  0.155102E+02
  0.003   0.070  -0.131245E+00  0.155227E+02
  0.003   0.070   0.146563E+01  0.155136E+02
  0.003   0.070   0.146581E+01  0.155246E+02
  0.003   0.070   0.262670E+01  0.155165E+02
  0.003   0.070   0.301765E+01  0.154565E+02
  0.003   0.070   0.370804E+01  0.155186E+02
  0.003   0.070   0.447482E+01  0.153265E+02
  0.003   0.070   0.467679E+01  0.155195E+02
  0.003   0.070   0.579156E+01  0.151504E+02
  0.003   0.070   0.550354E+01  0.155192E+02
  0.003   0.070   0.692759E+01  0.149496E+02
  0.003   0.070   0.616314E+01  0.155177E+02
  0.003   0.070   0.784942E+01  0.147484E+02
  0.003   0.070   0.663556E+01  0.155152E+02
  0.003   0.070   0.853108E+01  0.145710E+02
  0.003   0.070   0.690643E+01  0.155119E+02
  0.003   0.070   0.895435E+01  0.144387E+02
  0.003   0.070   0.696753E+01  0.155083E+02
  0.003   0.070   0.910868E+01  0.143673E+02
  0.003   0.070   0.681701E+01  0.155048E+02
  0.003   0.070   0.899085E+01  0.143655E+02
  0.003   0.070   0.645942E+01  0.155019E+02
  0.003   0.070   0.860472E+01  0.144333E+02
  0.003   0.070   0.590564E+01  0.154998E+02
  0.003   0.070   0.796099E+01  0.145626E+02
  0.003   0.070   0.517250E+01  0.154989E+02
  0.003   0.070   0.707721E+01  0.147381E+02
  0.003   0.070   0.428228E+01  0.154992E+02
  0.003   0.070   0.597772E+01  0.149385E+02
  0.003   0.070   0.326203E+01  0.155007E+02
  0.003   0.070   0.469363E+01  0.151398E+02
  0.003   0.070   0.214275E+01  0.155032E+02
  0.003   0.070   0.326246E+01  0.153177E+02
  0.003   0.070   0.958443E+00  0.155065E+02
  0.003   0.070   0.172744E+01  0.154507E+02
  0.003   0.070  -0.254899E+00  0.155101E+02
  0.003   0.070   0.136210E+00  0.155226E+02
  0.003   0.080  -0.167162E+01  0.155056E+02
  0.003   0.080  -0.167214E+01  0.155201E+02
  0.003   0.080  -0.300082E+01  0.155095E+02
  0.003   0.080  -0.344836E+01  0.154309E+02
  0.003   0.080  -0.423875E+01  0.155123E+02
  0.003   0.080  -0.511512E+01  0.152606E+02
  0.003   0.080  -0.534780E+01  0.155136E+02
  0.003   0.080  -0.661955E+01  0.150299E+02
  0.003   0.080  -0.629426E+01  0.155132E+02
  0.003   0.080  -0.791554E+01  0.147670E+02
  0.003   0.080  -0.704937E+01  0.155113E+02
  0.003   0.080  -0.896525E+01  0.145035E+02
  0.003   0.080  -0.759019E+01  0.155080E+02
  0.003   0.080  -0.973984E+01  0.142714E+02
  0.003   0.080  -0.790028E+01  0.155038E+02
  0.003   0.080  -0.102195E+02  0.140983E+02
  0.003   0.080  -0.797020E+01  0.154991E+02
  0.003   0.080  -0.103932E+02  0.140051E+02
  0.003   0.080  -0.779785E+01  0.154946E+02
  0.003   0.080  -0.102577E+02  0.140027E+02
  0.003   0.080  -0.738844E+01  0.154907E+02
  0.003   0.080  -0.981768E+01  0.140915E+02
  0.003   0.080  -0.675443E+01  0.154880E+02
  0.003   0.080  -0.908492E+01  0.142607E+02
  0.003   0.080  -0.591509E+01  0.154867E+02
  0.003   0.080  -0.807865E+01  0.144903E+02
  0.003   0.080  -0.489591E+01  0.154871E+02
  0.003   0.080  -0.682571E+01  0.147527E+02
  0.003   0.080  -0.372788E+01  0.154890E+02
  0.003   0.080  -0.536070E+01  0.150163E+02
  0.003   0.080  -0.244648E+01  0.154923E+02
  0.003   0.080  -0.372592E+01  0.152493E+02
  0.003   0.080  -0.109066E+01  0.154965E+02
  0.003   0.080  -0.197062E+01  0.154235E+02
  0.003   0.080   0.298407E+00  0.155011E+02
  0.003   0.080  -0.149647E+00  0.155176E+02
  0.003   0.080   0.167850E+01  0.155057E+02
  0.003   0.080   0.167861E+01  0.155202E+02
  0.003   0.080   0.300771E+01  0.155095E+02
  0.003   0.080   0.345483E+01  0.154309E+02
  0.003   0.080   0.424564E+01  0.155122E+02
  0.003   0.080   0.512159E+01  0.152605E+02
  0.003   0.080   0.535468E+01  0.155134E+02
  0.003   0.080   0.662602E+01  0.150298E+02
  0.003   0.080   0.630113E+01  0.155130E+02
  0.003   0.080   0.792200E+01  0.147668E+02
  0.003   0.080   0.705624E+01  0.155110E+02
  0.003   0.080   0.897171E+01  0.145033E+02
  0.003   0.080   0.759705E+01  0.155077E+02
  0.003   0.080   0.974629E+01  0.142711E+02
  0.003   0.080   0.790713E+01  0.155034E+02
  0.003   0.080   0.102260E+02  0.140980E+02
  0.003   0.080   0.797706E+01  0.154987E+02
  0.003   0.080   0.103996E+02  0.140048E+02
  0.003   0.080   0.780470E+01  0.154942E+02
  0.003   0.080   0.102641E+02  0.140024E+02
  0.003   0.080   0.739530E+01  0.154903E+02
  0.003   0.080   0.982412E+01  0.140911E+02
  0.003   0.080   0.676129E+01  0.154876E+02
  0.003   0.080   0.909136E+01  0.142604E+02
  0.003   0.080   0.592195E+01  0.154863E+02
  0.003   0.080   0.808510E+01  0.144900E+02
  0.003   0.080   0.490278E+01  0.154867E+02
  0.003   0.080   0.683216E+01  0.147524E+02
  0.003   0.080   0.373475E+01  0.154887E+02
  0.003   0.080   0.536716E+01  0.150160E+02
  0.003   0.080   0.245336E+01  0.154920E+02
  0.003   0.080   0.373238E+01  0.152491E+02
  0.003   0.080   0.109754E+01  0.154963E+02
  0.003   0.080   0.197708E+01  0.154233E+02
  0.003   0.080  -0.291520E+00  0.155010E+02
  0.003   0.080   0.156114E+00  0.155175E+02
  0.003   0.090  -0.188387E+01  0.154966E+02
  0.003   0.090  -0.188459E+01  0.155152E+02
  0.003   0.090  -0.338214E+01  0.155016E+02
  0.003   0.090  -0.388629E+01  0.154018E+02
  0.003   0.090  -0.477753E+01  0.155051E+02
  0.003   0.090  -0.576321E+01  0.151854E+02
  0.003   0.090  -0.602763E+01  0.155067E+02
  0.003   0.090  -0.745514E+01  0.148924E+02
  0.003   0.090  -0.709447E+01  0.155063E+02
  0.003   0.090  -0.891010E+01  0.145586E+02
  0.003   0.090  -0.794563E+01  0.155039E+02
  0.003   0.090  -0.100861E+02  0.142243E+02
  0.003   0.090  -0.855523E+01  0.154997E+02
  0.003   0.090  -0.109518E+02  0.139298E+02
  0.003   0.090  -0.890474E+01  0.154943E+02
  0.003   0.090  -0.114862E+02  0.137104E+02
  0.003   0.090  -0.898354E+01  0.154884E+02
  0.003   0.090  -0.116780E+02  0.135922E+02
  0.003   0.090  -0.878923E+01  0.154826E+02
  0.003   0.090  -0.115246E+02  0.135893E+02
  0.003   0.090  -0.832772E+01  0.154777E+02
  0.003   0.090  -0.110312E+02  0.137019E+02
  0.003   0.090  -0.761302E+01  0.154742E+02
  0.003   0.090  -0.102106E+02  0.139166E+02
  0.003   0.090  -0.666688E+01  0.154726E+02
  0.003   0.090  -0.908340E+01  0.142078E+02
  0.003   0.090  -0.551803E+01  0.154731E+02
  0.003   0.090  -0.767850E+01  0.145407E+02
  0.003   0.090  -0.420140E+01  0.154755E+02
  0.003   0.090  -0.603365E+01  0.148753E+02
  0.003   0.090  -0.275699E+01  0.154797E+02
  0.003   0.090  -0.419561E+01  0.151711E+02
  0.003   0.090  -0.122869E+01  0.154850E+02
  0.003   0.090  -0.221964E+01  0.153924E+02
  0.003   0.090   0.337062E+00  0.154909E+02
  0.003   0.090  -0.167945E+00  0.155120E+02
  0.003   0.090   0.189271E+01  0.154967E+02
  0.003   0.090   0.189275E+01  0.155152E+02
  0.003   0.090   0.339098E+01  0.155015E+02
  0.003   0.090   0.389445E+01  0.154017E+02
  0.003   0.090   0.478636E+01  0.155049E+02
  0.003   0.090   0.577137E+01  0.151853E+02
  0.003   0.090   0.603646E+01  0.155065E+02
  0.003   0.090   0.746329E+01  0.148923E+02
  0.003   0.090   0.710329E+01  0.155060E+02
  0.003   0.090   0.891824E+01  0.145584E+02
  0.003   0.090   0.795444E+01  0.155034E+02
  0.003   0.090   0.100942E+02  0.142240E+02
  0.003   0.090   0.856403E+01  0.154992E+02
  0.003   0.090   0.109599E+02  0.139294E+02
  0.003   0.090   0.891353E+01  0.154938E+02
  0.003   0.090   0.114943E+02  0.137100E+02
  0.003   0.090   0.899232E+01  0.154878E+02
  0.003   0.090   0.116861E+02  0.135918E+02
  0.003   0.090   0.879801E+01  0.154820E+02
  0.003   0.090   0.115327E+02  0.135888E+02
  0.003   0.090   0.833650E+01  0.154771E+02
  0.003   0.090   0.110393E+02  0.137014E+02
  0.003   0.090   0.762181E+01  0.154737E+02
  0.003   0.090   0.102187E+02  0.139162E+02
  0.003   0.090   0.667567E+01  0.154721E+02
  0.003   0.090   0.909152E+01  0.142074E+02
  0.003   0.090   0.552684E+01  0.154726E+02
  0.003   0.090   0.768663E+01  0.145403E+02
  0.003   0.090   0.421022E+01  0.154751E+02
  0.003   0.090   0.604178E+01  0.148749E+02
  0.003   0.090   0.276582E+01  0.154793E+02
  0.003   0.090   0.420375E+01  0.151709E+02
  0.003   0.090   0.123753E+01  0.154848E+02
  0.003   0.090   0.222778E+01  0.153922E+02
  0.003   0.090  -0.328224E+00  0.154908E+02
  0.003   0.090   0.176099E+00  0.155118E+02
  0.004   0.100  -0.209732E+01  0.154866E+02
  0.004   0.100  -0.209829E+01  0.155098E+02
  0.004   0.100  -0.376570E+01  0.154927E+02
  0.004   0.100  -0.432669E+01  0.153691E+02
  0.004   0.100  -0.531951E+01  0.154971E+02
  0.004   0.100  -0.641441E+01  0.151008E+02
  0.004   0.100  -0.671154E+01  0.154991E+02
  0.004   0.100  -0.829361E+01  0.147377E+02
  0.004   0.100  -0.789950E+01  0.154986E+02
  0.004   0.100  -0.990641E+01  0.143241E+02
  0.004   0.100  -0.884728E+01  0.154956E+02
  0.004   0.100  -0.112069E+02  0.139101E+02
  0.004   0.100  -0.952608E+01  0.154905E+02
  0.004   0.100  -0.121615E+02  0.135456E+02
  0.004   0.100  -0.991525E+01  0.154838E+02
  0.004   0.100  -0.127487E+02  0.132742E+02
  0.004   0.100  -0.100030E+02  0.154765E+02
  0.004   0.100  -0.129574E+02  0.131282E+02
  0.004   0.100  -0.978657E+01  0.154693E+02
  0.004   0.100  -0.127857E+02  0.131247E+02
  0.004   0.100  -0.927262E+01  0.154632E+02
  0.004   0.100  -0.122395E+02  0.132640E+02
  0.004   0.100  -0.847674E+01  0.154589E+02
  0.004   0.100  -0.113325E+02  0.135297E+02
  0.004   0.100  -0.742313E+01  0.154569E+02
  0.004   0.100  -0.100862E+02  0.138902E+02
  0.004   0.100  -0.614381E+01  0.154575E+02
  0.004   0.100  -0.853113E+01  0.143023E+02
  0.004   0.100  -0.467766E+01  0.154605E+02
  0.004   0.100  -0.670766E+01  0.147167E+02
  0.004   0.100  -0.306923E+01  0.154656E+02
  0.004   0.100  -0.466680E+01  0.150833E+02
  0.004   0.100  -0.136740E+01  0.154722E+02
  0.004   0.100  -0.246974E+01  0.153575E+02
  0.004   0.100   0.376137E+00  0.154795E+02
  0.004   0.100  -0.186224E+00  0.155058E+02
  0.004   0.100   0.210840E+01  0.154866E+02
  0.004   0.100   0.210832E+01  0.155098E+02
  0.004   0.100   0.377678E+01  0.154927E+02
  0.004   0.100   0.433672E+01  0.153691E+02
  0.004   0.100   0.533059E+01  0.154969E+02
  0.004   0.100   0.642444E+01  0.151007E+02
  0.004   0.100   0.672261E+01  0.154988E+02
  0.004   0.100   0.830363E+01  0.147375E+02
  0.004   0.100   0.791055E+01  0.154982E+02
  0.004   0.100   0.991642E+01  0.143238E+02
  0.004   0.100   0.885832E+01  0.154950E+02
  0.004   0.100   0.112169E+02  0.139097E+02
  0.004   0.100   0.953710E+01  0.154898E+02
  0.004   0.100   0.121715E+02  0.135451E+02
  0.004   0.100   0.992626E+01  0.154831E+02
  0.004   0.100   0.127587E+02  0.132737E+02
  0.004   0.100   0.100140E+02  0.154757E+02
  0.004   0.100   0.129674E+02  0.131276E+02
  0.004   0.100   0.979757E+01  0.154685E+02
  0.004   0.100   0.127957E+02  0.131240E+02
  0.004   0.100   0.928362E+01  0.154624E+02
  0.004   0.100   0.122495E+02  0.132634E+02
  0.004   0.100   0.848774E+01  0.154581E+02
  0.004   0.100   0.113425E+02  0.135291E+02
  0.004   0.100   0.743414E+01  0.154562E+02
  0.004   0.100   0.100962E+02  0.138896E+02
  0.004   0.100   0.615484E+01  0.154568E+02
  0.004   0.100   0.854112E+01  0.143018E+02
  0.004   0.100   0.468870E+01  0.154599E+02
  0.004   0.100   0.671766E+01  0.147162E+02
  0.004   0.100   0.308029E+01  0.154651E+02
  0.004   0.100   0.467681E+01  0.150829E+02
  0.004   0.100   0.137847E+01  0.154719E+02
  0.004   0.100   0.247975E+01  0.153572E+02
  0.004   0.100  -0.365056E+00  0.154793E+02
  0.004   0.100   0.196250E+00  0.155056E+02
  0.004   0.110  -0.231225E+01  0.154754E+02
  0.004   0.110  -0.231351E+01  0.155039E+02
  0.004   0.110  -0.415192E+01  0.154830E+02
  0.004   0.110  -0.477001E+01  0.153328E+02
  0.004   0.110  -0.586525E+01  0.154883E+02
  0.004   0.110  -0.706922E+01  0.150067E+02
  0.004   0.110  -0.740019E+01  0.154908E+02
  0.004   0.110  -0.913540E+01  0.145654E+02
  0.004   0.110  -0.871009E+01  0.154902E+02
  0.004   0.110  -0.109047E+02  0.140630E+02
  0.004   0.110  -0.975516E+01  0.154866E+02
  0.004   0.110  -0.123275E+02  0.135604E+02
  0.004   0.110  -0.105036E+02  0.154803E+02
  0.004   0.110  -0.133687E+02  0.131181E+02
  0.004   0.110  -0.109327E+02  0.154723E+02
  0.004   0.110  -0.140065E+02  0.127890E+02
  0.004   0.110  -0.110294E+02  0.154634E+02
  0.004   0.110  -0.142307E+02  0.126120E+02
  0.004   0.110  -0.107907E+02  0.154547E+02
  0.004   0.110  -0.140402E+02  0.126079E+02
  0.004   0.110  -0.102239E+02  0.154473E+02
  0.004   0.110  -0.134420E+02  0.127771E+02
  0.004   0.110  -0.934629E+01  0.154420E+02
  0.004   0.110  -0.124501E+02  0.130994E+02
  0.004   0.110  -0.818443E+01  0.154396E+02
  0.004   0.110  -0.110867E+02  0.135367E+02
  0.004   0.110  -0.677370E+01  0.154402E+02
  0.004   0.110  -0.938341E+01  0.140370E+02
  0.004   0.110  -0.515697E+01  0.154439E+02
  0.004   0.110  -0.738273E+01  0.145402E+02
  0.004   0.110  -0.338336E+01  0.154501E+02
  0.004   0.110  -0.513955E+01  0.149855E+02
  0.004   0.110  -0.150678E+01  0.154581E+02
  0.004   0.110  -0.272093E+01  0.153188E+02
  0.004   0.110   0.415781E+00  0.154670E+02
  0.004   0.110  -0.204360E+00  0.154991E+02
  0.004   0.110   0.232590E+01  0.154756E+02
  0.004   0.110   0.232560E+01  0.155040E+02
  0.004   0.110   0.416557E+01  0.154829E+02
  0.004   0.110   0.478209E+01  0.153328E+02
  0.004   0.110   0.587888E+01  0.154880E+02
  0.004   0.110   0.708129E+01  0.150065E+02
  0.004   0.110   0.741381E+01  0.154904E+02
  0.004   0.110   0.914746E+01  0.145651E+02
  0.004   0.110   0.872369E+01  0.154896E+02
  0.004   0.110   0.109168E+02  0.140625E+02
  0.004   0.110   0.976874E+01  0.154858E+02
  0.004   0.110   0.123396E+02  0.135598E+02
  0.004   0.110   0.105172E+02  0.154794E+02
  0.004   0.110   0.133807E+02  0.131174E+02
  0.004   0.110   0.109463E+02  0.154713E+02
  0.004   0.110   0.140185E+02  0.127882E+02
  0.004   0.110   0.110429E+02  0.154623E+02
  0.004   0.110   0.142426E+02  0.126112E+02
  0.004   0.110   0.108042E+02  0.154535E+02
  0.004   0.110   0.140522E+02  0.126071E+02
  0.004   0.110   0.102375E+02  0.154461E+02
  0.004   0.110   0.134539E+02  0.127762E+02
  0.004   0.110   0.935981E+01  0.154409E+02
  0.004   0.110   0.124621E+02  0.130986E+02
  0.004   0.110   0.819797E+01  0.154385E+02
  0.004   0.110   0.110987E+02  0.135359E+02
  0.004   0.110   0.678726E+01  0.154393E+02
  0.004   0.110   0.939543E+01  0.140362E+02
  0.004   0.110   0.517055E+01  0.154430E+02
  0.004   0.110   0.739476E+01  0.145395E+02
  0.004   0.110   0.339697E+01  0.154494E+02
  0.004   0.110   0.515161E+01  0.149850E+02
  0.004   0.110   0.152040E+01  0.154576E+02
  0.004   0.110   0.273300E+01  0.153184E+02
  0.004   0.110  -0.402139E+00  0.154666E+02
  0.004   0.110   0.216438E+00  0.154988E+02
  0.005   0.120  -0.252871E+01  0.154633E+02
  0.005   0.120  -0.253033E+01  0.154976E+02
  0.005   0.120  -0.454095E+01  0.154723E+02
  0.005   0.120  -0.521644E+01  0.152929E+02
  0.005   0.120  -0.641499E+01  0.154788E+02
  0.005   0.120  -0.772792E+01  0.149027E+02
  0.005   0.120  -0.809391E+01  0.154818E+02
  0.005   0.120  -0.998074E+01  0.143751E+02
  0.005   0.120  -0.952669E+01  0.154811E+02
  0.005   0.120  -0.119051E+02  0.137746E+02
  0.005   0.120  -0.106698E+02  0.154768E+02
  0.005   0.120  -0.134479E+02  0.131742E+02
  0.005   0.120  -0.114884E+02  0.154694E+02
  0.005   0.120  -0.145729E+02  0.126463E+02
  0.005   0.120  -0.119577E+02  0.154597E+02
  0.005   0.120  -0.152589E+02  0.122537E+02
  0.005   0.120  -0.120634E+02  0.154491E+02
  0.005   0.120  -0.154968E+02  0.120427E+02
  0.005   0.120  -0.118023E+02  0.154387E+02
  0.005   0.120  -0.152872E+02  0.120381E+02
  0.005   0.120  -0.111823E+02  0.154298E+02
  0.005   0.120  -0.146376E+02  0.122400E+02
  0.005   0.120  -0.102222E+02  0.154235E+02
  0.005   0.120  -0.135627E+02  0.126247E+02
  0.005   0.120  -0.895130E+01  0.154206E+02
  0.005   0.120  -0.120846E+02  0.131468E+02
  0.005   0.120  -0.740815E+01  0.154213E+02
  0.005   0.120  -0.102353E+02  0.137441E+02
  0.005   0.120  -0.563969E+01  0.154256E+02
  0.005   0.120  -0.805905E+01  0.143453E+02
  0.005   0.120  -0.369965E+01  0.154331E+02
  0.005   0.120  -0.561416E+01  0.148777E+02
  0.005   0.120  -0.164699E+01  0.154426E+02
  0.005   0.120  -0.297348E+01  0.152763E+02
  0.005   0.120   0.455933E+00  0.154532E+02
  0.005   0.120  -0.222489E+00  0.154919E+02
  0.005   0.120   0.254525E+01  0.154635E+02
  0.005   0.120   0.254463E+01  0.154977E+02
  0.005   0.120   0.455748E+01  0.154722E+02
  0.005   0.120   0.523074E+01  0.152929E+02
  0.005   0.120   0.643151E+01  0.154784E+02
  0.005   0.120   0.774221E+01  0.149025E+02
  0.005   0.120   0.811040E+01  0.154812E+02
  0.005   0.120   0.999501E+01  0.143746E+02
  0.005   0.120   0.954314E+01  0.154802E+02
  0.005   0.120   0.119194E+02  0.137740E+02
  0.005   0.120   0.106862E+02  0.154757E+02
  0.005   0.120   0.134622E+02  0.131735E+02
  0.005   0.120   0.115048E+02  0.154681E+02
  0.005   0.120   0.145871E+02  0.126454E+02
  0.005   0.120   0.119741E+02  0.154584E+02
  0.005   0.120   0.152731E+02  0.122527E+02
  0.005   0.120   0.120798E+02  0.154476E+02
  0.005   0.120   0.155110E+02  0.120417E+02
  0.005   0.120   0.118186E+02  0.154372E+02
  0.005   0.120   0.153013E+02  0.120369E+02
  0.005   0.120   0.111986E+02  0.154283E+02
  0.005   0.120   0.146518E+02  0.122389E+02
  0.005   0.120   0.102386E+02  0.154220E+02
  0.005   0.120   0.135769E+02  0.126236E+02
  0.005   0.120   0.896767E+01  0.154192E+02
  0.005   0.120   0.120988E+02  0.131457E+02
  0.005   0.120   0.742455E+01  0.154200E+02
  0.005   0.120   0.102495E+02  0.137432E+02
  0.005   0.120   0.565613E+01  0.154245E+02
  0.005   0.120   0.807328E+01  0.143445E+02
  0.005   0.120   0.371613E+01  0.154322E+02
  0.005   0.120   0.562841E+01  0.148770E+02
  0.005   0.120   0.166350E+01  0.154420E+02
  0.005   0.120   0.298775E+01  0.152757E+02
  0.005   0.120  -0.439409E+00  0.154528E+02
  0.005   0.120   0.236782E+00  0.154915E+02
  0.005   0.130  -0.274690E+01  0.154501E+02
  0.005   0.130  -0.274905E+01  0.154909E+02
  0.005   0.130  -0.493313E+01  0.154608E+02
  0.005   0.130  -0.566645E+01  0.152493E+02
  0.005   0.130  -0.696921E+01  0.154684E+02
  0.005   0.130  -0.839101E+01  0.147887E+02
  0.005   0.130  -0.879328E+01  0.154720E+02
  0.005   0.130  -0.108301E+02  0.141662E+02
  0.005   0.130  -0.103499E+02  0.154713E+02
  0.005   0.130  -0.129078E+02  0.134582E+02
  0.005   0.130  -0.115918E+02  0.154662E+02
  0.005   0.130  -0.145679E+02  0.127508E+02
  0.005   0.130  -0.124812E+02  0.154575E+02
  0.005   0.130  -0.157737E+02  0.121292E+02
  0.005   0.130  -0.129911E+02  0.154461E+02
  0.005   0.130  -0.165050E+02  0.116672E+02
  0.005   0.130  -0.131059E+02  0.154336E+02
  0.005   0.130  -0.167549E+02  0.114193E+02
  0.005   0.130  -0.128221E+02  0.154213E+02
  0.005   0.130  -0.165255E+02  0.114140E+02
  0.005   0.130  -0.121484E+02  0.154108E+02
  0.005   0.130  -0.158256E+02  0.116519E+02
  0.005   0.130  -0.111052E+02  0.154034E+02
  0.005   0.130  -0.146697E+02  0.121048E+02
  0.005   0.130  -0.972425E+01  0.153999E+02
  0.005   0.130  -0.130794E+02  0.127195E+02
  0.005   0.130  -0.804758E+01  0.154007E+02
  0.005   0.130  -0.110866E+02  0.134231E+02
  0.005   0.130  -0.612612E+01  0.154058E+02
  0.005   0.130  -0.873656E+01  0.141317E+02
  0.005   0.130  -0.401826E+01  0.154145E+02
  0.005   0.130  -0.609065E+01  0.147595E+02
  0.005   0.130  -0.178807E+01  0.154258E+02
  0.005   0.130  -0.322738E+01  0.152298E+02
  0.005   0.130   0.496719E+00  0.154382E+02
  0.005   0.130  -0.240480E+00  0.154842E+02
  0.005   0.130   0.276670E+01  0.154503E+02
  0.005   0.130   0.276572E+01  0.154911E+02
  0.005   0.130   0.495292E+01  0.154607E+02
  0.005   0.130   0.568312E+01  0.152492E+02
  0.005   0.130   0.698898E+01  0.154679E+02
  0.005   0.130   0.840766E+01  0.147885E+02
  0.005   0.130   0.881302E+01  0.154712E+02
  0.005   0.130   0.108467E+02  0.141657E+02
  0.005   0.130   0.103696E+02  0.154701E+02
  0.005   0.130   0.129244E+02  0.134574E+02
  0.005   0.130   0.116115E+02  0.154648E+02
  0.005   0.130   0.145845E+02  0.127498E+02
  0.005   0.130   0.125008E+02  0.154558E+02
  0.005   0.130   0.157902E+02  0.121280E+02
  0.005   0.130   0.130106E+02  0.154443E+02
  0.005   0.130   0.165215E+02  0.116660E+02
  0.005   0.130   0.131254E+02  0.154316E+02
  0.005   0.130   0.167714E+02  0.114179E+02
  0.005   0.130   0.128416E+02  0.154193E+02
  0.005   0.130   0.165420E+02  0.114126E+02
  0.005   0.130   0.121679E+02  0.154088E+02
  0.005   0.130   0.158421E+02  0.116504E+02
  0.005   0.130   0.111247E+02  0.154014E+02
  0.005   0.130   0.146861E+02  0.121034E+02
  0.005   0.130   0.974382E+01  0.153980E+02
  0.005   0.130   0.130959E+02  0.127181E+02
  0.005   0.130   0.806719E+01  0.153990E+02
  0.005   0.130   0.111032E+02  0.134219E+02
  0.005   0.130   0.614578E+01  0.154043E+02
  0.005   0.130   0.875313E+01  0.141306E+02
  0.005   0.130   0.403798E+01  0.154133E+02
  0.005   0.130   0.610725E+01  0.147586E+02
  0.005   0.130   0.180782E+01  0.154249E+02
  0.005   0.130   0.324401E+01  0.152291E+02
  0.005   0.130  -0.476937E+00  0.154377E+02
  0.005   0.130   0.257137E+00  0.154838E+02
  0.005   0.140  -0.296702E+01  0.154359E+02
  0.005   0.140  -0.296967E+01  0.154838E+02
  0.005   0.140  -0.532881E+01  0.154484E+02
  0.005   0.140  -0.612020E+01  0.152018E+02
  0.005   0.140  -0.752839E+01  0.154573E+02
  0.005   0.140  -0.905874E+01  0.146644E+02
  0.005   0.140  -0.949894E+01  0.154616E+02
  0.005   0.140  -0.116835E+02  0.139383E+02
  0.005   0.140  -0.111806E+02  0.154607E+02
  0.005   0.140  -0.139127E+02  0.131130E+02
  0.005   0.140  -0.125222E+02  0.154549E+02
  0.005   0.140  -0.156873E+02  0.122890E+02
  0.005   0.140  -0.134830E+02  0.154447E+02
  0.005   0.140  -0.169704E+02  0.115656E+02
  0.005   0.140  -0.140337E+02  0.154315E+02
  0.005   0.140  -0.177441E+02  0.110284E+02
  0.005   0.140  -0.141576E+02  0.154169E+02
  0.005   0.140  -0.180039E+02  0.107403E+02
  0.005   0.140  -0.138510E+02  0.154026E+02
  0.005   0.140  -0.177542E+02  0.107346E+02
  0.005   0.140  -0.131230E+02  0.153903E+02
  0.005   0.140  -0.170049E+02  0.110114E+02
  0.005   0.140  -0.119959E+02  0.153816E+02
  0.005   0.140  -0.157701E+02  0.115384E+02
  0.005   0.140  -0.105040E+02  0.153775E+02
  0.005   0.140  -0.140707E+02  0.122538E+02
  0.005   0.140  -0.869256E+01  0.153784E+02
  0.005   0.140  -0.119373E+02  0.130732E+02
  0.005   0.140  -0.661669E+01  0.153843E+02
  0.005   0.140  -0.941547E+01  0.138988E+02
  0.005   0.140  -0.433948E+01  0.153944E+02
  0.005   0.140  -0.656934E+01  0.146307E+02
  0.005   0.140  -0.193013E+01  0.154076E+02
  0.005   0.140  -0.348294E+01  0.151792E+02
  0.005   0.140   0.538178E+00  0.154220E+02
  0.005   0.140  -0.258513E+00  0.154761E+02
  0.005   0.140   0.299046E+01  0.154362E+02
  0.005   0.140   0.298887E+01  0.154841E+02
  0.005   0.140   0.535225E+01  0.154482E+02
  0.005   0.140   0.613940E+01  0.152017E+02
  0.005   0.140   0.755180E+01  0.154566E+02
  0.005   0.140   0.907792E+01  0.146640E+02
  0.005   0.140   0.952230E+01  0.154605E+02
  0.005   0.140   0.117027E+02  0.139376E+02
  0.005   0.140   0.112039E+02  0.154592E+02
  0.005   0.140   0.139318E+02  0.131120E+02
  0.005   0.140   0.125454E+02  0.154530E+02
  0.005   0.140   0.157063E+02  0.122878E+02
  0.005   0.140   0.135061E+02  0.154426E+02
  0.005   0.140   0.169894E+02  0.115642E+02
  0.005   0.140   0.140568E+02  0.154292E+02
  0.005   0.140   0.177630E+02  0.110268E+02
  0.005   0.140   0.141807E+02  0.154144E+02
  0.005   0.140   0.180228E+02  0.107386E+02
  0.005   0.140   0.138740E+02  0.154000E+02
  0.005   0.140   0.177732E+02  0.107328E+02
  0.005   0.140   0.131461E+02  0.153877E+02
  0.005   0.140   0.170238E+02  0.110096E+02
  0.005   0.140   0.120190E+02  0.153791E+02
  0.005   0.140   0.157891E+02  0.115367E+02
  0.005   0.140   0.105271E+02  0.153751E+02
  0.005   0.140   0.140896E+02  0.122522E+02
  0.005   0.140   0.871574E+01  0.153763E+02
  0.005   0.140   0.119563E+02  0.130717E+02
  0.005   0.140   0.663994E+01  0.153824E+02
  0.005   0.140   0.943453E+01  0.138974E+02
  0.005   0.140   0.436280E+01  0.153929E+02
  0.005   0.140   0.658845E+01  0.146295E+02
  0.005   0.140   0.195351E+01  0.154064E+02
  0.005   0.140   0.350210E+01  0.151783E+02
  0.005   0.140  -0.514754E+00  0.154213E+02
  0.005   0.140   0.277695E+00  0.154755E+02
