  0.002   0.050  -0.290934E+00 -0.783476E+01
  0.002   0.050  -0.288662E+00 -0.696418E+00
  0.002   0.050  -0.117845E+04 -0.782538E+01
  0.002   0.050  -0.117824E+04 -0.218669E+02
  0.002   0.050  -0.232079E+04 -0.778649E+01
  0.002   0.050  -0.231932E+04 -0.827907E+02
  0.002   0.050  -0.339263E+04 -0.772330E+01
  0.002   0.050  -0.338806E+04 -0.176088E+03
  0.002   0.050  -0.436138E+04 -0.764387E+01
  0.002   0.050  -0.435170E+04 -0.290469E+03
  0.002   0.050  -0.519761E+04 -0.755822E+01
  0.002   0.050  -0.518126E+04 -0.412115E+03
  0.002   0.050  -0.587592E+04 -0.747701E+01
  0.002   0.050  -0.585231E+04 -0.526354E+03
  0.002   0.050  -0.637569E+04 -0.741030E+01
  0.002   0.050  -0.634555E+04 -0.619431E+03
  0.002   0.050  -0.668173E+04 -0.736632E+01
  0.002   0.050  -0.664705E+04 -0.680156E+03
  0.002   0.050  -0.678476E+04 -0.735048E+01
  0.002   0.050  -0.674845E+04 -0.701238E+03
  0.002   0.050  -0.668163E+04 -0.736472E+01
  0.002   0.050  -0.664696E+04 -0.680146E+03
  0.002   0.050  -0.637548E+04 -0.740729E+01
  0.002   0.050  -0.634536E+04 -0.619411E+03
  0.002   0.050  -0.587561E+04 -0.747296E+01
  0.002   0.050  -0.585204E+04 -0.526327E+03
  0.002   0.050  -0.519722E+04 -0.755361E+01
  0.002   0.050  -0.518091E+04 -0.412084E+03
  0.002   0.050  -0.436091E+04 -0.763927E+01
  0.002   0.050  -0.435128E+04 -0.290438E+03
  0.002   0.050  -0.339210E+04 -0.771926E+01
  0.002   0.050  -0.338758E+04 -0.176060E+03
  0.002   0.050  -0.232022E+04 -0.778351E+01
  0.002   0.050  -0.231880E+04 -0.827702E+02
  0.002   0.050  -0.117784E+04 -0.782381E+01
  0.002   0.050  -0.117770E+04 -0.218560E+02
  0.002   0.050   0.320077E+00 -0.783480E+01
  0.002   0.050   0.259861E+00 -0.696364E+00
  0.002   0.050   0.117847E+04 -0.781468E+01
  0.002   0.050   0.117821E+04 -0.218556E+02
  0.002   0.050   0.232082E+04 -0.776540E+01
  0.002   0.050   0.231929E+04 -0.827685E+02
  0.002   0.050   0.339266E+04 -0.769245E+01
  0.002   0.050   0.338803E+04 -0.176055E+03
  0.002   0.050   0.436141E+04 -0.760422E+01
  0.002   0.050   0.435167E+04 -0.290427E+03
  0.002   0.050   0.519764E+04 -0.751097E+01
  0.002   0.050   0.518123E+04 -0.412066E+03
  0.002   0.050   0.587595E+04 -0.742361E+01
  0.002   0.050   0.585228E+04 -0.526298E+03
  0.002   0.050   0.637572E+04 -0.735237E+01
  0.002   0.050   0.634552E+04 -0.619370E+03
  0.002   0.050   0.668176E+04 -0.730561E+01
  0.002   0.050   0.664703E+04 -0.680093E+03
  0.002   0.050   0.678479E+04 -0.728883E+01
  0.002   0.050   0.674843E+04 -0.701173E+03
  0.002   0.050   0.668166E+04 -0.730400E+01
  0.002   0.050   0.664693E+04 -0.680082E+03
  0.002   0.050   0.637551E+04 -0.734933E+01
  0.002   0.050   0.634533E+04 -0.619350E+03
  0.002   0.050   0.587564E+04 -0.741952E+01
  0.002   0.050   0.585201E+04 -0.526271E+03
  0.002   0.050   0.519725E+04 -0.750632E+01
  0.002   0.050   0.518088E+04 -0.412034E+03
  0.002   0.050   0.436094E+04 -0.759956E+01
  0.002   0.050   0.435125E+04 -0.290396E+03
  0.002   0.050   0.339213E+04 -0.768834E+01
  0.002   0.050   0.338755E+04 -0.176028E+03
  0.002   0.050   0.232025E+04 -0.776234E+01
  0.002   0.050   0.231877E+04 -0.827481E+02
  0.002   0.050   0.117787E+04 -0.781304E+01
  0.002   0.050   0.117767E+04 -0.218448E+02
  0.002   0.060  -0.333738E+00 -0.944187E+01
  0.002   0.060  -0.362634E+00  0.913268E+00
  0.002   0.060  -0.141568E+04 -0.942923E+01
  0.002   0.060  -0.141540E+04 -0.296477E+02
  0.002   0.060  -0.278801E+04 -0.937323E+01
  0.002   0.060  -0.278556E+04 -0.117584E+03
  0.002   0.060  -0.407563E+04 -0.928145E+01
  0.002   0.060  -0.406785E+04 -0.252223E+03
  0.002   0.060  -0.523941E+04 -0.916577E+01
  0.002   0.060  -0.522281E+04 -0.417249E+03
  0.002   0.060  -0.624400E+04 -0.904084E+01
  0.002   0.060  -0.621585E+04 -0.592710E+03
  0.002   0.060  -0.705887E+04 -0.892230E+01
  0.002   0.060  -0.701817E+04 -0.757443E+03
  0.002   0.060  -0.765926E+04 -0.882491E+01
  0.002   0.060  -0.760724E+04 -0.891628E+03
  0.002   0.060  -0.802692E+04 -0.876070E+01
  0.002   0.060  -0.796704E+04 -0.979159E+03
  0.002   0.060  -0.815068E+04 -0.873758E+01
  0.002   0.060  -0.808800E+04 -0.100954E+04
  0.002   0.060  -0.802679E+04 -0.875839E+01
  0.002   0.060  -0.796693E+04 -0.979143E+03
  0.002   0.060  -0.765900E+04 -0.882058E+01
  0.002   0.060  -0.760702E+04 -0.891599E+03
  0.002   0.060  -0.705850E+04 -0.891647E+01
  0.002   0.060  -0.701784E+04 -0.757403E+03
  0.002   0.060  -0.624353E+04 -0.903421E+01
  0.002   0.060  -0.621543E+04 -0.592665E+03
  0.002   0.060  -0.523885E+04 -0.915915E+01
  0.002   0.060  -0.522231E+04 -0.417204E+03
  0.002   0.060  -0.407499E+04 -0.927565E+01
  0.002   0.060  -0.406728E+04 -0.252183E+03
  0.002   0.060  -0.278732E+04 -0.936894E+01
  0.002   0.060  -0.278494E+04 -0.117554E+03
  0.002   0.060  -0.141495E+04 -0.942699E+01
  0.002   0.060  -0.141475E+04 -0.296320E+02
  0.002   0.060   0.401722E+00 -0.944195E+01
  0.002   0.060   0.295139E+00  0.913370E+00
  0.002   0.060   0.141575E+04 -0.941119E+01
  0.002   0.060   0.141533E+04 -0.296280E+02
  0.002   0.060   0.278808E+04 -0.933762E+01
  0.002   0.060   0.278549E+04 -0.117545E+03
  0.002   0.060   0.407570E+04 -0.922939E+01
  0.002   0.060   0.406779E+04 -0.252166E+03
  0.002   0.060   0.523948E+04 -0.909885E+01
  0.002   0.060   0.522275E+04 -0.417177E+03
  0.002   0.060   0.624407E+04 -0.896112E+01
  0.002   0.060   0.621579E+04 -0.592624E+03
  0.002   0.060   0.705894E+04 -0.883222E+01
  0.002   0.060   0.701810E+04 -0.757345E+03
  0.002   0.060   0.765933E+04 -0.872720E+01
  0.002   0.060   0.760718E+04 -0.891523E+03
  0.002   0.060   0.802699E+04 -0.865832E+01
  0.002   0.060   0.796698E+04 -0.979048E+03
  0.002   0.060   0.815076E+04 -0.863362E+01
  0.002   0.060   0.808794E+04 -0.100943E+04
  0.002   0.060   0.802686E+04 -0.865599E+01
  0.002   0.060   0.796687E+04 -0.979032E+03
  0.002   0.060   0.765908E+04 -0.872282E+01
  0.002   0.060   0.760696E+04 -0.891493E+03
  0.002   0.060   0.705857E+04 -0.882632E+01
  0.002   0.060   0.701778E+04 -0.757306E+03
  0.002   0.060   0.624360E+04 -0.895439E+01
  0.002   0.060   0.621537E+04 -0.592579E+03
  0.002   0.060   0.523892E+04 -0.909211E+01
  0.002   0.060   0.522225E+04 -0.417132E+03
  0.002   0.060   0.407506E+04 -0.922345E+01
  0.002   0.060   0.406722E+04 -0.252127E+03
  0.002   0.060   0.278739E+04 -0.933319E+01
  0.002   0.060   0.278488E+04 -0.117516E+03
  0.002   0.060   0.141502E+04 -0.940879E+01
  0.002   0.060   0.141468E+04 -0.296125E+02
  0.003   0.070  -0.360797E+00 -0.113692E+02
  0.003   0.070  -0.452359E+00  0.284337E+01
  0.003   0.070  -0.165373E+04 -0.113529E+02
  0.003   0.070  -0.165337E+04 -0.388746E+02
  0.003   0.070  -0.325685E+04 -0.112761E+02
  0.003   0.070  -0.325307E+04 -0.158896E+03
  0.003   0.070  -0.476101E+04 -0.111494E+02
  0.003   0.070  -0.474877E+04 -0.342621E+03
  0.003   0.070  -0.612052E+04 -0.109893E+02
  0.003   0.070  -0.609423E+04 -0.567749E+03
  0.003   0.070  -0.729405E+04 -0.108162E+02
  0.003   0.070  -0.724939E+04 -0.807035E+03
  0.003   0.070  -0.824597E+04 -0.106520E+02
  0.003   0.070  -0.818130E+04 -0.103162E+04
  0.003   0.070  -0.894733E+04 -0.105170E+02
  0.003   0.070  -0.886465E+04 -0.121451E+04
  0.003   0.070  -0.937682E+04 -0.104280E+02
  0.003   0.070  -0.928162E+04 -0.133378E+04
  0.003   0.070  -0.952140E+04 -0.103960E+02
  0.003   0.070  -0.942172E+04 -0.137518E+04
  0.003   0.070  -0.937667E+04 -0.104248E+02
  0.003   0.070  -0.928148E+04 -0.133376E+04
  0.003   0.070  -0.894703E+04 -0.105111E+02
  0.003   0.070  -0.886439E+04 -0.121447E+04
  0.003   0.070  -0.824554E+04 -0.106440E+02
  0.003   0.070  -0.818092E+04 -0.103157E+04
  0.003   0.070  -0.729350E+04 -0.108072E+02
  0.003   0.070  -0.724889E+04 -0.806974E+03
  0.003   0.070  -0.611986E+04 -0.109803E+02
  0.003   0.070  -0.609365E+04 -0.567687E+03
  0.003   0.070  -0.476027E+04 -0.111415E+02
  0.003   0.070  -0.474810E+04 -0.342566E+03
  0.003   0.070  -0.325604E+04 -0.112702E+02
  0.003   0.070  -0.325234E+04 -0.158855E+03
  0.003   0.070  -0.165288E+04 -0.113498E+02
  0.003   0.070  -0.165261E+04 -0.388530E+02
  0.003   0.070   0.495827E+00 -0.113693E+02
  0.003   0.070   0.318039E+00  0.284355E+01
  0.003   0.070   0.165386E+04 -0.113250E+02
  0.003   0.070   0.165323E+04 -0.388430E+02
  0.003   0.070   0.325698E+04 -0.112211E+02
  0.003   0.070   0.325293E+04 -0.158834E+03
  0.003   0.070   0.476115E+04 -0.110691E+02
  0.003   0.070   0.474864E+04 -0.342530E+03
  0.003   0.070   0.612066E+04 -0.108861E+02
  0.003   0.070   0.609411E+04 -0.567633E+03
  0.003   0.070   0.729420E+04 -0.106933E+02
  0.003   0.070   0.724926E+04 -0.806897E+03
  0.003   0.070   0.824611E+04 -0.105131E+02
  0.003   0.070   0.818118E+04 -0.103146E+04
  0.003   0.070   0.894747E+04 -0.103664E+02
  0.003   0.070   0.886452E+04 -0.121434E+04
  0.003   0.070   0.937697E+04 -0.102702E+02
  0.003   0.070   0.928150E+04 -0.133360E+04
  0.003   0.070   0.952155E+04 -0.102358E+02
  0.003   0.070   0.942160E+04 -0.137500E+04
  0.003   0.070   0.937682E+04 -0.102670E+02
  0.003   0.070   0.928136E+04 -0.133358E+04
  0.003   0.070   0.894718E+04 -0.103604E+02
  0.003   0.070   0.886426E+04 -0.121430E+04
  0.003   0.070   0.824568E+04 -0.105051E+02
  0.003   0.070   0.818080E+04 -0.103141E+04
  0.003   0.070   0.729365E+04 -0.106841E+02
  0.003   0.070   0.724877E+04 -0.806836E+03
  0.003   0.070   0.612000E+04 -0.108769E+02
  0.003   0.070   0.609352E+04 -0.567572E+03
  0.003   0.070   0.476041E+04 -0.110609E+02
  0.003   0.070   0.474797E+04 -0.342476E+03
  0.003   0.070   0.325618E+04 -0.112151E+02
  0.003   0.070   0.325221E+04 -0.158794E+03
  0.003   0.070   0.165302E+04 -0.113217E+02
  0.003   0.070   0.165247E+04 -0.388218E+02
  0.003   0.080  -0.369761E+00 -0.136285E+02
  0.003   0.080  -0.559921E+00  0.510683E+01
  0.003   0.080  -0.189274E+04 -0.136080E+02
  0.003   0.080  -0.189228E+04 -0.495642E+02
  0.003   0.080  -0.372759E+04 -0.135062E+02
  0.003   0.080  -0.372205E+04 -0.206825E+03
  0.003   0.080  -0.544919E+04 -0.133374E+02
  0.003   0.080  -0.543098E+04 -0.447496E+03
  0.003   0.080  -0.700521E+04 -0.131237E+02
  0.003   0.080  -0.696599E+04 -0.742307E+03
  0.003   0.080  -0.834839E+04 -0.128925E+02
  0.003   0.080  -0.828162E+04 -0.105554E+04
  0.003   0.080  -0.943791E+04 -0.126731E+02
  0.003   0.080  -0.934118E+04 -0.134942E+04
  0.003   0.080  -0.102407E+05 -0.124927E+02
  0.003   0.080  -0.101169E+05 -0.158866E+04
  0.003   0.080  -0.107322E+05 -0.123738E+02
  0.003   0.080  -0.105897E+05 -0.174465E+04
  0.003   0.080  -0.108977E+05 -0.123311E+02
  0.003   0.080  -0.107485E+05 -0.179878E+04
  0.003   0.080  -0.107321E+05 -0.123697E+02
  0.003   0.080  -0.105896E+05 -0.174462E+04
  0.003   0.080  -0.102403E+05 -0.124850E+02
  0.003   0.080  -0.101166E+05 -0.158861E+04
  0.003   0.080  -0.943742E+04 -0.126627E+02
  0.003   0.080  -0.934074E+04 -0.134935E+04
  0.003   0.080  -0.834776E+04 -0.128807E+02
  0.003   0.080  -0.828106E+04 -0.105546E+04
  0.003   0.080  -0.700446E+04 -0.131119E+02
  0.003   0.080  -0.696532E+04 -0.742226E+03
  0.003   0.080  -0.544834E+04 -0.133271E+02
  0.003   0.080  -0.543023E+04 -0.447425E+03
  0.003   0.080  -0.372667E+04 -0.134986E+02
  0.003   0.080  -0.372122E+04 -0.206772E+03
  0.003   0.080  -0.189177E+04 -0.136040E+02
  0.003   0.080  -0.189142E+04 -0.495359E+02
  0.003   0.080   0.610852E+00 -0.136287E+02
  0.003   0.080   0.319586E+00  0.510710E+01
  0.003   0.080   0.189298E+04 -0.135679E+02
  0.003   0.080   0.189204E+04 -0.495166E+02
  0.003   0.080   0.372783E+04 -0.134270E+02
  0.003   0.080   0.372181E+04 -0.206732E+03
  0.003   0.080   0.544943E+04 -0.132217E+02
  0.003   0.080   0.543075E+04 -0.447360E+03
  0.003   0.080   0.700546E+04 -0.129750E+02
  0.003   0.080   0.696575E+04 -0.742132E+03
  0.003   0.080   0.834865E+04 -0.127155E+02
  0.003   0.080   0.828139E+04 -0.105533E+04
  0.003   0.080   0.943817E+04 -0.124732E+02
  0.003   0.080   0.934095E+04 -0.134919E+04
  0.003   0.080   0.102409E+05 -0.122760E+02
  0.003   0.080   0.101167E+05 -0.158841E+04
  0.003   0.080   0.107325E+05 -0.121468E+02
  0.003   0.080   0.105895E+05 -0.174438E+04
  0.003   0.080   0.108980E+05 -0.121005E+02
  0.003   0.080   0.107483E+05 -0.179851E+04
  0.003   0.080   0.107323E+05 -0.121426E+02
  0.003   0.080   0.105894E+05 -0.174436E+04
  0.003   0.080   0.102406E+05 -0.122681E+02
  0.003   0.080   0.101164E+05 -0.158836E+04
  0.003   0.080   0.943768E+04 -0.124626E+02
  0.003   0.080   0.934052E+04 -0.134912E+04
  0.003   0.080   0.834802E+04 -0.127035E+02
  0.003   0.080   0.828083E+04 -0.105525E+04
  0.003   0.080   0.700471E+04 -0.129630E+02
  0.003   0.080   0.696509E+04 -0.742052E+03
  0.003   0.080   0.544858E+04 -0.132110E+02
  0.003   0.080   0.542999E+04 -0.447289E+03
  0.003   0.080   0.372691E+04 -0.134191E+02
  0.003   0.080   0.372098E+04 -0.206680E+03
  0.003   0.080   0.189201E+04 -0.135635E+02
  0.003   0.080   0.189118E+04 -0.494889E+02
  0.003   0.090  -0.353715E+00 -0.162364E+02
  0.003   0.090  -0.712974E+00  0.771209E+01
  0.003   0.090  -0.213284E+04 -0.162107E+02
  0.003   0.090  -0.213232E+04 -0.617437E+02
  0.003   0.090  -0.420051E+04 -0.160790E+02
  0.003   0.090  -0.419274E+04 -0.261495E+03
  0.003   0.090  -0.614056E+04 -0.158597E+02
  0.003   0.090  -0.611470E+04 -0.567106E+03
  0.003   0.090  -0.789403E+04 -0.155818E+02
  0.003   0.090  -0.783810E+04 -0.941326E+03
  0.003   0.090  -0.940765E+04 -0.152811E+02
  0.003   0.090  -0.931231E+04 -0.133876E+04
  0.003   0.090  -0.106354E+05 -0.149956E+02
  0.003   0.090  -0.104972E+05 -0.171149E+04
  0.003   0.090  -0.115400E+05 -0.147611E+02
  0.003   0.090  -0.113632E+05 -0.201480E+04
  0.003   0.090  -0.120940E+05 -0.146065E+02
  0.003   0.090  -0.118903E+05 -0.221250E+04
  0.003   0.090  -0.122805E+05 -0.145510E+02
  0.003   0.090  -0.120672E+05 -0.228111E+04
  0.003   0.090  -0.120938E+05 -0.146013E+02
  0.003   0.090  -0.118902E+05 -0.221247E+04
  0.003   0.090  -0.115397E+05 -0.147513E+02
  0.003   0.090  -0.113629E+05 -0.201473E+04
  0.003   0.090  -0.106349E+05 -0.149825E+02
  0.003   0.090  -0.104967E+05 -0.171139E+04
  0.003   0.090  -0.940694E+04 -0.152662E+02
  0.003   0.090  -0.931166E+04 -0.133866E+04
  0.003   0.090  -0.789319E+04 -0.155669E+02
  0.003   0.090  -0.783732E+04 -0.941220E+03
  0.003   0.090  -0.613960E+04 -0.158466E+02
  0.003   0.090  -0.611381E+04 -0.567013E+03
  0.003   0.090  -0.419947E+04 -0.160694E+02
  0.003   0.090  -0.419178E+04 -0.261426E+03
  0.003   0.090  -0.213175E+04 -0.162058E+02
  0.003   0.090  -0.213131E+04 -0.617065E+02
  0.003   0.090   0.754082E+00 -0.162367E+02
  0.003   0.090   0.315876E+00  0.771249E+01
  0.003   0.090   0.213324E+04 -0.161560E+02
  0.003   0.090   0.213192E+04 -0.616753E+02
  0.003   0.090   0.420092E+04 -0.159709E+02
  0.003   0.090   0.419235E+04 -0.261361E+03
  0.003   0.090   0.614097E+04 -0.157018E+02
  0.003   0.090   0.611431E+04 -0.566910E+03
  0.003   0.090   0.789445E+04 -0.153790E+02
  0.003   0.090   0.783772E+04 -0.941075E+03
  0.003   0.090   0.940807E+04 -0.150398E+02
  0.003   0.090   0.931194E+04 -0.133847E+04
  0.003   0.090   0.106358E+05 -0.147232E+02
  0.003   0.090   0.104969E+05 -0.171115E+04
  0.003   0.090   0.115405E+05 -0.144658E+02
  0.003   0.090   0.113629E+05 -0.201443E+04
  0.003   0.090   0.120944E+05 -0.142972E+02
  0.003   0.090   0.118900E+05 -0.221212E+04
  0.003   0.090   0.122809E+05 -0.142370E+02
  0.003   0.090   0.120668E+05 -0.228072E+04
  0.003   0.090   0.120942E+05 -0.142919E+02
  0.003   0.090   0.118898E+05 -0.221208E+04
  0.003   0.090   0.115401E+05 -0.144558E+02
  0.003   0.090   0.113625E+05 -0.201436E+04
  0.003   0.090   0.106353E+05 -0.147097E+02
  0.003   0.090   0.104963E+05 -0.171106E+04
  0.003   0.090   0.940736E+04 -0.150245E+02
  0.003   0.090   0.931128E+04 -0.133836E+04
  0.003   0.090   0.789360E+04 -0.153637E+02
  0.003   0.090   0.783694E+04 -0.940969E+03
  0.003   0.090   0.614001E+04 -0.156882E+02
  0.003   0.090   0.611342E+04 -0.566818E+03
  0.003   0.090   0.419988E+04 -0.159608E+02
  0.003   0.090   0.419138E+04 -0.261292E+03
  0.003   0.090   0.213215E+04 -0.161504E+02
  0.003   0.090   0.213091E+04 -0.616389E+02
  0.004   0.100  -0.301329E+00 -0.192077E+02
  0.004   0.100  -0.865221E+00  0.106950E+02
  0.004   0.100  -0.237417E+04 -0.191754E+02
  0.004   0.100  -0.237356E+04 -0.754152E+02
  0.004   0.100  -0.467589E+04 -0.190076E+02
  0.004   0.100  -0.466531E+04 -0.323015E+03
  0.004   0.100  -0.683555E+04 -0.187280E+02
  0.004   0.100  -0.680003E+04 -0.701713E+03
  0.004   0.100  -0.878751E+04 -0.183736E+02
  0.004   0.100  -0.871052E+04 -0.116523E+04
  0.004   0.100  -0.104725E+05 -0.179902E+02
  0.004   0.100  -0.103411E+05 -0.165728E+04
  0.004   0.100  -0.118392E+05 -0.176263E+02
  0.004   0.100  -0.116488E+05 -0.211850E+04
  0.004   0.100  -0.128462E+05 -0.173274E+02
  0.004   0.100  -0.126025E+05 -0.249367E+04
  0.004   0.100  -0.134629E+05 -0.171305E+02
  0.004   0.100  -0.131822E+05 -0.273815E+04
  0.004   0.100  -0.136705E+05 -0.170599E+02
  0.004   0.100  -0.133765E+05 -0.282296E+04
  0.004   0.100  -0.134627E+05 -0.171241E+02
  0.004   0.100  -0.131820E+05 -0.273810E+04
  0.004   0.100  -0.128458E+05 -0.173154E+02
  0.004   0.100  -0.126022E+05 -0.249359E+04
  0.004   0.100  -0.118386E+05 -0.176101E+02
  0.004   0.100  -0.116482E+05 -0.211839E+04
  0.004   0.100  -0.104717E+05 -0.179718E+02
  0.004   0.100  -0.103404E+05 -0.165715E+04
  0.004   0.100  -0.878657E+04 -0.183552E+02
  0.004   0.100  -0.870968E+04 -0.116511E+04
  0.004   0.100  -0.683448E+04 -0.187119E+02
  0.004   0.100  -0.679908E+04 -0.701601E+03
  0.004   0.100  -0.467474E+04 -0.189958E+02
  0.004   0.100  -0.466428E+04 -0.322932E+03
  0.004   0.100  -0.237296E+04 -0.191693E+02
  0.004   0.100  -0.237248E+04 -0.753706E+02
  0.004   0.100   0.929053E+00 -0.192081E+02
  0.004   0.100   0.238701E+00  0.106956E+02
  0.004   0.100   0.237480E+04 -0.191041E+02
  0.004   0.100   0.237294E+04 -0.753202E+02
  0.004   0.100   0.467653E+04 -0.188668E+02
  0.004   0.100   0.466469E+04 -0.322829E+03
  0.004   0.100   0.683618E+04 -0.185223E+02
  0.004   0.100   0.679942E+04 -0.701441E+03
  0.004   0.100   0.878815E+04 -0.181095E+02
  0.004   0.100   0.870992E+04 -0.116488E+04
  0.004   0.100   0.104731E+05 -0.176760E+02
  0.004   0.100   0.103405E+05 -0.165686E+04
  0.004   0.100   0.118399E+05 -0.172717E+02
  0.004   0.100   0.116482E+05 -0.211803E+04
  0.004   0.100   0.128469E+05 -0.169432E+02
  0.004   0.100   0.126020E+05 -0.249317E+04
  0.004   0.100   0.134636E+05 -0.167282E+02
  0.004   0.100   0.131816E+05 -0.273761E+04
  0.004   0.100   0.136712E+05 -0.166514E+02
  0.004   0.100   0.133760E+05 -0.282242E+04
  0.004   0.100   0.134634E+05 -0.167216E+02
  0.004   0.100   0.131814E+05 -0.273757E+04
  0.004   0.100   0.128465E+05 -0.169308E+02
  0.004   0.100   0.126016E+05 -0.249308E+04
  0.004   0.100   0.118393E+05 -0.172550E+02
  0.004   0.100   0.116477E+05 -0.211792E+04
  0.004   0.100   0.104723E+05 -0.176570E+02
  0.004   0.100   0.103398E+05 -0.165674E+04
  0.004   0.100   0.878721E+04 -0.180905E+02
  0.004   0.100   0.870908E+04 -0.116476E+04
  0.004   0.100   0.683512E+04 -0.185054E+02
  0.004   0.100   0.679847E+04 -0.701330E+03
  0.004   0.100   0.467537E+04 -0.188542E+02
  0.004   0.100   0.466366E+04 -0.322746E+03
  0.004   0.100   0.237359E+04 -0.190972E+02
  0.004   0.100   0.237185E+04 -0.752766E+02
  0.004   0.110  -0.202386E+00 -0.225661E+02
  0.004   0.110  -0.108094E+01  0.140523E+02
  0.004   0.110  -0.261687E+04 -0.225252E+02
  0.004   0.110  -0.261622E+04 -0.906296E+02
  0.004   0.110  -0.515403E+04 -0.223140E+02
  0.004   0.110  -0.514004E+04 -0.391563E+03
  0.004   0.110  -0.753457E+04 -0.219624E+02
  0.004   0.110  -0.748720E+04 -0.851669E+03
  0.004   0.110  -0.968619E+04 -0.215170E+02
  0.004   0.110  -0.958328E+04 -0.141457E+04
  0.004   0.110  -0.115435E+05 -0.210355E+02
  0.004   0.110  -0.113678E+05 -0.201179E+04
  0.004   0.110  -0.130501E+05 -0.205787E+02
  0.004   0.110  -0.127952E+05 -0.257130E+04
  0.004   0.110  -0.141601E+05 -0.202038E+02
  0.004   0.110  -0.138339E+05 -0.302621E+04
  0.004   0.110  -0.148399E+05 -0.199570E+02
  0.004   0.110  -0.144641E+05 -0.332253E+04
  0.004   0.110  -0.150687E+05 -0.198685E+02
  0.004   0.110  -0.146752E+05 -0.342532E+04
  0.004   0.110  -0.148396E+05 -0.199492E+02
  0.004   0.110  -0.144639E+05 -0.332248E+04
  0.004   0.110  -0.141596E+05 -0.201893E+02
  0.004   0.110  -0.138335E+05 -0.302611E+04
  0.004   0.110  -0.130494E+05 -0.205592E+02
  0.004   0.110  -0.127946E+05 -0.257116E+04
  0.004   0.110  -0.115426E+05 -0.210133E+02
  0.004   0.110  -0.113670E+05 -0.201163E+04
  0.004   0.110  -0.968516E+04 -0.214949E+02
  0.004   0.110  -0.958235E+04 -0.141441E+04
  0.004   0.110  -0.753341E+04 -0.219430E+02
  0.004   0.110  -0.748615E+04 -0.851533E+03
  0.004   0.110  -0.515276E+04 -0.222998E+02
  0.004   0.110  -0.513889E+04 -0.391461E+03
  0.004   0.110  -0.261554E+04 -0.225180E+02
  0.004   0.110  -0.261502E+04 -0.905751E+02
  0.004   0.110   0.114675E+01 -0.225667E+02
  0.004   0.110   0.140663E+00  0.140530E+02
  0.004   0.110   0.261782E+04 -0.224360E+02
  0.004   0.110   0.261528E+04 -0.905013E+02
  0.004   0.110   0.515498E+04 -0.221379E+02
  0.004   0.110   0.513911E+04 -0.391311E+03
  0.004   0.110   0.753553E+04 -0.217051E+02
  0.004   0.110   0.748628E+04 -0.851303E+03
  0.004   0.110   0.968716E+04 -0.211869E+02
  0.004   0.110   0.958237E+04 -0.141410E+04
  0.004   0.110   0.115445E+05 -0.206429E+02
  0.004   0.110   0.113669E+05 -0.201123E+04
  0.004   0.110   0.130511E+05 -0.201359E+02
  0.004   0.110   0.127943E+05 -0.257067E+04
  0.004   0.110   0.141611E+05 -0.197242E+02
  0.004   0.110   0.138331E+05 -0.302552E+04
  0.004   0.110   0.148409E+05 -0.194548E+02
  0.004   0.110   0.144633E+05 -0.332182E+04
  0.004   0.110   0.150697E+05 -0.193588E+02
  0.004   0.110   0.146744E+05 -0.342460E+04
  0.004   0.110   0.148406E+05 -0.194469E+02
  0.004   0.110   0.144631E+05 -0.332177E+04
  0.004   0.110   0.141606E+05 -0.197093E+02
  0.004   0.110   0.138327E+05 -0.302542E+04
  0.004   0.110   0.130504E+05 -0.201158E+02
  0.004   0.110   0.127937E+05 -0.257053E+04
  0.004   0.110   0.115436E+05 -0.206200E+02
  0.004   0.110   0.113661E+05 -0.201107E+04
  0.004   0.110   0.968613E+04 -0.211639E+02
  0.004   0.110   0.958145E+04 -0.141394E+04
  0.004   0.110   0.753437E+04 -0.216847E+02
  0.004   0.110   0.748523E+04 -0.851167E+03
  0.004   0.110   0.515371E+04 -0.221226E+02
  0.004   0.110   0.513796E+04 -0.391211E+03
  0.004   0.110   0.261649E+04 -0.224276E+02
  0.004   0.110   0.261408E+04 -0.904483E+02
  0.005   0.120  -0.535585E-01 -0.263193E+02
  0.005   0.120  -0.134884E+01  0.178147E+02
  0.005   0.120  -0.286110E+04 -0.262669E+02
  0.005   0.120  -0.286043E+04 -0.107406E+03
  0.005   0.120  -0.563520E+04 -0.260032E+02
  0.005   0.120  -0.561712E+04 -0.467295E+03
  0.005   0.120  -0.823807E+04 -0.255657E+02
  0.005   0.120  -0.817636E+04 -0.101733E+04
  0.005   0.120  -0.105906E+05 -0.250124E+02
  0.005   0.120  -0.104563E+05 -0.168989E+04
  0.005   0.120  -0.126214E+05 -0.244147E+02
  0.005   0.120  -0.123919E+05 -0.240304E+04
  0.005   0.120  -0.142687E+05 -0.238482E+02
  0.005   0.120  -0.139358E+05 -0.307076E+04
  0.005   0.120  -0.154824E+05 -0.233835E+02
  0.005   0.120  -0.150563E+05 -0.361337E+04
  0.005   0.120  -0.162257E+05 -0.230778E+02
  0.005   0.120  -0.157348E+05 -0.396669E+04
  0.005   0.120  -0.164759E+05 -0.229684E+02
  0.005   0.120  -0.159618E+05 -0.408922E+04
  0.005   0.120  -0.162254E+05 -0.230686E+02
  0.005   0.120  -0.157346E+05 -0.396662E+04
  0.005   0.120  -0.154819E+05 -0.233662E+02
  0.005   0.120  -0.150559E+05 -0.361325E+04
  0.005   0.120  -0.142680E+05 -0.238248E+02
  0.005   0.120  -0.139351E+05 -0.307060E+04
  0.005   0.120  -0.126205E+05 -0.243881E+02
  0.005   0.120  -0.123911E+05 -0.240285E+04
  0.005   0.120  -0.105895E+05 -0.249859E+02
  0.005   0.120  -0.104553E+05 -0.168970E+04
  0.005   0.120  -0.823680E+04 -0.255426E+02
  0.005   0.120  -0.817522E+04 -0.101716E+04
  0.005   0.120  -0.563381E+04 -0.259863E+02
  0.005   0.120  -0.561588E+04 -0.467173E+03
  0.005   0.120  -0.285965E+04 -0.262582E+02
  0.005   0.120  -0.285912E+04 -0.107341E+03
  0.005   0.120   0.141996E+01 -0.263201E+02
  0.005   0.120  -0.146344E-01  0.178157E+02
  0.005   0.120   0.286246E+04 -0.261593E+02
  0.005   0.120   0.285907E+04 -0.107237E+03
  0.005   0.120   0.563657E+04 -0.257910E+02
  0.005   0.120   0.561578E+04 -0.466964E+03
  0.005   0.120   0.823946E+04 -0.252558E+02
  0.005   0.120   0.817503E+04 -0.101684E+04
  0.005   0.120   0.105920E+05 -0.246149E+02
  0.005   0.120   0.104550E+05 -0.168927E+04
  0.005   0.120   0.126228E+05 -0.239423E+02
  0.005   0.120   0.123907E+05 -0.240230E+04
  0.005   0.120   0.142701E+05 -0.233157E+02
  0.005   0.120   0.139345E+05 -0.306994E+04
  0.005   0.120   0.154838E+05 -0.228069E+02
  0.005   0.120   0.150550E+05 -0.361247E+04
  0.005   0.120   0.162271E+05 -0.224744E+02
  0.005   0.120   0.157335E+05 -0.396575E+04
  0.005   0.120   0.164773E+05 -0.223559E+02
  0.005   0.120   0.159606E+05 -0.408827E+04
  0.005   0.120   0.162268E+05 -0.224649E+02
  0.005   0.120   0.157333E+05 -0.396569E+04
  0.005   0.120   0.154833E+05 -0.227891E+02
  0.005   0.120   0.150546E+05 -0.361236E+04
  0.005   0.120   0.142694E+05 -0.232915E+02
  0.005   0.120   0.139339E+05 -0.306978E+04
  0.005   0.120   0.126219E+05 -0.239148E+02
  0.005   0.120   0.123898E+05 -0.240212E+04
  0.005   0.120   0.105909E+05 -0.245873E+02
  0.005   0.120   0.104540E+05 -0.168909E+04
  0.005   0.120   0.823818E+04 -0.252313E+02
  0.005   0.120   0.817389E+04 -0.101668E+04
  0.005   0.120   0.563519E+04 -0.257726E+02
  0.005   0.120   0.561453E+04 -0.466844E+03
  0.005   0.120   0.286101E+04 -0.261492E+02
  0.005   0.120   0.285776E+04 -0.107174E+03
  0.005   0.130   0.156844E+00 -0.305000E+02
  0.005   0.130  -0.168829E+01  0.220023E+02
  0.005   0.130  -0.310699E+04 -0.304319E+02
  0.005   0.130  -0.310637E+04 -0.125782E+03
  0.005   0.130  -0.611971E+04 -0.301047E+02
  0.005   0.130  -0.609682E+04 -0.550407E+03
  0.005   0.130  -0.894649E+04 -0.295646E+02
  0.005   0.130  -0.886769E+04 -0.119910E+04
  0.005   0.130  -0.115014E+05 -0.288831E+02
  0.005   0.130  -0.113296E+05 -0.199184E+04
  0.005   0.130  -0.137069E+05 -0.281481E+02
  0.005   0.130  -0.134132E+05 -0.283188E+04
  0.005   0.130  -0.154959E+05 -0.274522E+02
  0.005   0.130  -0.150697E+05 -0.361790E+04
  0.005   0.130  -0.168140E+05 -0.268818E+02
  0.005   0.130  -0.162685E+05 -0.425627E+04
  0.005   0.130  -0.176212E+05 -0.265069E+02
  0.005   0.130  -0.169927E+05 -0.467176E+04
  0.005   0.130  -0.178929E+05 -0.263729E+02
  0.005   0.130  -0.172348E+05 -0.481582E+04
  0.005   0.130  -0.176209E+05 -0.264960E+02
  0.005   0.130  -0.169925E+05 -0.467168E+04
  0.005   0.130  -0.168135E+05 -0.268614E+02
  0.005   0.130  -0.162680E+05 -0.425612E+04
  0.005   0.130  -0.154951E+05 -0.274247E+02
  0.005   0.130  -0.150690E+05 -0.361771E+04
  0.005   0.130  -0.137059E+05 -0.281168E+02
  0.005   0.130  -0.134123E+05 -0.283166E+04
  0.005   0.130  -0.115002E+05 -0.288520E+02
  0.005   0.130  -0.113285E+05 -0.199162E+04
  0.005   0.130  -0.894509E+04 -0.295374E+02
  0.005   0.130  -0.886644E+04 -0.119890E+04
  0.005   0.130  -0.611820E+04 -0.300848E+02
  0.005   0.130  -0.609546E+04 -0.550262E+03
  0.005   0.130  -0.310540E+04 -0.304218E+02
  0.005   0.130  -0.310494E+04 -0.125705E+03
  0.005   0.130   0.176650E+01 -0.305010E+02
  0.005   0.130  -0.232255E+00  0.220036E+02
  0.005   0.130   0.310891E+04 -0.303071E+02
  0.005   0.130   0.310445E+04 -0.125564E+03
  0.005   0.130   0.612164E+04 -0.298585E+02
  0.005   0.130   0.609492E+04 -0.549978E+03
  0.005   0.130   0.894843E+04 -0.292052E+02
  0.005   0.130   0.886581E+04 -0.119847E+04
  0.005   0.130   0.115034E+05 -0.284225E+02
  0.005   0.130   0.113277E+05 -0.199104E+04
  0.005   0.130   0.137089E+05 -0.276010E+02
  0.005   0.130   0.134114E+05 -0.283093E+04
  0.005   0.130   0.154979E+05 -0.268358E+02
  0.005   0.130   0.150679E+05 -0.361683E+04
  0.005   0.130   0.168160E+05 -0.262149E+02
  0.005   0.130   0.162667E+05 -0.425511E+04
  0.005   0.130   0.176232E+05 -0.258091E+02
  0.005   0.130   0.169910E+05 -0.467055E+04
  0.005   0.130   0.178950E+05 -0.256647E+02
  0.005   0.130   0.172330E+05 -0.481459E+04
  0.005   0.130   0.176230E+05 -0.257979E+02
  0.005   0.130   0.169907E+05 -0.467047E+04
  0.005   0.130   0.168155E+05 -0.261938E+02
  0.005   0.130   0.162662E+05 -0.425497E+04
  0.005   0.130   0.154971E+05 -0.268073E+02
  0.005   0.130   0.150672E+05 -0.361664E+04
  0.005   0.130   0.137079E+05 -0.275685E+02
  0.005   0.130   0.134104E+05 -0.283072E+04
  0.005   0.130   0.115022E+05 -0.283898E+02
  0.005   0.130   0.113267E+05 -0.199083E+04
  0.005   0.130   0.894704E+04 -0.291762E+02
  0.005   0.130   0.886457E+04 -0.119828E+04
  0.005   0.130   0.612013E+04 -0.298367E+02
  0.005   0.130   0.609356E+04 -0.549837E+03
  0.005   0.130   0.310733E+04 -0.302950E+02
  0.005   0.130   0.310302E+04 -0.125489E+03
  0.005   0.140   0.447101E+00 -0.351282E+02
  0.005   0.140  -0.207017E+01  0.266605E+02
  0.005   0.140  -0.335470E+04 -0.350388E+02
  0.005   0.140  -0.335417E+04 -0.145774E+03
  0.005   0.140  -0.660789E+04 -0.346347E+02
  0.005   0.140  -0.657933E+04 -0.641086E+03
  0.005   0.140  -0.966030E+04 -0.339721E+02
  0.005   0.140  -0.956134E+04 -0.139741E+04
  0.005   0.140  -0.124192E+05 -0.331386E+02
  0.005   0.140  -0.122030E+05 -0.232112E+04
  0.005   0.140  -0.148007E+05 -0.322412E+02
  0.005   0.140  -0.144311E+05 -0.329923E+04
  0.005   0.140  -0.167325E+05 -0.313928E+02
  0.005   0.140  -0.161961E+05 -0.421379E+04
  0.005   0.140  -0.181559E+05 -0.306980E+02
  0.005   0.140  -0.174692E+05 -0.495608E+04
  0.005   0.140  -0.190275E+05 -0.302417E+02
  0.005   0.140  -0.182365E+05 -0.543899E+04
  0.005   0.140  -0.193209E+05 -0.300787E+02
  0.005   0.140  -0.184926E+05 -0.560638E+04
  0.005   0.140  -0.190272E+05 -0.302288E+02
  0.005   0.140  -0.182363E+05 -0.543890E+04
  0.005   0.140  -0.181553E+05 -0.306738E+02
  0.005   0.140  -0.174687E+05 -0.495592E+04
  0.005   0.140  -0.167317E+05 -0.313601E+02
  0.005   0.140  -0.161953E+05 -0.421358E+04
  0.005   0.140  -0.147996E+05 -0.322041E+02
  0.005   0.140  -0.144301E+05 -0.329898E+04
  0.005   0.140  -0.124179E+05 -0.331016E+02
  0.005   0.140  -0.122019E+05 -0.232087E+04
  0.005   0.140  -0.965879E+04 -0.339398E+02
  0.005   0.140  -0.956007E+04 -0.139720E+04
  0.005   0.140  -0.660625E+04 -0.346111E+02
  0.005   0.140  -0.657794E+04 -0.640925E+03
  0.005   0.140  -0.335298E+04 -0.350269E+02
  0.005   0.140  -0.335270E+04 -0.145687E+03
  0.005   0.140   0.219492E+01 -0.351295E+02
  0.005   0.140  -0.580518E+00  0.266622E+02
  0.005   0.140   0.335734E+04 -0.348998E+02
  0.005   0.140   0.335152E+04 -0.145496E+03
  0.005   0.140   0.661055E+04 -0.343602E+02
  0.005   0.140   0.657671E+04 -0.640542E+03
  0.005   0.140   0.966297E+04 -0.335717E+02
  0.005   0.140   0.955875E+04 -0.139662E+04
  0.005   0.140   0.124219E+05 -0.326258E+02
  0.005   0.140   0.122005E+05 -0.232010E+04
  0.005   0.140   0.148034E+05 -0.316327E+02
  0.005   0.140   0.144286E+05 -0.329802E+04
  0.005   0.140   0.167353E+05 -0.307078E+02
  0.005   0.140   0.161936E+05 -0.421243E+04
  0.005   0.140   0.181586E+05 -0.299574E+02
  0.005   0.140   0.174668E+05 -0.495461E+04
  0.005   0.140   0.190303E+05 -0.294671E+02
  0.005   0.140   0.182341E+05 -0.543745E+04
  0.005   0.140   0.193237E+05 -0.292927E+02
  0.005   0.140   0.184902E+05 -0.560482E+04
  0.005   0.140   0.190300E+05 -0.294538E+02
  0.005   0.140   0.182338E+05 -0.543737E+04
  0.005   0.140   0.181580E+05 -0.299322E+02
  0.005   0.140   0.174663E+05 -0.495446E+04
  0.005   0.140   0.167344E+05 -0.306738E+02
  0.005   0.140   0.161929E+05 -0.421222E+04
  0.005   0.140   0.148023E+05 -0.315940E+02
  0.005   0.140   0.144276E+05 -0.329778E+04
  0.005   0.140   0.124205E+05 -0.325868E+02
  0.005   0.140   0.121994E+05 -0.231986E+04
  0.005   0.140   0.966146E+04 -0.335371E+02
  0.005   0.140   0.955748E+04 -0.139641E+04
  0.005   0.140   0.660891E+04 -0.343341E+02
  0.005   0.140   0.657532E+04 -0.640384E+03
  0.005   0.140   0.335562E+04 -0.348853E+02
  0.005   0.140   0.335006E+04 -0.145413E+03
