 Center of Gravity:
  5.400000000000000E+010  0.000000000000000E+000  0.000000000000000E+000
 Body Mass Matrix:
  1.00000E+00   2.00000E+00   3.00000E+00   4.00000E+00   5.00000E+00   6.00000E+00
  1.00000E+00   2.00000E+00   3.00000E+00   4.00000E+00   5.00000E+00   6.00000E+00
  1.00000E+00   2.00000E+00   3.00000E+00   4.00000E+00   5.00000E+00   6.00000E+00
  1.00000E+00   2.00000E+00   3.00000E+00   4.00000E+00   5.00000E+00   6.00000E+00
  1.00000E+00   2.00000E+00   3.00000E+00   4.00000E+00   5.00000E+00   6.00000E+00
  1.00000E+00   2.00000E+00   3.00000E+00   4.00000E+00   5.00000E+00   6.00000E+00
 External Linear Damping Matrix:
  1.00000E+00   2.00000E+00   3.00000E+00   4.00000E+00   5.00000E+00   6.00000E+00
  1.00000E+00   2.00000E+00   3.00000E+00   4.00000E+00   5.00000E+00   6.00000E+00
  1.00000E+00   2.00000E+00   3.00000E+00   4.00000E+00   5.00000E+00   6.00000E+00
  1.00000E+00   2.00000E+00   3.00000E+00   4.00000E+00   5.00000E+00   6.00000E+00
  1.00000E+00   2.00000E+00   3.00000E+00   4.00000E+00   5.00000E+00   6.00000E+00
  1.00000E+00   2.00000E+00   3.00000E+00   4.00000E+00   5.00000E+00   6.00000E+00
 External Quadratic Damping Matrix:
  1.00000E+00   2.00000E+00   3.00000E+00   4.00000E+00   5.00000E+00   6.00000E+00
  1.00000E+00   2.00000E+00   3.00000E+00   4.00000E+00   5.00000E+00   6.00000E+00
  1.00000E+00   2.00000E+00   3.00000E+00   4.00000E+00   5.00000E+00   6.00000E+00
  1.00000E+00   2.00000E+00   3.00000E+00   4.00000E+00   5.00000E+00   6.00000E+00
  1.00000E+00   2.00000E+00   3.00000E+00   4.00000E+00   5.00000E+00   6.00000E+00
  1.00000E+00   2.00000E+00   3.00000E+00   4.00000E+00   5.00000E+00   6.00000E+00
 Hydrostatic Restoring Matrix:
  1.00000E+00   2.00000E+00   3.00000E+00   4.00000E+00   5.00000E+00   6.00000E+00
  1.00000E+00   2.00000E+00   3.00000E+00   4.00000E+00   5.00000E+00   6.00000E+00
  1.00000E+00   2.00000E+00   3.00000E+00   4.00000E+00   5.00000E+00   6.00000E+00
  1.00000E+00   2.00000E+00   3.00000E+00   4.00000E+00   5.00000E+00   6.00000E+00
  1.00000E+00   2.00000E+00   3.00000E+00   4.00000E+00   5.00000E+00   6.00000E+00
  1.00000E+00   2.00000E+00   3.00000E+00   4.00000E+00   5.00000E+00   6.00000E+00
 External Restoring Matrix:
  1.00000E+00   2.00000E+00   3.00000E+00   4.00000E+00   5.00000E+00   6.00000E+00
  1.00000E+00   2.00000E+00   3.00000E+00   4.00000E+00   5.00000E+00   6.00000E+00
  1.00000E+00   2.00000E+00   3.00000E+00   4.00000E+00   5.00000E+00   6.00000E+00
  1.00000E+00   2.00000E+00   3.00000E+00   4.00000E+00   5.00000E+00   6.00000E+00
  1.00000E+00   2.00000E+00   3.00000E+00   4.00000E+00   5.00000E+00   6.00000E+00
  1.00000E+00   2.00000E+00   3.00000E+00   4.00000E+00   5.00000E+00   6.00000E+00
