 16.102  12.566    0.92603E+05   0.12598E+02  -0.63695E+02   0.94867E+01  -0.84638E+05   0.55400E+01
 16.102  12.566   -0.30660E+01   0.82608E-01  -0.11277E+02   0.23888E-01   0.45895E+01  -0.15605E-03
 16.102  12.566   -0.31584E-01  -0.61901E-02  -0.25908E-01  -0.20740E-02   0.14864E-01  -0.13872E-03
 16.102  12.566    0.28038E-01   0.38721E-03   0.11570E-02   0.13907E-03  -0.80668E-02   0.13639E-03
 16.102  12.566   -0.19803E-01   0.31616E-02  -0.77686E-03   0.10541E-02   0.58325E-02  -0.82678E-04
 16.102  12.566   -0.19696E+00   0.18937E+01  -0.56552E+01   0.23700E+01   0.60830E+00   0.93212E-03
 16.102  12.566   -0.58921E-01   0.33712E-01  -0.10427E+00   0.24708E-01   0.39326E-01   0.62083E-04
 16.102  12.566    0.26268E-01  -0.27602E-02   0.78835E-02  -0.90483E-03  -0.75267E-02   0.16296E-03
 16.102  12.566    0.12082E-02  -0.39197E-04   0.28935E-03   0.39127E-04  -0.30831E-03  -0.76401E-04
 16.102  12.566    0.40549E-02   0.46447E-02   0.59918E-03   0.15237E-02  -0.12809E-02   0.37605E-04
 16.102  12.566   -0.45013E+01   0.50142E+00   0.11236E+02   0.13947E+00   0.49798E+01   0.13828E-02
 16.102  12.566    0.92603E+05   0.12602E+02  -0.63695E+02   0.94865E+01  -0.84638E+05   0.55400E+01
 16.102  12.566   -0.30660E+01   0.82610E-01  -0.11277E+02   0.23890E-01   0.45895E+01  -0.15607E-03
 16.102  12.566   -0.31581E-01  -0.61912E-02  -0.25907E-01  -0.20744E-02   0.14863E-01  -0.13869E-03
 16.102  12.566    0.28032E-01   0.38835E-03   0.11581E-02   0.13945E-03  -0.80642E-02   0.13639E-03
 16.102  12.566   -0.11592E+01  -0.13402E+01   0.56028E+01  -0.21998E+01   0.87043E+00   0.12855E-02
 16.102  12.566   -0.19679E+00   0.18937E+01  -0.56545E+01   0.23700E+01   0.60805E+00   0.93211E-03
 16.102  12.566   -0.58926E-01   0.33712E-01  -0.10427E+00   0.24708E-01   0.39327E-01   0.62057E-04
 16.102  12.566    0.26270E-01  -0.27610E-02   0.78838E-02  -0.90509E-03  -0.75273E-02   0.16297E-03
 16.102  12.566    0.12065E-02  -0.38953E-04   0.28923E-03   0.38788E-04  -0.30791E-03  -0.76402E-04
 16.102  12.566    0.22368E-01  -0.40349E-02   0.28649E-01  -0.13523E-02  -0.97187E-03   0.84721E-04
 16.102  12.566   -0.45013E+01   0.50142E+00   0.11236E+02   0.13947E+00   0.49798E+01   0.13828E-02
 16.102  12.566    0.92603E+05   0.12603E+02  -0.63693E+02   0.94885E+01  -0.84638E+05   0.55400E+01
 16.102  12.566   -0.30660E+01   0.82611E-01  -0.11277E+02   0.23890E-01   0.45895E+01  -0.15608E-03
 16.102  12.566   -0.31576E-01  -0.61915E-02  -0.25910E-01  -0.20745E-02   0.14860E-01  -0.13869E-03
 16.102  12.566   -0.11779E-01  -0.31803E-01   0.10690E+00  -0.24028E-01   0.25557E-01  -0.34244E-04
 16.102  12.566   -0.11592E+01  -0.13402E+01   0.56028E+01  -0.21998E+01   0.87043E+00   0.12855E-02
 16.102  12.566   -0.19679E+00   0.18937E+01  -0.56545E+01   0.23700E+01   0.60805E+00   0.93213E-03
 16.102  12.566   -0.58927E-01   0.33713E-01  -0.10427E+00   0.24708E-01   0.39328E-01   0.62052E-04
 16.102  12.566    0.26271E-01  -0.27623E-02   0.78824E-02  -0.90467E-03  -0.75279E-02   0.16296E-03
 16.102  12.566   -0.22004E-01   0.32692E-02  -0.25572E-02   0.10960E-02   0.65149E-02  -0.90193E-04
 16.102  12.566    0.22377E-01  -0.40347E-02   0.28645E-01  -0.13534E-02  -0.97364E-03   0.84753E-04
 16.102  12.566   -0.45013E+01   0.50142E+00   0.11236E+02   0.13947E+00   0.49798E+01   0.13828E-02
 16.102  12.566    0.92603E+05   0.12596E+02  -0.63689E+02   0.94839E+01  -0.84638E+05   0.55400E+01
 16.102  12.566   -0.30660E+01   0.82609E-01  -0.11277E+02   0.23890E-01   0.45895E+01  -0.15608E-03
 16.102  12.566   -0.13578E-01  -0.30417E-02  -0.10205E-01  -0.10346E-02   0.33979E-02  -0.19238E-03
 16.102  12.566   -0.11777E-01  -0.31803E-01   0.10690E+00  -0.24028E-01   0.25558E-01  -0.34245E-04
 16.102  12.566   -0.11592E+01  -0.13402E+01   0.56028E+01  -0.21998E+01   0.87043E+00   0.12855E-02
 16.102  12.566   -0.19679E+00   0.18937E+01  -0.56545E+01   0.23700E+01   0.60805E+00   0.93211E-03
 16.102  12.566   -0.58920E-01   0.33714E-01  -0.10427E+00   0.24707E-01   0.39323E-01   0.62076E-04
 16.102  12.566    0.14017E-01  -0.72756E-03   0.37648E-03  -0.24218E-03  -0.40376E-02   0.73135E-04
 16.102  12.566   -0.22008E-01   0.32700E-02  -0.25577E-02   0.10963E-02   0.65163E-02  -0.90202E-04
 16.102  12.566    0.22378E-01  -0.40360E-02   0.28646E-01  -0.13539E-02  -0.97394E-03   0.84735E-04
 16.102  12.566   -0.45013E+01   0.50142E+00   0.11236E+02   0.13947E+00   0.49798E+01   0.13828E-02
 16.102  12.566    0.92603E+05   0.12596E+02  -0.63689E+02   0.94832E+01  -0.84638E+05   0.55400E+01
 16.102  12.566    0.19524E-02   0.41750E-02   0.61449E-03   0.13479E-02  -0.60180E-03   0.52778E-04
 16.102  12.566   -0.13578E-01  -0.30412E-02  -0.10205E-01  -0.10345E-02   0.33978E-02  -0.19237E-03
 16.102  12.566   -0.11778E-01  -0.31804E-01   0.10690E+00  -0.24028E-01   0.25558E-01  -0.34233E-04
 16.102  12.566   -0.11592E+01  -0.13402E+01   0.56028E+01  -0.21998E+01   0.87043E+00   0.12855E-02
 16.102  12.566   -0.19705E+00   0.18933E+01  -0.56531E+01   0.23695E+01   0.60833E+00   0.93218E-03
 16.102  12.566   -0.13336E+01   0.14458E+01   0.55935E+01   0.22312E+01   0.91745E+00  -0.17642E-02
 16.102  12.566   -0.64003E-02  -0.18584E+01  -0.56499E+01  -0.23657E+01   0.55782E+00  -0.10667E-03
 16.102  12.566   -0.60371E-01  -0.31001E-01  -0.10528E+00  -0.23816E-01   0.39596E-01  -0.31511E-03
 16.102  12.566    0.31805E-01  -0.56004E-03   0.83376E-02  -0.19387E-03  -0.91914E-02   0.15181E-03
 16.102  12.566   -0.12806E-02   0.20808E-02  -0.31582E-03   0.65025E-03   0.47190E-03   0.55477E-04
 16.102  12.566    0.92603E+05   0.12607E+02  -0.63690E+02   0.94883E+01  -0.84638E+05   0.55400E+01
 16.102  12.566   -0.30660E+01   0.82967E-01  -0.11277E+02   0.24357E-01   0.45895E+01  -0.15613E-03
 16.102  12.566   -0.31585E-01  -0.61812E-02  -0.25908E-01  -0.20662E-02   0.14865E-01  -0.13869E-03
 16.102  12.566    0.28038E-01   0.38749E-03   0.11570E-02   0.13765E-03  -0.80668E-02   0.13640E-03
 16.102  12.566   -0.19803E-01   0.31665E-02  -0.77745E-03   0.10556E-02   0.58328E-02  -0.82648E-04
 16.102  12.566   -0.14819E-01   0.30238E-01   0.10534E+00   0.23488E-01   0.26519E-01   0.21210E-03
 16.102  12.566   -0.13334E+01   0.14461E+01   0.55949E+01   0.22317E+01   0.91722E+00  -0.17642E-02
 16.102  12.566   -0.63963E-02  -0.18584E+01  -0.56499E+01  -0.23657E+01   0.55781E+00  -0.10666E-03
 16.102  12.566   -0.60373E-01  -0.31001E-01  -0.10528E+00  -0.23816E-01   0.39596E-01  -0.31510E-03
 16.102  12.566    0.31804E-01  -0.55999E-03   0.83380E-02  -0.19387E-03  -0.91911E-02   0.15181E-03
 16.102  12.566   -0.45013E+01   0.50106E+00   0.11236E+02   0.13901E+00   0.49798E+01   0.13829E-02
 16.102  12.566    0.92603E+05   0.12602E+02  -0.63684E+02   0.94864E+01  -0.84638E+05   0.55400E+01
 16.102  12.566   -0.30660E+01   0.82967E-01  -0.11277E+02   0.24357E-01   0.45895E+01  -0.15614E-03
 16.102  12.566   -0.31580E-01  -0.61814E-02  -0.25907E-01  -0.20663E-02   0.14863E-01  -0.13867E-03
 16.102  12.566    0.28033E-01   0.38814E-03   0.11582E-02   0.13782E-03  -0.80644E-02   0.13640E-03
 16.102  12.566   -0.17366E-01   0.27687E-02  -0.92467E-02   0.94055E-03   0.45873E-02  -0.88307E-04
 16.102  12.566   -0.14819E-01   0.30239E-01   0.10534E+00   0.23490E-01   0.26520E-01   0.21209E-03
 16.102  12.566   -0.13334E+01   0.14461E+01   0.55949E+01   0.22317E+01   0.91722E+00  -0.17642E-02
 16.102  12.566   -0.63981E-02  -0.18584E+01  -0.56499E+01  -0.23657E+01   0.55781E+00  -0.10667E-03
 16.102  12.566   -0.60366E-01  -0.31001E-01  -0.10529E+00  -0.23816E-01   0.39591E-01  -0.31510E-03
 16.102  12.566    0.22372E-01  -0.40418E-02   0.28645E-01  -0.13639E-02  -0.97256E-03   0.84718E-04
 16.102  12.566   -0.45013E+01   0.50106E+00   0.11236E+02   0.13901E+00   0.49798E+01   0.13829E-02
 16.102  12.566    0.92603E+05   0.12603E+02  -0.63687E+02   0.94880E+01  -0.84638E+05   0.55400E+01
 16.102  12.566   -0.30660E+01   0.82969E-01  -0.11277E+02   0.24358E-01   0.45895E+01  -0.15616E-03
 16.102  12.566   -0.31575E-01  -0.61835E-02  -0.25914E-01  -0.20651E-02   0.14859E-01  -0.13868E-03
 16.102  12.566    0.71712E-03  -0.14496E-02   0.52888E-04  -0.43833E-03  -0.24354E-03  -0.51288E-04
 16.102  12.566   -0.17364E-01   0.27687E-02  -0.92473E-02   0.94038E-03   0.45867E-02  -0.88298E-04
 16.102  12.566   -0.14821E-01   0.30240E-01   0.10534E+00   0.23490E-01   0.26520E-01   0.21209E-03
 16.102  12.566   -0.13334E+01   0.14461E+01   0.55949E+01   0.22317E+01   0.91722E+00  -0.17642E-02
 16.102  12.566   -0.64071E-02  -0.18584E+01  -0.56499E+01  -0.23657E+01   0.55782E+00  -0.10666E-03
 16.102  12.566   -0.22003E-01   0.32624E-02  -0.25566E-02   0.10972E-02   0.65147E-02  -0.90217E-04
 16.102  12.566    0.22378E-01  -0.40410E-02   0.28645E-01  -0.13636E-02  -0.97410E-03   0.84755E-04
 16.102  12.566   -0.45013E+01   0.50106E+00   0.11236E+02   0.13901E+00   0.49798E+01   0.13829E-02
 16.102  12.566    0.92603E+05   0.12603E+02  -0.63691E+02   0.94881E+01  -0.84638E+05   0.55400E+01
 16.102  12.566   -0.30660E+01   0.82966E-01  -0.11277E+02   0.24351E-01   0.45895E+01  -0.15613E-03
 16.102  12.566   -0.33126E-03   0.47472E-03  -0.91823E-03   0.18354E-03   0.12634E-03  -0.37906E-04
 16.102  12.566    0.71495E-03  -0.14501E-02   0.52201E-04  -0.43859E-03  -0.24274E-03  -0.51289E-04
 16.102  12.566   -0.17364E-01   0.27677E-02  -0.92471E-02   0.94004E-03   0.45867E-02  -0.88309E-04
 16.102  12.566   -0.14819E-01   0.30241E-01   0.10534E+00   0.23491E-01   0.26520E-01   0.21209E-03
 16.102  12.566   -0.13337E+01   0.14461E+01   0.55956E+01   0.22317E+01   0.91748E+00  -0.17643E-02
 16.102  12.566    0.14017E-01  -0.72247E-03   0.37550E-03  -0.24029E-03  -0.40376E-02   0.73141E-04
 16.102  12.566   -0.22008E-01   0.32637E-02  -0.25572E-02   0.10977E-02   0.65161E-02  -0.90221E-04
 16.102  12.566    0.22378E-01  -0.40423E-02   0.28645E-01  -0.13641E-02  -0.97421E-03   0.84760E-04
 16.102  12.566   -0.45013E+01   0.50106E+00   0.11236E+02   0.13901E+00   0.49798E+01   0.13829E-02
 16.102  12.566    0.92603E+05   0.12603E+02  -0.63689E+02   0.94879E+01  -0.84638E+05   0.55400E+01
  4.026   6.283    0.82139E+05   0.11669E+02  -0.39956E+02   0.89298E+01  -0.79629E+05   0.22504E+01
  4.026   6.283    0.10100E+01  -0.21808E+01  -0.64781E+02  -0.55794E+00  -0.95875E+00  -0.46509E+00
  4.026   6.283   -0.53088E+02   0.30499E+00   0.37196E+02   0.53883E-01   0.17487E+02   0.22798E+00
  4.026   6.283    0.74555E+02  -0.89534E-01  -0.18290E+02  -0.58496E-01  -0.22178E+02  -0.11607E-01
  4.026   6.283   -0.72591E+02   0.12467E+01   0.16479E+01   0.40023E+00   0.20426E+02  -0.90480E-01
  4.026   6.283   -0.63488E+01   0.86303E+01  -0.31438E+02   0.41698E+01   0.22622E+01  -0.30041E-02
  4.026   6.283    0.43490E+02  -0.33878E+02   0.98526E+01  -0.93394E+01  -0.11957E+02  -0.48029E+00
  4.026   6.283   -0.13553E+02   0.12583E+02  -0.29707E+02   0.36552E+01   0.16603E+01   0.12372E+00
  4.026   6.283    0.60199E+02  -0.76619E+01  -0.19941E+02  -0.24144E+01  -0.17489E+02   0.29464E+00
  4.026   6.283   -0.22126E+02   0.75130E+01  -0.21975E+02   0.20590E+01   0.45813E+01  -0.19619E-01
  4.026   6.283   -0.60287E+02   0.21140E+01   0.65399E+02   0.52303E+00   0.23629E+02   0.34070E+00
  4.026   6.283    0.82145E+05   0.12475E+02  -0.50182E+02   0.91384E+01  -0.79631E+05   0.22245E+01
  4.026   6.283   -0.90164E+01  -0.30838E+01  -0.61180E+02  -0.81535E+00   0.21974E+01  -0.45477E+00
  4.026   6.283   -0.46045E+02  -0.34500E+00   0.34913E+02  -0.13778E+00   0.15300E+02   0.22041E+00
  4.026   6.283    0.66555E+02  -0.16296E+00  -0.18666E+02  -0.65151E-01  -0.20022E+02  -0.47002E-01
  4.026   6.283    0.18981E+00  -0.20103E+02   0.38666E+02  -0.70717E+01   0.50944E+00  -0.23461E-01
  4.026   6.283    0.53659E+00   0.88615E+01  -0.37882E+02   0.42005E+01   0.66640E-01   0.17479E-01
  4.026   6.283    0.35482E+02  -0.33525E+02   0.90274E+01  -0.92281E+01  -0.97281E+01  -0.48028E+00
  4.026   6.283   -0.51521E+01   0.13383E+02  -0.27394E+02   0.38708E+01  -0.54007E+00   0.14124E+00
  4.026   6.283    0.60606E+02  -0.88985E+01  -0.25512E+02  -0.27828E+01  -0.17681E+02   0.27914E+00
  4.026   6.283   -0.15085E+02   0.62669E+00  -0.33229E+02   0.28044E+00   0.26721E+01  -0.25809E+00
  4.026   6.283   -0.68567E+02   0.21582E+01   0.67767E+02   0.50612E+00   0.26248E+02   0.38473E+00
  4.026   6.283    0.82153E+05   0.12240E+02  -0.53488E+02   0.90569E+01  -0.79634E+05   0.22234E+01
  4.026   6.283   -0.14488E+02  -0.11074E+01  -0.61807E+02  -0.23623E+00   0.37577E+01  -0.46888E+00
  4.026   6.283   -0.42835E+02  -0.32190E+00   0.35635E+02  -0.14210E+00   0.14496E+02   0.24145E+00
  4.026   6.283    0.33233E+02   0.32357E+02  -0.69572E+01   0.89739E+01  -0.74741E+01   0.30645E+00
  4.026   6.283    0.20971E+01  -0.19722E+02   0.38899E+02  -0.69549E+01  -0.10632E+00  -0.24461E-01
  4.026   6.283   -0.63667E+01   0.86492E+01  -0.34064E+02   0.41395E+01   0.21838E+01   0.17461E-01
  4.026   6.283    0.42904E+02  -0.34876E+02   0.49286E+01  -0.96170E+01  -0.12057E+02  -0.48904E+00
  4.026   6.283   -0.18971E+02   0.11115E+02  -0.24089E+02   0.32613E+01   0.34688E+01   0.12425E+00
  4.026   6.283    0.43369E+02   0.26757E+01   0.14386E+02   0.68115E+00  -0.12094E+02   0.13112E+00
  4.026   6.283   -0.75735E+01   0.64219E+00  -0.33209E+02   0.29165E+00   0.45980E+00  -0.26299E+00
  4.026   6.283   -0.74491E+02   0.47757E+01   0.67073E+02   0.12580E+01   0.27953E+02   0.38792E+00
  4.026   6.283    0.82161E+05   0.13412E+02  -0.54809E+02   0.93895E+01  -0.79636E+05   0.22490E+01
  4.026   6.283   -0.14693E+02  -0.16841E+01  -0.63304E+02  -0.39626E+00   0.38160E+01  -0.47103E+00
  4.026   6.283   -0.38331E+02  -0.11692E+02   0.24483E+02  -0.35345E+01   0.11227E+02   0.28428E+00
  4.026   6.283    0.36411E+02   0.31929E+02  -0.10594E+02   0.88680E+01  -0.84895E+01   0.27672E+00
  4.026   6.283    0.43445E+01  -0.19336E+02   0.38659E+02  -0.68450E+01  -0.66877E+00  -0.14025E-01
  4.026   6.283   -0.58496E+01   0.97976E+01  -0.32556E+02   0.44774E+01   0.20033E+01   0.20631E-01
  4.026   6.283    0.42652E+02  -0.30082E+02   0.55998E+01  -0.82760E+01  -0.11850E+02  -0.46601E+00
  4.026   6.283   -0.49811E+02  -0.61714E+00  -0.88024E+00  -0.13587E+00   0.14701E+02   0.51267E-02
  4.026   6.283    0.36467E+02   0.32365E+01   0.13293E+02   0.85138E+00  -0.10106E+02   0.11317E+00
  4.026   6.283   -0.37731E+01   0.43061E+00  -0.32760E+02   0.22579E+00  -0.62309E+00  -0.24088E+00
  4.026   6.283   -0.72986E+02   0.47758E+01   0.65557E+02   0.12540E+01   0.27536E+02   0.39927E+00
  4.026   6.283    0.82167E+05   0.11353E+02  -0.55486E+02   0.87907E+01  -0.79637E+05   0.22635E+01
  4.026   6.283    0.20941E+02   0.96837E+01   0.25301E+02   0.29229E+01  -0.45697E+01   0.18840E+00
  4.026   6.283   -0.43391E+02  -0.11991E+02   0.28272E+02  -0.36520E+01   0.12814E+02   0.34275E+00
  4.026   6.283    0.33198E+02   0.31689E+02  -0.11642E+02   0.87980E+01  -0.77536E+01   0.26132E+00
  4.026   6.283    0.38460E+01  -0.20328E+02   0.37744E+02  -0.71367E+01  -0.35791E+00  -0.11072E-01
  4.026   6.283   -0.35603E+01   0.25059E+01  -0.36874E+02   0.24237E+01   0.11406E+01  -0.28402E-01
  4.026   6.283   -0.59216E+01   0.15210E+02   0.39126E+02   0.58229E+01   0.23252E+01  -0.13980E+00
  4.026   6.283   -0.69132E+00  -0.66104E+01  -0.32825E+02  -0.37228E+01   0.77236E+00   0.10601E+00
  4.026   6.283    0.38402E+02   0.31984E+02   0.10559E+02   0.88833E+01  -0.10033E+02   0.48153E+00
  4.026   6.283   -0.65388E+01  -0.13221E+02  -0.28208E+02  -0.35737E+01   0.39607E-01  -0.48288E+00
  4.026   6.283    0.55818E+02   0.76571E+01  -0.23947E+02   0.23564E+01  -0.16563E+02  -0.30424E+00
  4.026   6.283    0.82136E+05   0.31586E+01  -0.42389E+02   0.65216E+01  -0.79628E+05   0.22819E+01
  4.026   6.283    0.22657E+00   0.21786E+01  -0.66115E+02   0.72389E+00  -0.66901E+00  -0.47295E+00
  4.026   6.283   -0.56912E+02  -0.10731E+00   0.36106E+02  -0.22440E-01   0.18443E+02   0.18835E+00
  4.026   6.283    0.75216E+02  -0.67033E+00  -0.18422E+02  -0.22784E+00  -0.22471E+02  -0.20742E-02
  4.026   6.283   -0.73428E+02   0.36220E+00   0.29706E+01   0.16073E+00   0.20699E+02  -0.14135E+00
  4.026   6.283    0.38946E+02  -0.28569E+02  -0.64812E+01  -0.83450E+01  -0.98067E+01   0.40747E-01
  4.026   6.283    0.36089E+01   0.20613E+02   0.36310E+02   0.73244E+01  -0.60894E+00  -0.10077E+00
  4.026   6.283   -0.43343E+01  -0.52864E+01  -0.34180E+02  -0.33528E+01   0.19119E+01   0.10424E+00
  4.026   6.283    0.44732E+02   0.32307E+02   0.72974E+01   0.89835E+01  -0.12054E+02   0.45705E+00
  4.026   6.283   -0.15618E+02  -0.13437E+02  -0.24411E+02  -0.36369E+01   0.29421E+01  -0.45218E+00
  4.026   6.283   -0.58960E+02  -0.21665E+01   0.63611E+02  -0.64773E+00   0.23287E+02   0.30578E+00
  4.026   6.283    0.82146E+05   0.25988E+01  -0.52037E+02   0.63483E+01  -0.79632E+05   0.22603E+01
  4.026   6.283   -0.76583E+01   0.37344E+00  -0.62691E+02   0.20459E+00   0.18520E+01  -0.45197E+00
  4.026   6.283   -0.46807E+02  -0.52852E-01   0.35177E+02  -0.16831E-01   0.15549E+02   0.19683E+00
  4.026   6.283    0.67429E+02   0.21492E+01  -0.18690E+02   0.57741E+00  -0.20286E+02  -0.17969E-01
  4.026   6.283   -0.45261E+02   0.12649E+02   0.21830E+02   0.36022E+01   0.13341E+02  -0.20549E+00
  4.026   6.283    0.31141E+02  -0.29920E+02  -0.10304E+02  -0.87095E+01  -0.77228E+01  -0.24496E-01
  4.026   6.283   -0.55974E-01   0.19083E+02   0.40826E+02   0.69007E+01   0.57743E+00  -0.97476E-01
  4.026   6.283   -0.20816E+01  -0.53969E+01  -0.34667E+02  -0.33951E+01   0.12168E+01   0.10047E+00
  4.026   6.283    0.41029E+02   0.33139E+02   0.60154E+01   0.92254E+01  -0.11031E+02   0.44997E+00
  4.026   6.283   -0.16211E+02  -0.51861E+00  -0.32007E+02  -0.60022E-01   0.29621E+01  -0.23930E+00
  4.026   6.283   -0.67526E+02  -0.39623E+01   0.66661E+02  -0.11498E+01   0.25928E+02   0.30045E+00
  4.026   6.283    0.82157E+05   0.15194E+01  -0.55970E+02   0.60358E+01  -0.79635E+05   0.22445E+01
  4.026   6.283   -0.12250E+02   0.82310E+00  -0.62853E+02   0.33637E+00   0.32770E+01  -0.45874E+00
  4.026   6.283   -0.42372E+02  -0.10951E+01   0.36986E+02  -0.33232E+00   0.14341E+02   0.22201E+00
  4.026   6.283    0.24972E+02  -0.11555E+02   0.28733E+02  -0.33534E+01  -0.52935E+01   0.58553E-01
  4.026   6.283   -0.37083E+02   0.11729E+02   0.26970E+02   0.33293E+01   0.11178E+02  -0.15972E+00
  4.026   6.283    0.35020E+02  -0.29614E+02  -0.14624E+02  -0.86348E+01  -0.89530E+01  -0.15625E-01
  4.026   6.283   -0.57252E+00   0.19423E+02   0.42465E+02   0.69987E+01   0.82480E+00  -0.82135E-01
  4.026   6.283    0.73916E+00  -0.67357E+01  -0.36295E+02  -0.37775E+01   0.28131E+00   0.89155E-01
  4.026   6.283    0.43251E+02  -0.29650E+01   0.13958E+02  -0.94722E+00  -0.11998E+02   0.13917E+00
  4.026   6.283   -0.62222E+01  -0.13010E+01  -0.33131E+02  -0.28233E+00   0.31046E-01  -0.25767E+00
  4.026   6.283   -0.70408E+02  -0.38689E+01   0.66726E+02  -0.11054E+01   0.26857E+02   0.27793E+00
  4.026   6.283    0.82166E+05   0.33971E+01  -0.56221E+02   0.65443E+01  -0.79637E+05   0.22748E+01
  4.026   6.283   -0.13297E+02   0.14187E+00  -0.67703E+02   0.12228E+00   0.33973E+01  -0.45938E+00
  4.026   6.283   -0.44942E+02   0.59299E+01   0.24467E+02   0.18828E+01   0.13967E+02  -0.11112E+00
  4.026   6.283    0.27652E+02  -0.89517E+01   0.24593E+02  -0.26193E+01  -0.62063E+01   0.53684E-01
  4.026   6.283   -0.48502E+02   0.12349E+02   0.27599E+02   0.35362E+01   0.14375E+02  -0.21509E+00
  4.026   6.283    0.34977E+02  -0.29499E+02  -0.11955E+02  -0.86150E+01  -0.88470E+01  -0.93921E-02
  4.026   6.283    0.17364E+01   0.20421E+02   0.38458E+02   0.72889E+01   0.98049E-01  -0.82606E-01
  4.026   6.283   -0.51207E+02   0.20058E+01  -0.23004E+01   0.63409E+00   0.15106E+02  -0.45473E-01
  4.026   6.283    0.37516E+02  -0.17287E+01   0.14255E+02  -0.57436E+00  -0.10367E+02   0.11967E+00
  4.026   6.283   -0.15343E+01  -0.47400E+00  -0.31158E+02  -0.50430E-01  -0.11735E+01  -0.22417E+00
  4.026   6.283   -0.70784E+02  -0.42600E+01   0.64686E+02  -0.12167E+01   0.26822E+02   0.27156E+00
  4.026   6.283    0.82166E+05   0.58051E+01  -0.56564E+02   0.72144E+01  -0.79637E+05   0.22846E+01
