 16.102  12.566   -0.84290E+05  -0.81161E+01   0.19046E+02  -0.19486E+02   0.13641E+06  -0.14720E+01
 16.102  12.566    0.38762E+01  -0.86985E-01   0.13161E+02  -0.24863E-01  -0.52242E+01   0.16635E-03
 16.102  12.566    0.13976E-01   0.13661E-02   0.27088E-01   0.46038E-03  -0.10992E-01   0.32393E-04
 16.102  12.566   -0.58210E-02   0.50025E-05  -0.19006E-03  -0.22640E-06   0.16664E-02  -0.27623E-04
 16.102  12.566    0.34749E-02  -0.75282E-03   0.11881E-03  -0.25120E-03  -0.10293E-02   0.13772E-04
 16.102  12.566    0.35730E+00  -0.21626E+01   0.65894E+01  -0.26534E+01  -0.69740E+00  -0.97615E-03
 16.102  12.566    0.36678E-01  -0.22760E-01   0.11628E+00  -0.23546E-01  -0.36420E-01  -0.16665E-04
 16.102  12.566   -0.55554E-02   0.57259E-03  -0.14070E-02   0.15334E-03   0.14914E-02  -0.36100E-04
 16.102  12.566   -0.20448E-03   0.42898E-04  -0.50620E-04   0.15826E-05   0.47931E-04   0.18287E-04
 16.102  12.566   -0.10380E-02  -0.11631E-02  -0.17774E-03  -0.38097E-03   0.32837E-03  -0.10335E-04
 16.102  12.566    0.45363E+01  -0.39960E+00  -0.13166E+02  -0.11092E+00  -0.54051E+01  -0.10451E-02
 16.102  12.566   -0.84290E+05  -0.81167E+01   0.19041E+02  -0.19486E+02   0.13641E+06  -0.14720E+01
 16.102  12.566    0.38762E+01  -0.86987E-01   0.13161E+02  -0.24865E-01  -0.52242E+01   0.16635E-03
 16.102  12.566    0.13975E-01   0.13663E-02   0.27088E-01   0.46046E-03  -0.10992E-01   0.32386E-04
 16.102  12.566   -0.58200E-02   0.47625E-05  -0.19022E-03  -0.30460E-06   0.16660E-02  -0.27623E-04
 16.102  12.566    0.10795E+01   0.17748E+01  -0.65666E+01   0.25379E+01  -0.89721E+00  -0.10044E-02
 16.102  12.566    0.35711E+00  -0.21626E+01   0.65886E+01  -0.26534E+01  -0.69712E+00  -0.97613E-03
 16.102  12.566    0.36679E-01  -0.22760E-01   0.11628E+00  -0.23546E-01  -0.36420E-01  -0.16659E-04
 16.102  12.566   -0.55558E-02   0.57273E-03  -0.14071E-02   0.15339E-03   0.14915E-02  -0.36102E-04
 16.102  12.566   -0.20416E-03   0.42891E-04  -0.50512E-04   0.16427E-05   0.47877E-04   0.18287E-04
 16.102  12.566    0.26500E-02   0.90779E-03  -0.27459E-01   0.30138E-03  -0.76664E-02  -0.13917E-04
 16.102  12.566    0.45363E+01  -0.39960E+00  -0.13166E+02  -0.11093E+00  -0.54051E+01  -0.10451E-02
 16.102  12.566   -0.84290E+05  -0.81155E+01   0.19042E+02  -0.19486E+02   0.13641E+06  -0.14720E+01
 16.102  12.566    0.38762E+01  -0.86987E-01   0.13161E+02  -0.24865E-01  -0.52242E+01   0.16636E-03
 16.102  12.566    0.13974E-01   0.13664E-02   0.27088E-01   0.46049E-03  -0.10991E-01   0.32385E-04
 16.102  12.566    0.26710E-01   0.22714E-01  -0.11672E+00   0.23523E-01  -0.33510E-01   0.15864E-04
 16.102  12.566    0.10795E+01   0.17748E+01  -0.65666E+01   0.25379E+01  -0.89720E+00  -0.10044E-02
 16.102  12.566    0.35711E+00  -0.21626E+01   0.65886E+01  -0.26534E+01  -0.69712E+00  -0.97614E-03
 16.102  12.566    0.36679E-01  -0.22760E-01   0.11628E+00  -0.23546E-01  -0.36420E-01  -0.16657E-04
 16.102  12.566   -0.55561E-02   0.57296E-03  -0.14068E-02   0.15330E-03   0.14917E-02  -0.36100E-04
 16.102  12.566    0.35970E-02  -0.63014E-03   0.37550E-03  -0.21127E-03  -0.10806E-02   0.14190E-04
 16.102  12.566    0.26482E-02   0.90774E-03  -0.27458E-01   0.30163E-03  -0.76661E-02  -0.13924E-04
 16.102  12.566    0.45363E+01  -0.39960E+00  -0.13166E+02  -0.11093E+00  -0.54051E+01  -0.10451E-02
 16.102  12.566   -0.84290E+05  -0.81132E+01   0.19037E+02  -0.19484E+02   0.13641E+06  -0.14720E+01
 16.102  12.566    0.38762E+01  -0.86987E-01   0.13161E+02  -0.24865E-01  -0.52242E+01   0.16636E-03
 16.102  12.566    0.28723E-02   0.73044E-03   0.18707E-02   0.28144E-03  -0.80413E-03   0.43372E-04
 16.102  12.566    0.26710E-01   0.22714E-01  -0.11672E+00   0.23523E-01  -0.33511E-01   0.15864E-04
 16.102  12.566    0.10795E+01   0.17748E+01  -0.65666E+01   0.25379E+01  -0.89720E+00  -0.10044E-02
 16.102  12.566    0.35711E+00  -0.21626E+01   0.65886E+01  -0.26534E+01  -0.69712E+00  -0.97614E-03
 16.102  12.566    0.36678E-01  -0.22759E-01   0.11628E+00  -0.23545E-01  -0.36420E-01  -0.16662E-04
 16.102  12.566   -0.24479E-02   0.77227E-04  -0.62589E-04   0.25824E-04   0.70647E-03  -0.12583E-04
 16.102  12.566    0.35979E-02  -0.63031E-03   0.37561E-03  -0.21133E-03  -0.10809E-02   0.14192E-04
 16.102  12.566    0.26480E-02   0.90802E-03  -0.27458E-01   0.30172E-03  -0.76660E-02  -0.13920E-04
 16.102  12.566    0.45363E+01  -0.39960E+00  -0.13166E+02  -0.11093E+00  -0.54051E+01  -0.10451E-02
 16.102  12.566   -0.84290E+05  -0.81145E+01   0.19036E+02  -0.19485E+02   0.13641E+06  -0.14720E+01
 16.102  12.566   -0.45080E-03  -0.84183E-03  -0.13927E-03  -0.27136E-03   0.13584E-03  -0.10738E-04
 16.102  12.566    0.28722E-02   0.73037E-03   0.18706E-02   0.28142E-03  -0.80408E-03   0.43370E-04
 16.102  12.566    0.26710E-01   0.22715E-01  -0.11672E+00   0.23523E-01  -0.33511E-01   0.15861E-04
 16.102  12.566    0.10795E+01   0.17748E+01  -0.65666E+01   0.25379E+01  -0.89721E+00  -0.10044E-02
 16.102  12.566    0.35741E+00  -0.21622E+01   0.65869E+01  -0.26529E+01  -0.69743E+00  -0.97624E-03
 16.102  12.566    0.12528E+01  -0.17308E+01  -0.65540E+01  -0.25255E+01  -0.94269E+00   0.17119E-02
 16.102  12.566    0.28323E+00   0.21969E+01   0.65880E+01   0.26655E+01  -0.67830E+00   0.43285E-03
 16.102  12.566    0.37209E-01   0.22276E-01   0.11656E+00   0.23386E-01  -0.36545E-01   0.72865E-04
 16.102  12.566   -0.70005E-02   0.19728E-03  -0.15387E-02   0.10155E-03   0.19225E-02  -0.34533E-04
 16.102  12.566    0.39431E-03  -0.47674E-03   0.79815E-04  -0.14920E-03  -0.14004E-03  -0.11456E-04
 16.102  12.566   -0.84290E+05  -0.81175E+01   0.19039E+02  -0.19487E+02   0.13641E+06  -0.14720E+01
 16.102  12.566    0.38762E+01  -0.87410E-01   0.13161E+02  -0.25410E-01  -0.52242E+01   0.16642E-03
 16.102  12.566    0.13976E-01   0.13570E-02   0.27088E-01   0.44965E-03  -0.10992E-01   0.32385E-04
 16.102  12.566   -0.58211E-02   0.48890E-05  -0.19005E-03   0.34667E-07   0.16664E-02  -0.27626E-04
 16.102  12.566    0.34751E-02  -0.75391E-03   0.11897E-03  -0.25154E-03  -0.10293E-02   0.13765E-04
 16.102  12.566    0.27482E-01  -0.22336E-01  -0.11639E+00  -0.23385E-01  -0.33751E-01  -0.48660E-04
 16.102  12.566    0.12526E+01  -0.17312E+01  -0.65557E+01  -0.25261E+01  -0.94242E+00   0.17120E-02
 16.102  12.566    0.28322E+00   0.21969E+01   0.65880E+01   0.26655E+01  -0.67829E+00   0.43284E-03
 16.102  12.566    0.37210E-01   0.22276E-01   0.11656E+00   0.23386E-01  -0.36545E-01   0.72864E-04
 16.102  12.566   -0.70004E-02   0.19731E-03  -0.15388E-02   0.10156E-03   0.19224E-02  -0.34532E-04
 16.102  12.566    0.45363E+01  -0.39919E+00  -0.13166E+02  -0.11039E+00  -0.54051E+01  -0.10452E-02
 16.102  12.566   -0.84290E+05  -0.81158E+01   0.19034E+02  -0.19485E+02   0.13641E+06  -0.14720E+01
 16.102  12.566    0.38762E+01  -0.87409E-01   0.13161E+02  -0.25410E-01  -0.52242E+01   0.16642E-03
 16.102  12.566    0.13975E-01   0.13570E-02   0.27088E-01   0.44965E-03  -0.10992E-01   0.32382E-04
 16.102  12.566   -0.58202E-02   0.47409E-05  -0.19024E-03  -0.15757E-09   0.16660E-02  -0.27627E-04
 16.102  12.566    0.37441E-02  -0.69618E-03   0.17030E-02  -0.26936E-03  -0.10764E-02   0.18010E-04
 16.102  12.566    0.27482E-01  -0.22336E-01  -0.11639E+00  -0.23386E-01  -0.33751E-01  -0.48658E-04
 16.102  12.566    0.12526E+01  -0.17312E+01  -0.65557E+01  -0.25261E+01  -0.94241E+00   0.17120E-02
 16.102  12.566    0.28322E+00   0.21969E+01   0.65880E+01   0.26655E+01  -0.67829E+00   0.43285E-03
 16.102  12.566    0.37208E-01   0.22276E-01   0.11656E+00   0.23386E-01  -0.36544E-01   0.72863E-04
 16.102  12.566    0.26491E-02   0.91650E-03  -0.27458E-01   0.31293E-03  -0.76663E-02  -0.13917E-04
 16.102  12.566    0.45363E+01  -0.39919E+00  -0.13166E+02  -0.11039E+00  -0.54051E+01  -0.10452E-02
 16.102  12.566   -0.84290E+05  -0.81183E+01   0.19035E+02  -0.19489E+02   0.13641E+06  -0.14720E+01
 16.102  12.566    0.38762E+01  -0.87410E-01   0.13161E+02  -0.25411E-01  -0.52242E+01   0.16643E-03
 16.102  12.566    0.13974E-01   0.13575E-02   0.27089E-01   0.44939E-03  -0.10991E-01   0.32384E-04
 16.102  12.566   -0.84783E-04   0.11794E-03  -0.59858E-05   0.30554E-04   0.30496E-04   0.90704E-05
 16.102  12.566    0.37436E-02  -0.69616E-03   0.17031E-02  -0.26932E-03  -0.10763E-02   0.18008E-04
 16.102  12.566    0.27482E-01  -0.22336E-01  -0.11639E+00  -0.23386E-01  -0.33751E-01  -0.48657E-04
 16.102  12.566    0.12526E+01  -0.17312E+01  -0.65557E+01  -0.25261E+01  -0.94241E+00   0.17120E-02
 16.102  12.566    0.28323E+00   0.21969E+01   0.65880E+01   0.26655E+01  -0.67830E+00   0.43284E-03
 16.102  12.566    0.35968E-02  -0.62858E-03   0.37538E-03  -0.21147E-03  -0.10806E-02   0.14195E-04
 16.102  12.566    0.26481E-02   0.91629E-03  -0.27458E-01   0.31286E-03  -0.76660E-02  -0.13925E-04
 16.102  12.566    0.45363E+01  -0.39919E+00  -0.13166E+02  -0.11039E+00  -0.54051E+01  -0.10452E-02
 16.102  12.566   -0.84290E+05  -0.81187E+01   0.19037E+02  -0.19489E+02   0.13641E+06  -0.14720E+01
 16.102  12.566    0.38762E+01  -0.87406E-01   0.13161E+02  -0.25405E-01  -0.52242E+01   0.16642E-03
 16.102  12.566    0.13618E-04  -0.19623E-03   0.22569E-03  -0.72052E-04  -0.97673E-05   0.98711E-05
 16.102  12.566   -0.84335E-04   0.11800E-03  -0.58185E-05   0.30588E-04   0.30327E-04   0.90711E-05
 16.102  12.566    0.37435E-02  -0.69595E-03   0.17031E-02  -0.26925E-03  -0.10763E-02   0.18010E-04
 16.102  12.566    0.27482E-01  -0.22337E-01  -0.11639E+00  -0.23386E-01  -0.33751E-01  -0.48657E-04
 16.102  12.566    0.12529E+01  -0.17313E+01  -0.65565E+01  -0.25261E+01  -0.94272E+00   0.17120E-02
 16.102  12.566   -0.24479E-02   0.76071E-04  -0.62360E-04   0.25398E-04   0.70645E-03  -0.12584E-04
 16.102  12.566    0.35977E-02  -0.62885E-03   0.37551E-03  -0.21155E-03  -0.10809E-02   0.14196E-04
 16.102  12.566    0.26479E-02   0.91657E-03  -0.27458E-01   0.31296E-03  -0.76660E-02  -0.13926E-04
 16.102  12.566    0.45363E+01  -0.39918E+00  -0.13166E+02  -0.11038E+00  -0.54051E+01  -0.10452E-02
 16.102  12.566   -0.84290E+05  -0.81185E+01   0.19034E+02  -0.19488E+02   0.13641E+06  -0.14720E+01
  4.026   6.283   -0.79382E+05  -0.77299E+01   0.11902E+02  -0.16779E+02   0.13140E+06  -0.45722E+00
  4.026   6.283    0.35126E+01   0.59715E+00   0.25759E+02   0.15269E+00  -0.36896E+01   0.12296E+00
  4.026   6.283    0.12992E+02  -0.12990E+00  -0.97320E+01  -0.27439E-01  -0.43298E+01  -0.61632E-01
  4.026   6.283   -0.18984E+02   0.52981E-01   0.49409E+01   0.22814E-01   0.56682E+01   0.55995E-02
  4.026   6.283    0.18913E+02  -0.30655E+00  -0.68620E+00  -0.98522E-01  -0.53371E+01   0.21424E-01
  4.026   6.283    0.19892E+01  -0.37538E+01   0.13102E+02  -0.29275E+01  -0.11046E+01  -0.25781E-02
  4.026   6.283   -0.11936E+02   0.93540E+01  -0.30304E+01   0.25650E+01   0.32734E+01   0.13815E+00
  4.026   6.283    0.34237E+01  -0.33030E+01   0.78923E+01  -0.95920E+00  -0.39630E+00  -0.33679E-01
  4.026   6.283   -0.15551E+02   0.19831E+01   0.52195E+01   0.62494E+00   0.45212E+01  -0.76642E-01
  4.026   6.283    0.59855E+01  -0.19634E+01   0.56241E+01  -0.53919E+00  -0.12597E+01   0.59781E-02
  4.026   6.283    0.17333E+02  -0.84968E+00  -0.26158E+02  -0.21914E+00  -0.94637E+01  -0.89641E-01
  4.026   6.283   -0.79384E+05  -0.79598E+01   0.14545E+02  -0.16840E+02   0.13140E+06  -0.45082E+00
  4.026   6.283    0.61848E+01   0.82716E+00   0.24847E+02   0.21810E+00  -0.45262E+01   0.12061E+00
  4.026   6.283    0.11179E+02   0.48916E-01  -0.91702E+01   0.25308E-01  -0.37673E+01  -0.59917E-01
  4.026   6.283   -0.16962E+02   0.68124E-01   0.50725E+01   0.23360E-01   0.51257E+01   0.14933E-01
  4.026   6.283    0.63701E+00   0.62550E+01  -0.14740E+02   0.35427E+01  -0.74283E+00   0.40042E-02
  4.026   6.283    0.17951E+00  -0.38069E+01   0.14778E+02  -0.29338E+01  -0.52864E+00  -0.74821E-02
  4.026   6.283   -0.99261E+01   0.92701E+01  -0.28047E+01   0.25384E+01   0.27134E+01   0.13796E+00
  4.026   6.283    0.13195E+01  -0.35222E+01   0.72686E+01  -0.10186E+01   0.15358E+00  -0.38124E-01
  4.026   6.283   -0.15678E+02   0.22726E+01   0.66460E+01   0.71161E+00   0.45763E+01  -0.72696E-01
  4.026   6.283    0.47319E+01  -0.18596E+00   0.83753E+01  -0.79544E-01  -0.94836E+00   0.66132E-01
  4.026   6.283    0.19546E+02  -0.86655E+00  -0.26693E+02  -0.21563E+00  -0.10159E+02  -0.10134E+00
  4.026   6.283   -0.79386E+05  -0.78847E+01   0.15407E+02  -0.16815E+02   0.13140E+06  -0.45050E+00
  4.026   6.283    0.75123E+01   0.29164E+00   0.25065E+02   0.61131E-01  -0.49035E+01   0.12466E+00
  4.026   6.283    0.10377E+02   0.41546E-01  -0.93806E+01   0.25961E-01  -0.35696E+01  -0.65525E-01
  4.026   6.283   -0.95233E+01  -0.90475E+01   0.15921E+01  -0.24991E+01   0.21513E+01  -0.86773E-01
  4.026   6.283    0.13543E+00   0.61567E+01  -0.14754E+02   0.35128E+01  -0.57826E+00   0.40975E-02
  4.026   6.283    0.20602E+01  -0.37518E+01   0.13768E+02  -0.29181E+01  -0.11035E+01  -0.73596E-02
  4.026   6.283   -0.11954E+02   0.96244E+01  -0.17234E+01   0.26406E+01   0.33456E+01   0.14006E+00
  4.026   6.283    0.49332E+01  -0.28976E+01   0.64516E+01  -0.85025E+00  -0.89291E+00  -0.33428E-01
  4.026   6.283   -0.11616E+02  -0.67740E+00  -0.34386E+01  -0.17247E+00   0.32586E+01  -0.32191E-01
  4.026   6.283    0.27758E+01  -0.20290E+00   0.83462E+01  -0.86029E-01  -0.37412E+00   0.67147E-01
  4.026   6.283    0.21086E+02  -0.15445E+01  -0.26480E+02  -0.41049E+00  -0.10601E+02  -0.10182E+00
  4.026   6.283   -0.79388E+05  -0.81852E+01   0.15751E+02  -0.16900E+02   0.13140E+06  -0.45713E+00
  4.026   6.283    0.75137E+01   0.44271E+00   0.25476E+02   0.10309E+00  -0.49035E+01   0.12525E+00
  4.026   6.283    0.10122E+02   0.31037E+01  -0.62247E+01   0.93636E+00  -0.29565E+01  -0.71995E-01
  4.026   6.283   -0.10342E+02  -0.89431E+01   0.25105E+01  -0.24738E+01   0.24119E+01  -0.78879E-01
  4.026   6.283   -0.48820E+00   0.60555E+01  -0.14697E+02   0.34841E+01  -0.42174E+00   0.13330E-02
  4.026   6.283    0.19643E+01  -0.40412E+01   0.13381E+02  -0.30035E+01  -0.10656E+01  -0.80203E-02
  4.026   6.283   -0.11848E+02   0.83577E+01  -0.19462E+01   0.22859E+01   0.32788E+01   0.13393E+00
  4.026   6.283    0.12878E+02   0.16789E+00   0.18516E-01   0.38278E-01  -0.38122E+01  -0.32272E-02
  4.026   6.283   -0.98603E+01  -0.82540E+00  -0.31492E+01  -0.21730E+00   0.27532E+01  -0.27504E-01
  4.026   6.283    0.18153E+01  -0.14414E+00   0.82346E+01  -0.67850E-01  -0.10037E+00   0.61329E-01
  4.026   6.283    0.20621E+02  -0.15313E+01  -0.26055E+02  -0.40558E+00  -0.10471E+02  -0.10498E+00
  4.026   6.283   -0.79390E+05  -0.76154E+01   0.15970E+02  -0.16735E+02   0.13140E+06  -0.46119E+00
  4.026   6.283   -0.55017E+01  -0.24937E+01  -0.64328E+01  -0.75265E+00   0.12110E+01  -0.47670E-01
  4.026   6.283    0.11408E+02   0.31910E+01  -0.71580E+01   0.96989E+00  -0.33580E+01  -0.87088E-01
  4.026   6.283   -0.94427E+01  -0.88820E+01   0.27856E+01  -0.24561E+01   0.22021E+01  -0.74828E-01
  4.026   6.283   -0.43952E+00   0.62916E+01  -0.14481E+02   0.35539E+01  -0.48129E+00   0.20091E-03
  4.026   6.283    0.13716E+01  -0.21516E+01   0.14590E+02  -0.24709E+01  -0.84004E+00   0.51952E-02
  4.026   6.283    0.24343E+01  -0.49746E+01  -0.14866E+02  -0.32182E+01  -0.12743E+01   0.40218E-01
  4.026   6.283    0.67176E+00   0.35603E+01   0.13437E+02   0.29078E+01  -0.75734E+00  -0.25939E-01
  4.026   6.283   -0.10256E+02  -0.85797E+01  -0.30943E+01  -0.23724E+01   0.26700E+01  -0.13146E+00
  4.026   6.283    0.14129E+01   0.33553E+01   0.74042E+01   0.90484E+00   0.66397E-01   0.12600E+00
  4.026   6.283   -0.14317E+02  -0.19716E+01   0.61556E+01  -0.60670E+00   0.42484E+01   0.78288E-01
  4.026   6.283   -0.79382E+05  -0.54361E+01   0.12584E+02  -0.16131E+02   0.13139E+06  -0.46587E+00
  4.026   6.283    0.37397E+01  -0.70310E+00   0.26141E+02  -0.22863E+00  -0.37717E+01   0.12473E+00
  4.026   6.283    0.14027E+02   0.74355E-01  -0.94503E+01   0.19889E-01  -0.45886E+01  -0.51096E-01
  4.026   6.283   -0.19194E+02   0.15541E+00   0.49899E+01   0.53240E-01   0.57543E+01   0.27794E-02
  4.026   6.283    0.19108E+02  -0.97434E-01  -0.10213E+01  -0.42284E-01  -0.54020E+01   0.34999E-01
  4.026   6.283   -0.11381E+02   0.83661E+01   0.14705E+01   0.24294E+01   0.28651E+01  -0.64666E-02
  4.026   6.283   -0.86712E-01  -0.63447E+01  -0.14151E+02  -0.35991E+01  -0.49771E+00   0.30369E-01
  4.026   6.283    0.16320E+01   0.32013E+01   0.13765E+02   0.28076E+01  -0.10591E+01  -0.26078E-01
  4.026   6.283   -0.11983E+02  -0.86702E+01  -0.22421E+01  -0.24003E+01   0.32177E+01  -0.12525E+00
  4.026   6.283    0.38530E+01   0.34298E+01   0.64175E+01   0.92647E+00  -0.70924E+00   0.11824E+00
  4.026   6.283    0.16998E+02   0.36045E+00  -0.25619E+02   0.11215E+00  -0.93767E+01  -0.79807E-01
  4.026   6.283   -0.79384E+05  -0.53015E+01   0.15109E+02  -0.16088E+02   0.13140E+06  -0.46135E+00
  4.026   6.283    0.57458E+01  -0.20368E+00   0.25316E+02  -0.85034E-01  -0.44134E+01   0.11923E+00
  4.026   6.283    0.11378E+02   0.65243E-01  -0.92528E+01   0.19942E-01  -0.38335E+01  -0.53609E-01
  4.026   6.283   -0.17190E+02  -0.57212E+00   0.50770E+01  -0.15472E+00   0.51937E+01   0.71192E-02
  4.026   6.283    0.12040E+02  -0.34027E+01  -0.56867E+01  -0.96893E+00  -0.35426E+01   0.53427E-01
  4.026   6.283   -0.93352E+01   0.86768E+01   0.24973E+01   0.25128E+01   0.23198E+01   0.10385E-01
  4.026   6.283    0.87572E+00  -0.59479E+01  -0.15308E+02  -0.34893E+01  -0.80839E+00   0.29807E-01
  4.026   6.283    0.10840E+01   0.32304E+01   0.13898E+02   0.28187E+01  -0.88811E+00  -0.24906E-01
  4.026   6.283   -0.11060E+02  -0.88959E+01  -0.19117E+01  -0.24659E+01   0.29616E+01  -0.12363E+00
  4.026   6.283    0.50099E+01   0.16887E+00   0.80616E+01   0.25064E-01  -0.10191E+01   0.61133E-01
  4.026   6.283    0.19272E+02   0.83101E+00  -0.26368E+02   0.24368E+00  -0.10075E+02  -0.78155E-01
  4.026   6.283   -0.79387E+05  -0.50136E+01   0.16105E+02  -0.16004E+02   0.13140E+06  -0.45751E+00
  4.026   6.283    0.68982E+01  -0.31125E+00   0.25392E+02  -0.11660E+00  -0.47708E+01   0.12112E+00
  4.026   6.283    0.10271E+02   0.33053E+00  -0.97353E+01   0.10035E+00  -0.35331E+01  -0.60179E-01
  4.026   6.283   -0.66124E+01   0.30345E+01  -0.73780E+01   0.88066E+00   0.14137E+01  -0.15664E-01
  4.026   6.283    0.99199E+01  -0.31297E+01  -0.70297E+01  -0.88857E+00  -0.29824E+01   0.41835E-01
  4.026   6.283   -0.10318E+02   0.86097E+01   0.35965E+01   0.24969E+01   0.26311E+01   0.78819E-02
  4.026   6.283    0.94951E+00  -0.60305E+01  -0.15750E+02  -0.35130E+01  -0.85614E+00   0.25640E-01
  4.026   6.283    0.40137E+00   0.35791E+01   0.14358E+02   0.29182E+01  -0.65701E+00  -0.21651E-01
  4.026   6.283   -0.11603E+02   0.75951E+00  -0.33278E+01   0.24271E+00   0.32376E+01  -0.34491E-01
  4.026   6.283    0.24020E+01   0.36187E+00   0.83262E+01   0.79844E-01  -0.25561E+00   0.65746E-01
  4.026   6.283    0.19979E+02   0.79629E+00  -0.26350E+02   0.22906E+00  -0.10302E+02  -0.72015E-01
  4.026   6.283   -0.79389E+05  -0.55168E+01   0.16182E+02  -0.16141E+02   0.13140E+06  -0.46536E+00
  4.026   6.283    0.71430E+01  -0.11833E+00   0.26679E+02  -0.56156E-01  -0.47936E+01   0.12119E+00
  4.026   6.283    0.11410E+02  -0.14875E+01  -0.64439E+01  -0.47346E+00  -0.35579E+01   0.27996E-01
  4.026   6.283   -0.73443E+01   0.23404E+01  -0.63051E+01   0.68510E+00   0.16612E+01  -0.14812E-01
  4.026   6.283    0.12878E+02  -0.33079E+01  -0.71622E+01  -0.94716E+00  -0.38090E+01   0.56357E-01
  4.026   6.283   -0.10260E+02   0.85708E+01   0.29061E+01   0.24891E+01   0.25909E+01   0.63895E-02
  4.026   6.283    0.31945E+00  -0.62852E+01  -0.14709E+02  -0.35870E+01  -0.66004E+00   0.25541E-01
  4.026   6.283    0.13214E+02  -0.51946E+00   0.40931E+00  -0.16372E+00  -0.39094E+01   0.10584E-01
  4.026   6.283   -0.10167E+02   0.43510E+00  -0.33816E+01   0.14492E+00   0.28306E+01  -0.29320E-01
  4.026   6.283    0.12215E+01   0.14310E+00   0.77723E+01   0.18512E-01   0.44581E-01   0.56697E-01
  4.026   6.283    0.20023E+02   0.90093E+00  -0.25823E+02   0.25894E+00  -0.10278E+02  -0.70459E-01
  4.026   6.283   -0.79389E+05  -0.61664E+01   0.16283E+02  -0.16322E+02   0.13140E+06  -0.46789E+00
