 16.102  12.566    0.19722E+02   0.92992E+05   0.36323E+01   0.84754E+05  -0.10962E+02   0.37409E+02
 16.102  12.566   -0.39464E-02   0.45062E+00   0.40464E-02   0.63525E+00  -0.17447E-02  -0.20357E-03
 16.102  12.566    0.12014E-02  -0.18696E-02   0.43385E-03  -0.18444E-03  -0.34330E-03   0.13053E-04
 16.102  12.566   -0.69749E-03   0.14414E-02   0.40265E-04   0.48152E-03   0.19915E-03  -0.54023E-05
 16.102  12.566   -0.13308E-04   0.36340E-03  -0.98981E-04   0.12046E-03   0.71233E-06   0.19741E-06
 16.102  12.566    0.11751E+01  -0.27752E+01   0.97692E+01  -0.34448E+01  -0.21656E+01  -0.21336E-02
 16.102  12.566    0.24170E-01  -0.80444E-02   0.57673E-01  -0.77245E-02  -0.21332E-01  -0.50340E-05
 16.102  12.566   -0.11521E-02  -0.90409E-03  -0.14587E-02  -0.32438E-03   0.10770E-03   0.43660E-05
 16.102  12.566    0.27597E-02   0.34428E-02   0.40054E-03   0.11096E-02  -0.83410E-03   0.47795E-04
 16.102  12.566    0.89474E-03   0.11383E-02  -0.10922E-03   0.37003E-03  -0.27881E-03   0.12480E-04
 16.102  12.566    0.25311E-01   0.45919E+00   0.67829E-02   0.63761E+00  -0.61230E-02  -0.24346E-03
 16.102  12.566    0.19730E+02   0.92992E+05   0.36270E+01   0.84754E+05  -0.10965E+02   0.37409E+02
 16.102  12.566   -0.39435E-02   0.45062E+00   0.40568E-02   0.63525E+00  -0.17478E-02  -0.20357E-03
 16.102  12.566    0.12014E-02  -0.18696E-02   0.43391E-03  -0.18443E-03  -0.34333E-03   0.13053E-04
 16.102  12.566   -0.69748E-03   0.14414E-02   0.40370E-04   0.48152E-03   0.19917E-03  -0.54026E-05
 16.102  12.566   -0.28005E+01  -0.19282E+01   0.97573E+01  -0.32114E+01   0.26189E+01   0.17725E-02
 16.102  12.566    0.11754E+01  -0.27752E+01   0.97704E+01  -0.34448E+01  -0.21660E+01  -0.21336E-02
 16.102  12.566    0.24171E-01  -0.80444E-02   0.57676E-01  -0.77245E-02  -0.21333E-01  -0.50336E-05
 16.102  12.566   -0.11522E-02  -0.90421E-03  -0.14587E-02  -0.32442E-03   0.10774E-03   0.43635E-05
 16.102  12.566    0.27599E-02   0.34428E-02   0.40059E-03   0.11096E-02  -0.83416E-03   0.47795E-04
 16.102  12.566    0.34648E-04   0.22761E-03  -0.41041E-04   0.51769E-03  -0.26558E-05  -0.21977E-05
 16.102  12.566    0.25312E-01   0.45920E+00   0.67888E-02   0.63761E+00  -0.61252E-02  -0.24346E-03
 16.102  12.566    0.19732E+02   0.92992E+05   0.36199E+01   0.84754E+05  -0.10966E+02   0.37409E+02
 16.102  12.566   -0.39435E-02   0.45062E+00   0.40543E-02   0.63525E+00  -0.17471E-02  -0.20357E-03
 16.102  12.566    0.12012E-02  -0.18703E-02   0.43381E-03  -0.18465E-03  -0.34323E-03   0.13047E-04
 16.102  12.566   -0.10482E-01  -0.10877E-01   0.58698E-01  -0.86541E-02   0.17337E-01  -0.30486E-04
 16.102  12.566   -0.28005E+01  -0.19282E+01   0.97573E+01  -0.32114E+01   0.26189E+01   0.17725E-02
 16.102  12.566    0.11754E+01  -0.27752E+01   0.97704E+01  -0.34448E+01  -0.21660E+01  -0.21336E-02
 16.102  12.566    0.24171E-01  -0.80441E-02   0.57676E-01  -0.77244E-02  -0.21333E-01  -0.50342E-05
 16.102  12.566   -0.11523E-02  -0.90429E-03  -0.14592E-02  -0.32445E-03   0.10754E-03   0.43605E-05
 16.102  12.566   -0.58776E-03  -0.22427E-03  -0.11040E-03  -0.74679E-04   0.17571E-03   0.28493E-06
 16.102  12.566    0.34774E-04   0.22741E-03  -0.41046E-04   0.51761E-03  -0.26635E-05  -0.21947E-05
 16.102  12.566    0.25312E-01   0.45920E+00   0.67896E-02   0.63761E+00  -0.61250E-02  -0.24346E-03
 16.102  12.566    0.19724E+02   0.92992E+05   0.36239E+01   0.84754E+05  -0.10963E+02   0.37409E+02
 16.102  12.566   -0.39422E-02   0.45062E+00   0.40563E-02   0.63525E+00  -0.17482E-02  -0.20357E-03
 16.102  12.566   -0.10908E-02   0.15003E-02   0.16038E-03   0.49893E-03   0.29513E-03  -0.17617E-04
 16.102  12.566   -0.10481E-01  -0.10877E-01   0.58698E-01  -0.86541E-02   0.17336E-01  -0.30483E-04
 16.102  12.566   -0.28005E+01  -0.19282E+01   0.97573E+01  -0.32114E+01   0.26189E+01   0.17725E-02
 16.102  12.566    0.11754E+01  -0.27752E+01   0.97704E+01  -0.34448E+01  -0.21660E+01  -0.21336E-02
 16.102  12.566    0.24169E-01  -0.80440E-02   0.57676E-01  -0.77244E-02  -0.21332E-01  -0.50359E-05
 16.102  12.566    0.21720E-03   0.69316E-03   0.29640E-04   0.23088E-03  -0.63251E-04   0.12803E-05
 16.102  12.566   -0.58769E-03  -0.22433E-03  -0.11036E-03  -0.74676E-04   0.17568E-03   0.28418E-06
 16.102  12.566    0.34657E-04   0.22772E-03  -0.41083E-04   0.51771E-03  -0.26270E-05  -0.21900E-05
 16.102  12.566    0.25313E-01   0.45920E+00   0.67891E-02   0.63761E+00  -0.61253E-02  -0.24346E-03
 16.102  12.566    0.19724E+02   0.92992E+05   0.36228E+01   0.84754E+05  -0.10961E+02   0.37409E+02
 16.102  12.566   -0.57384E-03  -0.18443E-02  -0.12547E-03  -0.60017E-03   0.18130E-03  -0.29408E-04
 16.102  12.566   -0.10911E-02   0.15001E-02   0.16036E-03   0.49888E-03   0.29520E-03  -0.17622E-04
 16.102  12.566   -0.10480E-01  -0.10877E-01   0.58699E-01  -0.86541E-02   0.17336E-01  -0.30480E-04
 16.102  12.566   -0.28005E+01  -0.19282E+01   0.97573E+01  -0.32114E+01   0.26189E+01   0.17725E-02
 16.102  12.566    0.11755E+01  -0.27752E+01   0.97704E+01  -0.34448E+01  -0.21660E+01  -0.21336E-02
 16.102  12.566    0.31015E+01  -0.20753E+01  -0.97403E+01  -0.32507E+01  -0.27014E+01   0.25162E-02
 16.102  12.566   -0.77738E+00  -0.27575E+01  -0.97413E+01  -0.34377E+01   0.20497E+01  -0.58551E-03
 16.102  12.566   -0.24595E-01  -0.77326E-02  -0.57506E-01  -0.76151E-02   0.21435E-01  -0.70360E-04
 16.102  12.566    0.31516E-02  -0.15254E-02   0.14403E-02  -0.52728E-03  -0.74585E-03   0.53683E-04
 16.102  12.566   -0.28026E-02   0.38196E-02  -0.46292E-03   0.12499E-02   0.82263E-03   0.91511E-05
 16.102  12.566    0.19736E+02   0.92992E+05   0.36146E+01   0.84754E+05  -0.10968E+02   0.37409E+02
 16.102  12.566   -0.42027E-02   0.45060E+00   0.16581E-02   0.63524E+00  -0.13153E-02  -0.20352E-03
 16.102  12.566    0.11933E-02  -0.18699E-02   0.39874E-03  -0.18458E-03  -0.33340E-03   0.13048E-04
 16.102  12.566   -0.69832E-03   0.14415E-02   0.41055E-04   0.48159E-03   0.19926E-03  -0.54018E-05
 16.102  12.566   -0.15425E-04   0.36330E-03  -0.99415E-04   0.12045E-03   0.13350E-05   0.18883E-06
 16.102  12.566    0.84486E-02  -0.11362E-01  -0.58786E-01  -0.87917E-02  -0.16701E-01  -0.90751E-04
 16.102  12.566    0.31015E+01  -0.20754E+01  -0.97404E+01  -0.32507E+01  -0.27014E+01   0.25162E-02
 16.102  12.566   -0.77738E+00  -0.27575E+01  -0.97413E+01  -0.34377E+01   0.20497E+01  -0.58552E-03
 16.102  12.566   -0.24595E-01  -0.77326E-02  -0.57506E-01  -0.76151E-02   0.21435E-01  -0.70359E-04
 16.102  12.566    0.31516E-02  -0.15255E-02   0.14407E-02  -0.52731E-03  -0.74561E-03   0.53684E-04
 16.102  12.566    0.25773E-01   0.45918E+00   0.43868E-02   0.63761E+00  -0.66135E-02  -0.24345E-03
 16.102  12.566    0.19729E+02   0.92992E+05   0.36208E+01   0.84754E+05  -0.10964E+02   0.37409E+02
 16.102  12.566   -0.42027E-02   0.45060E+00   0.16600E-02   0.63524E+00  -0.13158E-02  -0.20352E-03
 16.102  12.566    0.11933E-02  -0.18705E-02   0.39888E-03  -0.18475E-03  -0.33339E-03   0.13046E-04
 16.102  12.566   -0.69813E-03   0.14417E-02   0.41235E-04   0.48161E-03   0.19923E-03  -0.54025E-05
 16.102  12.566   -0.15346E-02   0.83098E-03  -0.86742E-03   0.28111E-03   0.48374E-03  -0.18422E-04
 16.102  12.566    0.84482E-02  -0.11362E-01  -0.58787E-01  -0.87917E-02  -0.16701E-01  -0.90754E-04
 16.102  12.566    0.31015E+01  -0.20754E+01  -0.97404E+01  -0.32507E+01  -0.27014E+01   0.25162E-02
 16.102  12.566   -0.77738E+00  -0.27575E+01  -0.97413E+01  -0.34377E+01   0.20497E+01  -0.58552E-03
 16.102  12.566   -0.24593E-01  -0.77325E-02  -0.57507E-01  -0.76151E-02   0.21434E-01  -0.70356E-04
 16.102  12.566    0.43402E-04   0.22685E-03  -0.79533E-04   0.51759E-03  -0.12858E-04  -0.22007E-05
 16.102  12.566    0.25774E-01   0.45918E+00   0.43844E-02   0.63761E+00  -0.66144E-02  -0.24345E-03
 16.102  12.566    0.19729E+02   0.92992E+05   0.36141E+01   0.84754E+05  -0.10964E+02   0.37409E+02
 16.102  12.566   -0.42035E-02   0.45060E+00   0.16576E-02   0.63524E+00  -0.13149E-02  -0.20353E-03
 16.102  12.566    0.11938E-02  -0.18705E-02   0.39830E-03  -0.18450E-03  -0.33364E-03   0.13045E-04
 16.102  12.566    0.99158E-03  -0.26071E-02   0.28092E-03  -0.85175E-03  -0.30354E-03  -0.29691E-04
 16.102  12.566   -0.15344E-02   0.83100E-03  -0.86737E-03   0.28111E-03   0.48366E-03  -0.18420E-04
 16.102  12.566    0.84475E-02  -0.11362E-01  -0.58787E-01  -0.87917E-02  -0.16701E-01  -0.90756E-04
 16.102  12.566    0.31015E+01  -0.20754E+01  -0.97404E+01  -0.32507E+01  -0.27014E+01   0.25162E-02
 16.102  12.566   -0.77738E+00  -0.27575E+01  -0.97413E+01  -0.34377E+01   0.20498E+01  -0.58552E-03
 16.102  12.566   -0.58729E-03  -0.22425E-03  -0.11102E-03  -0.74488E-04   0.17548E-03   0.28252E-06
 16.102  12.566    0.43431E-04   0.22729E-03  -0.79521E-04   0.51773E-03  -0.12861E-04  -0.21953E-05
 16.102  12.566    0.25774E-01   0.45918E+00   0.43848E-02   0.63761E+00  -0.66142E-02  -0.24345E-03
 16.102  12.566    0.19729E+02   0.92992E+05   0.36162E+01   0.84754E+05  -0.10964E+02   0.37409E+02
 16.102  12.566   -0.42049E-02   0.45060E+00   0.16660E-02   0.63524E+00  -0.13135E-02  -0.20353E-03
 16.102  12.566    0.14794E-03  -0.19900E-03  -0.95897E-04  -0.47299E-04  -0.63360E-04  -0.29824E-04
 16.102  12.566    0.99173E-03  -0.26070E-02   0.28089E-03  -0.85175E-03  -0.30356E-03  -0.29690E-04
 16.102  12.566   -0.15345E-02   0.83079E-03  -0.86740E-03   0.28104E-03   0.48369E-03  -0.18423E-04
 16.102  12.566    0.84467E-02  -0.11362E-01  -0.58784E-01  -0.87917E-02  -0.16700E-01  -0.90755E-04
 16.102  12.566    0.31011E+01  -0.20753E+01  -0.97392E+01  -0.32507E+01  -0.27010E+01   0.25162E-02
 16.102  12.566    0.21769E-03   0.69340E-03   0.29686E-04   0.23096E-03  -0.63369E-04   0.12846E-05
 16.102  12.566   -0.58700E-03  -0.22420E-03  -0.11094E-03  -0.74470E-04   0.17540E-03   0.28489E-06
 16.102  12.566    0.43278E-04   0.22724E-03  -0.79477E-04   0.51771E-03  -0.12796E-04  -0.21957E-05
 16.102  12.566    0.25770E-01   0.45918E+00   0.43982E-02   0.63761E+00  -0.66100E-02  -0.24346E-03
 16.102  12.566    0.19729E+02   0.92992E+05   0.36175E+01   0.84754E+05  -0.10964E+02   0.37409E+02
  4.026   6.283    0.19492E+02   0.82553E+05   0.15712E+00   0.79744E+05  -0.10733E+02   0.23948E+02
  4.026   6.283    0.25233E+01   0.32100E+01  -0.36204E+01   0.13541E+01  -0.59740E+00   0.19851E-01
  4.026   6.283   -0.33613E+01  -0.12879E+01   0.76372E+00  -0.35477E+00   0.88866E+00  -0.17305E-01
  4.026   6.283    0.12691E+01   0.34587E+00  -0.31067E+00   0.94931E-01  -0.31294E+00   0.25066E-02
  4.026   6.283    0.10293E+01  -0.39218E+00  -0.21833E+01  -0.10514E+00  -0.37755E+00  -0.25005E-01
  4.026   6.283    0.17362E+02  -0.11441E+02   0.56137E+02  -0.57937E+01  -0.60933E+01   0.38831E-01
  4.026   6.283   -0.22901E+02   0.19880E+02  -0.41906E+01   0.54949E+01   0.63830E+01   0.31550E+00
  4.026   6.283    0.30840E+01  -0.43500E+01   0.89663E+01  -0.12612E+01  -0.23275E+00  -0.59407E-01
  4.026   6.283   -0.13551E+02   0.17407E+01   0.53177E+01   0.54927E+00   0.39924E+01  -0.56484E-01
  4.026   6.283    0.34606E+01  -0.93917E+00   0.36536E+01  -0.25130E+00  -0.71993E+00  -0.29031E-02
  4.026   6.283   -0.12225E+01   0.14131E+01  -0.29646E+00   0.85500E+00   0.39219E+00   0.63921E-02
  4.026   6.283    0.19513E+02   0.82553E+05  -0.57064E+01   0.79744E+05  -0.10806E+02   0.23964E+02
  4.026   6.283   -0.27054E+00   0.20364E+01  -0.50866E+01   0.10197E+01   0.23004E+00   0.39603E-02
  4.026   6.283   -0.69152E+01  -0.29950E+01   0.54132E-01  -0.84286E+00   0.17615E+01  -0.37274E-01
  4.026   6.283    0.16359E+01   0.63329E-01  -0.19827E+01   0.17773E-01  -0.49836E+00  -0.18661E-01
  4.026   6.283   -0.86313E+01  -0.16238E+02   0.58144E+02  -0.67179E+01   0.45577E+01   0.10171E+00
  4.026   6.283    0.24600E+02  -0.10752E+02   0.53664E+02  -0.56135E+01  -0.82934E+01   0.40224E-01
  4.026   6.283   -0.28100E+02   0.19687E+02  -0.36496E+01   0.54488E+01   0.78817E+01   0.30731E+00
  4.026   6.283    0.65882E+01  -0.43141E+01   0.92407E+01  -0.12560E+01  -0.11841E+01  -0.49099E-01
  4.026   6.283   -0.15155E+02   0.16907E+01   0.49571E+01   0.53886E+00   0.43914E+01  -0.68174E-01
  4.026   6.283    0.27723E+01  -0.14664E+01   0.34448E+01  -0.42296E+00  -0.64588E+00  -0.22037E-01
  4.026   6.283   -0.53931E+00   0.24022E+01  -0.18068E+01   0.11101E+01   0.17938E+00   0.26739E-01
  4.026   6.283    0.19015E+02   0.82553E+05  -0.70307E+01   0.79744E+05  -0.10628E+02   0.23961E+02
  4.026   6.283    0.25761E+01   0.25913E+01  -0.52271E+01   0.11792E+01  -0.53000E+00   0.73204E-02
  4.026   6.283   -0.72572E+01  -0.29628E+01   0.23382E+00  -0.83175E+00   0.18740E+01  -0.35821E-01
  4.026   6.283    0.19023E+02   0.19541E+02  -0.62852E+01   0.54523E+01  -0.43299E+01   0.13326E+00
  4.026   6.283   -0.54714E+01  -0.16361E+02   0.57742E+02  -0.67494E+01   0.36139E+01   0.10102E+00
  4.026   6.283    0.21971E+02  -0.10731E+02   0.53803E+02  -0.56054E+01  -0.75485E+01   0.33202E-01
  4.026   6.283   -0.26869E+02   0.19714E+02  -0.28679E+01   0.54561E+01   0.75782E+01   0.31483E+00
  4.026   6.283    0.72840E+01  -0.39314E+01   0.81851E+01  -0.11496E+01  -0.14602E+01  -0.55289E-01
  4.026   6.283    0.37459E+01  -0.71615E+00  -0.40340E+00  -0.22009E+00  -0.98991E+00   0.23727E-01
  4.026   6.283    0.26082E+01  -0.17454E+01   0.40533E+01  -0.49592E+00  -0.58808E+00  -0.25226E-01
  4.026   6.283    0.10339E+01   0.27608E+01  -0.18750E+01   0.12054E+01  -0.22604E+00   0.37639E-01
  4.026   6.283    0.19917E+02   0.82553E+05  -0.65276E+01   0.79744E+05  -0.10835E+02   0.23955E+02
  4.026   6.283    0.25537E+01   0.31646E+01  -0.49308E+01   0.13465E+01  -0.53126E+00   0.76810E-02
  4.026   6.283   -0.13228E+02  -0.44652E+01   0.83681E+01  -0.13545E+01   0.38168E+01   0.11202E+00
  4.026   6.283    0.19012E+02   0.19359E+02  -0.62642E+01   0.54011E+01  -0.43416E+01   0.13398E+00
  4.026   6.283   -0.55993E+01  -0.16437E+02   0.57628E+02  -0.67705E+01   0.36480E+01   0.97201E-01
  4.026   6.283    0.21801E+02  -0.10571E+02   0.54037E+02  -0.55601E+01  -0.74783E+01   0.33744E-01
  4.026   6.283   -0.26109E+02   0.19355E+02  -0.31802E+01   0.53531E+01   0.73358E+01   0.31406E+00
  4.026   6.283    0.22673E+01  -0.24234E+00  -0.22257E+01  -0.73131E-01  -0.74496E+00   0.99934E-02
  4.026   6.283    0.37306E+01  -0.50918E+00  -0.91442E+00  -0.16231E+00  -0.99261E+00   0.24673E-01
  4.026   6.283    0.26268E+01  -0.16290E+01   0.45275E+01  -0.46239E+00  -0.58274E+00  -0.25059E-01
  4.026   6.283   -0.16569E+00   0.33400E+01  -0.17757E+01   0.13720E+01   0.10346E+00   0.33340E-01
  4.026   6.283    0.18878E+02   0.82555E+05  -0.52812E+01   0.79745E+05  -0.10547E+02   0.23953E+02
  4.026   6.283    0.37229E+01   0.16455E+01   0.60079E+01   0.51084E+00  -0.74815E+00   0.36564E-01
  4.026   6.283   -0.14158E+02  -0.43195E+01   0.89126E+01  -0.13127E+01   0.41292E+01   0.11583E+00
  4.026   6.283    0.20101E+02   0.19220E+02  -0.63398E+01   0.53598E+01  -0.46816E+01   0.13545E+00
  4.026   6.283   -0.74139E+01  -0.16815E+02   0.57323E+02  -0.68766E+01   0.41307E+01   0.90409E-01
  4.026   6.283    0.22219E+02  -0.10433E+02   0.55732E+02  -0.55179E+01  -0.75203E+01   0.44077E-01
  4.026   6.283    0.62900E+01  -0.16917E+02  -0.58231E+02  -0.70352E+01  -0.39001E+01   0.19802E+00
  4.026   6.283   -0.23849E+02  -0.11245E+02  -0.54793E+02  -0.59673E+01   0.83091E+01   0.15610E+00
  4.026   6.283    0.28963E+02   0.19582E+02   0.41976E+01   0.54657E+01  -0.78091E+01   0.29053E+00
  4.026   6.283   -0.49145E+01  -0.43268E+01  -0.97801E+01  -0.11687E+01   0.80963E+00  -0.17033E+00
  4.026   6.283    0.13667E+02   0.15924E+01  -0.46898E+01   0.49425E+00  -0.40102E+01  -0.62154E-01
  4.026   6.283    0.12135E+02   0.82553E+05   0.11195E+02   0.79744E+05  -0.86453E+01   0.23941E+02
  4.026   6.283    0.73978E+00   0.26898E+01   0.49254E+01   0.12326E+01  -0.30327E+00  -0.32371E-01
  4.026   6.283    0.56067E+01  -0.28131E+01  -0.93794E+00  -0.80924E+00  -0.14603E+01   0.18238E-02
  4.026   6.283   -0.25218E+01  -0.62012E-01   0.28159E+01  -0.88444E-02   0.80248E+00  -0.14828E-01
  4.026   6.283    0.35616E+00  -0.22314E+00   0.15200E+01  -0.65232E-01  -0.38753E-01  -0.46498E-02
  4.026   6.283   -0.18167E+02   0.18773E+02   0.60309E+01   0.54611E+01   0.44654E+01  -0.12661E-01
  4.026   6.283    0.44291E+01  -0.17260E+02  -0.57539E+02  -0.71271E+01  -0.33215E+01   0.20292E+00
  4.026   6.283   -0.21928E+02  -0.11072E+02  -0.54790E+02  -0.59213E+01   0.77563E+01   0.15953E+00
  4.026   6.283    0.27971E+02   0.19431E+02   0.38480E+01   0.54252E+01  -0.75592E+01   0.28536E+00
  4.026   6.283   -0.53643E+01  -0.41456E+01  -0.89068E+01  -0.11186E+01   0.10005E+01  -0.16460E+00
  4.026   6.283   -0.17046E+01   0.21006E+01   0.15396E+01   0.10178E+01   0.48463E+00   0.21851E-01
  4.026   6.283    0.12114E+02   0.82553E+05   0.12830E+02   0.79744E+05  -0.86449E+01   0.23931E+02
  4.026   6.283   -0.12965E+01   0.32879E+01   0.49485E+01   0.14050E+01   0.21549E+00  -0.37867E-01
  4.026   6.283    0.49425E+01  -0.26569E+01  -0.11242E+01  -0.76527E+00  -0.12990E+01   0.29076E-02
  4.026   6.283   -0.12345E+01   0.54741E+00   0.27200E+01   0.15855E+00   0.43515E+00  -0.11138E-01
  4.026   6.283    0.11637E+02  -0.45334E+01  -0.85772E+01  -0.12868E+01  -0.34228E+01   0.79510E-01
  4.026   6.283   -0.17659E+02   0.18922E+02   0.61936E+01   0.55038E+01   0.43441E+01  -0.72397E-02
  4.026   6.283    0.42508E+01  -0.17317E+02  -0.57830E+02  -0.71445E+01  -0.32709E+01   0.20155E+00
  4.026   6.283   -0.21441E+02  -0.11052E+02  -0.54917E+02  -0.59151E+01   0.76127E+01   0.15711E+00
  4.026   6.283    0.27214E+02   0.19451E+02   0.38150E+01   0.54304E+01  -0.73276E+01   0.28747E+00
  4.026   6.283   -0.17738E+01  -0.17118E+01  -0.52428E+01  -0.49522E+00   0.32908E+00  -0.41124E-01
  4.026   6.283   -0.34774E+01   0.25909E+01   0.18683E+01   0.11524E+01   0.98424E+00   0.30590E-01
  4.026   6.283    0.11613E+02   0.82554E+05   0.12153E+02   0.79744E+05  -0.85599E+01   0.23918E+02
  4.026   6.283   -0.16874E+01   0.38792E+01   0.45014E+01   0.15720E+01   0.33492E+00  -0.36171E-01
  4.026   6.283    0.53528E+01  -0.29288E+01  -0.72577E+00  -0.84451E+00  -0.14086E+01   0.47795E-02
  4.026   6.283   -0.23314E+01   0.17087E+01  -0.63770E+01   0.49950E+00   0.26634E+00  -0.14088E-01
  4.026   6.283    0.13124E+02  -0.46320E+01  -0.90548E+01  -0.13158E+01  -0.38903E+01   0.76723E-01
  4.026   6.283   -0.19019E+02   0.18771E+02   0.61781E+01   0.54622E+01   0.47574E+01  -0.70307E-02
  4.026   6.283    0.50888E+01  -0.17293E+02  -0.56975E+02  -0.71409E+01  -0.34878E+01   0.20237E+00
  4.026   6.283   -0.21171E+02  -0.11058E+02  -0.56814E+02  -0.59113E+01   0.74438E+01   0.14830E+00
  4.026   6.283   -0.40192E+01  -0.48283E+00   0.11018E+01  -0.14837E+00   0.11244E+01   0.11303E-01
  4.026   6.283   -0.12890E+01  -0.15102E+01  -0.55691E+01  -0.43513E+00   0.18531E+00  -0.40995E-01
  4.026   6.283   -0.25709E+01   0.31986E+01   0.14872E+01   0.13312E+01   0.72694E+00   0.27578E-01
  4.026   6.283    0.12557E+02   0.82555E+05   0.11378E+02   0.79745E+05  -0.87862E+01   0.23921E+02
  4.026   6.283   -0.23931E+01   0.34478E+01   0.38718E+01   0.14413E+01   0.54408E+00  -0.32234E-01
  4.026   6.283    0.83381E+01  -0.75233E+00  -0.35649E+01  -0.25100E+00  -0.25495E+01   0.25834E-01
  4.026   6.283   -0.45289E+01   0.17374E+01  -0.64095E+01   0.50840E+00   0.88796E+00  -0.17712E-01
  4.026   6.283    0.13831E+02  -0.43817E+01  -0.84523E+01  -0.12439E+01  -0.40718E+01   0.79003E-01
  4.026   6.283   -0.18830E+02   0.18566E+02   0.55001E+01   0.54038E+01   0.46724E+01  -0.73990E-02
  4.026   6.283    0.55834E+01  -0.17632E+02  -0.56930E+02  -0.72357E+01  -0.35943E+01   0.19873E+00
  4.026   6.283   -0.20710E+01  -0.60738E+00   0.21540E+01  -0.17959E+00   0.66232E+00   0.22007E-01
  4.026   6.283   -0.21187E+00   0.24336E+00   0.71847E+00   0.67717E-01   0.31598E-01   0.44687E-02
  4.026   6.283   -0.31893E+00  -0.87562E-01  -0.28439E+01  -0.28576E-01   0.79504E-01  -0.14706E-01
  4.026   6.283   -0.16646E+01   0.34601E+01   0.20832E+01   0.14045E+01   0.48288E+00   0.32942E-01
  4.026   6.283    0.14722E+02   0.82558E+05   0.89372E+01   0.79746E+05  -0.94193E+01   0.23923E+02
