 16.102  12.566   -0.66208E+02   0.14501E+01   0.93483E+05  -0.16992E+01   0.18615E+02  -0.11130E+01
 16.102  12.566    0.89990E+01   0.22012E+00   0.36249E+02   0.64027E-01  -0.12957E+02  -0.87708E-03
 16.102  12.566    0.22565E-01   0.37099E-04   0.76100E-01   0.26682E-04  -0.26765E-01  -0.13313E-05
 16.102  12.566    0.52218E-04  -0.25964E-04   0.17668E-03  -0.85817E-05  -0.63643E-04  -0.10291E-06
 16.102  12.566    0.91896E-04   0.14990E-04   0.73155E-05   0.50377E-05  -0.26255E-04   0.48834E-06
 16.102  12.566    0.38497E+01  -0.87289E+01   0.36276E+02  -0.11483E+02  -0.62958E+01   0.14770E-02
 16.102  12.566    0.10014E+00  -0.58034E-01   0.38355E+00  -0.67887E-01  -0.11749E+00  -0.12277E-04
 16.102  12.566    0.45271E-03  -0.14394E-03   0.14821E-02  -0.17125E-03  -0.51108E-03   0.21799E-06
 16.102  12.566   -0.41213E-04  -0.40067E-04  -0.41466E-05  -0.13011E-04   0.11360E-04  -0.81769E-06
 16.102  12.566    0.37122E-04   0.44087E-04   0.50139E-05   0.14424E-04  -0.11765E-04   0.39409E-06
 16.102  12.566   -0.11712E+02   0.26539E+00   0.36397E+02   0.73391E-01   0.13712E+02   0.26745E-03
 16.102  12.566   -0.66204E+02   0.14551E+01   0.93483E+05  -0.16961E+01   0.18610E+02  -0.11130E+01
 16.102  12.566    0.89990E+01   0.22012E+00   0.36249E+02   0.64035E-01  -0.12957E+02  -0.87708E-03
 16.102  12.566    0.22565E-01   0.37131E-04   0.76100E-01   0.26708E-04  -0.26765E-01  -0.13322E-05
 16.102  12.566    0.52242E-04  -0.25970E-04   0.17667E-03  -0.85838E-05  -0.63658E-04  -0.10289E-06
 16.102  12.566   -0.65833E+01  -0.88049E+01   0.36344E+02  -0.11504E+02   0.70603E+01   0.19840E-02
 16.102  12.566    0.38509E+01  -0.87289E+01   0.36280E+02  -0.11483E+02  -0.62975E+01   0.14769E-02
 16.102  12.566    0.10014E+00  -0.58034E-01   0.38356E+00  -0.67887E-01  -0.11749E+00  -0.12277E-04
 16.102  12.566    0.45266E-03  -0.14394E-03   0.14821E-02  -0.17125E-03  -0.51107E-03   0.21788E-06
 16.102  12.566   -0.41194E-04  -0.40098E-04  -0.41602E-05  -0.13017E-04   0.11352E-04  -0.81787E-06
 16.102  12.566   -0.23151E-01   0.40738E-04   0.76131E-01   0.25767E-04   0.26929E-01  -0.15104E-05
 16.102  12.566   -0.11712E+02   0.26541E+00   0.36397E+02   0.73408E-01   0.13711E+02   0.26745E-03
 16.102  12.566   -0.66205E+02   0.14490E+01   0.93483E+05  -0.17015E+01   0.18610E+02  -0.11130E+01
 16.102  12.566    0.89990E+01   0.22012E+00   0.36249E+02   0.64035E-01  -0.12957E+02  -0.87708E-03
 16.102  12.566    0.22565E-01   0.37133E-04   0.76100E-01   0.26708E-04  -0.26765E-01  -0.13321E-05
 16.102  12.566   -0.10088E+00  -0.58086E-01   0.38359E+00  -0.67918E-01   0.11769E+00  -0.13069E-04
 16.102  12.566   -0.65833E+01  -0.88049E+01   0.36344E+02  -0.11504E+02   0.70603E+01   0.19840E-02
 16.102  12.566    0.38509E+01  -0.87289E+01   0.36280E+02  -0.11483E+02  -0.62975E+01   0.14769E-02
 16.102  12.566    0.10014E+00  -0.58034E-01   0.38356E+00  -0.67887E-01  -0.11749E+00  -0.12277E-04
 16.102  12.566    0.45267E-03  -0.14392E-03   0.14821E-02  -0.17124E-03  -0.51107E-03   0.21794E-06
 16.102  12.566    0.19489E-05   0.28871E-05   0.18249E-03   0.10694E-05   0.47401E-04   0.31039E-06
 16.102  12.566   -0.23151E-01   0.40798E-04   0.76131E-01   0.25839E-04   0.26929E-01  -0.15105E-05
 16.102  12.566   -0.11712E+02   0.26541E+00   0.36397E+02   0.73407E-01   0.13711E+02   0.26745E-03
 16.102  12.566   -0.66202E+02   0.14485E+01   0.93483E+05  -0.16993E+01   0.18608E+02  -0.11130E+01
 16.102  12.566    0.89990E+01   0.22012E+00   0.36249E+02   0.64035E-01  -0.12957E+02  -0.87708E-03
 16.102  12.566   -0.45337E-03  -0.21040E-03   0.15335E-02  -0.19380E-03   0.51154E-03   0.12849E-05
 16.102  12.566   -0.10088E+00  -0.58086E-01   0.38359E+00  -0.67918E-01   0.11769E+00  -0.13070E-04
 16.102  12.566   -0.65833E+01  -0.88049E+01   0.36344E+02  -0.11504E+02   0.70603E+01   0.19840E-02
 16.102  12.566    0.38509E+01  -0.87289E+01   0.36280E+02  -0.11483E+02  -0.62975E+01   0.14769E-02
 16.102  12.566    0.10015E+00  -0.58031E-01   0.38355E+00  -0.67884E-01  -0.11749E+00  -0.12278E-04
 16.102  12.566   -0.96952E-05  -0.67889E-05   0.48904E-05  -0.22902E-05   0.23989E-05  -0.13100E-06
 16.102  12.566    0.18284E-05   0.28945E-05   0.18249E-03   0.10721E-05   0.47435E-04   0.30972E-06
 16.102  12.566   -0.23151E-01   0.40775E-04   0.76131E-01   0.25830E-04   0.26929E-01  -0.15095E-05
 16.102  12.566   -0.11712E+02   0.26541E+00   0.36397E+02   0.73407E-01   0.13711E+02   0.26744E-03
 16.102  12.566   -0.66202E+02   0.14480E+01   0.93483E+05  -0.17005E+01   0.18605E+02  -0.11130E+01
 16.102  12.566   -0.20389E-04  -0.29729E-04   0.90604E-06  -0.99550E-05   0.75945E-05  -0.49454E-06
 16.102  12.566   -0.45338E-03  -0.21042E-03   0.15335E-02  -0.19381E-03   0.51154E-03   0.12846E-05
 16.102  12.566   -0.10088E+00  -0.58086E-01   0.38359E+00  -0.67918E-01   0.11769E+00  -0.13068E-04
 16.102  12.566   -0.65833E+01  -0.88049E+01   0.36344E+02  -0.11504E+02   0.70602E+01   0.19840E-02
 16.102  12.566    0.38517E+01  -0.87278E+01   0.36276E+02  -0.11481E+02  -0.62984E+01   0.14766E-02
 16.102  12.566   -0.65504E+01   0.92821E+01   0.36363E+02   0.11635E+02   0.70499E+01  -0.16770E-02
 16.102  12.566    0.37280E+01   0.91614E+01   0.36285E+02   0.11603E+02  -0.62646E+01  -0.26656E-02
 16.102  12.566    0.10015E+00   0.58124E-01   0.38357E+00   0.67911E-01  -0.11750E+00   0.69341E-05
 16.102  12.566    0.38832E-03   0.15485E-03   0.14777E-02   0.17467E-03  -0.49109E-03  -0.87275E-06
 16.102  12.566   -0.40821E-04   0.45425E-04  -0.50950E-05   0.15037E-04   0.11114E-04   0.23205E-06
 16.102  12.566   -0.66202E+02   0.14446E+01   0.93483E+05  -0.17067E+01   0.18612E+02  -0.11130E+01
 16.102  12.566    0.89990E+01   0.21787E+00   0.36249E+02   0.61126E-01  -0.12957E+02  -0.87668E-03
 16.102  12.566    0.22565E-01   0.32345E-05   0.76100E-01  -0.15656E-04  -0.26765E-01  -0.13274E-05
 16.102  12.566    0.52240E-04  -0.26249E-04   0.17668E-03  -0.88717E-05  -0.63651E-04  -0.10226E-06
 16.102  12.566    0.91891E-04   0.14997E-04   0.73115E-05   0.50390E-05  -0.26253E-04   0.48827E-06
 16.102  12.566   -0.10079E+00   0.58177E-01   0.38360E+00   0.67916E-01   0.11765E+00   0.20059E-05
 16.102  12.566   -0.65500E+01   0.92832E+01   0.36368E+02   0.11637E+02   0.70491E+01  -0.16773E-02
 16.102  12.566    0.37280E+01   0.91614E+01   0.36285E+02   0.11603E+02  -0.62646E+01  -0.26656E-02
 16.102  12.566    0.10015E+00   0.58124E-01   0.38357E+00   0.67911E-01  -0.11750E+00   0.69335E-05
 16.102  12.566    0.38831E-03   0.15485E-03   0.14777E-02   0.17467E-03  -0.49108E-03  -0.87292E-06
 16.102  12.566   -0.11712E+02   0.26317E+00   0.36397E+02   0.70503E-01   0.13711E+02   0.26802E-03
 16.102  12.566   -0.66204E+02   0.14440E+01   0.93483E+05  -0.17065E+01   0.18609E+02  -0.11130E+01
 16.102  12.566    0.89990E+01   0.21787E+00   0.36249E+02   0.61127E-01  -0.12957E+02  -0.87668E-03
 16.102  12.566    0.22565E-01   0.32300E-05   0.76100E-01  -0.15658E-04  -0.26765E-01  -0.13276E-05
 16.102  12.566    0.52256E-04  -0.26253E-04   0.17667E-03  -0.88744E-05  -0.63662E-04  -0.10228E-06
 16.102  12.566   -0.45723E-03   0.21961E-03   0.15344E-02   0.19662E-03   0.51263E-03  -0.90951E-06
 16.102  12.566   -0.10079E+00   0.58179E-01   0.38361E+00   0.67919E-01   0.11765E+00   0.20052E-05
 16.102  12.566   -0.65500E+01   0.92832E+01   0.36368E+02   0.11637E+02   0.70491E+01  -0.16773E-02
 16.102  12.566    0.37280E+01   0.91614E+01   0.36285E+02   0.11603E+02  -0.62646E+01  -0.26656E-02
 16.102  12.566    0.10015E+00   0.58124E-01   0.38357E+00   0.67911E-01  -0.11750E+00   0.69335E-05
 16.102  12.566   -0.23151E-01   0.65596E-05   0.76131E-01  -0.16666E-04   0.26929E-01  -0.15079E-05
 16.102  12.566   -0.11712E+02   0.26317E+00   0.36397E+02   0.70503E-01   0.13711E+02   0.26802E-03
 16.102  12.566   -0.66203E+02   0.14458E+01   0.93483E+05  -0.17058E+01   0.18610E+02  -0.11130E+01
 16.102  12.566    0.89990E+01   0.21787E+00   0.36249E+02   0.61126E-01  -0.12957E+02  -0.87668E-03
 16.102  12.566    0.22565E-01   0.32724E-05   0.76100E-01  -0.15602E-04  -0.26765E-01  -0.13277E-05
 16.102  12.566   -0.27020E-04   0.47494E-04   0.11579E-05   0.15630E-04   0.94943E-05   0.74845E-06
 16.102  12.566   -0.45724E-03   0.21961E-03   0.15344E-02   0.19662E-03   0.51263E-03  -0.90952E-06
 16.102  12.566   -0.10079E+00   0.58179E-01   0.38361E+00   0.67919E-01   0.11765E+00   0.20052E-05
 16.102  12.566   -0.65500E+01   0.92832E+01   0.36368E+02   0.11637E+02   0.70491E+01  -0.16773E-02
 16.102  12.566    0.37281E+01   0.91614E+01   0.36285E+02   0.11603E+02  -0.62646E+01  -0.26656E-02
 16.102  12.566    0.19385E-05   0.26409E-05   0.18249E-03   0.77360E-06   0.47404E-04   0.31065E-06
 16.102  12.566   -0.23151E-01   0.65518E-05   0.76131E-01  -0.16669E-04   0.26929E-01  -0.15080E-05
 16.102  12.566   -0.11712E+02   0.26317E+00   0.36397E+02   0.70503E-01   0.13711E+02   0.26802E-03
 16.102  12.566   -0.66203E+02   0.14433E+01   0.93483E+05  -0.17067E+01   0.18610E+02  -0.11130E+01
 16.102  12.566    0.89990E+01   0.21788E+00   0.36249E+02   0.61143E-01  -0.12957E+02  -0.87668E-03
 16.102  12.566   -0.12103E-04  -0.39088E-05  -0.68534E-05  -0.97035E-06   0.37215E-05  -0.51575E-06
 16.102  12.566   -0.27051E-04   0.47500E-04   0.11593E-05   0.15633E-04   0.95032E-05   0.74846E-06
 16.102  12.566   -0.45718E-03   0.21962E-03   0.15344E-02   0.19662E-03   0.51260E-03  -0.90893E-06
 16.102  12.566   -0.10079E+00   0.58179E-01   0.38360E+00   0.67919E-01   0.11765E+00   0.20057E-05
 16.102  12.566   -0.65485E+01   0.92831E+01   0.36363E+02   0.11637E+02   0.70473E+01  -0.16774E-02
 16.102  12.566   -0.96945E-05  -0.68260E-05   0.48900E-05  -0.23022E-05   0.23990E-05  -0.13142E-06
 16.102  12.566    0.18242E-05   0.26600E-05   0.18249E-03   0.77989E-06   0.47436E-04   0.31021E-06
 16.102  12.566   -0.23151E-01   0.65462E-05   0.76131E-01  -0.16655E-04   0.26928E-01  -0.15068E-05
 16.102  12.566   -0.11712E+02   0.26318E+00   0.36397E+02   0.70512E-01   0.13711E+02   0.26802E-03
 16.102  12.566   -0.66201E+02   0.14444E+01   0.93483E+05  -0.17052E+01   0.18607E+02  -0.11130E+01
  4.026   6.283   -0.78712E+02   0.24651E+01   0.90574E+05  -0.10028E+01   0.20729E+02  -0.10932E+01
  4.026   6.283    0.58580E+01   0.32159E+00   0.31779E+02   0.94497E-01  -0.10929E+02  -0.39804E-02
  4.026   6.283    0.63759E+00  -0.37496E-01   0.26821E+00  -0.11717E-01  -0.18204E+00   0.27406E-02
  4.026   6.283   -0.11458E+00   0.49669E-02  -0.26209E+00   0.18308E-02   0.15543E-01  -0.20135E-02
  4.026   6.283   -0.16912E+00   0.14999E-01   0.22955E+00   0.39958E-02   0.63440E-01   0.16767E-02
  4.026   6.283    0.24406E+01  -0.65416E+01   0.31995E+02  -0.98715E+01  -0.53269E+01   0.45947E-02
  4.026   6.283    0.24637E+00  -0.20944E+00  -0.69048E-01  -0.10497E+00  -0.13502E+00   0.26815E-02
  4.026   6.283   -0.74988E+00   0.26592E+00   0.22940E+00   0.76856E-01   0.20070E+00  -0.33954E-02
  4.026   6.283   -0.42406E+00   0.99784E-01  -0.19349E+00   0.28989E-01   0.10199E+00  -0.14688E-03
  4.026   6.283   -0.62570E+00   0.69867E-01   0.11617E+00   0.21746E-01   0.17746E+00  -0.20274E-02
  4.026   6.283   -0.91988E+01   0.27821E+00   0.32156E+02   0.76277E-01   0.11852E+02   0.17468E-02
  4.026   6.283   -0.78554E+02   0.25534E+01   0.90574E+05  -0.97621E+00   0.20683E+02  -0.10925E+01
  4.026   6.283    0.57990E+01   0.34247E+00   0.31740E+02   0.10052E+00  -0.10912E+02  -0.41356E-02
  4.026   6.283    0.69702E+00  -0.38384E-01   0.25546E+00  -0.11909E-01  -0.19859E+00   0.25555E-02
  4.026   6.283   -0.74495E-01   0.15995E-01  -0.29966E+00   0.52168E-02   0.21450E-02  -0.23055E-02
  4.026   6.283   -0.53363E+01  -0.65848E+01   0.32204E+02  -0.98815E+01   0.61344E+01   0.48012E-02
  4.026   6.283    0.25995E+01  -0.65467E+01   0.32026E+02  -0.98728E+01  -0.53704E+01   0.48730E-02
  4.026   6.283    0.22367E+00  -0.21107E+00  -0.12529E+00  -0.10531E+00  -0.13115E+00   0.23530E-02
  4.026   6.283   -0.80445E+00   0.27733E+00   0.30031E+00   0.80160E-01   0.21914E+00  -0.30507E-02
  4.026   6.283   -0.31722E+00   0.13256E+00  -0.24032E+00   0.38175E-01   0.69192E-01  -0.27840E-03
  4.026   6.283   -0.59152E+00  -0.44770E-01   0.96245E-01  -0.12254E-01   0.19419E+00   0.78563E-04
  4.026   6.283   -0.92627E+01   0.31049E+00   0.32155E+02   0.85533E-01   0.11870E+02   0.15855E-02
  4.026   6.283   -0.78506E+02   0.25789E+01   0.90574E+05  -0.96877E+00   0.20671E+02  -0.10920E+01
  4.026   6.283    0.58029E+01   0.34645E+00   0.31728E+02   0.10154E+00  -0.10914E+02  -0.38635E-02
  4.026   6.283    0.67258E+00  -0.47016E-01   0.27137E+00  -0.14454E-01  -0.19077E+00   0.26712E-02
  4.026   6.283   -0.29140E+00  -0.14914E+00  -0.10984E+00  -0.84984E-01   0.15859E+00  -0.37696E-02
  4.026   6.283   -0.53103E+01  -0.65836E+01   0.32216E+02  -0.98814E+01   0.61276E+01   0.52696E-02
  4.026   6.283    0.25313E+01  -0.65434E+01   0.32011E+02  -0.98718E+01  -0.53525E+01   0.46415E-02
  4.026   6.283    0.27026E+00  -0.21683E+00  -0.11931E+00  -0.10711E+00  -0.14268E+00   0.25348E-02
  4.026   6.283   -0.80369E+00   0.23499E+00   0.23783E+00   0.68191E-01   0.21659E+00  -0.34389E-02
  4.026   6.283    0.39103E+00   0.17652E-01  -0.16955E+00   0.48846E-02  -0.12449E+00  -0.70083E-03
  4.026   6.283   -0.56748E+00  -0.71980E-01   0.11552E+00  -0.19920E-01   0.18836E+00   0.12253E-03
  4.026   6.283   -0.92433E+01   0.32085E+00   0.32137E+02   0.88462E-01   0.11862E+02   0.16689E-02
  4.026   6.283   -0.78479E+02   0.25565E+01   0.90574E+05  -0.97662E+00   0.20667E+02  -0.10915E+01
  4.026   6.283    0.58322E+01   0.33804E+00   0.31742E+02   0.99116E-01  -0.10922E+02  -0.39427E-02
  4.026   6.283    0.18407E+00   0.13917E+00   0.32586E+00   0.39826E-01  -0.35710E-01   0.31385E-02
  4.026   6.283   -0.21794E+00  -0.14219E+00  -0.11025E+00  -0.82765E-01   0.13746E+00  -0.39834E-02
  4.026   6.283   -0.53370E+01  -0.65783E+01   0.32231E+02  -0.98800E+01   0.61366E+01   0.53969E-02
  4.026   6.283    0.25473E+01  -0.65515E+01   0.32022E+02  -0.98740E+01  -0.53588E+01   0.45795E-02
  4.026   6.283    0.21913E+00  -0.16857E+00  -0.93363E-01  -0.93438E-01  -0.12786E+00   0.26869E-02
  4.026   6.283   -0.16860E+00   0.16691E-01   0.17587E+00   0.44330E-02   0.57009E-01   0.10922E-02
  4.026   6.283    0.39151E+00   0.38001E-01  -0.19722E+00   0.10687E-01  -0.12608E+00  -0.88390E-03
  4.026   6.283   -0.57676E+00  -0.77435E-01   0.13310E+00  -0.21478E-01   0.19155E+00   0.23417E-03
  4.026   6.283   -0.92290E+01   0.32273E+00   0.32151E+02   0.88853E-01   0.11859E+02   0.17279E-02
  4.026   6.283   -0.78452E+02   0.25405E+01   0.90574E+05  -0.98116E+00   0.20658E+02  -0.10917E+01
  4.026   6.283    0.42531E+00   0.10281E+00  -0.20497E-02   0.31029E-01  -0.11857E+00  -0.88112E-03
  4.026   6.283    0.11696E+00   0.12690E+00   0.32088E+00   0.36030E-01  -0.16425E-01   0.32574E-02
  4.026   6.283   -0.16962E+00  -0.14569E+00  -0.14217E+00  -0.83717E-01   0.12149E+00  -0.41516E-02
  4.026   6.283   -0.53797E+01  -0.65592E+01   0.32239E+02  -0.98747E+01   0.61517E+01   0.55923E-02
  4.026   6.283    0.26512E+01  -0.65752E+01   0.31963E+02  -0.98801E+01  -0.53899E+01   0.44907E-02
  4.026   6.283   -0.53558E+01   0.71104E+01   0.32276E+02   0.10026E+02   0.61362E+01  -0.59704E-02
  4.026   6.283    0.23293E+01   0.68826E+01   0.32100E+02   0.99683E+01  -0.53002E+01  -0.81113E-02
  4.026   6.283    0.10691E+00   0.13958E+00  -0.17156E+00   0.81163E-01  -0.91417E-01  -0.85806E-03
  4.026   6.283   -0.67274E+00  -0.22211E+00   0.20986E+00  -0.64921E-01   0.18273E+00   0.12393E-02
  4.026   6.283   -0.12967E+00  -0.67644E-01  -0.24483E+00  -0.19701E-01   0.20709E-01  -0.30837E-02
  4.026   6.283   -0.78677E+02   0.22751E+01   0.90574E+05  -0.10607E+01   0.20720E+02  -0.10942E+01
  4.026   6.283    0.58765E+01   0.11103E+00   0.31752E+02   0.32375E-01  -0.10934E+02  -0.40985E-02
  4.026   6.283    0.66625E+00   0.41250E-01   0.22926E+00   0.10702E-01  -0.19162E+00   0.30441E-02
  4.026   6.283   -0.67668E-01  -0.36643E-01  -0.27812E+00  -0.98010E-02   0.24362E-02  -0.24949E-02
  4.026   6.283   -0.20305E+00  -0.21623E-01   0.23874E+00  -0.64903E-02   0.72875E-01   0.14971E-02
  4.026   6.283   -0.18367E+00   0.37501E-01  -0.62518E-01   0.51553E-01   0.13363E+00   0.43425E-02
  4.026   6.283   -0.52440E+01   0.71098E+01   0.32313E+02   0.10027E+02   0.61043E+01  -0.56604E-02
  4.026   6.283    0.23107E+01   0.68913E+01   0.32081E+02   0.99707E+01  -0.52944E+01  -0.79433E-02
  4.026   6.283    0.17230E+00   0.14507E+00  -0.16541E+00   0.82747E-01  -0.10948E+00  -0.71826E-03
  4.026   6.283   -0.73386E+00  -0.23004E+00   0.19364E+00  -0.67237E-01   0.19922E+00   0.10956E-02
  4.026   6.283   -0.91938E+01   0.25239E+00   0.32152E+02   0.67592E-01   0.11851E+02   0.14699E-02
  4.026   6.283   -0.78521E+02   0.22510E+01   0.90574E+05  -0.10660E+01   0.20675E+02  -0.10941E+01
  4.026   6.283    0.58059E+01   0.10468E+00   0.31749E+02   0.30632E-01  -0.10914E+02  -0.45262E-02
  4.026   6.283    0.67896E+00   0.46989E-01   0.25968E+00   0.12352E-01  -0.19400E+00   0.31648E-02
  4.026   6.283   -0.76076E-01  -0.25353E-01  -0.29012E+00  -0.66030E-02   0.33217E-02  -0.25632E-02
  4.026   6.283    0.33708E+00  -0.17116E+00   0.28716E+00  -0.49536E-01  -0.73659E-01  -0.20669E-03
  4.026   6.283   -0.13045E+00   0.59404E-01  -0.11286E+00   0.57639E-01   0.11623E+00   0.43028E-02
  4.026   6.283   -0.53334E+01   0.71054E+01   0.32318E+02   0.10026E+02   0.61298E+01  -0.60337E-02
  4.026   6.283    0.23264E+01   0.68939E+01   0.32095E+02   0.99713E+01  -0.52990E+01  -0.79019E-02
  4.026   6.283    0.17656E+00   0.14773E+00  -0.20204E+00   0.83671E-01  -0.11144E+00  -0.82832E-03
  4.026   6.283   -0.57652E+00   0.75833E-01   0.96951E-01   0.21901E-01   0.18956E+00   0.10806E-03
  4.026   6.283   -0.92475E+01   0.24459E+00   0.32150E+02   0.65660E-01   0.11865E+02   0.81848E-03
  4.026   6.283   -0.78450E+02   0.22607E+01   0.90574E+05  -0.10626E+01   0.20656E+02  -0.10942E+01
  4.026   6.283    0.58006E+01   0.11584E+00   0.31754E+02   0.33890E-01  -0.10913E+02  -0.46363E-02
  4.026   6.283    0.66393E+00   0.21666E-01   0.27520E+00   0.51687E-02  -0.18844E+00   0.32992E-02
  4.026   6.283    0.44641E+00  -0.12320E+00  -0.66576E-01  -0.36712E-01  -0.12486E+00   0.18695E-02
  4.026   6.283    0.27049E+00  -0.19395E+00   0.34349E+00  -0.55868E-01  -0.51812E-01  -0.16247E-03
  4.026   6.283   -0.28333E-01   0.51311E-01  -0.11880E+00   0.55240E-01   0.86593E-01   0.44389E-02
  4.026   6.283   -0.54029E+01   0.71023E+01   0.32325E+02   0.10025E+02   0.61508E+01  -0.59380E-02
  4.026   6.283    0.24016E+01   0.68871E+01   0.32111E+02   0.99694E+01  -0.53215E+01  -0.79976E-02
  4.026   6.283    0.39673E+00  -0.22432E-01  -0.17439E+00  -0.62582E-02  -0.12628E+00  -0.13064E-02
  4.026   6.283   -0.55362E+00   0.83089E-01   0.12889E+00   0.23919E-01   0.18416E+00   0.31160E-03
  4.026   6.283   -0.92685E+01   0.24978E+00   0.32161E+02   0.67128E-01   0.11870E+02   0.81406E-03
  4.026   6.283   -0.78453E+02   0.22727E+01   0.90574E+05  -0.10595E+01   0.20659E+02  -0.10939E+01
  4.026   6.283    0.58759E+01   0.14671E+00   0.31731E+02   0.42536E-01  -0.10935E+02  -0.45603E-02
  4.026   6.283    0.13067E+00  -0.35835E-01   0.17595E+00  -0.99830E-02  -0.27797E-01   0.43565E-03
  4.026   6.283    0.52443E+00  -0.11014E+00  -0.80449E-01  -0.33274E-01  -0.14795E+00   0.22644E-02
  4.026   6.283    0.23137E+00  -0.17494E+00   0.29471E+00  -0.50378E-01  -0.43005E-01  -0.47060E-03
  4.026   6.283   -0.59381E-01   0.55315E-01  -0.98555E-01   0.56443E-01   0.95973E-01   0.44443E-02
  4.026   6.283   -0.53434E+01   0.71055E+01   0.32300E+02   0.10026E+02   0.61328E+01  -0.59171E-02
  4.026   6.283   -0.16946E+00  -0.26886E-01   0.16132E+00  -0.81879E-02   0.57119E-01   0.11652E-02
  4.026   6.283    0.38416E+00  -0.23874E-01  -0.17062E+00  -0.66495E-02  -0.12281E+00  -0.12329E-02
  4.026   6.283   -0.60611E+00   0.65516E-01   0.15773E+00   0.18635E-01   0.19982E+00   0.65991E-03
  4.026   6.283   -0.92172E+01   0.24626E+00   0.32147E+02   0.66096E-01   0.11855E+02   0.79359E-03
  4.026   6.283   -0.78449E+02   0.23106E+01   0.90574E+05  -0.10476E+01   0.20656E+02  -0.10937E+01
