 16.102  12.566    0.55701E+01   0.37495E+02  -0.11179E+01   0.12273E+02  -0.14937E+01   0.18026E+00
 16.102  12.566   -0.16983E-03  -0.23056E-04  -0.56206E-03   0.69514E-04   0.29243E-03  -0.41481E-06
 16.102  12.566   -0.72397E-04   0.85303E-06  -0.92801E-05   0.24285E-06   0.19030E-04  -0.61796E-06
 16.102  12.566    0.22851E-03   0.19676E-04   0.85395E-05   0.66447E-05  -0.65217E-04   0.12125E-05
 16.102  12.566   -0.24995E-03   0.10693E-05  -0.12393E-04   0.33199E-06   0.72878E-04  -0.11387E-05
 16.102  12.566   -0.13892E-03  -0.14716E-03   0.93057E-03  -0.41779E-03  -0.25208E-03  -0.14155E-05
 16.102  12.566   -0.36449E-03   0.36298E-04  -0.88430E-04   0.12893E-04   0.10844E-03  -0.17039E-05
 16.102  12.566    0.30148E-03  -0.13765E-04   0.19029E-04  -0.54545E-05  -0.96241E-04   0.18894E-05
 16.102  12.566    0.62495E-04   0.24049E-03   0.60523E-05   0.78451E-04  -0.17763E-04   0.22538E-05
 16.102  12.566    0.80236E-04   0.11949E-03   0.15276E-04   0.38021E-04  -0.25142E-04   0.25404E-05
 16.102  12.566   -0.41192E-03  -0.13609E-03  -0.20870E-03   0.72555E-04   0.16182E-03  -0.95941E-06
 16.102  12.566    0.55702E+01   0.37495E+02  -0.11179E+01   0.12273E+02  -0.14938E+01   0.18026E+00
 16.102  12.566   -0.16990E-03  -0.23044E-04  -0.56208E-03   0.69518E-04   0.29246E-03  -0.41495E-06
 16.102  12.566   -0.72350E-04   0.83936E-06  -0.92733E-05   0.23821E-06   0.19017E-04  -0.61762E-06
 16.102  12.566    0.22844E-03   0.19675E-04   0.85608E-05   0.66447E-05  -0.65184E-04   0.12124E-05
 16.102  12.566   -0.12947E-02  -0.64807E-04   0.12822E-02  -0.66484E-03   0.75949E-03   0.19602E-06
 16.102  12.566   -0.13887E-03  -0.14716E-03   0.93071E-03  -0.41779E-03  -0.25213E-03  -0.14155E-05
 16.102  12.566   -0.36452E-03   0.36295E-04  -0.88430E-04   0.12892E-04   0.10845E-03  -0.17041E-05
 16.102  12.566    0.30149E-03  -0.13775E-04   0.19033E-04  -0.54578E-05  -0.96244E-04   0.18893E-05
 16.102  12.566    0.62495E-04   0.24050E-03   0.60539E-05   0.78448E-04  -0.17764E-04   0.22539E-05
 16.102  12.566    0.31682E-03  -0.53959E-04   0.57655E-04  -0.17998E-04  -0.95569E-04   0.10261E-05
 16.102  12.566   -0.41200E-03  -0.13609E-03  -0.20865E-03   0.72563E-04   0.16183E-03  -0.95962E-06
 16.102  12.566    0.55701E+01   0.37495E+02  -0.11179E+01   0.12273E+02  -0.14937E+01   0.18026E+00
 16.102  12.566   -0.16991E-03  -0.23042E-04  -0.56208E-03   0.69519E-04   0.29246E-03  -0.41489E-06
 16.102  12.566   -0.72336E-04   0.83121E-06  -0.93029E-05   0.23522E-06   0.18996E-04  -0.61771E-06
 16.102  12.566    0.18103E-03   0.61235E-04   0.11099E-03   0.19532E-04  -0.48685E-04   0.25047E-05
 16.102  12.566   -0.12948E-02  -0.64789E-04   0.12822E-02  -0.66483E-03   0.75949E-03   0.19604E-06
 16.102  12.566   -0.13885E-03  -0.14716E-03   0.93072E-03  -0.41779E-03  -0.25214E-03  -0.14153E-05
 16.102  12.566   -0.36451E-03   0.36309E-04  -0.88436E-04   0.12897E-04   0.10844E-03  -0.17040E-05
 16.102  12.566    0.30147E-03  -0.13786E-04   0.19010E-04  -0.54549E-05  -0.96247E-04   0.18891E-05
 16.102  12.566   -0.31388E-03   0.51863E-04  -0.36363E-04   0.17341E-04   0.92579E-04  -0.12923E-05
 16.102  12.566    0.31691E-03  -0.53970E-04   0.57628E-04  -0.18011E-04  -0.95589E-04   0.10266E-05
 16.102  12.566   -0.41203E-03  -0.13608E-03  -0.20865E-03   0.72568E-04   0.16185E-03  -0.95954E-06
 16.102  12.566    0.55702E+01   0.37495E+02  -0.11179E+01   0.12273E+02  -0.14938E+01   0.18026E+00
 16.102  12.566   -0.16988E-03  -0.23068E-04  -0.56206E-03   0.69511E-04   0.29246E-03  -0.41485E-06
 16.102  12.566   -0.81024E-04   0.69078E-04  -0.68526E-04   0.23619E-04   0.16490E-04  -0.21306E-05
 16.102  12.566    0.18107E-03   0.61233E-04   0.11096E-03   0.19531E-04  -0.48683E-04   0.25047E-05
 16.102  12.566   -0.12948E-02  -0.64783E-04   0.12822E-02  -0.66483E-03   0.75949E-03   0.19581E-06
 16.102  12.566   -0.13885E-03  -0.14718E-03   0.93072E-03  -0.41779E-03  -0.25214E-03  -0.14154E-05
 16.102  12.566   -0.36448E-03   0.36332E-04  -0.88459E-04   0.12899E-04   0.10842E-03  -0.17038E-05
 16.102  12.566    0.18723E-03  -0.19816E-04   0.75259E-05  -0.65847E-05  -0.53888E-04   0.95890E-06
 16.102  12.566   -0.31389E-03   0.51872E-04  -0.36367E-04   0.17344E-04   0.92586E-04  -0.12923E-05
 16.102  12.566    0.31692E-03  -0.53974E-04   0.57631E-04  -0.18013E-04  -0.95591E-04   0.10265E-05
 16.102  12.566   -0.41199E-03  -0.13608E-03  -0.20866E-03   0.72569E-04   0.16183E-03  -0.95944E-06
 16.102  12.566    0.55702E+01   0.37495E+02  -0.11179E+01   0.12273E+02  -0.14938E+01   0.18026E+00
 16.102  12.566   -0.94859E-04  -0.49058E-04  -0.12691E-04  -0.16101E-04   0.26816E-04  -0.14627E-05
 16.102  12.566   -0.81023E-04   0.69097E-04  -0.68530E-04   0.23625E-04   0.16490E-04  -0.21305E-05
 16.102  12.566    0.18105E-03   0.61223E-04   0.11096E-03   0.19528E-04  -0.48679E-04   0.25048E-05
 16.102  12.566   -0.12948E-02  -0.64779E-04   0.12822E-02  -0.66483E-03   0.75948E-03   0.19606E-06
 16.102  12.566   -0.13897E-03  -0.14721E-03   0.93083E-03  -0.41782E-03  -0.25207E-03  -0.14157E-05
 16.102  12.566    0.16240E-02  -0.69402E-03  -0.19899E-02  -0.95932E-03  -0.97178E-03  -0.30796E-06
 16.102  12.566    0.41183E-03  -0.58830E-03  -0.20172E-02  -0.94802E-03   0.38808E-03  -0.35350E-06
 16.102  12.566   -0.51474E-04  -0.20111E-03   0.19384E-04  -0.67005E-04   0.19444E-04  -0.26905E-05
 16.102  12.566    0.10502E-03  -0.29660E-04   0.72849E-04  -0.10296E-04  -0.23157E-04   0.22415E-05
 16.102  12.566   -0.41932E-04   0.23746E-03  -0.73758E-05   0.77288E-04   0.11079E-04   0.22810E-05
 16.102  12.566    0.55700E+01   0.37495E+02  -0.11179E+01   0.12273E+02  -0.14937E+01   0.18026E+00
 16.102  12.566   -0.16992E-03  -0.23038E-04  -0.56238E-03   0.69577E-04   0.29253E-03  -0.41495E-06
 16.102  12.566   -0.72458E-04   0.85397E-06  -0.92429E-05   0.22873E-06   0.19046E-04  -0.61775E-06
 16.102  12.566    0.22843E-03   0.19664E-04   0.85784E-05   0.66340E-05  -0.65194E-04   0.12124E-05
 16.102  12.566   -0.24997E-03   0.10936E-05  -0.12384E-04   0.33972E-06   0.72882E-04  -0.11384E-05
 16.102  12.566    0.83442E-04   0.26367E-03   0.28736E-05   0.84995E-04  -0.25432E-04   0.26339E-05
 16.102  12.566    0.16240E-02  -0.69406E-03  -0.19899E-02  -0.95934E-03  -0.97177E-03  -0.30789E-06
 16.102  12.566    0.41183E-03  -0.58830E-03  -0.20172E-02  -0.94801E-03   0.38808E-03  -0.35346E-06
 16.102  12.566   -0.51495E-04  -0.20110E-03   0.19383E-04  -0.67003E-04   0.19451E-04  -0.26905E-05
 16.102  12.566    0.10502E-03  -0.29659E-04   0.72861E-04  -0.10297E-04  -0.23154E-04   0.22416E-05
 16.102  12.566   -0.41187E-03  -0.13610E-03  -0.20906E-03   0.72561E-04   0.16175E-03  -0.95957E-06
 16.102  12.566    0.55700E+01   0.37495E+02  -0.11179E+01   0.12273E+02  -0.14937E+01   0.18026E+00
 16.102  12.566   -0.16996E-03  -0.23040E-04  -0.56238E-03   0.69577E-04   0.29254E-03  -0.41507E-06
 16.102  12.566   -0.72398E-04   0.84682E-06  -0.92317E-05   0.22631E-06   0.19029E-04  -0.61749E-06
 16.102  12.566    0.22840E-03   0.19691E-04   0.85937E-05   0.66451E-05  -0.65173E-04   0.12126E-05
 16.102  12.566   -0.19174E-03   0.96518E-04  -0.63798E-04   0.32638E-04   0.56516E-04  -0.17277E-05
 16.102  12.566    0.83419E-04   0.26367E-03   0.28636E-05   0.85002E-04  -0.25422E-04   0.26337E-05
 16.102  12.566    0.16240E-02  -0.69407E-03  -0.19899E-02  -0.95934E-03  -0.97179E-03  -0.30777E-06
 16.102  12.566    0.41180E-03  -0.58829E-03  -0.20172E-02  -0.94801E-03   0.38809E-03  -0.35370E-06
 16.102  12.566   -0.51414E-04  -0.20111E-03   0.19344E-04  -0.67006E-04   0.19406E-04  -0.26904E-05
 16.102  12.566    0.31689E-03  -0.53969E-04   0.57614E-04  -0.18022E-04  -0.95593E-04   0.10263E-05
 16.102  12.566   -0.41190E-03  -0.13610E-03  -0.20905E-03   0.72560E-04   0.16175E-03  -0.95972E-06
 16.102  12.566    0.55700E+01   0.37495E+02  -0.11179E+01   0.12273E+02  -0.14937E+01   0.18026E+00
 16.102  12.566   -0.17000E-03  -0.23040E-04  -0.56239E-03   0.69577E-04   0.29255E-03  -0.41536E-06
 16.102  12.566   -0.72349E-04   0.84180E-06  -0.92841E-05   0.23733E-06   0.18993E-04  -0.61761E-06
 16.102  12.566    0.15803E-03  -0.10684E-03   0.33868E-04  -0.34590E-04  -0.47475E-04  -0.16945E-05
 16.102  12.566   -0.19172E-03   0.96529E-04  -0.63798E-04   0.32639E-04   0.56511E-04  -0.17277E-05
 16.102  12.566    0.83419E-04   0.26368E-03   0.28605E-05   0.85005E-04  -0.25422E-04   0.26338E-05
 16.102  12.566    0.16240E-02  -0.69407E-03  -0.19898E-02  -0.95934E-03  -0.97177E-03  -0.30782E-06
 16.102  12.566    0.41184E-03  -0.58828E-03  -0.20172E-02  -0.94801E-03   0.38808E-03  -0.35347E-06
 16.102  12.566   -0.31386E-03   0.51830E-04  -0.36349E-04   0.17353E-04   0.92572E-04  -0.12925E-05
 16.102  12.566    0.31694E-03  -0.53959E-04   0.57614E-04  -0.18018E-04  -0.95606E-04   0.10267E-05
 16.102  12.566   -0.41195E-03  -0.13608E-03  -0.20902E-03   0.72565E-04   0.16178E-03  -0.95999E-06
 16.102  12.566    0.55702E+01   0.37495E+02  -0.11179E+01   0.12273E+02  -0.14938E+01   0.18026E+00
 16.102  12.566   -0.16995E-03  -0.23035E-04  -0.56236E-03   0.69577E-04   0.29254E-03  -0.41519E-06
 16.102  12.566    0.17969E-04   0.35492E-04  -0.20699E-04   0.13364E-04  -0.66842E-05  -0.24374E-05
 16.102  12.566    0.15802E-03  -0.10685E-03   0.33858E-04  -0.34595E-04  -0.47468E-04  -0.16944E-05
 16.102  12.566   -0.19174E-03   0.96517E-04  -0.63800E-04   0.32635E-04   0.56517E-04  -0.17278E-05
 16.102  12.566    0.83449E-04   0.26369E-03   0.28643E-05   0.85008E-04  -0.25430E-04   0.26339E-05
 16.102  12.566    0.16239E-02  -0.69408E-03  -0.19896E-02  -0.95934E-03  -0.97166E-03  -0.30806E-06
 16.102  12.566    0.18729E-03  -0.19777E-04   0.75416E-05  -0.65720E-05  -0.53900E-04   0.95909E-06
 16.102  12.566   -0.31387E-03   0.51846E-04  -0.36349E-04   0.17358E-04   0.92579E-04  -0.12924E-05
 16.102  12.566    0.31692E-03  -0.53969E-04   0.57614E-04  -0.18022E-04  -0.95599E-04   0.10265E-05
 16.102  12.566   -0.41190E-03  -0.13610E-03  -0.20901E-03   0.72560E-04   0.16176E-03  -0.95985E-06
 16.102  12.566    0.55702E+01   0.37495E+02  -0.11179E+01   0.12273E+02  -0.14938E+01   0.18026E+00
  4.026   6.283    0.12938E+01   0.22596E+02  -0.94823E+00   0.72541E+01  -0.10498E+00   0.12060E+00
  4.026   6.283    0.25720E+00   0.28895E-01  -0.14370E+00   0.82812E-02  -0.79784E-01  -0.46480E-03
  4.026   6.283   -0.29845E+00  -0.18334E-01   0.73072E-01  -0.49366E-02   0.87195E-01  -0.15466E-03
  4.026   6.283    0.23644E+00   0.33519E-02   0.28371E-02   0.62574E-03  -0.65776E-01   0.55453E-03
  4.026   6.283   -0.13501E+00   0.18609E-02  -0.65174E-01   0.75745E-03   0.34146E-01  -0.72396E-03
  4.026   6.283    0.10455E+00  -0.60154E-01   0.25395E+00  -0.16157E-01  -0.28243E-01  -0.18471E-02
  4.026   6.283   -0.18471E+00   0.14053E+00  -0.62873E-01   0.38650E-01   0.51926E-01   0.24679E-02
  4.026   6.283   -0.12023E+00   0.23619E-01   0.64302E-01   0.69533E-02   0.33917E-01  -0.86790E-03
  4.026   6.283    0.26370E-02   0.15521E-01  -0.61286E-01   0.42012E-02  -0.47265E-02   0.37064E-03
  4.026   6.283   -0.15382E+00   0.30638E-01  -0.14608E-01   0.89547E-02   0.41058E-01  -0.39249E-03
  4.026   6.283   -0.35094E+00  -0.30310E-02   0.13583E+00  -0.64455E-03   0.11017E+00   0.62934E-03
  4.026   6.283    0.12982E+01   0.22618E+02  -0.99735E+00   0.72602E+01  -0.10763E+00   0.12057E+00
  4.026   6.283    0.24774E+00   0.37171E-01  -0.13673E+00   0.10564E-01  -0.75509E-01  -0.26714E-03
  4.026   6.283   -0.27978E+00  -0.22695E-01   0.53696E-01  -0.61786E-02   0.80708E-01  -0.32438E-03
  4.026   6.283    0.23130E+00   0.68336E-02  -0.19227E-02   0.17283E-02  -0.64534E-01   0.41632E-03
  4.026   6.283    0.15361E+00   0.16343E+00   0.30285E+00   0.47398E-01  -0.39399E-01   0.10400E-02
  4.026   6.283    0.13080E+00  -0.50588E-01   0.25875E+00  -0.13589E-01  -0.35463E-01  -0.15328E-02
  4.026   6.283   -0.21558E+00   0.14278E+00  -0.81659E-01   0.39376E-01   0.59244E-01   0.23010E-02
  4.026   6.283   -0.11038E+00   0.22930E-01   0.78888E-01   0.66893E-02   0.32460E-01  -0.72206E-03
  4.026   6.283    0.37336E-01   0.53962E-02  -0.86625E-01   0.12698E-02  -0.15655E-01   0.27319E-03
  4.026   6.283    0.12314E+00  -0.71776E-02  -0.96469E-01  -0.18707E-02  -0.41110E-01  -0.84896E-03
  4.026   6.283   -0.35622E+00   0.15895E-01   0.14480E+00   0.45206E-02   0.11289E+00   0.90429E-03
  4.026   6.283    0.13236E+01   0.22624E+02  -0.10163E+01   0.72618E+01  -0.11471E+00   0.12057E+00
  4.026   6.283    0.24369E+00   0.44804E-01  -0.13270E+00   0.12743E-01  -0.73790E-01  -0.16593E-03
  4.026   6.283   -0.26567E+00  -0.22047E-01   0.56282E-01  -0.60195E-02   0.76946E-01  -0.24398E-03
  4.026   6.283    0.12246E+00   0.16443E+00  -0.15635E+00   0.45774E-01  -0.24211E-01   0.68203E-03
  4.026   6.283    0.19078E+00   0.16226E+00   0.30106E+00   0.47175E-01  -0.50366E-01   0.95942E-03
  4.026   6.283    0.10001E+00  -0.50692E-01   0.26966E+00  -0.13623E-01  -0.26028E-01  -0.15538E-02
  4.026   6.283   -0.19355E+00   0.14014E+00  -0.80426E-01   0.38647E-01   0.52545E-01   0.23217E-02
  4.026   6.283   -0.14603E+00   0.28404E-01   0.79179E-01   0.83160E-02   0.42349E-01  -0.79777E-03
  4.026   6.283    0.31298E-01   0.11516E-01   0.80022E-01   0.30366E-02  -0.46840E-02   0.69267E-03
  4.026   6.283    0.14418E+00  -0.35645E-02  -0.96448E-01  -0.79493E-03  -0.47576E-01  -0.89131E-03
  4.026   6.283   -0.35663E+00   0.24687E-01   0.13693E+00   0.69467E-02   0.11370E+00   0.10320E-02
  4.026   6.283    0.13662E+01   0.22625E+02  -0.10248E+01   0.72623E+01  -0.12661E+00   0.12050E+00
  4.026   6.283    0.24345E+00   0.46283E-01  -0.12984E+00   0.13243E-01  -0.73656E-01  -0.23048E-03
  4.026   6.283   -0.31391E+00  -0.12735E+00   0.75538E-01  -0.37920E-01   0.85806E-01   0.12013E-02
  4.026   6.283    0.11908E+00   0.16036E+00  -0.16797E+00   0.44632E-01  -0.23805E-01   0.65791E-03
  4.026   6.283    0.19195E+00   0.16217E+00   0.29840E+00   0.47147E-01  -0.50695E-01   0.95863E-03
  4.026   6.283    0.10441E+00  -0.46431E-01   0.27215E+00  -0.12404E-01  -0.26939E-01  -0.15415E-02
  4.026   6.283   -0.18430E+00   0.14263E+00  -0.89586E-01   0.39261E-01   0.49830E-01   0.23374E-02
  4.026   6.283   -0.11138E+00   0.65696E-03  -0.61146E-01   0.35159E-03   0.29999E-01  -0.26922E-03
  4.026   6.283    0.10440E-01   0.97748E-02   0.74657E-01   0.25469E-02   0.13753E-02   0.68081E-03
  4.026   6.283    0.15791E+00  -0.19880E-02  -0.94458E-01  -0.36611E-03  -0.51429E-01  -0.84464E-03
  4.026   6.283   -0.36949E+00   0.31575E-01   0.13525E+00   0.89410E-02   0.11737E+00   0.97358E-03
  4.026   6.283    0.13743E+01   0.22635E+02  -0.10153E+01   0.72651E+01  -0.12891E+00   0.12046E+00
  4.026   6.283   -0.63953E-01   0.10003E-01   0.15242E+00   0.31154E-02   0.25400E-01   0.14109E-02
  4.026   6.283   -0.32079E+00  -0.12607E+00   0.91866E-01  -0.37578E-01   0.88633E-01   0.13573E-02
  4.026   6.283    0.11681E+00   0.15919E+00  -0.16620E+00   0.44277E-01  -0.23594E-01   0.64301E-03
  4.026   6.283    0.17771E+00   0.15332E+00   0.29409E+00   0.44642E-01  -0.46924E-01   0.89660E-03
  4.026   6.283    0.10317E+00  -0.53695E-01   0.28755E+00  -0.14387E-01  -0.26219E-01  -0.15042E-02
  4.026   6.283   -0.14522E+00   0.21686E+00  -0.20037E+00   0.60911E-01   0.36719E-01   0.12073E-02
  4.026   6.283   -0.78202E-01  -0.15281E-01  -0.26150E+00  -0.61924E-02   0.21800E-01  -0.11758E-03
  4.026   6.283    0.35086E+00   0.25509E+00  -0.26798E-01   0.70889E-01  -0.89779E-01   0.33381E-02
  4.026   6.283    0.15287E+00  -0.31631E-02  -0.16876E+00   0.37199E-03  -0.48931E-01  -0.23724E-02
  4.026   6.283    0.21288E+00   0.42511E-01  -0.37293E-01   0.12858E-01  -0.59815E-01  -0.48767E-03
  4.026   6.283    0.12528E+01   0.22609E+02  -0.90004E+00   0.72582E+01  -0.93414E-01   0.12040E+00
  4.026   6.283    0.21442E+00   0.21022E-01  -0.12073E+00   0.61638E-02  -0.68850E-01  -0.57212E-03
  4.026   6.283   -0.24574E+00  -0.22209E-01   0.37721E-01  -0.60996E-02   0.73348E-01  -0.40082E-04
  4.026   6.283    0.20624E+00   0.62207E-04   0.17666E-01  -0.11275E-03  -0.57764E-01   0.33509E-03
  4.026   6.283   -0.15636E+00   0.16791E-02  -0.29317E-01   0.72302E-03   0.41659E-01  -0.71559E-03
  4.026   6.283   -0.20815E+00   0.21387E+00   0.41762E-01   0.61802E-01   0.53152E-01   0.57830E-03
  4.026   6.283   -0.13896E+00   0.24184E+00  -0.19456E+00   0.67958E-01   0.35375E-01   0.14554E-02
  4.026   6.283   -0.62527E-01  -0.10622E-01  -0.27813E+00  -0.48950E-02   0.17125E-01  -0.22221E-03
  4.026   6.283    0.33847E+00   0.25518E+00  -0.32190E-01   0.70961E-01  -0.86682E-01   0.32494E-02
  4.026   6.283    0.15665E+00  -0.13022E-03  -0.15245E+00   0.12173E-02  -0.48698E-01  -0.22089E-02
  4.026   6.283   -0.38409E+00   0.17028E-01   0.15585E+00   0.48070E-02   0.11906E+00   0.71723E-03
  4.026   6.283    0.12588E+01   0.22608E+02  -0.91271E+00   0.72579E+01  -0.96674E-01   0.12013E+00
  4.026   6.283    0.17326E+00   0.25790E-01  -0.10170E+00   0.75317E-02  -0.56693E-01  -0.53806E-03
  4.026   6.283   -0.22872E+00  -0.19977E-01   0.24823E-01  -0.54880E-02   0.67724E-01  -0.55471E-04
  4.026   6.283    0.18800E+00   0.70596E-02   0.15825E-01   0.18623E-02  -0.52530E-01   0.29810E-03
  4.026   6.283    0.12682E+00  -0.75778E-01  -0.36799E-02  -0.21614E-01  -0.31682E-01   0.37743E-03
  4.026   6.283   -0.21510E+00   0.20203E+00   0.39677E-01   0.58505E-01   0.55333E-01   0.48836E-03
  4.026   6.283   -0.14917E+00   0.23766E+00  -0.18442E+00   0.66781E-01   0.38441E-01   0.14668E-02
  4.026   6.283   -0.50125E-01  -0.12292E-01  -0.28010E+00  -0.53707E-02   0.13657E-01  -0.21248E-03
  4.026   6.283    0.32228E+00   0.25714E+00  -0.33148E-01   0.71490E-01  -0.82191E-01   0.32305E-02
  4.026   6.283    0.94845E-01   0.35776E-02  -0.15322E+00   0.10398E-02  -0.35064E-01  -0.88789E-03
  4.026   6.283   -0.40921E+00   0.19526E-01   0.18136E+00   0.55285E-02   0.12706E+00   0.81644E-03
  4.026   6.283    0.12630E+01   0.22604E+02  -0.92260E+00   0.72568E+01  -0.98685E-01   0.11999E+00
  4.026   6.283    0.14287E+00   0.29352E-01  -0.10205E+00   0.85877E-02  -0.47753E-01  -0.59701E-03
  4.026   6.283   -0.20451E+00  -0.18161E-01   0.30266E-01  -0.50458E-02   0.60913E-01   0.10703E-04
  4.026   6.283    0.17779E+00  -0.38177E-01  -0.23209E-01  -0.11460E-01  -0.50538E-01   0.61225E-03
  4.026   6.283    0.15125E+00  -0.72370E-01   0.66065E-02  -0.20714E-01  -0.38567E-01   0.53195E-03
  4.026   6.283   -0.20307E+00   0.20412E+00   0.20051E-01   0.59089E-01   0.51451E-01   0.46271E-03
  4.026   6.283   -0.16673E+00   0.23920E+00  -0.16933E+00   0.67199E-01   0.44057E-01   0.15073E-02
  4.026   6.283   -0.13744E-01  -0.15918E-01  -0.29864E+00  -0.63607E-02   0.22933E-02  -0.28472E-03
  4.026   6.283    0.32344E-01  -0.61588E-02   0.91534E-01  -0.19906E-02  -0.56694E-02   0.59145E-03
  4.026   6.283    0.12017E+00   0.49277E-02  -0.15956E+00   0.14603E-02  -0.42805E-01  -0.93833E-03
  4.026   6.283   -0.41931E+00   0.26885E-01   0.18878E+00   0.77000E-02   0.13054E+00   0.77162E-03
  4.026   6.283    0.13016E+01   0.22619E+02  -0.92532E+00   0.72610E+01  -0.10899E+00   0.12010E+00
  4.026   6.283    0.13997E+00   0.33826E-01  -0.11542E+00   0.97265E-02  -0.47002E-01  -0.51808E-03
  4.026   6.283   -0.45979E-02  -0.61160E-02   0.73270E-01  -0.14623E-02   0.54494E-02   0.53352E-04
  4.026   6.283    0.16279E+00  -0.36221E-01  -0.20476E-01  -0.10876E-01  -0.45777E-01   0.59920E-03
  4.026   6.283    0.14290E+00  -0.72623E-01   0.61114E-02  -0.20719E-01  -0.36708E-01   0.37581E-03
  4.026   6.283   -0.22039E+00   0.20239E+00   0.28503E-01   0.58586E-01   0.56987E-01   0.51293E-03
  4.026   6.283   -0.12920E+00   0.23919E+00  -0.18453E+00   0.67155E-01   0.32941E-01   0.15176E-02
  4.026   6.283   -0.13436E+00  -0.17609E-02  -0.33631E-01  -0.33652E-03   0.37743E-01  -0.18424E-03
  4.026   6.283    0.15174E-01  -0.10321E-02   0.96246E-01  -0.47726E-03  -0.53391E-03   0.55585E-03
  4.026   6.283    0.14771E+00   0.11703E-01  -0.14562E+00   0.33850E-02  -0.49748E-01  -0.75122E-03
  4.026   6.283   -0.41714E+00   0.28445E-01   0.19020E+00   0.81167E-02   0.12985E+00   0.82918E-03
  4.026   6.283    0.13115E+01   0.22625E+02  -0.93193E+00   0.72627E+01  -0.11179E+00   0.12012E+00
