 16.102  12.566    0.11377E+02   0.84402E+05  -0.13411E+01   0.13644E+06  -0.20217E+02   0.12162E+02
 16.102  12.566   -0.59000E-02   0.56280E+00   0.19879E-02   0.74120E+00  -0.12335E-02  -0.13049E-03
 16.102  12.566    0.29596E-03  -0.59229E-04   0.12099E-03   0.49826E-03  -0.87160E-04   0.34756E-05
 16.102  12.566   -0.19977E-03   0.38383E-03   0.10708E-04   0.12885E-03   0.57001E-04  -0.15199E-05
 16.102  12.566    0.29617E-04   0.10609E-03  -0.23399E-04   0.35185E-04  -0.94603E-05   0.20516E-06
 16.102  12.566    0.16385E+01  -0.31620E+01   0.11401E+02  -0.38415E+01  -0.25038E+01  -0.20250E-02
 16.102  12.566    0.21291E-01  -0.76261E-02   0.66606E-01  -0.85047E-02  -0.23000E-01  -0.15752E-05
 16.102  12.566   -0.37881E-03  -0.24634E-03  -0.25776E-03  -0.92633E-04   0.20322E-04   0.42145E-06
 16.102  12.566    0.73680E-03   0.81213E-03   0.11068E-03   0.26131E-03  -0.22323E-03   0.11732E-04
 16.102  12.566    0.20995E-03   0.24775E-03  -0.39083E-04   0.81203E-04  -0.65490E-04   0.17366E-05
 16.102  12.566    0.61791E-02   0.59226E+00   0.34202E-02   0.75119E+00  -0.20434E-02  -0.78058E-04
 16.102  12.566    0.11381E+02   0.84402E+05  -0.13378E+01   0.13644E+06  -0.20220E+02   0.12162E+02
 16.102  12.566   -0.58957E-02   0.56280E+00   0.20039E-02   0.74120E+00  -0.12384E-02  -0.13049E-03
 16.102  12.566    0.29597E-03  -0.59217E-04   0.12105E-03   0.49827E-03  -0.87178E-04   0.34754E-05
 16.102  12.566   -0.19975E-03   0.38383E-03   0.10732E-04   0.12885E-03   0.57000E-04  -0.15199E-05
 16.102  12.566   -0.28495E+01  -0.25275E+01   0.11394E+02  -0.36673E+01   0.28440E+01   0.14220E-02
 16.102  12.566    0.16389E+01  -0.31620E+01   0.11402E+02  -0.38415E+01  -0.25043E+01  -0.20251E-02
 16.102  12.566    0.21292E-01  -0.76261E-02   0.66609E-01  -0.85047E-02  -0.23001E-01  -0.15750E-05
 16.102  12.566   -0.37885E-03  -0.24637E-03  -0.25776E-03  -0.92643E-04   0.20333E-04   0.42076E-06
 16.102  12.566    0.73686E-03   0.81213E-03   0.11070E-03   0.26131E-03  -0.22325E-03   0.11732E-04
 16.102  12.566    0.29589E-04   0.57226E-03   0.95416E-05   0.70953E-03  -0.36119E-05  -0.35308E-06
 16.102  12.566    0.61803E-02   0.59226E+00   0.34275E-02   0.75120E+00  -0.20455E-02  -0.78059E-04
 16.102  12.566    0.11379E+02   0.84402E+05  -0.13414E+01   0.13644E+06  -0.20218E+02   0.12162E+02
 16.102  12.566   -0.58958E-02   0.56280E+00   0.20029E-02   0.74120E+00  -0.12381E-02  -0.13049E-03
 16.102  12.566    0.29590E-03  -0.59396E-04   0.12102E-03   0.49821E-03  -0.87152E-04   0.34739E-05
 16.102  12.566   -0.17647E-01  -0.85411E-02   0.66860E-01  -0.88075E-02   0.21935E-01  -0.10864E-04
 16.102  12.566   -0.28495E+01  -0.25275E+01   0.11394E+02  -0.36673E+01   0.28440E+01   0.14220E-02
 16.102  12.566    0.16389E+01  -0.31620E+01   0.11402E+02  -0.38415E+01  -0.25043E+01  -0.20251E-02
 16.102  12.566    0.21292E-01  -0.76260E-02   0.66609E-01  -0.85047E-02  -0.23001E-01  -0.15752E-05
 16.102  12.566   -0.37887E-03  -0.24640E-03  -0.25789E-03  -0.92649E-04   0.20277E-04   0.41999E-06
 16.102  12.566   -0.12228E-03  -0.71028E-04  -0.23964E-04  -0.23038E-04   0.36570E-04   0.15282E-06
 16.102  12.566    0.29612E-04   0.57222E-03   0.95576E-05   0.70952E-03  -0.36147E-05  -0.35242E-06
 16.102  12.566    0.61803E-02   0.59226E+00   0.34274E-02   0.75120E+00  -0.20455E-02  -0.78058E-04
 16.102  12.566    0.11378E+02   0.84402E+05  -0.13416E+01   0.13644E+06  -0.20218E+02   0.12162E+02
 16.102  12.566   -0.58956E-02   0.56280E+00   0.20030E-02   0.74120E+00  -0.12382E-02  -0.13049E-03
 16.102  12.566   -0.37221E-03   0.35412E-03   0.17254E-03   0.11251E-03   0.13850E-03  -0.42769E-05
 16.102  12.566   -0.17647E-01  -0.85410E-02   0.66860E-01  -0.88075E-02   0.21935E-01  -0.10864E-04
 16.102  12.566   -0.28495E+01  -0.25275E+01   0.11394E+02  -0.36673E+01   0.28440E+01   0.14220E-02
 16.102  12.566    0.16389E+01  -0.31620E+01   0.11402E+02  -0.38415E+01  -0.25043E+01  -0.20251E-02
 16.102  12.566    0.21292E-01  -0.76260E-02   0.66609E-01  -0.85047E-02  -0.23001E-01  -0.15756E-05
 16.102  12.566    0.14568E-04   0.18541E-03   0.24822E-05   0.61763E-04  -0.40928E-05   0.16918E-06
 16.102  12.566   -0.12226E-03  -0.71046E-04  -0.23953E-04  -0.23038E-04   0.36563E-04   0.15264E-06
 16.102  12.566    0.29570E-04   0.57230E-03   0.95484E-05   0.70954E-03  -0.36014E-05  -0.35120E-06
 16.102  12.566    0.61803E-02   0.59226E+00   0.34279E-02   0.75120E+00  -0.20454E-02  -0.78058E-04
 16.102  12.566    0.11379E+02   0.84402E+05  -0.13406E+01   0.13644E+06  -0.20218E+02   0.12162E+02
 16.102  12.566   -0.10042E-03  -0.46043E-03  -0.25029E-04  -0.14971E-03   0.33393E-04  -0.71142E-05
 16.102  12.566   -0.37228E-03   0.35406E-03   0.17254E-03   0.11249E-03   0.13852E-03  -0.42782E-05
 16.102  12.566   -0.17647E-01  -0.85411E-02   0.66860E-01  -0.88075E-02   0.21935E-01  -0.10863E-04
 16.102  12.566   -0.28495E+01  -0.25275E+01   0.11394E+02  -0.36673E+01   0.28440E+01   0.14220E-02
 16.102  12.566    0.16389E+01  -0.31620E+01   0.11402E+02  -0.38415E+01  -0.25043E+01  -0.20251E-02
 16.102  12.566    0.31288E+01  -0.24593E+01  -0.11378E+02  -0.36477E+01  -0.29203E+01   0.25323E-02
 16.102  12.566   -0.14891E+01  -0.32470E+01  -0.11394E+02  -0.38651E+01   0.24603E+01  -0.10126E-02
 16.102  12.566   -0.21400E-01  -0.75671E-02  -0.66581E-01  -0.84850E-02   0.23031E-01  -0.19084E-04
 16.102  12.566    0.89239E-03  -0.39955E-03   0.24769E-03  -0.14273E-03  -0.18454E-03   0.13726E-04
 16.102  12.566   -0.73273E-03   0.91671E-03  -0.12298E-03   0.30005E-03   0.21578E-03   0.16022E-05
 16.102  12.566    0.11382E+02   0.84402E+05  -0.13484E+01   0.13644E+06  -0.20221E+02   0.12162E+02
 16.102  12.566   -0.62007E-02   0.56278E+00  -0.81471E-03   0.74119E+00  -0.72935E-03  -0.13044E-03
 16.102  12.566    0.28718E-03  -0.59376E-04   0.79679E-04   0.49821E-03  -0.76103E-04   0.34748E-05
 16.102  12.566   -0.20002E-03   0.38387E-03   0.10682E-04   0.12887E-03   0.57090E-04  -0.15198E-05
 16.102  12.566    0.29060E-04   0.10607E-03  -0.23521E-04   0.35184E-04  -0.92945E-05   0.20283E-06
 16.102  12.566    0.17091E-01  -0.87160E-02  -0.66882E-01  -0.88554E-02  -0.21761E-01  -0.25397E-04
 16.102  12.566    0.31288E+01  -0.24593E+01  -0.11378E+02  -0.36477E+01  -0.29203E+01   0.25323E-02
 16.102  12.566   -0.14891E+01  -0.32470E+01  -0.11394E+02  -0.38651E+01   0.24603E+01  -0.10126E-02
 16.102  12.566   -0.21400E-01  -0.75672E-02  -0.66581E-01  -0.84850E-02   0.23031E-01  -0.19084E-04
 16.102  12.566    0.89237E-03  -0.39956E-03   0.24780E-03  -0.14274E-03  -0.18448E-03   0.13726E-04
 16.102  12.566    0.67207E-02   0.59224E+00   0.60349E-03   0.75119E+00  -0.26202E-02  -0.78062E-04
 16.102  12.566    0.11378E+02   0.84402E+05  -0.13480E+01   0.13644E+06  -0.20216E+02   0.12162E+02
 16.102  12.566   -0.62007E-02   0.56278E+00  -0.81421E-03   0.74119E+00  -0.72950E-03  -0.13044E-03
 16.102  12.566    0.28718E-03  -0.59521E-04   0.79714E-04   0.49816E-03  -0.76099E-04   0.34741E-05
 16.102  12.566   -0.19998E-03   0.38392E-03   0.10729E-04   0.12887E-03   0.57083E-04  -0.15201E-05
 16.102  12.566   -0.31870E-03   0.16930E-03  -0.35288E-03   0.52463E-04   0.67209E-04  -0.43031E-05
 16.102  12.566    0.17091E-01  -0.87161E-02  -0.66882E-01  -0.88554E-02  -0.21761E-01  -0.25398E-04
 16.102  12.566    0.31288E+01  -0.24593E+01  -0.11378E+02  -0.36477E+01  -0.29203E+01   0.25323E-02
 16.102  12.566   -0.14891E+01  -0.32470E+01  -0.11394E+02  -0.38651E+01   0.24603E+01  -0.10126E-02
 16.102  12.566   -0.21399E-01  -0.75671E-02  -0.66582E-01  -0.84850E-02   0.23030E-01  -0.19083E-04
 16.102  12.566    0.39522E-04   0.57199E-03  -0.32737E-04   0.70949E-03  -0.15035E-04  -0.35363E-06
 16.102  12.566    0.67209E-02   0.59224E+00   0.60319E-03   0.75119E+00  -0.26203E-02  -0.78061E-04
 16.102  12.566    0.11380E+02   0.84402E+05  -0.13493E+01   0.13644E+06  -0.20218E+02   0.12162E+02
 16.102  12.566   -0.62009E-02   0.56278E+00  -0.81501E-03   0.74119E+00  -0.72921E-03  -0.13044E-03
 16.102  12.566    0.28730E-03  -0.59541E-04   0.79573E-04   0.49823E-03  -0.76157E-04   0.34738E-05
 16.102  12.566    0.19691E-03  -0.67908E-03   0.60286E-04  -0.22183E-03  -0.61160E-04  -0.76861E-05
 16.102  12.566   -0.31862E-03   0.16930E-03  -0.35287E-03   0.52461E-04   0.67185E-04  -0.43025E-05
 16.102  12.566    0.17091E-01  -0.87161E-02  -0.66882E-01  -0.88554E-02  -0.21761E-01  -0.25399E-04
 16.102  12.566    0.31288E+01  -0.24593E+01  -0.11378E+02  -0.36477E+01  -0.29203E+01   0.25323E-02
 16.102  12.566   -0.14891E+01  -0.32470E+01  -0.11394E+02  -0.38651E+01   0.24604E+01  -0.10126E-02
 16.102  12.566   -0.12210E-03  -0.71032E-04  -0.24356E-04  -0.22991E-04   0.36445E-04   0.15206E-06
 16.102  12.566    0.39530E-04   0.57210E-03  -0.32734E-04   0.70953E-03  -0.15036E-04  -0.35222E-06
 16.102  12.566    0.67208E-02   0.59224E+00   0.60319E-03   0.75119E+00  -0.26202E-02  -0.78062E-04
 16.102  12.566    0.11380E+02   0.84402E+05  -0.13490E+01   0.13644E+06  -0.20218E+02   0.12162E+02
 16.102  12.566   -0.62026E-02   0.56278E+00  -0.80610E-03   0.74119E+00  -0.72752E-03  -0.13044E-03
 16.102  12.566    0.22870E-04  -0.75995E-04  -0.17525E-04  -0.20900E-04  -0.11122E-04  -0.69013E-05
 16.102  12.566    0.19696E-03  -0.67907E-03   0.60280E-04  -0.22183E-03  -0.61167E-04  -0.76858E-05
 16.102  12.566   -0.31864E-03   0.16925E-03  -0.35287E-03   0.52444E-04   0.67194E-04  -0.43034E-05
 16.102  12.566    0.17090E-01  -0.87161E-02  -0.66879E-01  -0.88554E-02  -0.21760E-01  -0.25399E-04
 16.102  12.566    0.31284E+01  -0.24593E+01  -0.11377E+02  -0.36477E+01  -0.29197E+01   0.25324E-02
 16.102  12.566    0.14683E-04   0.18546E-03   0.24858E-05   0.61781E-04  -0.41211E-05   0.17024E-06
 16.102  12.566   -0.12203E-03  -0.71025E-04  -0.24338E-04  -0.22988E-04   0.36423E-04   0.15257E-06
 16.102  12.566    0.39474E-04   0.57208E-03  -0.32678E-04   0.70951E-03  -0.15003E-04  -0.35235E-06
 16.102  12.566    0.67166E-02   0.59224E+00   0.61897E-03   0.75119E+00  -0.26154E-02  -0.78064E-04
 16.102  12.566    0.11379E+02   0.84402E+05  -0.13475E+01   0.13644E+06  -0.20217E+02   0.12162E+02
  4.026   6.283    0.11347E+02   0.79488E+05  -0.18116E+01   0.13142E+06  -0.17666E+02   0.78190E+01
  4.026   6.283    0.44449E+00   0.12328E+01  -0.10302E+01   0.86445E+00  -0.98369E-01   0.49243E-02
  4.026   6.283   -0.73490E+00  -0.35946E+00   0.23361E+00  -0.98864E-01   0.19344E+00  -0.42363E-02
  4.026   6.283    0.26094E+00   0.93349E-01  -0.13677E+00   0.25869E-01  -0.64771E-01   0.59435E-04
  4.026   6.283    0.27746E+00  -0.10566E+00  -0.53130E+00  -0.28414E-01  -0.97998E-01  -0.64107E-02
  4.026   6.283    0.58955E+01  -0.53138E+01   0.23076E+02  -0.42204E+01  -0.33844E+01   0.10204E-01
  4.026   6.283   -0.63260E+01   0.55097E+01  -0.10424E+01   0.15192E+01   0.17493E+01   0.87112E-01
  4.026   6.283    0.72325E+00  -0.11481E+01   0.24873E+01  -0.33303E+00  -0.31045E-01  -0.16625E-01
  4.026   6.283   -0.37752E+01   0.47522E+00   0.15230E+01   0.15040E+00   0.11144E+01  -0.16070E-01
  4.026   6.283    0.11471E+01  -0.29138E+00   0.99791E+00  -0.79039E-01  -0.25175E+00  -0.25009E-03
  4.026   6.283   -0.58172E-01   0.79708E+00  -0.14870E+00   0.74511E+00   0.22435E-01   0.13939E-02
  4.026   6.283    0.11351E+02   0.79488E+05  -0.34074E+01   0.13142E+06  -0.17683E+02   0.78235E+01
  4.026   6.283   -0.32447E+00   0.90000E+00  -0.14406E+01   0.76966E+00   0.12836E+00   0.37341E-03
  4.026   6.283   -0.17371E+01  -0.83020E+00   0.51965E-01  -0.23346E+00   0.44100E+00  -0.96562E-02
  4.026   6.283    0.36167E+00   0.12438E-01  -0.59578E+00   0.36686E-02  -0.11579E+00  -0.57316E-02
  4.026   6.283   -0.43725E+01  -0.63243E+01   0.23674E+02  -0.43901E+01   0.32067E+01   0.28473E-01
  4.026   6.283    0.78806E+01  -0.51271E+01   0.22387E+02  -0.41715E+01  -0.39891E+01   0.10294E-01
  4.026   6.283   -0.77561E+01   0.54580E+01  -0.87643E+00   0.15069E+01   0.21626E+01   0.84964E-01
  4.026   6.283    0.17006E+01  -0.11358E+01   0.25506E+01  -0.33091E+00  -0.29757E+00  -0.13854E-01
  4.026   6.283   -0.42471E+01   0.47189E+00   0.14406E+01   0.15050E+00   0.12337E+01  -0.19196E-01
  4.026   6.283    0.61295E+00  -0.40578E+00   0.99819E+00  -0.11661E+00  -0.13123E+00  -0.56872E-02
  4.026   6.283    0.12058E+00   0.10552E+01  -0.57367E+00   0.81144E+00  -0.34317E-01   0.67965E-02
  4.026   6.283    0.11205E+02   0.79488E+05  -0.37614E+01   0.13142E+06  -0.17633E+02   0.78225E+01
  4.026   6.283    0.46350E+00   0.10473E+01  -0.14836E+01   0.81199E+00  -0.82441E-01   0.12197E-02
  4.026   6.283   -0.18383E+01  -0.82308E+00   0.10124E+00  -0.23088E+00   0.47385E+00  -0.93236E-02
  4.026   6.283    0.51370E+01   0.52664E+01  -0.15795E+01   0.14654E+01  -0.11590E+01   0.36200E-01
  4.026   6.283   -0.35272E+01  -0.63584E+01   0.23569E+02  -0.43989E+01   0.29544E+01   0.28398E-01
  4.026   6.283    0.71756E+01  -0.51226E+01   0.22416E+02  -0.41696E+01  -0.37900E+01   0.83419E-02
  4.026   6.283   -0.74327E+01   0.54656E+01  -0.66352E+00   0.15089E+01   0.20840E+01   0.87017E-01
  4.026   6.283    0.19161E+01  -0.10416E+01   0.22569E+01  -0.30481E+00  -0.38053E+00  -0.15555E-01
  4.026   6.283    0.10894E+01  -0.19638E+00  -0.15775E+00  -0.60302E-01  -0.29237E+00   0.61185E-02
  4.026   6.283    0.56412E+00  -0.49183E+00   0.11720E+01  -0.13931E+00  -0.11390E+00  -0.65459E-02
  4.026   6.283    0.55983E+00   0.11542E+01  -0.59227E+00   0.83778E+00  -0.14836E+00   0.97798E-02
  4.026   6.283    0.11441E+02   0.79488E+05  -0.36152E+01   0.13142E+06  -0.17686E+02   0.78211E+01
  4.026   6.283    0.45974E+00   0.12036E+01  -0.13984E+01   0.85757E+00  -0.83389E-01   0.13581E-02
  4.026   6.283   -0.35003E+01  -0.11529E+01   0.23627E+01  -0.35088E+00   0.10155E+01   0.31436E-01
  4.026   6.283    0.51479E+01   0.52196E+01  -0.15755E+01   0.14523E+01  -0.11665E+01   0.36329E-01
  4.026   6.283   -0.35743E+01  -0.63781E+01   0.23546E+02  -0.44044E+01   0.29677E+01   0.27410E-01
  4.026   6.283    0.71395E+01  -0.50822E+01   0.22481E+02  -0.41582E+01  -0.37745E+01   0.84817E-02
  4.026   6.283   -0.72460E+01   0.53788E+01  -0.73949E+00   0.14840E+01   0.20238E+01   0.86835E-01
  4.026   6.283    0.63417E+00  -0.67051E-01  -0.55260E+00  -0.20369E-01  -0.20521E+00   0.30877E-02
  4.026   6.283    0.10996E+01  -0.13972E+00  -0.30632E+00  -0.44500E-01  -0.29768E+00   0.63532E-02
  4.026   6.283    0.54729E+00  -0.45718E+00   0.13071E+01  -0.12930E+00  -0.10600E+00  -0.65019E-02
  4.026   6.283    0.24364E+00   0.13161E+01  -0.56308E+00   0.88430E+00  -0.61685E-01   0.86514E-02
  4.026   6.283    0.11144E+02   0.79489E+05  -0.32828E+01   0.13142E+06  -0.17603E+02   0.78206E+01
  4.026   6.283    0.10378E+01   0.45888E+00   0.16767E+01   0.14245E+00  -0.20811E+00   0.10220E-01
  4.026   6.283   -0.37602E+01  -0.11157E+01   0.25116E+01  -0.34022E+00   0.11027E+01   0.32508E-01
  4.026   6.283    0.54533E+01   0.51812E+01  -0.16027E+01   0.14408E+01  -0.12619E+01   0.36677E-01
  4.026   6.283   -0.40645E+01  -0.64720E+01   0.23454E+02  -0.44308E+01   0.30986E+01   0.25562E-01
  4.026   6.283    0.72541E+01  -0.50615E+01   0.22936E+02  -0.41514E+01  -0.37859E+01   0.11265E-01
  4.026   6.283    0.38126E+01  -0.61750E+01  -0.23672E+02  -0.43829E+01  -0.30476E+01   0.56844E-01
  4.026   6.283   -0.75506E+01  -0.52097E+01  -0.22746E+02  -0.42527E+01   0.39556E+01   0.42905E-01
  4.026   6.283    0.77090E+01   0.52054E+01   0.11369E+01   0.14490E+01  -0.20709E+01   0.77580E-01
  4.026   6.283   -0.15421E+01  -0.12419E+01  -0.26770E+01  -0.33678E+00   0.27319E+00  -0.46809E-01
  4.026   6.283    0.38865E+01   0.45791E+00  -0.12887E+01   0.14184E+00  -0.11382E+01  -0.17020E-01
  4.026   6.283    0.93215E+01   0.79488E+05   0.11962E+01   0.13142E+06  -0.17089E+02   0.78173E+01
  4.026   6.283   -0.12192E-01   0.11013E+01   0.13343E+01   0.83430E+00  -0.26184E-01  -0.95211E-02
  4.026   6.283    0.17034E+01  -0.75783E+00  -0.21064E+00  -0.21784E+00  -0.44520E+00   0.88475E-03
  4.026   6.283   -0.78592E+00  -0.17951E-01   0.72237E+00  -0.26086E-02   0.24342E+00  -0.44696E-02
  4.026   6.283    0.10689E+00  -0.57733E-01   0.47137E+00  -0.17085E-01  -0.99765E-02  -0.79027E-03
  4.026   6.283   -0.49209E+01   0.50727E+01   0.16810E+01   0.14724E+01   0.11993E+01  -0.45190E-02
  4.026   6.283    0.32962E+01  -0.62745E+01  -0.23482E+02  -0.44095E+01  -0.28875E+01   0.58067E-01
  4.026   6.283   -0.70181E+01  -0.51593E+01  -0.22736E+02  -0.42393E+01   0.38029E+01   0.44006E-01
  4.026   6.283    0.74581E+01   0.51672E+01   0.10309E+01   0.14388E+01  -0.20086E+01   0.76173E-01
  4.026   6.283   -0.16916E+01  -0.11944E+01  -0.24264E+01  -0.32366E+00   0.33341E+00  -0.45215E-01
  4.026   6.283   -0.16662E+00   0.99406E+00   0.33619E+00   0.79212E+00   0.40341E-01   0.56200E-02
  4.026   6.283    0.93108E+01   0.79488E+05   0.16516E+01   0.13142E+06  -0.17086E+02   0.78148E+01
  4.026   6.283   -0.55606E+00   0.12642E+01   0.13286E+01   0.88122E+00   0.11136E+00  -0.11020E-01
  4.026   6.283    0.15061E+01  -0.71375E+00  -0.25455E+00  -0.20542E+00  -0.39621E+00   0.12154E-02
  4.026   6.283   -0.41208E+00   0.15170E+00   0.69275E+00   0.44003E-01   0.13683E+00  -0.34546E-02
  4.026   6.283    0.32933E+01  -0.12641E+01  -0.23326E+01  -0.35917E+00  -0.96605E+00   0.22027E-01
  4.026   6.283   -0.47709E+01   0.51179E+01   0.17182E+01   0.14853E+01   0.11626E+01  -0.29993E-02
  4.026   6.283    0.32350E+01  -0.62908E+01  -0.23564E+02  -0.44145E+01  -0.28702E+01   0.57623E-01
  4.026   6.283   -0.68870E+01  -0.51538E+01  -0.22765E+02  -0.42376E+01   0.37642E+01   0.43333E-01
  4.026   6.283    0.72535E+01   0.51734E+01   0.10153E+01   0.14405E+01  -0.19461E+01   0.76727E-01
  4.026   6.283   -0.63711E+00  -0.48289E+00  -0.13599E+01  -0.13913E+00   0.13769E+00  -0.10899E-01
  4.026   6.283   -0.65726E+00   0.11273E+01   0.41900E+00   0.82870E+00   0.17794E+00   0.78906E-02
  4.026   6.283    0.91797E+01   0.79489E+05   0.14711E+01   0.13142E+06  -0.17065E+02   0.78111E+01
  4.026   6.283   -0.65238E+00   0.14296E+01   0.12048E+01   0.92796E+00   0.14093E+00  -0.10559E-01
  4.026   6.283    0.16089E+01  -0.79476E+00  -0.14063E+00  -0.22898E+00  -0.42328E+00   0.17603E-02
  4.026   6.283   -0.81416E+00   0.50618E+00  -0.17562E+01   0.14818E+00   0.12119E+00  -0.44278E-02
  4.026   6.283    0.36901E+01  -0.12953E+01  -0.24688E+01  -0.36821E+00  -0.10913E+01   0.21150E-01
  4.026   6.283   -0.51468E+01   0.50763E+01   0.17290E+01   0.14738E+01   0.12774E+01  -0.28347E-02
  4.026   6.283    0.34897E+01  -0.62849E+01  -0.23346E+02  -0.44137E+01  -0.29373E+01   0.57825E-01
  4.026   6.283   -0.68484E+01  -0.51570E+01  -0.23269E+02  -0.42371E+01   0.37288E+01   0.40957E-01
  4.026   6.283   -0.10549E+01  -0.12613E+00   0.25184E+00  -0.38818E-01   0.29167E+00   0.27491E-02
  4.026   6.283   -0.50985E+00  -0.42966E+00  -0.14469E+01  -0.12330E+00   0.10024E+00  -0.10802E-01
  4.026   6.283   -0.40716E+00   0.12904E+01   0.30659E+00   0.87672E+00   0.10634E+00   0.70665E-02
  4.026   6.283    0.94110E+01   0.79489E+05   0.12634E+01   0.13142E+06  -0.17119E+02   0.78119E+01
  4.026   6.283   -0.84437E+00   0.13066E+01   0.10374E+01   0.89088E+00   0.19781E+00  -0.95673E-02
  4.026   6.283    0.22380E+01  -0.18669E+00  -0.10694E+01  -0.63461E-01  -0.69054E+00   0.68396E-02
  4.026   6.283   -0.14152E+01   0.51802E+00  -0.17785E+01   0.15173E+00   0.29028E+00  -0.54641E-02
  4.026   6.283    0.38768E+01  -0.12263E+01  -0.22959E+01  -0.34841E+00  -0.11383E+01   0.21834E-01
  4.026   6.283   -0.50812E+01   0.50210E+01   0.15387E+01   0.14581E+01   0.12497E+01  -0.30170E-02
  4.026   6.283    0.35915E+01  -0.63724E+01  -0.23323E+02  -0.44381E+01  -0.29565E+01   0.56810E-01
  4.026   6.283   -0.54889E+00  -0.16192E+00   0.64661E+00  -0.48015E-01   0.17844E+00   0.63276E-02
  4.026   6.283    0.89493E-02   0.70771E-01   0.14117E+00   0.19815E-01  -0.14030E-01   0.83562E-03
  4.026   6.283   -0.26182E+00  -0.39898E-01  -0.70150E+00  -0.11894E-01   0.76253E-01  -0.36719E-02
  4.026   6.283   -0.15845E+00   0.13630E+01   0.46913E+00   0.89708E+00   0.39298E-01   0.84875E-02
  4.026   6.283    0.99966E+01   0.79490E+05   0.59290E+00   0.13142E+06  -0.17290E+02   0.78126E+01
