 16.102  12.566   -0.97799E+00  -0.45511E-01   0.77447E-01  -0.15804E-01   0.46362E+00   0.60629E-02
 16.102  12.566    0.76905E+00   0.73557E-01   0.11763E+00   0.24665E-01  -0.22009E+00   0.36844E-02
 16.102  12.566   -0.35596E+00   0.23397E-01   0.16447E-02   0.77176E-02   0.10392E+00  -0.15458E-02
 16.102  12.566    0.48084E-01  -0.64694E-01  -0.78886E-02  -0.21639E-01  -0.16240E-01  -0.37597E-04
 16.102  12.566    0.15595E+00   0.33179E-01   0.64318E-02   0.11185E-01  -0.43493E-01   0.93247E-03
 16.102  12.566    0.23783E+00   0.18373E+00   0.11515E+00   0.60622E-01  -0.62741E-01   0.14151E-02
 16.102  12.566   -0.93955E-01  -0.19499E+00  -0.81765E-01  -0.63685E-01   0.23906E-01  -0.28653E-02
 16.102  12.566   -0.11858E+00  -0.14405E-01   0.46500E-01  -0.35636E-02   0.48533E-01  -0.11911E-02
 16.102  12.566   -0.56295E-01  -0.69558E-01  -0.22619E-01  -0.22390E-01   0.16793E-01  -0.10722E-02
 16.102  12.566   -0.24127E-03   0.26469E-01   0.91581E-03   0.80654E-02   0.35851E-03   0.10565E-02
 16.102  12.566   -0.90226E+00   0.52846E-02  -0.15025E+00   0.17604E-02   0.27438E+00  -0.27145E-02
 16.102  12.566   -0.97793E+00  -0.45501E-01   0.77401E-01  -0.15803E-01   0.46361E+00   0.60630E-02
 16.102  12.566    0.76910E+00   0.73575E-01   0.11763E+00   0.24671E-01  -0.22010E+00   0.36848E-02
 16.102  12.566   -0.35604E+00   0.23393E-01   0.16324E-02   0.77164E-02   0.10394E+00  -0.15461E-02
 16.102  12.566    0.48129E-01  -0.64701E-01  -0.79072E-02  -0.21642E-01  -0.16265E-01  -0.37681E-04
 16.102  12.566   -0.69519E+00  -0.33014E+00  -0.10621E+00  -0.10834E+00   0.21174E+00  -0.36912E-02
 16.102  12.566    0.23791E+00   0.18370E+00   0.11514E+00   0.60611E-01  -0.62763E-01   0.14152E-02
 16.102  12.566   -0.93973E-01  -0.19499E+00  -0.81769E-01  -0.63683E-01   0.23912E-01  -0.28653E-02
 16.102  12.566   -0.11861E+00  -0.14394E-01   0.46494E-01  -0.35600E-02   0.48542E-01  -0.11911E-02
 16.102  12.566   -0.56278E-01  -0.69577E-01  -0.22629E-01  -0.22390E-01   0.16787E-01  -0.10722E-02
 16.102  12.566    0.15052E+00  -0.46910E-01  -0.36328E-02  -0.15681E-01  -0.42158E-01   0.93719E-03
 16.102  12.566   -0.90225E+00   0.52647E-02  -0.15023E+00   0.17581E-02   0.27438E+00  -0.27144E-02
 16.102  12.566   -0.97797E+00  -0.45506E-01   0.77394E-01  -0.15804E-01   0.46363E+00   0.60629E-02
 16.102  12.566    0.76913E+00   0.73573E-01   0.11764E+00   0.24671E-01  -0.22011E+00   0.36851E-02
 16.102  12.566   -0.35600E+00   0.23409E-01   0.16466E-02   0.77219E-02   0.10393E+00  -0.15457E-02
 16.102  12.566    0.20791E+00   0.85559E-01   0.57628E-01   0.27771E-01  -0.61548E-01   0.30377E-02
 16.102  12.566   -0.69521E+00  -0.33013E+00  -0.10619E+00  -0.10834E+00   0.21174E+00  -0.36912E-02
 16.102  12.566    0.23789E+00   0.18371E+00   0.11514E+00   0.60614E-01  -0.62757E-01   0.14150E-02
 16.102  12.566   -0.93943E-01  -0.19501E+00  -0.81766E-01  -0.63690E-01   0.23904E-01  -0.28654E-02
 16.102  12.566   -0.11861E+00  -0.14372E-01   0.46518E-01  -0.35560E-02   0.48549E-01  -0.11910E-02
 16.102  12.566    0.35889E-01  -0.19644E-01   0.32874E-01  -0.66454E-02  -0.13007E-01  -0.20966E-03
 16.102  12.566    0.15047E+00  -0.46889E-01  -0.36358E-02  -0.15672E-01  -0.42151E-01   0.93679E-03
 16.102  12.566   -0.90221E+00   0.52644E-02  -0.15022E+00   0.17581E-02   0.27437E+00  -0.27144E-02
 16.102  12.566   -0.97794E+00  -0.45514E-01   0.77401E-01  -0.15807E-01   0.46362E+00   0.60630E-02
 16.102  12.566    0.76902E+00   0.73595E-01   0.11765E+00   0.24678E-01  -0.22006E+00   0.36850E-02
 16.102  12.566   -0.12066E+00  -0.14974E+00  -0.28144E-01  -0.51204E-01   0.41904E-01   0.14620E-02
 16.102  12.566    0.20792E+00   0.85557E-01   0.57625E-01   0.27770E-01  -0.61548E-01   0.30378E-02
 16.102  12.566   -0.69518E+00  -0.33013E+00  -0.10620E+00  -0.10834E+00   0.21174E+00  -0.36909E-02
 16.102  12.566    0.23786E+00   0.18372E+00   0.11514E+00   0.60618E-01  -0.62746E-01   0.14150E-02
 16.102  12.566   -0.93909E-01  -0.19502E+00  -0.81768E-01  -0.63700E-01   0.23888E-01  -0.28653E-02
 16.102  12.566   -0.15650E+00   0.32081E-01  -0.32907E-01   0.10812E-01   0.47641E-01  -0.44003E-03
 16.102  12.566    0.35891E-01  -0.19636E-01   0.32877E-01  -0.66405E-02  -0.13007E-01  -0.20980E-03
 16.102  12.566    0.15053E+00  -0.46908E-01  -0.36279E-02  -0.15678E-01  -0.42167E-01   0.93679E-03
 16.102  12.566   -0.90229E+00   0.52835E-02  -0.15024E+00   0.17645E-02   0.27440E+00  -0.27148E-02
 16.102  12.566   -0.97777E+00  -0.45512E-01   0.77298E-01  -0.15807E-01   0.46350E+00   0.60631E-02
 16.102  12.566    0.74562E-01   0.27085E-01   0.24110E-01   0.91780E-02  -0.23087E-01   0.24758E-03
 16.102  12.566   -0.12069E+00  -0.14976E+00  -0.28145E-01  -0.51209E-01   0.41910E-01   0.14618E-02
 16.102  12.566    0.20793E+00   0.85566E-01   0.57641E-01   0.27773E-01  -0.61551E-01   0.30379E-02
 16.102  12.566   -0.69519E+00  -0.33013E+00  -0.10621E+00  -0.10834E+00   0.21174E+00  -0.36909E-02
 16.102  12.566    0.23781E+00   0.18369E+00   0.11510E+00   0.60644E-01  -0.62732E-01   0.14145E-02
 16.102  12.566   -0.62749E+00   0.27623E+00  -0.11986E+00   0.90748E-01   0.19127E+00  -0.62211E-03
 16.102  12.566    0.23285E+00  -0.26182E+00   0.11918E+00  -0.86769E-01  -0.62363E-01   0.22211E-02
 16.102  12.566   -0.14584E+00   0.13447E+00  -0.10718E+00   0.43398E-01   0.40718E-01   0.20253E-02
 16.102  12.566   -0.15563E+00  -0.40528E-01   0.41803E-01  -0.14691E-01   0.60562E-01   0.26661E-02
 16.102  12.566   -0.45533E-01   0.32909E-01  -0.24066E-01   0.10505E-01   0.13606E-01   0.41161E-03
 16.102  12.566   -0.97795E+00  -0.45541E-01   0.77422E-01  -0.15847E-01   0.46362E+00   0.60633E-02
 16.102  12.566    0.76907E+00   0.73653E-01   0.11761E+00   0.24704E-01  -0.22010E+00   0.36849E-02
 16.102  12.566   -0.35599E+00   0.23349E-01   0.16199E-02   0.77087E-02   0.10393E+00  -0.15460E-02
 16.102  12.566    0.48084E-01  -0.64672E-01  -0.78951E-02  -0.21640E-01  -0.16239E-01  -0.37593E-04
 16.102  12.566    0.15596E+00   0.33166E-01   0.64314E-02   0.11184E-01  -0.43493E-01   0.93237E-03
 16.102  12.566    0.11349E+00  -0.13536E+00   0.43414E-01  -0.44143E-01  -0.32664E-01  -0.11431E-02
 16.102  12.566   -0.62745E+00   0.27625E+00  -0.11989E+00   0.90745E-01   0.19126E+00  -0.62200E-03
 16.102  12.566    0.23286E+00  -0.26180E+00   0.11919E+00  -0.86764E-01  -0.62368E-01   0.22212E-02
 16.102  12.566   -0.14584E+00   0.13448E+00  -0.10718E+00   0.43400E-01   0.40717E-01   0.20253E-02
 16.102  12.566   -0.15566E+00  -0.40536E-01   0.41811E-01  -0.14694E-01   0.60576E-01   0.26659E-02
 16.102  12.566   -0.90227E+00   0.52987E-02  -0.15025E+00   0.18046E-02   0.27439E+00  -0.27152E-02
 16.102  12.566   -0.97792E+00  -0.45544E-01   0.77390E-01  -0.15848E-01   0.46361E+00   0.60633E-02
 16.102  12.566    0.76912E+00   0.73656E-01   0.11762E+00   0.24705E-01  -0.22011E+00   0.36851E-02
 16.102  12.566   -0.35604E+00   0.23334E-01   0.16171E-02   0.77038E-02   0.10394E+00  -0.15464E-02
 16.102  12.566    0.48127E-01  -0.64674E-01  -0.79043E-02  -0.21644E-01  -0.16263E-01  -0.37512E-04
 16.102  12.566   -0.98505E-01   0.18730E+00  -0.36668E-01   0.63486E-01   0.34728E-01  -0.18467E-02
 16.102  12.566    0.11347E+00  -0.13539E+00   0.43402E-01  -0.44153E-01  -0.32655E-01  -0.11432E-02
 16.102  12.566   -0.62744E+00   0.27624E+00  -0.11989E+00   0.90742E-01   0.19126E+00  -0.62190E-03
 16.102  12.566    0.23282E+00  -0.26181E+00   0.11919E+00  -0.86765E-01  -0.62356E-01   0.22212E-02
 16.102  12.566   -0.14576E+00   0.13450E+00  -0.10718E+00   0.43406E-01   0.40691E-01   0.20257E-02
 16.102  12.566    0.15053E+00  -0.46933E-01  -0.36524E-02  -0.15709E-01  -0.42165E-01   0.93684E-03
 16.102  12.566   -0.90221E+00   0.53074E-02  -0.15024E+00   0.18073E-02   0.27437E+00  -0.27148E-02
 16.102  12.566   -0.97795E+00  -0.45540E-01   0.77386E-01  -0.15847E-01   0.46362E+00   0.60631E-02
 16.102  12.566    0.76913E+00   0.73632E-01   0.11762E+00   0.24697E-01  -0.22011E+00   0.36848E-02
 16.102  12.566   -0.35595E+00   0.23349E-01   0.16257E-02   0.77121E-02   0.10392E+00  -0.15461E-02
 16.102  12.566    0.10511E+00  -0.56988E-01   0.26966E-01  -0.18721E-01  -0.32565E-01  -0.51935E-03
 16.102  12.566   -0.98540E-01   0.18732E+00  -0.36656E-01   0.63498E-01   0.34733E-01  -0.18469E-02
 16.102  12.566    0.11349E+00  -0.13540E+00   0.43410E-01  -0.44156E-01  -0.32662E-01  -0.11433E-02
 16.102  12.566   -0.62742E+00   0.27626E+00  -0.11990E+00   0.90746E-01   0.19125E+00  -0.62199E-03
 16.102  12.566    0.23272E+00  -0.26180E+00   0.11923E+00  -0.86764E-01  -0.62307E-01   0.22209E-02
 16.102  12.566    0.35893E-01  -0.19590E-01   0.32879E-01  -0.66217E-02  -0.13011E-01  -0.20937E-03
 16.102  12.566    0.15050E+00  -0.46916E-01  -0.36469E-02  -0.15703E-01  -0.42161E-01   0.93698E-03
 16.102  12.566   -0.90222E+00   0.52942E-02  -0.15024E+00   0.18028E-02   0.27437E+00  -0.27147E-02
 16.102  12.566   -0.97792E+00  -0.45545E-01   0.77387E-01  -0.15849E-01   0.46361E+00   0.60633E-02
 16.102  12.566    0.76898E+00   0.73617E-01   0.11767E+00   0.24677E-01  -0.22005E+00   0.36844E-02
 16.102  12.566   -0.17833E-01   0.69368E-02  -0.23051E-02   0.21944E-02   0.59520E-02   0.23822E-03
 16.102  12.566    0.10511E+00  -0.56991E-01   0.26958E-01  -0.18725E-01  -0.32562E-01  -0.51936E-03
 16.102  12.566   -0.98517E-01   0.18733E+00  -0.36656E-01   0.63501E-01   0.34727E-01  -0.18466E-02
 16.102  12.566    0.11348E+00  -0.13541E+00   0.43416E-01  -0.44157E-01  -0.32657E-01  -0.11432E-02
 16.102  12.566   -0.62736E+00   0.27625E+00  -0.11998E+00   0.90743E-01   0.19120E+00  -0.62216E-03
 16.102  12.566   -0.15649E+00   0.32018E-01  -0.32907E-01   0.10783E-01   0.47640E-01  -0.44057E-03
 16.102  12.566    0.35890E-01  -0.19594E-01   0.32874E-01  -0.66225E-02  -0.13007E-01  -0.20951E-03
 16.102  12.566    0.15056E+00  -0.46920E-01  -0.36335E-02  -0.15705E-01  -0.42178E-01   0.93731E-03
 16.102  12.566   -0.90230E+00   0.53026E-02  -0.15026E+00   0.18056E-02   0.27440E+00  -0.27150E-02
 16.102  12.566   -0.97772E+00  -0.45546E-01   0.77239E-01  -0.15830E-01   0.46349E+00   0.60633E-02
  4.026   6.283    0.62975E+04   0.16783E+02  -0.41431E+02   0.31708E+01  -0.17438E+04   0.68295E+01
  4.026   6.283   -0.96945E+03   0.35956E+02   0.80475E+02   0.11579E+02   0.27731E+03  -0.14273E+01
  4.026   6.283    0.55715E+03  -0.14754E+02   0.87522E+02  -0.49965E+01  -0.15076E+03   0.17012E+01
  4.026   6.283   -0.21670E+03   0.85584E+00  -0.16542E+03   0.66982E+00   0.50449E+02  -0.15841E+01
  4.026   6.283   -0.23980E+02   0.38490E+01   0.17130E+03   0.80106E+00   0.18406E+02   0.14023E+01
  4.026   6.283   -0.22458E+03   0.28139E+03   0.44239E+02   0.79199E+02   0.63346E+02   0.13166E+01
  4.026   6.283    0.71840E+02  -0.81867E+02  -0.21861E+03  -0.24708E+02  -0.15745E+02   0.14133E+01
  4.026   6.283   -0.33853E+03   0.11790E+03   0.12982E+03   0.34123E+02   0.92240E+02  -0.16863E+01
  4.026   6.283   -0.28361E+03   0.59409E+02  -0.97234E+02   0.17438E+02   0.70559E+02  -0.26403E+00
  4.026   6.283   -0.38527E+03   0.35278E+02   0.10411E+03   0.11395E+02   0.11130E+03  -0.13274E+01
  4.026   6.283   -0.69319E+03  -0.29531E+01  -0.97084E+02  -0.47147E+00   0.20020E+03  -0.71608E+00
  4.026   6.283    0.61907E+04  -0.16275E+02  -0.59684E+02  -0.60135E+01  -0.17150E+04   0.63881E+01
  4.026   6.283   -0.95418E+03   0.29946E+02   0.10277E+03   0.98727E+01   0.27402E+03  -0.13435E+01
  4.026   6.283    0.54737E+03  -0.16465E+02   0.80372E+02  -0.55128E+01  -0.14886E+03   0.17073E+01
  4.026   6.283   -0.25113E+03   0.37323E+01  -0.15422E+03   0.14208E+01   0.60676E+02  -0.14361E+01
  4.026   6.283   -0.15632E+03  -0.33271E+03  -0.74294E+02  -0.93668E+02   0.42011E+02  -0.14876E+01
  4.026   6.283   -0.22746E+03   0.29692E+03   0.39879E+02   0.83540E+02   0.62787E+02   0.12680E+01
  4.026   6.283    0.55078E+02  -0.73345E+02  -0.21916E+03  -0.22192E+02  -0.11208E+02   0.12766E+01
  4.026   6.283   -0.30987E+03   0.11372E+03   0.14226E+03   0.32803E+02   0.84660E+02  -0.14541E+01
  4.026   6.283   -0.23390E+03   0.82891E+02  -0.13001E+03   0.23900E+02   0.54389E+02  -0.18400E+00
  4.026   6.283    0.49741E+03   0.17134E+02  -0.96629E+02   0.47837E+01  -0.15159E+03  -0.29147E+00
  4.026   6.283   -0.68937E+03  -0.19772E+02  -0.79347E+02  -0.51825E+01   0.20007E+03  -0.64166E+00
  4.026   6.283    0.61665E+04  -0.26621E+02  -0.64095E+02  -0.88631E+01  -0.17091E+04   0.61211E+01
  4.026   6.283   -0.94966E+03   0.27556E+02   0.88344E+02   0.92712E+01   0.27229E+03  -0.14287E+01
  4.026   6.283    0.56982E+03  -0.21558E+02   0.78435E+02  -0.69676E+01  -0.15527E+03   0.17037E+01
  4.026   6.283    0.35648E+02   0.38899E+02   0.23248E+03   0.10658E+02  -0.98748E+01   0.20958E+01
  4.026   6.283   -0.17531E+03  -0.34125E+03  -0.94171E+02  -0.96098E+02   0.45945E+02  -0.17893E+01
  4.026   6.283   -0.23742E+03   0.28977E+03   0.55822E+02   0.81490E+02   0.67125E+02   0.14135E+01
  4.026   6.283    0.66004E+02  -0.63923E+02  -0.23431E+03  -0.19513E+02  -0.14977E+02   0.11947E+01
  4.026   6.283   -0.37283E+03   0.92298E+02   0.12959E+03   0.26873E+02   0.10266E+03  -0.17519E+01
  4.026   6.283   -0.26509E+03  -0.38687E+01   0.14515E+03  -0.12214E+01   0.86023E+02   0.96760E+00
  4.026   6.283    0.51276E+03   0.30436E+02  -0.11386E+03   0.84575E+01  -0.15704E+03  -0.28997E+00
  4.026   6.283   -0.68932E+03  -0.21379E+02  -0.96314E+02  -0.56857E+01   0.20028E+03  -0.63531E+00
  4.026   6.283    0.61962E+04  -0.36192E+02  -0.77291E+02  -0.11540E+02  -0.17176E+04   0.60387E+01
  4.026   6.283   -0.94117E+03   0.26161E+02   0.89353E+02   0.89464E+01   0.26970E+03  -0.15898E+01
  4.026   6.283   -0.15424E+03  -0.93255E+02  -0.12405E+03  -0.27161E+02   0.35436E+02  -0.10404E+01
  4.026   6.283    0.41381E+02   0.45742E+02   0.23832E+03   0.12719E+02  -0.10990E+02   0.22589E+01
  4.026   6.283   -0.17472E+03  -0.33298E+03  -0.91056E+02  -0.93778E+02   0.45856E+02  -0.17277E+01
  4.026   6.283   -0.22978E+03   0.27583E+03   0.64481E+02   0.77621E+02   0.64488E+02   0.13333E+01
  4.026   6.283    0.79041E+02  -0.50178E+02  -0.21737E+03  -0.15703E+02  -0.18386E+02   0.14101E+01
  4.026   6.283    0.70989E+02  -0.92197E+01  -0.14912E+03  -0.22980E+01  -0.27595E+02  -0.97183E+00
  4.026   6.283   -0.29884E+03  -0.16078E+02   0.15226E+03  -0.46210E+01   0.96210E+02   0.95490E+00
  4.026   6.283    0.53413E+03   0.28992E+02  -0.11450E+03   0.79739E+01  -0.16279E+03  -0.20017E+00
  4.026   6.283   -0.68452E+03  -0.20466E+02  -0.97911E+02  -0.54052E+01   0.19922E+03  -0.76224E+00
  4.026   6.283    0.62205E+04  -0.45620E+02  -0.60158E+02  -0.14141E+02  -0.17244E+04   0.58202E+01
  4.026   6.283   -0.35964E+03  -0.65838E+02   0.12495E+03  -0.19722E+02   0.10668E+03   0.17458E+01
  4.026   6.283   -0.13357E+03  -0.98585E+02  -0.13644E+03  -0.28803E+02   0.28417E+02  -0.11801E+01
  4.026   6.283    0.16676E+02   0.39884E+02   0.22858E+03   0.11135E+02  -0.45972E+01   0.20243E+01
  4.026   6.283   -0.16386E+03  -0.31688E+03  -0.85798E+02  -0.89332E+02   0.44173E+02  -0.14381E+01
  4.026   6.283   -0.21645E+03   0.28412E+03   0.18931E+02   0.79811E+02   0.59036E+02   0.11429E+01
  4.026   6.283   -0.14826E+03   0.33323E+03  -0.56017E+02   0.93815E+02   0.40725E+02   0.18350E+01
  4.026   6.283   -0.21901E+03  -0.28112E+03   0.24769E+02  -0.78674E+02   0.60725E+02  -0.18477E+01
  4.026   6.283    0.66859E+02   0.84623E+02  -0.21836E+03   0.23180E+02  -0.10832E+02   0.14664E+00
  4.026   6.283   -0.33733E+03  -0.10993E+03   0.14346E+03  -0.32396E+02   0.93148E+02   0.12316E+01
  4.026   6.283   -0.25210E+03  -0.63663E+02  -0.11913E+03  -0.18792E+02   0.62104E+02  -0.16149E+01
  4.026   6.283    0.62738E+04   0.12764E+01  -0.45067E+02  -0.14526E+01  -0.17376E+04   0.65976E+01
  4.026   6.283   -0.99249E+03  -0.29979E+02   0.85330E+02  -0.73177E+01   0.28358E+03  -0.13537E+01
  4.026   6.283    0.56141E+03   0.25535E+02   0.92113E+02   0.64062E+01  -0.15176E+03   0.17923E+01
  4.026   6.283   -0.23717E+03  -0.91693E+01  -0.17081E+03  -0.19066E+01   0.55823E+02  -0.20360E+01
  4.026   6.283   -0.34843E+02  -0.14754E+02   0.18076E+03  -0.45447E+01   0.21828E+02   0.13433E+01
  4.026   6.283    0.46197E+02  -0.33600E+02   0.22577E+03  -0.86068E+01  -0.12621E+02  -0.23482E+01
  4.026   6.283   -0.13548E+03   0.34391E+03  -0.92042E+02   0.96853E+02   0.36050E+02   0.16585E+01
  4.026   6.283   -0.23658E+03  -0.29624E+03   0.29856E+02  -0.82965E+02   0.66075E+02  -0.18644E+01
  4.026   6.283    0.86864E+02   0.79536E+02  -0.22544E+03   0.21677E+02  -0.17407E+02   0.16484E+00
  4.026   6.283   -0.33121E+03  -0.10413E+03   0.12987E+03  -0.30630E+02   0.91047E+02   0.10387E+01
  4.026   6.283   -0.71116E+03   0.25331E+02  -0.10184E+03   0.73786E+01   0.20499E+03  -0.66529E+00
  4.026   6.283    0.61670E+04   0.17065E+02  -0.54083E+02   0.31471E+01  -0.17083E+04   0.65330E+01
  4.026   6.283   -0.94512E+03  -0.26332E+02   0.80322E+02  -0.63436E+01   0.27055E+03  -0.11409E+01
  4.026   6.283    0.56615E+03   0.22215E+02   0.76934E+02   0.55039E+01  -0.15417E+03   0.17047E+01
  4.026   6.283   -0.25172E+03  -0.65651E+01  -0.14493E+03  -0.12110E+01   0.60938E+02  -0.18779E+01
  4.026   6.283   -0.14840E+03   0.79055E+02  -0.13798E+03   0.22763E+02   0.31108E+02  -0.83478E-01
  4.026   6.283    0.16166E+02  -0.52616E+02   0.23216E+03  -0.13992E+02  -0.41736E+01  -0.24189E+01
  4.026   6.283   -0.13870E+03   0.35065E+03  -0.87071E+02   0.98799E+02   0.36794E+02   0.17229E+01
  4.026   6.283   -0.24607E+03  -0.28982E+03   0.35619E+02  -0.81179E+02   0.68881E+02  -0.18628E+01
  4.026   6.283    0.64594E+02   0.69275E+02  -0.23433E+03   0.18741E+02  -0.11121E+02   0.18054E+00
  4.026   6.283    0.51891E+03  -0.35304E+02  -0.98846E+02  -0.99161E+01  -0.15760E+03  -0.69044E+00
  4.026   6.283   -0.68075E+03   0.25557E+02  -0.10441E+03   0.72803E+01   0.19736E+03  -0.44397E+00
  4.026   6.283    0.61843E+04   0.24816E+02  -0.75757E+02   0.54937E+01  -0.17141E+04   0.64424E+01
  4.026   6.283   -0.93052E+03  -0.23020E+02   0.88751E+02  -0.54828E+01   0.26696E+03  -0.95451E+00
  4.026   6.283    0.56847E+03   0.10660E+02   0.68491E+02   0.22982E+01  -0.15510E+03   0.16435E+01
  4.026   6.283   -0.38994E+03   0.85118E+02   0.14158E+03   0.25642E+02   0.11449E+03  -0.15356E+01
  4.026   6.283   -0.11940E+03   0.10170E+03  -0.12237E+03   0.29175E+02   0.23535E+02   0.29082E-01
  4.026   6.283    0.24093E+02  -0.57655E+02   0.22517E+03  -0.15426E+02  -0.63153E+01  -0.25183E+01
  4.026   6.283   -0.14299E+03   0.34556E+03  -0.77189E+02   0.97333E+02   0.39011E+02   0.17983E+01
  4.026   6.283   -0.19959E+03  -0.28384E+03   0.33265E+02  -0.79355E+02   0.54581E+02  -0.19178E+01
  4.026   6.283   -0.27965E+03   0.15581E+02   0.14467E+03   0.42285E+01   0.90290E+02   0.97702E+00
  4.026   6.283    0.52754E+03  -0.36857E+02  -0.11546E+03  -0.10292E+02  -0.16060E+03  -0.81852E+00
  4.026   6.283   -0.67244E+03   0.25235E+02  -0.96789E+02   0.71675E+01   0.19582E+03  -0.22940E+00
  4.026   6.283    0.62073E+04   0.32154E+02  -0.66310E+02   0.75025E+01  -0.17208E+04   0.66507E+01
  4.026   6.283   -0.94717E+03  -0.38220E+00   0.82686E+02   0.91960E+00   0.27132E+03  -0.96382E+00
  4.026   6.283   -0.25247E+03   0.49221E+02  -0.10553E+03   0.14333E+02   0.65915E+02  -0.77604E+00
  4.026   6.283   -0.35181E+03   0.68309E+02   0.10082E+03   0.20738E+02   0.10183E+03  -0.16424E+01
  4.026   6.283   -0.16575E+03   0.10514E+03  -0.12043E+03   0.30209E+02   0.36127E+02   0.49455E-01
  4.026   6.283    0.40163E+02  -0.52624E+02   0.21648E+03  -0.14026E+02  -0.11634E+02  -0.24570E+01
  4.026   6.283   -0.16124E+03   0.33670E+03  -0.82500E+02   0.94763E+02   0.44411E+02   0.16468E+01
  4.026   6.283    0.67061E+02   0.21412E+02  -0.14415E+03   0.65694E+01  -0.26616E+02  -0.10772E+01
  4.026   6.283   -0.29763E+03   0.12169E+02   0.16335E+03   0.32923E+01   0.96380E+02   0.10708E+01
  4.026   6.283    0.51819E+03  -0.40115E+02  -0.10866E+03  -0.11354E+02  -0.15825E+03  -0.69982E+00
  4.026   6.283   -0.69768E+03   0.25521E+02  -0.10315E+03   0.73199E+01   0.20253E+03  -0.33386E+00
  4.026   6.283    0.62079E+04   0.38720E+02  -0.44964E+02   0.95243E+01  -0.17203E+04   0.66488E+01
