 16.102  12.566   -0.18980E-01  -0.43782E+00  -0.60824E-02  -0.15583E+00   0.64457E-02   0.14242E-02
 16.102  12.566   -0.21787E-01  -0.24629E-01  -0.91540E-02  -0.79535E-02   0.60844E-02  -0.65970E-03
 16.102  12.566    0.42137E-02  -0.26179E-01  -0.22177E-02  -0.87189E-02  -0.11298E-02   0.35660E-04
 16.102  12.566    0.78320E-02  -0.17459E-01   0.25193E-02  -0.58106E-02  -0.22077E-02   0.56887E-04
 16.102  12.566   -0.95493E-02   0.16180E-01  -0.47683E-03   0.53961E-02   0.27296E-02  -0.63351E-04
 16.102  12.566   -0.52287E-01   0.95592E-01  -0.67284E-02   0.31161E-01   0.16730E-01   0.18340E-03
 16.102  12.566    0.12444E-01   0.46426E-01   0.12345E-01   0.15017E-01  -0.29114E-02   0.78641E-03
 16.102  12.566    0.82031E-01  -0.24972E-02   0.14224E-01  -0.10366E-02  -0.25615E-01   0.48798E-03
 16.102  12.566    0.39559E-01  -0.10406E-01   0.13855E-01  -0.31640E-02  -0.11852E-01  -0.50918E-03
 16.102  12.566   -0.98163E-02  -0.10619E-01  -0.39089E-03  -0.36689E-02   0.29825E-02   0.15845E-03
 16.102  12.566    0.26915E-01  -0.37718E-01  -0.78734E-03  -0.12622E-01  -0.85943E-02  -0.37382E-04
 16.102  12.566   -0.18977E-01  -0.43782E+00  -0.60882E-02  -0.15583E+00   0.64465E-02   0.14242E-02
 16.102  12.566   -0.21789E-01  -0.24630E-01  -0.91543E-02  -0.79537E-02   0.60853E-02  -0.65973E-03
 16.102  12.566    0.42165E-02  -0.26180E-01  -0.22176E-02  -0.87191E-02  -0.11307E-02   0.35665E-04
 16.102  12.566    0.78295E-02  -0.17461E-01   0.25200E-02  -0.58110E-02  -0.22063E-02   0.56869E-04
 16.102  12.566    0.91327E-01   0.23511E-01  -0.59832E-02   0.74936E-02  -0.29335E-01   0.76235E-04
 16.102  12.566   -0.52291E-01   0.95593E-01  -0.67363E-02   0.31161E-01   0.16735E-01   0.18340E-03
 16.102  12.566    0.12443E-01   0.46426E-01   0.12345E-01   0.15017E-01  -0.29110E-02   0.78640E-03
 16.102  12.566    0.82031E-01  -0.24972E-02   0.14224E-01  -0.10366E-02  -0.25615E-01   0.48799E-03
 16.102  12.566    0.39557E-01  -0.10405E-01   0.13855E-01  -0.31637E-02  -0.11851E-01  -0.50920E-03
 16.102  12.566    0.11066E-01  -0.58903E-03   0.17549E-02  -0.17189E-03  -0.33581E-02  -0.31163E-04
 16.102  12.566    0.26907E-01  -0.37724E-01  -0.77695E-03  -0.12621E-01  -0.85939E-02  -0.37422E-04
 16.102  12.566   -0.18980E-01  -0.43782E+00  -0.60888E-02  -0.15583E+00   0.64472E-02   0.14241E-02
 16.102  12.566   -0.21781E-01  -0.24630E-01  -0.91517E-02  -0.79539E-02   0.60831E-02  -0.65967E-03
 16.102  12.566    0.42170E-02  -0.26175E-01  -0.22211E-02  -0.87175E-02  -0.11318E-02   0.35749E-04
 16.102  12.566    0.15658E+00  -0.16861E-01   0.30225E-01  -0.56821E-02  -0.46879E-01   0.97249E-03
 16.102  12.566    0.91319E-01   0.23515E-01  -0.59746E-02   0.74948E-02  -0.29334E-01   0.76236E-04
 16.102  12.566   -0.52296E-01   0.95592E-01  -0.67367E-02   0.31161E-01   0.16736E-01   0.18338E-03
 16.102  12.566    0.12449E-01   0.46425E-01   0.12344E-01   0.15016E-01  -0.29128E-02   0.78643E-03
 16.102  12.566    0.82033E-01  -0.24997E-02   0.14216E-01  -0.10370E-02  -0.25620E-01   0.48795E-03
 16.102  12.566    0.17557E-03  -0.91464E-02  -0.10712E-03  -0.30417E-02  -0.56470E-04  -0.18383E-04
 16.102  12.566    0.11072E-01  -0.58650E-03   0.17523E-02  -0.17186E-03  -0.33592E-02  -0.31140E-04
 16.102  12.566    0.26910E-01  -0.37723E-01  -0.77643E-03  -0.12621E-01  -0.85951E-02  -0.37409E-04
 16.102  12.566   -0.18982E-01  -0.43782E+00  -0.60892E-02  -0.15583E+00   0.64479E-02   0.14241E-02
 16.102  12.566   -0.21781E-01  -0.24635E-01  -0.91520E-02  -0.79556E-02   0.60831E-02  -0.65971E-03
 16.102  12.566   -0.29573E-01  -0.19048E-01  -0.11242E-01  -0.63589E-02   0.79421E-02  -0.21886E-03
 16.102  12.566    0.15658E+00  -0.16862E-01   0.30219E-01  -0.56823E-02  -0.46877E-01   0.97246E-03
 16.102  12.566    0.91328E-01   0.23516E-01  -0.59731E-02   0.74950E-02  -0.29337E-01   0.76270E-04
 16.102  12.566   -0.52301E-01   0.95592E-01  -0.67373E-02   0.31161E-01   0.16738E-01   0.18335E-03
 16.102  12.566    0.12458E-01   0.46427E-01   0.12333E-01   0.15016E-01  -0.29214E-02   0.78642E-03
 16.102  12.566   -0.57255E-02   0.15509E-02  -0.11086E-02   0.51185E-03   0.17115E-02   0.17204E-05
 16.102  12.566    0.17740E-03  -0.91475E-02  -0.10631E-03  -0.30419E-02  -0.56959E-04  -0.18344E-04
 16.102  12.566    0.11067E-01  -0.58242E-03   0.17515E-02  -0.17052E-03  -0.33579E-02  -0.31099E-04
 16.102  12.566    0.26916E-01  -0.37728E-01  -0.77501E-03  -0.12623E-01  -0.85969E-02  -0.37359E-04
 16.102  12.566   -0.18986E-01  -0.43783E+00  -0.60826E-02  -0.15583E+00   0.64522E-02   0.14241E-02
 16.102  12.566    0.25829E-02   0.20096E-01   0.42555E-02   0.66463E-02  -0.11749E-02  -0.51203E-05
 16.102  12.566   -0.29570E-01  -0.19048E-01  -0.11240E-01  -0.63590E-02   0.79408E-02  -0.21887E-03
 16.102  12.566    0.15658E+00  -0.16861E-01   0.30218E-01  -0.56820E-02  -0.46877E-01   0.97244E-03
 16.102  12.566    0.91325E-01   0.23518E-01  -0.59720E-02   0.74958E-02  -0.29336E-01   0.76278E-04
 16.102  12.566   -0.52292E-01   0.95593E-01  -0.67352E-02   0.31159E-01   0.16734E-01   0.18341E-03
 16.102  12.566   -0.71824E-01  -0.34577E-01   0.71050E-02  -0.11746E-01   0.23605E-01  -0.65523E-04
 16.102  12.566    0.17029E-01   0.10468E+00   0.84480E-03   0.33972E-01  -0.49434E-02   0.31717E-03
 16.102  12.566   -0.39797E-01   0.44267E-01  -0.18779E-01   0.14241E-01   0.11486E-01   0.62119E-03
 16.102  12.566   -0.87601E-01  -0.82273E-02  -0.11801E-01  -0.29634E-02   0.27737E-01   0.63864E-04
 16.102  12.566   -0.21812E-01  -0.21151E-01  -0.48331E-02  -0.66152E-02   0.64873E-02  -0.78968E-03
 16.102  12.566   -0.18986E-01  -0.43782E+00  -0.60637E-02  -0.15582E+00   0.64506E-02   0.14242E-02
 16.102  12.566   -0.21787E-01  -0.24629E-01  -0.91567E-02  -0.79523E-02   0.60799E-02  -0.65973E-03
 16.102  12.566    0.42044E-02  -0.26183E-01  -0.22479E-02  -0.87194E-02  -0.11290E-02   0.35555E-04
 16.102  12.566    0.78674E-02  -0.17461E-01   0.25068E-02  -0.58129E-02  -0.22191E-02   0.56962E-04
 16.102  12.566   -0.95433E-02   0.16180E-01  -0.48937E-03   0.53953E-02   0.27286E-02  -0.63400E-04
 16.102  12.566   -0.11914E+00  -0.16757E-02  -0.21028E-01  -0.55785E-03   0.35445E-01  -0.19149E-03
 16.102  12.566   -0.71821E-01  -0.34578E-01   0.71001E-02  -0.11746E-01   0.23605E-01  -0.65529E-04
 16.102  12.566    0.17036E-01   0.10468E+00   0.84540E-03   0.33973E-01  -0.49455E-02   0.31722E-03
 16.102  12.566   -0.39804E-01   0.44265E-01  -0.18779E-01   0.14240E-01   0.11488E-01   0.62116E-03
 16.102  12.566   -0.87600E-01  -0.82298E-02  -0.11798E-01  -0.29641E-02   0.27738E-01   0.63888E-04
 16.102  12.566    0.26927E-01  -0.37726E-01  -0.79176E-03  -0.12623E-01  -0.85969E-02  -0.37426E-04
 16.102  12.566   -0.18980E-01  -0.43782E+00  -0.60647E-02  -0.15582E+00   0.64496E-02   0.14242E-02
 16.102  12.566   -0.21795E-01  -0.24628E-01  -0.91596E-02  -0.79520E-02   0.60820E-02  -0.65978E-03
 16.102  12.566    0.42063E-02  -0.26178E-01  -0.22471E-02  -0.87179E-02  -0.11295E-02   0.35673E-04
 16.102  12.566    0.78567E-02  -0.17463E-01   0.25104E-02  -0.58149E-02  -0.22146E-02   0.56930E-04
 16.102  12.566    0.38846E-01  -0.46069E-02   0.13642E-01  -0.14368E-02  -0.10303E-01   0.13845E-03
 16.102  12.566   -0.11914E+00  -0.16757E-02  -0.21021E-01  -0.55772E-03   0.35443E-01  -0.19148E-03
 16.102  12.566   -0.71827E-01  -0.34578E-01   0.70987E-02  -0.11746E-01   0.23607E-01  -0.65547E-04
 16.102  12.566    0.17041E-01   0.10468E+00   0.84644E-03   0.33974E-01  -0.49469E-02   0.31724E-03
 16.102  12.566   -0.39811E-01   0.44265E-01  -0.18767E-01   0.14240E-01   0.11496E-01   0.62117E-03
 16.102  12.566    0.11078E-01  -0.58834E-03   0.17277E-02  -0.17503E-03  -0.33686E-02  -0.31149E-04
 16.102  12.566    0.26923E-01  -0.37724E-01  -0.79149E-03  -0.12622E-01  -0.85957E-02  -0.37419E-04
 16.102  12.566   -0.18978E-01  -0.43782E+00  -0.60642E-02  -0.15582E+00   0.64489E-02   0.14242E-02
 16.102  12.566   -0.21794E-01  -0.24634E-01  -0.91580E-02  -0.79538E-02   0.60819E-02  -0.65981E-03
 16.102  12.566    0.42129E-02  -0.26171E-01  -0.22399E-02  -0.87192E-02  -0.11310E-02   0.35717E-04
 16.102  12.566   -0.14252E-01   0.23971E-01  -0.42356E-02   0.78484E-02   0.47410E-02   0.17731E-03
 16.102  12.566    0.38842E-01  -0.46044E-02   0.13640E-01  -0.14358E-02  -0.10301E-01   0.13844E-03
 16.102  12.566   -0.11914E+00  -0.16769E-02  -0.21021E-01  -0.55809E-03   0.35443E-01  -0.19150E-03
 16.102  12.566   -0.71820E-01  -0.34579E-01   0.70991E-02  -0.11746E-01   0.23605E-01  -0.65514E-04
 16.102  12.566    0.17017E-01   0.10468E+00   0.85300E-03   0.33975E-01  -0.49359E-02   0.31719E-03
 16.102  12.566    0.16540E-03  -0.91452E-02  -0.98565E-04  -0.30420E-02  -0.51600E-04  -0.18386E-04
 16.102  12.566    0.11079E-01  -0.58492E-03   0.17278E-02  -0.17393E-03  -0.33688E-02  -0.31094E-04
 16.102  12.566    0.26919E-01  -0.37728E-01  -0.79268E-03  -0.12624E-01  -0.85946E-02  -0.37391E-04
 16.102  12.566   -0.18980E-01  -0.43782E+00  -0.60651E-02  -0.15582E+00   0.64495E-02   0.14242E-02
 16.102  12.566   -0.21797E-01  -0.24635E-01  -0.91507E-02  -0.79566E-02   0.60840E-02  -0.65982E-03
 16.102  12.566   -0.19113E-01  -0.81896E-02  -0.51911E-02  -0.26861E-02   0.60999E-02  -0.85901E-04
 16.102  12.566   -0.14251E-01   0.23973E-01  -0.42377E-02   0.78489E-02   0.47412E-02   0.17727E-03
 16.102  12.566    0.38846E-01  -0.46058E-02   0.13641E-01  -0.14363E-02  -0.10302E-01   0.13842E-03
 16.102  12.566   -0.11914E+00  -0.16758E-02  -0.21022E-01  -0.55773E-03   0.35444E-01  -0.19153E-03
 16.102  12.566   -0.71819E-01  -0.34575E-01   0.70978E-02  -0.11745E-01   0.23604E-01  -0.65483E-04
 16.102  12.566   -0.57046E-02   0.15480E-02  -0.11035E-02   0.51160E-03   0.17060E-02   0.18082E-05
 16.102  12.566    0.16659E-03  -0.91451E-02  -0.98710E-04  -0.30420E-02  -0.51837E-04  -0.18376E-04
 16.102  12.566    0.11075E-01  -0.58420E-03   0.17274E-02  -0.17369E-03  -0.33675E-02  -0.31108E-04
 16.102  12.566    0.26920E-01  -0.37729E-01  -0.79245E-03  -0.12624E-01  -0.85949E-02  -0.37373E-04
 16.102  12.566   -0.18981E-01  -0.43782E+00  -0.60640E-02  -0.15582E+00   0.64516E-02   0.14242E-02
  4.026   6.283    0.10603E+02   0.58964E+04   0.22501E+02   0.16689E+04  -0.10314E+01   0.14368E+02
  4.026   6.283    0.59416E+01  -0.36888E+02  -0.13628E+02  -0.10630E+02  -0.17246E+01   0.14430E+00
  4.026   6.283    0.64058E+00   0.98149E+01   0.85374E+01   0.27957E+01  -0.11535E+00   0.38039E-01
  4.026   6.283   -0.12106E+01  -0.49899E+01  -0.11900E+01  -0.13507E+01   0.15235E+00  -0.86592E-01
  4.026   6.283   -0.30754E+02  -0.55696E+01   0.23995E+01  -0.16311E+01   0.84689E+01  -0.27522E-01
  4.026   6.283    0.33724E+03  -0.47364E+03  -0.73210E+02  -0.13301E+03  -0.92673E+02  -0.18982E+01
  4.026   6.283   -0.44309E+02   0.43792E+02   0.12718E+03   0.13204E+02   0.88910E+01  -0.89386E+00
  4.026   6.283    0.11085E+03  -0.38560E+02  -0.40940E+02  -0.11174E+02  -0.29866E+02   0.60302E+00
  4.026   6.283    0.67069E+02  -0.13874E+02   0.22470E+02  -0.40379E+01  -0.16728E+02   0.60312E-01
  4.026   6.283    0.61096E+02  -0.85387E+01  -0.16224E+02  -0.26467E+01  -0.17631E+02   0.19436E+00
  4.026   6.283   -0.13849E+01  -0.55257E+01  -0.69237E+01  -0.14022E+01   0.44091E+00  -0.10163E+00
  4.026   6.283   -0.18078E+02   0.58466E+04   0.25317E+02   0.16549E+04   0.69337E+01   0.14109E+02
  4.026   6.283   -0.79791E+01  -0.47116E+02  -0.34566E+01  -0.13517E+02   0.18474E+01   0.63392E-01
  4.026   6.283   -0.22225E+02   0.64661E+01   0.27633E+02   0.17463E+01   0.67363E+01   0.26303E+00
  4.026   6.283   -0.21530E+02  -0.96206E+01   0.36608E+00  -0.27658E+01   0.57574E+01  -0.68215E-01
  4.026   6.283   -0.24341E+03  -0.47997E+03  -0.56624E+02  -0.13489E+03   0.67839E+02  -0.20372E+01
  4.026   6.283    0.30131E+03  -0.47212E+03  -0.91018E+02  -0.13261E+03  -0.83828E+02  -0.21340E+01
  4.026   6.283   -0.36968E+02   0.44436E+02   0.14226E+03   0.13360E+02   0.78115E+01  -0.73303E+00
  4.026   6.283    0.12614E+03  -0.38236E+02  -0.55532E+02  -0.11083E+02  -0.35038E+02   0.50776E+00
  4.026   6.283    0.43039E+02  -0.16017E+02   0.32804E+02  -0.46302E+01  -0.92185E+01   0.10450E+00
  4.026   6.283   -0.29743E+02   0.21650E+02   0.15701E+02   0.61374E+01   0.82874E+01  -0.74611E-01
  4.026   6.283   -0.63369E+01  -0.15682E+02  -0.12008E+02  -0.42851E+01   0.14915E+01  -0.12877E+00
  4.026   6.283   -0.25902E+02   0.58392E+04   0.25115E+02   0.16528E+04   0.89624E+01   0.14022E+02
  4.026   6.283   -0.55034E+01  -0.47530E+02  -0.91332E+01  -0.13584E+02   0.93245E+00  -0.54731E-01
  4.026   6.283   -0.20028E+02   0.74401E+01   0.27200E+02   0.20391E+01   0.61437E+01   0.25007E+00
  4.026   6.283    0.53815E+02   0.34604E+02   0.12563E+03   0.95967E+01  -0.15687E+02   0.11752E+01
  4.026   6.283   -0.25717E+03  -0.48109E+03  -0.61371E+02  -0.13519E+03   0.71419E+02  -0.21140E+01
  4.026   6.283    0.30950E+03  -0.47321E+03  -0.85413E+02  -0.13293E+03  -0.85797E+02  -0.20893E+01
  4.026   6.283   -0.36589E+02   0.44141E+02   0.13658E+03   0.13279E+02   0.74020E+01  -0.76984E+00
  4.026   6.283    0.11982E+03  -0.38568E+02  -0.47322E+02  -0.11174E+02  -0.32946E+02   0.54152E+00
  4.026   6.283   -0.64038E+01  -0.42688E+01   0.13230E+02  -0.11388E+01   0.26929E+01  -0.83903E-01
  4.026   6.283   -0.28286E+02   0.25733E+02   0.17006E+02   0.72835E+01   0.79033E+01  -0.51918E-01
  4.026   6.283   -0.10430E+02  -0.16226E+02  -0.13614E+02  -0.44276E+01   0.28466E+01  -0.17280E+00
  4.026   6.283   -0.32943E+02   0.58415E+04   0.23093E+02   0.16535E+04   0.10717E+02   0.13947E+02
  4.026   6.283   -0.45233E+01  -0.45838E+02  -0.14763E+02  -0.13095E+02   0.51036E+00  -0.48902E-01
  4.026   6.283   -0.55414E+02  -0.35713E+02  -0.42414E+02  -0.10365E+02   0.12812E+02  -0.37964E+00
  4.026   6.283    0.47771E+02   0.34270E+02   0.12658E+03   0.95107E+01  -0.13884E+02   0.11694E+01
  4.026   6.283   -0.24780E+03  -0.48138E+03  -0.62581E+02  -0.13527E+03   0.68753E+02  -0.21143E+01
  4.026   6.283    0.30526E+03  -0.47264E+03  -0.85040E+02  -0.13277E+03  -0.84539E+02  -0.20838E+01
  4.026   6.283   -0.32042E+02   0.42970E+02   0.13745E+03   0.12957E+02   0.61896E+01  -0.76128E+00
  4.026   6.283    0.21310E+02  -0.62789E+01   0.40349E+01  -0.18417E+01  -0.55679E+01   0.65512E-01
  4.026   6.283   -0.23467E+01  -0.76750E+01   0.12782E+02  -0.21154E+01   0.16050E+01  -0.64865E-01
  4.026   6.283   -0.34101E+02   0.27227E+02   0.16859E+02   0.77149E+01   0.95831E+01  -0.53269E-01
  4.026   6.283   -0.46554E+01  -0.14893E+02  -0.20109E+02  -0.40300E+01   0.85237E+00  -0.17186E+00
  4.026   6.283   -0.43905E+02   0.58461E+04   0.14105E+02   0.16548E+04   0.13794E+02   0.14013E+02
  4.026   6.283   -0.80213E+02  -0.14524E+02   0.23279E+02  -0.43342E+01   0.23816E+02   0.32954E+00
  4.026   6.283   -0.47225E+02  -0.35405E+02  -0.45414E+02  -0.10275E+02   0.10300E+02  -0.38759E+00
  4.026   6.283    0.34015E+02   0.33668E+02   0.13041E+03   0.93467E+01  -0.97506E+01   0.11716E+01
  4.026   6.283   -0.23288E+03  -0.48169E+03  -0.68630E+02  -0.13537E+03   0.64261E+02  -0.21392E+01
  4.026   6.283    0.28389E+03  -0.47658E+03  -0.83376E+02  -0.13383E+03  -0.78305E+02  -0.21247E+01
  4.026   6.283    0.24101E+03  -0.47842E+03   0.49765E+02  -0.13484E+03  -0.68719E+02  -0.23951E+01
  4.026   6.283   -0.31843E+03  -0.47602E+03   0.92149E+02  -0.13307E+03   0.88764E+02  -0.28648E+01
  4.026   6.283    0.49312E+02   0.45442E+02  -0.14751E+03   0.12412E+02  -0.95432E+01   0.42207E-02
  4.026   6.283   -0.12894E+03  -0.36866E+02   0.52476E+02  -0.10909E+02   0.35833E+02   0.39313E+00
  4.026   6.283   -0.41021E+02  -0.15412E+02  -0.30118E+02  -0.45179E+01   0.92674E+01  -0.37264E+00
  4.026   6.283   -0.31255E+01   0.58433E+04  -0.24870E+02   0.16539E+04   0.26503E+01   0.14249E+02
  4.026   6.283    0.18072E+02  -0.37845E+02   0.42163E+01  -0.10980E+02  -0.54966E+01   0.18745E-01
  4.026   6.283    0.85035E+01   0.74502E+01  -0.23249E+02   0.20752E+01  -0.28825E+01   0.16495E+00
  4.026   6.283    0.34422E+02  -0.11445E+02  -0.58208E+00  -0.32666E+01  -0.92297E+01  -0.85123E-03
  4.026   6.283    0.18876E+02  -0.64563E+01  -0.37005E+01  -0.18901E+01  -0.52122E+01   0.44029E-01
  4.026   6.283   -0.59542E+02   0.32475E+02  -0.11983E+03   0.86422E+01   0.17752E+02   0.15001E+01
  4.026   6.283    0.25943E+03  -0.47782E+03   0.52487E+02  -0.13471E+03  -0.73832E+02  -0.23591E+01
  4.026   6.283   -0.32711E+03  -0.47580E+03   0.87351E+02  -0.13299E+03   0.91116E+02  -0.29013E+01
  4.026   6.283    0.52168E+02   0.46168E+02  -0.14100E+03   0.12599E+02  -0.10074E+02   0.56559E-01
  4.026   6.283   -0.12714E+03  -0.36263E+02   0.44118E+02  -0.10739E+02   0.34963E+02   0.35263E+00
  4.026   6.283    0.85710E+01  -0.14765E+02   0.40368E+01  -0.40231E+01  -0.23254E+01  -0.12127E+00
  4.026   6.283    0.10712E+02   0.58354E+04  -0.23900E+02   0.16517E+04  -0.11172E+01   0.14180E+02
  4.026   6.283    0.12711E+02  -0.38069E+02   0.98137E+01  -0.11045E+02  -0.37231E+01  -0.55032E-01
  4.026   6.283    0.48711E+01   0.79181E+01  -0.21109E+02   0.22304E+01  -0.18590E+01   0.13499E+00
  4.026   6.283    0.31594E+02  -0.11329E+02   0.65205E+00  -0.32445E+01  -0.84870E+01   0.18023E-01
  4.026   6.283    0.61438E+02  -0.38304E+02   0.36103E+02  -0.11004E+02  -0.13977E+02  -0.39557E-01
  4.026   6.283   -0.48959E+02   0.33358E+02  -0.12316E+03   0.88678E+01   0.14580E+02   0.15173E+01
  4.026   6.283    0.25035E+03  -0.47951E+03   0.53397E+02  -0.13517E+03  -0.71225E+02  -0.23882E+01
  4.026   6.283   -0.32255E+03  -0.47566E+03   0.88881E+02  -0.13297E+03   0.89826E+02  -0.28861E+01
  4.026   6.283    0.48554E+02   0.44870E+02  -0.14510E+03   0.12252E+02  -0.92396E+01   0.22851E-01
  4.026   6.283    0.38440E+02   0.29887E+02  -0.15242E+02   0.85327E+01  -0.10594E+02  -0.65878E-01
  4.026   6.283    0.12337E+02  -0.15227E+02   0.61552E+01  -0.41247E+01  -0.35440E+01  -0.19127E+00
  4.026   6.283    0.16677E+02   0.58376E+04  -0.21353E+02   0.16524E+04  -0.25363E+01   0.14136E+02
  4.026   6.283    0.11941E+02  -0.35622E+02   0.14440E+02  -0.10344E+02  -0.34222E+01  -0.38395E-01
  4.026   6.283    0.51619E+01   0.49496E+01  -0.21953E+02   0.13928E+01  -0.19034E+01   0.13881E+00
  4.026   6.283    0.84559E+02  -0.15557E+02  -0.19971E+02  -0.47413E+01  -0.24515E+02   0.32156E+00
  4.026   6.283    0.53941E+02  -0.38500E+02   0.42481E+02  -0.11072E+02  -0.11530E+02  -0.34118E-02
  4.026   6.283   -0.35751E+02   0.33261E+02  -0.12809E+03   0.88534E+01   0.10480E+02   0.14803E+01
  4.026   6.283    0.22672E+03  -0.47890E+03   0.57676E+02  -0.13499E+03  -0.64247E+02  -0.23717E+01
  4.026   6.283   -0.29685E+03  -0.47702E+03   0.86901E+02  -0.13334E+03   0.82261E+02  -0.28908E+01
  4.026   6.283    0.18008E+00  -0.62026E+01  -0.13179E+02  -0.16941E+01  -0.79921E+00  -0.19960E+00
  4.026   6.283    0.36916E+02   0.31170E+02  -0.13196E+02   0.89046E+01  -0.10135E+02  -0.58337E-01
  4.026   6.283    0.10378E+02  -0.13337E+02   0.12946E+02  -0.35943E+01  -0.27398E+01  -0.14515E+00
  4.026   6.283    0.21718E+02   0.58415E+04  -0.14115E+02   0.16535E+04  -0.38808E+01   0.14198E+02
  4.026   6.283    0.21598E+02  -0.27446E+02   0.13462E+02  -0.80389E+01  -0.59857E+01  -0.54145E-02
  4.026   6.283    0.32786E+02  -0.84833E+01   0.19932E+02  -0.24389E+01  -0.80539E+01   0.13684E+00
  4.026   6.283    0.85990E+02  -0.15932E+02  -0.20239E+02  -0.48445E+01  -0.24937E+02   0.33609E+00
  4.026   6.283    0.51995E+02  -0.35550E+02   0.39483E+02  -0.10246E+02  -0.11036E+02  -0.65023E-02
  4.026   6.283   -0.34327E+02   0.30775E+02  -0.12607E+03   0.81848E+01   0.10185E+02   0.14729E+01
  4.026   6.283    0.23743E+03  -0.47525E+03   0.59594E+02  -0.13401E+03  -0.67363E+02  -0.23953E+01
  4.026   6.283   -0.15153E+02  -0.86736E+01  -0.59915E+01  -0.25829E+01   0.37785E+01  -0.42637E-02
  4.026   6.283   -0.29984E+01  -0.53638E+01  -0.23196E+01  -0.14452E+01   0.57779E+00  -0.99318E-01
  4.026   6.283    0.87220E+01   0.21445E+02   0.35275E+00   0.59489E+01  -0.21116E+01   0.14113E+00
  4.026   6.283    0.12201E+02  -0.16030E+02   0.13547E+02  -0.43339E+01  -0.33957E+01  -0.16775E+00
  4.026   6.283    0.31461E+02   0.58624E+04   0.13380E+01   0.16594E+04  -0.65651E+01   0.14273E+02
