 16.102  12.566    0.26962E+00   0.94437E-02  -0.92114E-02   0.32570E-02  -0.11900E+00  -0.12192E-02
 16.102  12.566   -0.16913E+00  -0.14695E-01  -0.26196E-01  -0.49360E-02   0.48502E-01  -0.78731E-03
 16.102  12.566    0.64548E-01  -0.56737E-02  -0.15720E-02  -0.18758E-02  -0.18882E-01   0.27322E-03
 16.102  12.566    0.28980E-02   0.14375E-01   0.28434E-02   0.48076E-02  -0.37653E-03   0.65849E-04
 16.102  12.566   -0.40294E-01  -0.62718E-02  -0.20204E-02  -0.21150E-02   0.11382E-01  -0.22272E-03
 16.102  12.566   -0.53826E-01  -0.39391E-01  -0.25246E-01  -0.12990E-01   0.14282E-01  -0.31807E-03
 16.102  12.566    0.12364E-01   0.46086E-01   0.17300E-01   0.15067E-01  -0.26043E-02   0.64162E-03
 16.102  12.566    0.23216E-01   0.45293E-02  -0.10901E-01   0.12367E-02  -0.98814E-02   0.24396E-03
 16.102  12.566    0.13944E-01   0.14828E-01   0.56768E-02   0.47665E-02  -0.41648E-02   0.23643E-03
 16.102  12.566    0.22490E-03  -0.68760E-02  -0.32634E-03  -0.20970E-02  -0.15610E-03  -0.27438E-03
 16.102  12.566    0.18447E+00  -0.10835E-03   0.30856E-01  -0.31406E-04  -0.56396E-01   0.51479E-03
 16.102  12.566    0.26961E+00   0.94413E-02  -0.92019E-02   0.32566E-02  -0.11900E+00  -0.12192E-02
 16.102  12.566   -0.16914E+00  -0.14699E-01  -0.26198E-01  -0.49372E-02   0.48505E-01  -0.78740E-03
 16.102  12.566    0.64565E-01  -0.56731E-02  -0.15692E-02  -0.18756E-02  -0.18887E-01   0.27330E-03
 16.102  12.566    0.28866E-02   0.14377E-01   0.28477E-02   0.48083E-02  -0.37020E-03   0.65868E-04
 16.102  12.566    0.15380E+00   0.74601E-01   0.23454E-01   0.24494E-01  -0.46806E-01   0.83215E-03
 16.102  12.566   -0.53844E-01  -0.39386E-01  -0.25243E-01  -0.12988E-01   0.14286E-01  -0.31809E-03
 16.102  12.566    0.12366E-01   0.46085E-01   0.17301E-01   0.15066E-01  -0.26051E-02   0.64161E-03
 16.102  12.566    0.23224E-01   0.45269E-02  -0.10899E-01   0.12360E-02  -0.98837E-02   0.24397E-03
 16.102  12.566    0.13938E-01   0.14832E-01   0.56792E-02   0.47662E-02  -0.41628E-02   0.23643E-03
 16.102  12.566   -0.20133E-01   0.97007E-02   0.19306E-02   0.32444E-02   0.54962E-02  -0.14060E-03
 16.102  12.566    0.18446E+00  -0.10389E-03   0.30851E-01  -0.31207E-04  -0.56396E-01   0.51477E-03
 16.102  12.566    0.26962E+00   0.94421E-02  -0.92004E-02   0.32569E-02  -0.11900E+00  -0.12192E-02
 16.102  12.566   -0.16915E+00  -0.14699E-01  -0.26200E-01  -0.49371E-02   0.48508E-01  -0.78746E-03
 16.102  12.566    0.64559E-01  -0.56764E-02  -0.15735E-02  -0.18767E-02  -0.18887E-01   0.27320E-03
 16.102  12.566   -0.53204E-01  -0.12529E-01  -0.14982E-01  -0.40435E-02   0.15729E-01  -0.66139E-03
 16.102  12.566    0.15381E+00   0.74598E-01   0.23450E-01   0.24492E-01  -0.46806E-01   0.83215E-03
 16.102  12.566   -0.53839E-01  -0.39387E-01  -0.25243E-01  -0.12989E-01   0.14285E-01  -0.31804E-03
 16.102  12.566    0.12359E-01   0.46089E-01   0.17300E-01   0.15068E-01  -0.26030E-02   0.64162E-03
 16.102  12.566    0.23225E-01   0.45220E-02  -0.10906E-01   0.12355E-02  -0.98860E-02   0.24395E-03
 16.102  12.566   -0.53969E-02   0.48763E-02  -0.62351E-02   0.16421E-02   0.20394E-02   0.45690E-04
 16.102  12.566   -0.20125E-01   0.96957E-02   0.19315E-02   0.32424E-02   0.54946E-02  -0.14052E-03
 16.102  12.566    0.18446E+00  -0.10382E-03   0.30849E-01  -0.31206E-04  -0.56393E-01   0.51477E-03
 16.102  12.566    0.26961E+00   0.94440E-02  -0.92016E-02   0.32575E-02  -0.11900E+00  -0.12192E-02
 16.102  12.566   -0.16912E+00  -0.14704E-01  -0.26199E-01  -0.49387E-02   0.48498E-01  -0.78745E-03
 16.102  12.566    0.29853E-01   0.31642E-01   0.66368E-02   0.10833E-01  -0.10209E-01  -0.30591E-03
 16.102  12.566   -0.53204E-01  -0.12529E-01  -0.14981E-01  -0.40432E-02   0.15729E-01  -0.66139E-03
 16.102  12.566    0.15380E+00   0.74600E-01   0.23451E-01   0.24493E-01  -0.46804E-01   0.83209E-03
 16.102  12.566   -0.53830E-01  -0.39390E-01  -0.25243E-01  -0.12990E-01   0.14282E-01  -0.31804E-03
 16.102  12.566    0.12351E-01   0.46093E-01   0.17302E-01   0.15070E-01  -0.25988E-02   0.64161E-03
 16.102  12.566    0.23062E-01  -0.62359E-02   0.55722E-02  -0.21001E-02  -0.70827E-02   0.53600E-04
 16.102  12.566   -0.53961E-02   0.48746E-02  -0.62363E-02   0.16410E-02   0.20392E-02   0.45726E-04
 16.102  12.566   -0.20137E-01   0.96998E-02   0.19299E-02   0.32438E-02   0.54982E-02  -0.14052E-03
 16.102  12.566    0.18447E+00  -0.10814E-03   0.30852E-01  -0.32666E-04  -0.56398E-01   0.51486E-03
 16.102  12.566    0.26958E+00   0.94438E-02  -0.91791E-02   0.32575E-02  -0.11897E+00  -0.12192E-02
 16.102  12.566   -0.17959E-01  -0.50626E-02  -0.60640E-02  -0.17388E-02   0.55876E-02  -0.28612E-04
 16.102  12.566    0.29859E-01   0.31645E-01   0.66366E-02   0.10834E-01  -0.10211E-01  -0.30586E-03
 16.102  12.566   -0.53208E-01  -0.12531E-01  -0.14984E-01  -0.40438E-02   0.15730E-01  -0.66141E-03
 16.102  12.566    0.15380E+00   0.74598E-01   0.23454E-01   0.24492E-01  -0.46804E-01   0.83209E-03
 16.102  12.566   -0.53820E-01  -0.39383E-01  -0.25233E-01  -0.12995E-01   0.14280E-01  -0.31794E-03
 16.102  12.566    0.13871E+00  -0.63812E-01   0.26418E-01  -0.20971E-01  -0.42303E-01   0.13623E-03
 16.102  12.566   -0.52798E-01   0.55826E-01  -0.26207E-01   0.18491E-01   0.14259E-01  -0.47590E-03
 16.102  12.566    0.24675E-01  -0.33107E-01   0.22933E-01  -0.10702E-01  -0.66152E-02  -0.50425E-03
 16.102  12.566    0.34148E-01   0.76448E-02  -0.94929E-02   0.28131E-02  -0.13436E-01  -0.60567E-03
 16.102  12.566    0.10850E-01  -0.57361E-02   0.60045E-02  -0.18113E-02  -0.32615E-02  -0.87189E-04
 16.102  12.566    0.26961E+00   0.94506E-02  -0.92061E-02   0.32668E-02  -0.11900E+00  -0.12193E-02
 16.102  12.566   -0.16913E+00  -0.14716E-01  -0.26193E-01  -0.49437E-02   0.48504E-01  -0.78742E-03
 16.102  12.566    0.64555E-01  -0.56632E-02  -0.15663E-02  -0.18734E-02  -0.18884E-01   0.27326E-03
 16.102  12.566    0.28978E-02   0.14369E-01   0.28449E-02   0.48074E-02  -0.37659E-03   0.65850E-04
 16.102  12.566   -0.40294E-01  -0.62690E-02  -0.20202E-02  -0.21152E-02   0.11382E-01  -0.22270E-03
 16.102  12.566   -0.28813E-01   0.24858E-01  -0.11055E-01   0.81135E-02   0.82830E-02   0.19011E-03
 16.102  12.566    0.13870E+00  -0.63818E-01   0.26423E-01  -0.20971E-01  -0.42301E-01   0.13622E-03
 16.102  12.566   -0.52801E-01   0.55823E-01  -0.26208E-01   0.18490E-01   0.14260E-01  -0.47594E-03
 16.102  12.566    0.24673E-01  -0.33108E-01   0.22933E-01  -0.10703E-01  -0.66146E-02  -0.50425E-03
 16.102  12.566    0.34155E-01   0.76463E-02  -0.94949E-02   0.28136E-02  -0.13439E-01  -0.60562E-03
 16.102  12.566    0.18447E+00  -0.11181E-03   0.30854E-01  -0.41032E-04  -0.56397E-01   0.51495E-03
 16.102  12.566    0.26961E+00   0.94512E-02  -0.91995E-02   0.32670E-02  -0.11899E+00  -0.12193E-02
 16.102  12.566   -0.16914E+00  -0.14717E-01  -0.26195E-01  -0.49439E-02   0.48507E-01  -0.78748E-03
 16.102  12.566    0.64566E-01  -0.56605E-02  -0.15657E-02  -0.18725E-02  -0.18887E-01   0.27335E-03
 16.102  12.566    0.28871E-02   0.14370E-01   0.28468E-02   0.48085E-02  -0.37095E-03   0.65828E-04
 16.102  12.566    0.24555E-01  -0.40938E-01   0.83170E-02  -0.13886E-01  -0.85275E-02   0.42126E-03
 16.102  12.566   -0.28809E-01   0.24863E-01  -0.11052E-01   0.81155E-02   0.82813E-02   0.19013E-03
 16.102  12.566    0.13870E+00  -0.63816E-01   0.26424E-01  -0.20970E-01  -0.42300E-01   0.13619E-03
 16.102  12.566   -0.52790E-01   0.55823E-01  -0.26208E-01   0.18490E-01   0.14257E-01  -0.47592E-03
 16.102  12.566    0.24655E-01  -0.33112E-01   0.22933E-01  -0.10704E-01  -0.66083E-02  -0.50435E-03
 16.102  12.566   -0.20137E-01   0.97059E-02   0.19355E-02   0.32515E-02   0.54980E-02  -0.14053E-03
 16.102  12.566    0.18446E+00  -0.11344E-03   0.30852E-01  -0.41527E-04  -0.56393E-01   0.51487E-03
 16.102  12.566    0.26961E+00   0.94500E-02  -0.91988E-02   0.32666E-02  -0.11900E+00  -0.12192E-02
 16.102  12.566   -0.16915E+00  -0.14711E-01  -0.26195E-01  -0.49421E-02   0.48508E-01  -0.78740E-03
 16.102  12.566    0.64549E-01  -0.56637E-02  -0.15686E-02  -0.18744E-02  -0.18883E-01   0.27330E-03
 16.102  12.566   -0.24949E-01   0.13579E-01  -0.64430E-02   0.44569E-02   0.77575E-02   0.12639E-03
 16.102  12.566    0.24562E-01  -0.40942E-01   0.83143E-02  -0.13888E-01  -0.85287E-02   0.42129E-03
 16.102  12.566   -0.28814E-01   0.24865E-01  -0.11053E-01   0.81161E-02   0.82827E-02   0.19014E-03
 16.102  12.566    0.13870E+00  -0.63819E-01   0.26425E-01  -0.20971E-01  -0.42299E-01   0.13620E-03
 16.102  12.566   -0.52769E-01   0.55822E-01  -0.26217E-01   0.18490E-01   0.14247E-01  -0.47584E-03
 16.102  12.566   -0.53979E-02   0.48647E-02  -0.62365E-02   0.16368E-02   0.20402E-02   0.45630E-04
 16.102  12.566   -0.20131E-01   0.97019E-02   0.19343E-02   0.32502E-02   0.54972E-02  -0.14057E-03
 16.102  12.566    0.18446E+00  -0.11024E-03   0.30852E-01  -0.40440E-04  -0.56394E-01   0.51483E-03
 16.102  12.566    0.26961E+00   0.94512E-02  -0.91987E-02   0.32670E-02  -0.11900E+00  -0.12193E-02
 16.102  12.566   -0.16912E+00  -0.14708E-01  -0.26203E-01  -0.49381E-02   0.48495E-01  -0.78731E-03
 16.102  12.566    0.50162E-02  -0.13249E-02   0.59245E-03  -0.42166E-03  -0.16542E-02  -0.46468E-04
 16.102  12.566   -0.24948E-01   0.13580E-01  -0.64416E-02   0.44577E-02   0.77567E-02   0.12640E-03
 16.102  12.566    0.24557E-01  -0.40943E-01   0.83142E-02  -0.13889E-01  -0.85273E-02   0.42123E-03
 16.102  12.566   -0.28812E-01   0.24866E-01  -0.11055E-01   0.81163E-02   0.82818E-02   0.19012E-03
 16.102  12.566    0.13868E+00  -0.63817E-01   0.26443E-01  -0.20970E-01  -0.42287E-01   0.13624E-03
 16.102  12.566    0.23061E-01  -0.62226E-02   0.55725E-02  -0.20937E-02  -0.70822E-02   0.53722E-04
 16.102  12.566   -0.53958E-02   0.48654E-02  -0.62356E-02   0.16370E-02   0.20391E-02   0.45667E-04
 16.102  12.566   -0.20144E-01   0.97028E-02   0.19315E-02   0.32505E-02   0.55009E-02  -0.14064E-03
 16.102  12.566    0.18448E+00  -0.11207E-03   0.30856E-01  -0.41062E-04  -0.56399E-01   0.51490E-03
 16.102  12.566    0.26957E+00   0.94516E-02  -0.91661E-02   0.32628E-02  -0.11897E+00  -0.12193E-02
  4.026   6.283   -0.16813E+04  -0.32092E+01   0.10117E+02  -0.50061E+00   0.46652E+03  -0.17031E+01
  4.026   6.283    0.25199E+03  -0.10045E+02  -0.24121E+02  -0.32050E+01  -0.72266E+02   0.34949E+00
  4.026   6.283   -0.14732E+03   0.39033E+01  -0.20516E+02   0.13198E+01   0.40022E+02  -0.43182E+00
  4.026   6.283    0.60079E+02  -0.29539E+00   0.41730E+02  -0.19566E+00  -0.14242E+02   0.40771E+00
  4.026   6.283    0.22189E+01  -0.10670E+01  -0.44472E+02  -0.22487E+00  -0.36522E+01  -0.37084E+00
  4.026   6.283    0.61944E+02  -0.77185E+02  -0.12359E+02  -0.21742E+02  -0.17483E+02  -0.34666E+00
  4.026   6.283   -0.23648E+02   0.24830E+02   0.61003E+02   0.74427E+01   0.53738E+01  -0.36440E+00
  4.026   6.283    0.89871E+02  -0.31324E+02  -0.34063E+02  -0.90666E+01  -0.24470E+02   0.44294E+00
  4.026   6.283    0.74534E+02  -0.15586E+02   0.25151E+02  -0.45764E+01  -0.18566E+02   0.73124E-01
  4.026   6.283    0.99264E+02  -0.89183E+01  -0.27537E+02  -0.28920E+01  -0.28723E+02   0.34376E+00
  4.026   6.283    0.18239E+03   0.85366E+00   0.21501E+02   0.15037E+00  -0.52865E+02   0.16372E+00
  4.026   6.283   -0.16541E+04   0.55226E+01   0.15244E+02   0.19269E+01   0.45922E+03  -0.15867E+01
  4.026   6.283    0.24851E+03  -0.85268E+01  -0.29998E+02  -0.27740E+01  -0.71555E+02   0.32676E+00
  4.026   6.283   -0.14515E+03   0.43670E+01  -0.18760E+02   0.14603E+01   0.39626E+02  -0.43533E+00
  4.026   6.283    0.69243E+02  -0.10275E+01   0.38957E+02  -0.38671E+00  -0.16952E+02   0.37104E+00
  4.026   6.283    0.40145E+02   0.87947E+02   0.18846E+02   0.24744E+02  -0.10783E+02   0.40284E+00
  4.026   6.283    0.62660E+02  -0.81234E+02  -0.11292E+02  -0.22873E+02  -0.17343E+02  -0.33718E+00
  4.026   6.283   -0.19458E+02   0.22581E+02   0.61300E+02   0.67796E+01   0.42536E+01  -0.32984E+00
  4.026   6.283    0.82703E+02  -0.30144E+02  -0.37444E+02  -0.86980E+01  -0.22586E+02   0.38406E+00
  4.026   6.283    0.61089E+02  -0.21640E+02   0.33460E+02  -0.62415E+01  -0.14222E+02   0.50478E-01
  4.026   6.283   -0.12727E+03  -0.46717E+01   0.27297E+02  -0.13129E+01   0.38914E+02   0.88966E-01
  4.026   6.283    0.18216E+03   0.56574E+01   0.16829E+02   0.14938E+01  -0.53041E+02   0.14776E+00
  4.026   6.283   -0.16478E+04   0.84082E+01   0.16263E+02   0.27225E+01   0.45767E+03  -0.15154E+01
  4.026   6.283    0.24753E+03  -0.78090E+01  -0.26003E+02  -0.25912E+01  -0.71147E+02   0.35255E+00
  4.026   6.283   -0.15111E+03   0.56897E+01  -0.18269E+02   0.18377E+01   0.41327E+02  -0.43420E+00
  4.026   6.283   -0.84642E+01  -0.91585E+01  -0.65167E+02  -0.25060E+01   0.24338E+01  -0.56568E+00
  4.026   6.283    0.45695E+02   0.90075E+02   0.24100E+02   0.25350E+02  -0.11965E+02   0.48453E+00
  4.026   6.283    0.65000E+02  -0.79366E+02  -0.15562E+02  -0.22338E+02  -0.18410E+02  -0.37501E+00
  4.026   6.283   -0.22428E+02   0.20049E+02   0.65428E+02   0.60609E+01   0.52795E+01  -0.30956E+00
  4.026   6.283    0.99304E+02  -0.24752E+02  -0.34069E+02  -0.72054E+01  -0.27331E+02   0.46104E+00
  4.026   6.283    0.65293E+02   0.11127E+01  -0.38423E+02   0.35342E+00  -0.21324E+02  -0.25673E+00
  4.026   6.283   -0.13164E+03  -0.80967E+01   0.31817E+02  -0.22572E+01   0.40434E+02   0.87400E-01
  4.026   6.283    0.18237E+03   0.61372E+01   0.21266E+02   0.16418E+01  -0.53150E+02   0.14724E+00
  4.026   6.283   -0.16555E+04   0.10965E+02   0.19642E+02   0.34386E+01   0.45989E+03  -0.14954E+01
  4.026   6.283    0.24532E+03  -0.73612E+01  -0.26244E+02  -0.24822E+01  -0.70469E+02   0.39532E+00
  4.026   6.283    0.38466E+02   0.23622E+02   0.33039E+02   0.68753E+01  -0.87577E+01   0.28124E+00
  4.026   6.283   -0.10060E+02  -0.10873E+02  -0.66760E+02  -0.30233E+01   0.27453E+01  -0.60900E+00
  4.026   6.283    0.45567E+02   0.87944E+02   0.23289E+02   0.24753E+02  -0.11951E+02   0.46744E+00
  4.026   6.283    0.63180E+02  -0.75712E+02  -0.17791E+02  -0.21325E+02  -0.17772E+02  -0.35240E+00
  4.026   6.283   -0.25689E+02   0.16747E+02   0.60906E+02   0.51460E+01   0.61233E+01  -0.36430E+00
  4.026   6.283   -0.15346E+02   0.25313E+01   0.38228E+02   0.63415E+00   0.62238E+01   0.25085E+00
  4.026   6.283    0.74448E+02   0.42248E+01  -0.40189E+02   0.12188E+01  -0.24074E+02  -0.25164E+00
  4.026   6.283   -0.13743E+03  -0.76508E+01   0.31911E+02  -0.21108E+01   0.41992E+02   0.62918E-01
  4.026   6.283    0.18101E+03   0.59963E+01   0.21561E+02   0.15970E+01  -0.52851E+02   0.18028E+00
  4.026   6.283   -0.16621E+04   0.13636E+02   0.14913E+02   0.41770E+01   0.46173E+03  -0.14363E+01
  4.026   6.283    0.91876E+02   0.16695E+02  -0.32300E+02   0.50017E+01  -0.27276E+02  -0.45046E+00
  4.026   6.283    0.32814E+02   0.24908E+02   0.36239E+02   0.72739E+01  -0.68527E+01   0.31753E+00
  4.026   6.283   -0.37301E+01  -0.94157E+01  -0.64030E+02  -0.26306E+01   0.11198E+01  -0.54613E+00
  4.026   6.283    0.42939E+02   0.83810E+02   0.21543E+02   0.23612E+02  -0.11581E+02   0.38966E+00
  4.026   6.283    0.58776E+02  -0.78332E+02  -0.56824E+01  -0.22022E+02  -0.16068E+02  -0.30511E+00
  4.026   6.283    0.38682E+02  -0.88237E+02   0.14472E+02  -0.24836E+02  -0.10621E+02  -0.48941E+00
  4.026   6.283    0.60427E+02   0.76793E+02  -0.85582E+01   0.21483E+02  -0.16788E+02   0.50348E+00
  4.026   6.283   -0.21451E+02  -0.24627E+02   0.59093E+02  -0.67545E+01   0.38300E+01  -0.63569E-01
  4.026   6.283    0.87864E+02   0.28884E+02  -0.36362E+02   0.85032E+01  -0.24220E+02  -0.30435E+00
  4.026   6.283    0.64877E+02   0.16362E+02   0.30590E+02   0.48294E+01  -0.15982E+02   0.41463E+00
  4.026   6.283   -0.16752E+04   0.12310E+01   0.10940E+02   0.82035E+00   0.46492E+03  -0.16409E+01
  4.026   6.283    0.25782E+03   0.82449E+01  -0.25271E+02   0.20358E+01  -0.73847E+02   0.33117E+00
  4.026   6.283   -0.14831E+03  -0.66543E+01  -0.21822E+02  -0.16719E+01   0.40244E+02  -0.45470E+00
  4.026   6.283    0.65420E+02   0.23770E+01   0.43231E+02   0.49209E+00  -0.15639E+02   0.52875E+00
  4.026   6.283    0.51008E+01   0.38798E+01  -0.46815E+02   0.11978E+01  -0.45531E+01  -0.35528E+00
  4.026   6.283   -0.11654E+02   0.77450E+01  -0.65675E+02   0.19219E+01   0.32531E+01   0.66907E+00
  4.026   6.283    0.36038E+02  -0.91349E+02   0.23682E+02  -0.25722E+02  -0.95979E+01  -0.44574E+00
  4.026   6.283    0.64298E+02   0.80640E+02  -0.99119E+01   0.22577E+02  -0.17999E+02   0.50613E+00
  4.026   6.283   -0.26589E+02  -0.23254E+02   0.61185E+02  -0.63512E+01   0.55340E+01  -0.64845E-01
  4.026   6.283    0.86447E+02   0.27315E+02  -0.33220E+02   0.80273E+01  -0.23741E+02  -0.25750E+00
  4.026   6.283    0.18730E+03  -0.73042E+01   0.22950E+02  -0.21113E+01  -0.54167E+02   0.14770E+00
  4.026   6.283   -0.16477E+04  -0.31364E+01   0.13489E+02  -0.44917E+00   0.45741E+03  -0.16253E+01
  4.026   6.283    0.24614E+03   0.71872E+01  -0.23825E+02   0.17500E+01  -0.70627E+02   0.27432E+00
  4.026   6.283   -0.15015E+03  -0.57857E+01  -0.17789E+02  -0.14344E+01   0.41045E+02  -0.43394E+00
  4.026   6.283    0.69336E+02   0.17277E+01   0.36592E+02   0.31892E+00  -0.17002E+02   0.48892E+00
  4.026   6.283    0.38368E+02  -0.20470E+02   0.37023E+02  -0.58994E+01  -0.79902E+01   0.18634E-01
  4.026   6.283   -0.39658E+01   0.12889E+02  -0.67190E+02   0.33790E+01   0.10883E+01   0.68850E+00
  4.026   6.283    0.37034E+02  -0.93002E+02   0.22423E+02  -0.26201E+02  -0.98254E+01  -0.46187E+00
  4.026   6.283    0.66857E+02   0.78968E+02  -0.11420E+02   0.22112E+02  -0.18753E+02   0.50459E+00
  4.026   6.283   -0.20913E+02  -0.20533E+02   0.63585E+02  -0.55729E+01   0.39332E+01  -0.67426E-01
  4.026   6.283   -0.13302E+03   0.95502E+01   0.27926E+02   0.26754E+01   0.40520E+02   0.19694E+00
  4.026   6.283    0.18006E+03  -0.74381E+01   0.23556E+02  -0.21072E+01  -0.52374E+02   0.89880E-01
  4.026   6.283   -0.16524E+04  -0.51532E+01   0.19196E+02  -0.10594E+01   0.45900E+03  -0.16019E+01
  4.026   6.283    0.24246E+03   0.62935E+01  -0.25889E+02   0.15170E+01  -0.69721E+02   0.22618E+00
  4.026   6.283   -0.15070E+03  -0.27874E+01  -0.15698E+02  -0.60284E+00   0.41265E+02  -0.41845E+00
  4.026   6.283    0.10058E+03  -0.21801E+02  -0.37119E+02  -0.65708E+01  -0.29565E+02   0.39724E+00
  4.026   6.283    0.30870E+02  -0.26364E+02   0.32716E+02  -0.75682E+01  -0.60365E+01  -0.11780E-01
  4.026   6.283   -0.60908E+01   0.14121E+02  -0.65287E+02   0.37288E+01   0.16659E+01   0.71531E+00
  4.026   6.283    0.38426E+02  -0.91702E+02   0.19571E+02  -0.25826E+02  -0.10497E+02  -0.48214E+00
  4.026   6.283    0.54369E+02   0.77416E+02  -0.10594E+02   0.21638E+02  -0.14906E+02   0.51872E+00
  4.026   6.283    0.69155E+02  -0.41787E+01  -0.38335E+02  -0.11296E+01  -0.22460E+02  -0.26187E+00
  4.026   6.283   -0.13565E+03   0.99461E+01   0.32140E+02   0.27705E+01   0.41405E+02   0.22946E+00
  4.026   6.283    0.17799E+03  -0.74040E+01   0.21489E+02  -0.20924E+01  -0.52005E+02   0.33905E-01
  4.026   6.283   -0.16587E+04  -0.72220E+01   0.16625E+02  -0.16268E+01   0.46081E+03  -0.16580E+01
  4.026   6.283    0.24664E+03   0.19788E+00  -0.24212E+02  -0.20569E+00  -0.70813E+02   0.22738E+00
  4.026   6.283    0.67097E+02  -0.12997E+02   0.26438E+02  -0.37894E+01  -0.17601E+02   0.20472E+00
  4.026   6.283    0.90221E+02  -0.17489E+02  -0.26507E+02  -0.53114E+01  -0.26150E+02   0.42386E+00
  4.026   6.283    0.42897E+02  -0.27199E+02   0.32364E+02  -0.78203E+01  -0.92973E+01  -0.16878E-01
  4.026   6.283   -0.10315E+02   0.12847E+02  -0.62947E+02   0.33744E+01   0.30644E+01   0.69839E+00
  4.026   6.283    0.42825E+02  -0.89391E+02   0.20913E+02  -0.25156E+02  -0.11803E+02  -0.44180E+00
  4.026   6.283   -0.14392E+02  -0.58079E+01   0.36946E+02  -0.17808E+01   0.59838E+01   0.27768E+00
  4.026   6.283    0.74095E+02  -0.33084E+01  -0.43188E+02  -0.89135E+00  -0.24116E+02  -0.28588E+00
  4.026   6.283   -0.13299E+03   0.10895E+02   0.30277E+02   0.30773E+01   0.40729E+02   0.19695E+00
  4.026   6.283    0.18449E+03  -0.74232E+01   0.23231E+02  -0.21162E+01  -0.53725E+02   0.61336E-01
  4.026   6.283   -0.16587E+04  -0.90277E+01   0.10936E+02  -0.21815E+01   0.46064E+03  -0.16575E+01
