 16.102  12.566   -0.49271E-02  -0.11877E+00  -0.17043E-02  -0.42107E-01   0.16388E-02   0.25636E-03
 16.102  12.566   -0.51934E-02  -0.58429E-02  -0.22922E-02  -0.18783E-02   0.14309E-02  -0.17746E-03
 16.102  12.566    0.15032E-02  -0.68941E-02  -0.56774E-03  -0.22962E-02  -0.41455E-03   0.10403E-04
 16.102  12.566    0.16462E-02  -0.48954E-02   0.60536E-03  -0.16293E-02  -0.45829E-03   0.13509E-04
 16.102  12.566   -0.24203E-02   0.43519E-02  -0.10142E-03   0.14513E-02   0.68882E-03  -0.16716E-04
 16.102  12.566   -0.14278E-01   0.25665E-01  -0.18152E-02   0.83713E-02   0.45539E-02   0.44172E-04
 16.102  12.566    0.19074E-02   0.13427E-01   0.32624E-02   0.43471E-02  -0.34444E-03   0.21506E-03
 16.102  12.566    0.20550E-01  -0.79104E-03   0.33330E-02  -0.31927E-03  -0.64618E-02   0.12431E-03
 16.102  12.566    0.10145E-01  -0.28028E-02   0.36640E-02  -0.85716E-03  -0.30418E-02  -0.12817E-03
 16.102  12.566   -0.17945E-02  -0.19864E-02  -0.36762E-04  -0.69655E-03   0.53095E-03   0.42160E-04
 16.102  12.566    0.68175E-02  -0.10584E-01  -0.35327E-03  -0.35388E-02  -0.21859E-02  -0.14672E-04
 16.102  12.566   -0.49264E-02  -0.11877E+00  -0.17061E-02  -0.42107E-01   0.16391E-02   0.25637E-03
 16.102  12.566   -0.51941E-02  -0.58432E-02  -0.22922E-02  -0.18784E-02   0.14311E-02  -0.17747E-03
 16.102  12.566    0.15043E-02  -0.68942E-02  -0.56768E-03  -0.22962E-02  -0.41489E-03   0.10403E-04
 16.102  12.566    0.16457E-02  -0.48958E-02   0.60561E-03  -0.16294E-02  -0.45798E-03   0.13505E-04
 16.102  12.566    0.25733E-01   0.71515E-02  -0.16030E-02   0.22893E-02  -0.82695E-02   0.26089E-04
 16.102  12.566   -0.14279E-01   0.25665E-01  -0.18174E-02   0.83714E-02   0.45553E-02   0.44172E-04
 16.102  12.566    0.19074E-02   0.13427E-01   0.32623E-02   0.43471E-02  -0.34443E-03   0.21506E-03
 16.102  12.566    0.20550E-01  -0.79101E-03   0.33331E-02  -0.31926E-03  -0.64618E-02   0.12431E-03
 16.102  12.566    0.10145E-01  -0.28026E-02   0.36640E-02  -0.85707E-03  -0.30416E-02  -0.12818E-03
 16.102  12.566    0.22537E-02   0.38562E-04   0.37513E-03   0.19375E-04  -0.68942E-03  -0.98160E-05
 16.102  12.566    0.68151E-02  -0.10585E-01  -0.35019E-03  -0.35385E-02  -0.21858E-02  -0.14682E-04
 16.102  12.566   -0.49272E-02  -0.11877E+00  -0.17062E-02  -0.42108E-01   0.16393E-02   0.25635E-03
 16.102  12.566   -0.51918E-02  -0.58433E-02  -0.22915E-02  -0.18784E-02   0.14305E-02  -0.17745E-03
 16.102  12.566    0.15043E-02  -0.68929E-02  -0.56854E-03  -0.22958E-02  -0.41514E-03   0.10426E-04
 16.102  12.566    0.42837E-01  -0.49433E-02   0.88825E-02  -0.16639E-02  -0.12782E-01   0.26801E-03
 16.102  12.566    0.25730E-01   0.71526E-02  -0.16004E-02   0.22896E-02  -0.82695E-02   0.26089E-04
 16.102  12.566   -0.14281E-01   0.25665E-01  -0.18175E-02   0.83713E-02   0.45557E-02   0.44165E-04
 16.102  12.566    0.19092E-02   0.13427E-01   0.32622E-02   0.43471E-02  -0.34494E-03   0.21507E-03
 16.102  12.566    0.20550E-01  -0.79165E-03   0.33310E-02  -0.31938E-03  -0.64629E-02   0.12430E-03
 16.102  12.566    0.51737E-03  -0.23078E-02   0.31359E-04  -0.76737E-03  -0.15256E-03  -0.26843E-05
 16.102  12.566    0.22548E-02   0.39209E-04   0.37455E-03   0.19415E-04  -0.68968E-03  -0.98103E-05
 16.102  12.566    0.68161E-02  -0.10585E-01  -0.35005E-03  -0.35385E-02  -0.21861E-02  -0.14679E-04
 16.102  12.566   -0.49277E-02  -0.11877E+00  -0.17064E-02  -0.42108E-01   0.16395E-02   0.25635E-03
 16.102  12.566   -0.51916E-02  -0.58447E-02  -0.22916E-02  -0.18789E-02   0.14304E-02  -0.17746E-03
 16.102  12.566   -0.69533E-02  -0.51684E-02  -0.26283E-02  -0.17245E-02   0.18607E-02  -0.51592E-04
 16.102  12.566    0.42836E-01  -0.49434E-02   0.88812E-02  -0.16639E-02  -0.12781E-01   0.26800E-03
 16.102  12.566    0.25733E-01   0.71527E-02  -0.16000E-02   0.22897E-02  -0.82701E-02   0.26097E-04
 16.102  12.566   -0.14282E-01   0.25665E-01  -0.18176E-02   0.83713E-02   0.45561E-02   0.44160E-04
 16.102  12.566    0.19111E-02   0.13427E-01   0.32595E-02   0.43470E-02  -0.34694E-03   0.21507E-03
 16.102  12.566   -0.14795E-02   0.30206E-03  -0.27015E-03   0.99291E-04   0.43977E-03   0.51675E-07
 16.102  12.566    0.51784E-03  -0.23082E-02   0.31655E-04  -0.76741E-03  -0.15270E-03  -0.26732E-05
 16.102  12.566    0.22535E-02   0.40287E-04   0.37430E-03   0.19768E-04  -0.68931E-03  -0.97998E-05
 16.102  12.566    0.68175E-02  -0.10586E-01  -0.34971E-03  -0.35389E-02  -0.21866E-02  -0.14667E-04
 16.102  12.566   -0.49288E-02  -0.11877E+00  -0.17047E-02  -0.42108E-01   0.16406E-02   0.25635E-03
 16.102  12.566    0.54192E-03   0.39535E-02   0.11314E-02   0.13183E-02  -0.26202E-03  -0.21391E-04
 16.102  12.566   -0.69524E-02  -0.51685E-02  -0.26277E-02  -0.17245E-02   0.18603E-02  -0.51595E-04
 16.102  12.566    0.42836E-01  -0.49432E-02   0.88809E-02  -0.16639E-02  -0.12781E-01   0.26800E-03
 16.102  12.566    0.25732E-01   0.71534E-02  -0.15997E-02   0.22899E-02  -0.82699E-02   0.26100E-04
 16.102  12.566   -0.14279E-01   0.25665E-01  -0.18171E-02   0.83708E-02   0.45552E-02   0.44176E-04
 16.102  12.566   -0.20999E-01  -0.87014E-02   0.19279E-02  -0.29599E-02   0.69006E-02  -0.15755E-04
 16.102  12.566    0.47908E-02   0.27904E-01   0.17841E-03   0.90589E-02  -0.13738E-02   0.81265E-04
 16.102  12.566   -0.93846E-02   0.12493E-01  -0.49094E-02   0.40234E-02   0.26955E-02   0.17858E-03
 16.102  12.566   -0.22042E-01  -0.25196E-02  -0.27927E-02  -0.89925E-03   0.70130E-02   0.25578E-04
 16.102  12.566   -0.53719E-02  -0.57185E-02  -0.13206E-02  -0.17955E-02   0.16024E-02  -0.19794E-03
 16.102  12.566   -0.49282E-02  -0.11877E+00  -0.16991E-02  -0.42106E-01   0.16400E-02   0.25638E-03
 16.102  12.566   -0.51937E-02  -0.58431E-02  -0.22928E-02  -0.18780E-02   0.14298E-02  -0.17747E-03
 16.102  12.566    0.15002E-02  -0.68949E-02  -0.57530E-03  -0.22963E-02  -0.41412E-03   0.10373E-04
 16.102  12.566    0.16551E-02  -0.48960E-02   0.60223E-03  -0.16299E-02  -0.46120E-03   0.13527E-04
 16.102  12.566   -0.24185E-02   0.43520E-02  -0.10477E-03   0.14511E-02   0.68850E-03  -0.16729E-04
 16.102  12.566   -0.32797E-01  -0.94932E-03  -0.62958E-02  -0.31644E-03   0.97105E-02  -0.59194E-04
 16.102  12.566   -0.20997E-01  -0.87014E-02   0.19263E-02  -0.29598E-02   0.69006E-02  -0.15756E-04
 16.102  12.566    0.47928E-02   0.27905E-01   0.17858E-03   0.90592E-02  -0.13744E-02   0.81280E-04
 16.102  12.566   -0.93866E-02   0.12493E-01  -0.49094E-02   0.40233E-02   0.26960E-02   0.17857E-03
 16.102  12.566   -0.22041E-01  -0.25202E-02  -0.27920E-02  -0.89941E-03   0.70132E-02   0.25585E-04
 16.102  12.566    0.68193E-02  -0.10586E-01  -0.35496E-03  -0.35390E-02  -0.21861E-02  -0.14688E-04
 16.102  12.566   -0.49266E-02  -0.11877E+00  -0.16995E-02  -0.42107E-01   0.16397E-02   0.25637E-03
 16.102  12.566   -0.51960E-02  -0.58429E-02  -0.22936E-02  -0.18779E-02   0.14304E-02  -0.17748E-03
 16.102  12.566    0.15006E-02  -0.68937E-02  -0.57512E-03  -0.22959E-02  -0.41423E-03   0.10404E-04
 16.102  12.566    0.16525E-02  -0.48965E-02   0.60321E-03  -0.16304E-02  -0.46007E-03   0.13519E-04
 16.102  12.566    0.93361E-02  -0.13149E-02   0.33976E-02  -0.41137E-03  -0.24654E-02   0.31969E-04
 16.102  12.566   -0.32797E-01  -0.94933E-03  -0.62942E-02  -0.31642E-03   0.97101E-02  -0.59192E-04
 16.102  12.566   -0.20999E-01  -0.87014E-02   0.19259E-02  -0.29598E-02   0.69010E-02  -0.15760E-04
 16.102  12.566    0.47939E-02   0.27905E-01   0.17882E-03   0.90593E-02  -0.13747E-02   0.81283E-04
 16.102  12.566   -0.93881E-02   0.12493E-01  -0.49063E-02   0.40233E-02   0.26979E-02   0.17857E-03
 16.102  12.566    0.22570E-02   0.38632E-04   0.36702E-03   0.18508E-04  -0.69239E-03  -0.98131E-05
 16.102  12.566    0.68184E-02  -0.10585E-01  -0.35491E-03  -0.35388E-02  -0.21858E-02  -0.14686E-04
 16.102  12.566   -0.49260E-02  -0.11877E+00  -0.16993E-02  -0.42107E-01   0.16396E-02   0.25637E-03
 16.102  12.566   -0.51958E-02  -0.58443E-02  -0.22933E-02  -0.18784E-02   0.14304E-02  -0.17749E-03
 16.102  12.566    0.15023E-02  -0.68919E-02  -0.57331E-03  -0.22962E-02  -0.41461E-03   0.10415E-04
 16.102  12.566   -0.37342E-02   0.51072E-02  -0.12090E-02   0.16809E-02   0.12412E-02   0.24451E-04
 16.102  12.566    0.93349E-02  -0.13142E-02   0.33971E-02  -0.41111E-03  -0.24649E-02   0.31965E-04
 16.102  12.566   -0.32797E-01  -0.94969E-03  -0.62941E-02  -0.31654E-03   0.97100E-02  -0.59198E-04
 16.102  12.566   -0.20997E-01  -0.87017E-02   0.19260E-02  -0.29599E-02   0.69006E-02  -0.15752E-04
 16.102  12.566    0.47876E-02   0.27906E-01   0.18041E-03   0.90595E-02  -0.13718E-02   0.81269E-04
 16.102  12.566    0.51419E-03  -0.23075E-02   0.33091E-04  -0.76742E-03  -0.15115E-03  -0.26855E-05
 16.102  12.566    0.22572E-02   0.39544E-04   0.36709E-03   0.18801E-04  -0.69246E-03  -0.97982E-05
 16.102  12.566    0.68175E-02  -0.10586E-01  -0.35517E-03  -0.35391E-02  -0.21855E-02  -0.14678E-04
 16.102  12.566   -0.49266E-02  -0.11877E+00  -0.16996E-02  -0.42107E-01   0.16397E-02   0.25637E-03
 16.102  12.566   -0.51964E-02  -0.58447E-02  -0.22915E-02  -0.18791E-02   0.14309E-02  -0.17750E-03
 16.102  12.566   -0.43627E-02  -0.19452E-02  -0.11577E-02  -0.64015E-03   0.13904E-02  -0.17828E-04
 16.102  12.566   -0.37339E-02   0.51077E-02  -0.12095E-02   0.16810E-02   0.12413E-02   0.24442E-04
 16.102  12.566    0.93360E-02  -0.13146E-02   0.33973E-02  -0.41123E-03  -0.24653E-02   0.31962E-04
 16.102  12.566   -0.32798E-01  -0.94939E-03  -0.62943E-02  -0.31644E-03   0.97103E-02  -0.59204E-04
 16.102  12.566   -0.20997E-01  -0.87007E-02   0.19256E-02  -0.29596E-02   0.69004E-02  -0.15744E-04
 16.102  12.566   -0.14734E-02   0.30133E-03  -0.26878E-03   0.99219E-04   0.43806E-03   0.76768E-07
 16.102  12.566    0.51453E-03  -0.23075E-02   0.33077E-04  -0.76742E-03  -0.15122E-03  -0.26843E-05
 16.102  12.566    0.22562E-02   0.39679E-04   0.36700E-03   0.18846E-04  -0.69214E-03  -0.98007E-05
 16.102  12.566    0.68181E-02  -0.10587E-01  -0.35505E-03  -0.35392E-02  -0.21857E-02  -0.14671E-04
 16.102  12.566   -0.49272E-02  -0.11877E+00  -0.16994E-02  -0.42106E-01   0.16403E-02   0.25637E-03
  4.026   6.283    0.17625E+01   0.16142E+04   0.63905E+01   0.45697E+03  -0.48062E-02   0.38582E+01
  4.026   6.283    0.96844E+00  -0.10255E+02  -0.30545E+01  -0.29545E+01  -0.25283E+00   0.39192E-01
  4.026   6.283    0.95725E+00   0.26298E+01   0.18686E+01   0.74994E+00  -0.28116E+00   0.81830E-02
  4.026   6.283   -0.13565E+01  -0.13005E+01  -0.49548E-01  -0.35108E+00   0.34686E+00  -0.23724E-01
  4.026   6.283   -0.74244E+01  -0.15124E+01   0.59973E+00  -0.44352E+00   0.20348E+01  -0.59274E-02
  4.026   6.283    0.91715E+02  -0.12908E+03  -0.20439E+02  -0.36253E+02  -0.25195E+02  -0.51030E+00
  4.026   6.283   -0.11558E+02   0.11646E+02   0.35277E+02   0.35208E+01   0.22549E+01  -0.25382E+00
  4.026   6.283    0.30262E+02  -0.10669E+02  -0.10886E+02  -0.30908E+01  -0.81339E+01   0.16153E+00
  4.026   6.283    0.19500E+02  -0.40166E+01   0.61837E+01  -0.11714E+01  -0.48839E+01   0.19312E-01
  4.026   6.283    0.17023E+02  -0.23305E+01  -0.50041E+01  -0.72574E+00  -0.49419E+01   0.55006E-01
  4.026   6.283    0.16156E+00  -0.14439E+01  -0.11687E+01  -0.36553E+00  -0.27472E-02  -0.22752E-01
  4.026   6.283   -0.59134E+01   0.16005E+04   0.72470E+01   0.45314E+03   0.21267E+01   0.37868E+01
  4.026   6.283   -0.29119E+01  -0.13056E+02  -0.20153E+00  -0.37450E+01   0.74117E+00   0.16994E-01
  4.026   6.283   -0.52735E+01   0.17298E+01   0.71572E+01   0.46732E+00   0.15902E+01   0.70629E-01
  4.026   6.283   -0.69185E+01  -0.25600E+01   0.39448E+00  -0.73634E+00   0.18809E+01  -0.18386E-01
  4.026   6.283   -0.66546E+02  -0.13123E+03  -0.16389E+02  -0.36886E+02   0.18540E+02  -0.55683E+00
  4.026   6.283    0.81701E+02  -0.12870E+03  -0.25338E+02  -0.36153E+02  -0.22722E+02  -0.57547E+00
  4.026   6.283   -0.94079E+01   0.11817E+02   0.39460E+02   0.35615E+01   0.19241E+01  -0.20885E+00
  4.026   6.283    0.34398E+02  -0.10600E+02  -0.14917E+02  -0.30709E+01  -0.95408E+01   0.13446E+00
  4.026   6.283    0.12811E+02  -0.46124E+01   0.91067E+01  -0.13361E+01  -0.27909E+01   0.31964E-01
  4.026   6.283   -0.87075E+01   0.58792E+01   0.39364E+01   0.16683E+01   0.24183E+01  -0.23087E-01
  4.026   6.283   -0.12709E+01  -0.42413E+01  -0.24919E+01  -0.11588E+01   0.30803E+00  -0.30637E-01
  4.026   6.283   -0.79287E+01   0.15985E+04   0.72209E+01   0.45258E+03   0.26471E+01   0.37637E+01
  4.026   6.283   -0.23479E+01  -0.13169E+02  -0.17146E+01  -0.37634E+01   0.52267E+00  -0.15325E-01
  4.026   6.283   -0.47434E+01   0.19960E+01   0.70628E+01   0.54729E+00   0.14485E+01   0.67193E-01
  4.026   6.283    0.13881E+02   0.89364E+01   0.33863E+02   0.24748E+01  -0.40643E+01   0.31464E+00
  4.026   6.283   -0.70299E+02  -0.13151E+03  -0.17680E+02  -0.36963E+02   0.19517E+02  -0.57761E+00
  4.026   6.283    0.83943E+02  -0.12899E+03  -0.23828E+02  -0.36237E+02  -0.23262E+02  -0.56363E+00
  4.026   6.283   -0.92562E+01   0.11762E+02   0.37894E+02   0.35464E+01   0.17993E+01  -0.21842E+00
  4.026   6.283    0.32677E+02  -0.10657E+02  -0.12690E+02  -0.30863E+01  -0.89703E+01   0.14389E+00
  4.026   6.283   -0.11312E+01  -0.10771E+01   0.37379E+01  -0.28670E+00   0.55801E+00  -0.22082E-01
  4.026   6.283   -0.82497E+01   0.69911E+01   0.43493E+01   0.19808E+01   0.22978E+01  -0.17001E-01
  4.026   6.283   -0.23360E+01  -0.43516E+01  -0.29431E+01  -0.11872E+01   0.66405E+00  -0.42149E-01
  4.026   6.283   -0.97764E+01   0.15992E+04   0.66782E+01   0.45277E+03   0.31073E+01   0.37433E+01
  4.026   6.283   -0.20427E+01  -0.12687E+02  -0.32432E+01  -0.36241E+01   0.39749E+00  -0.13525E-01
  4.026   6.283   -0.16088E+02  -0.10076E+02  -0.10917E+02  -0.29269E+01   0.37743E+01  -0.96542E-01
  4.026   6.283    0.12193E+02   0.88192E+01   0.34138E+02   0.24442E+01  -0.35616E+01   0.31301E+00
  4.026   6.283   -0.67742E+02  -0.13161E+03  -0.17995E+02  -0.36989E+02   0.18791E+02  -0.57735E+00
  4.026   6.283    0.82699E+02  -0.12886E+03  -0.23742E+02  -0.36202E+02  -0.22896E+02  -0.56283E+00
  4.026   6.283   -0.80475E+01   0.11361E+02   0.38170E+02   0.34358E+01   0.14781E+01  -0.21638E+00
  4.026   6.283    0.50553E+01  -0.16930E+01   0.12199E+01  -0.49594E+00  -0.12898E+01   0.18139E-01
  4.026   6.283   -0.57679E-02  -0.20198E+01   0.36055E+01  -0.55708E+00   0.25486E+00  -0.16849E-01
  4.026   6.283   -0.98260E+01   0.74104E+01   0.42681E+01   0.21018E+01   0.27525E+01  -0.17286E-01
  4.026   6.283   -0.73395E+00  -0.39787E+01  -0.47351E+01  -0.10762E+01   0.11274E+00  -0.41700E-01
  4.026   6.283   -0.12702E+02   0.16004E+04   0.41662E+01   0.45311E+03   0.39271E+01   0.37613E+01
  4.026   6.283   -0.22360E+02  -0.40551E+01   0.64891E+01  -0.12115E+01   0.66376E+01   0.92595E-01
  4.026   6.283   -0.13794E+02  -0.99865E+01  -0.11792E+02  -0.29009E+01   0.30688E+01  -0.98802E-01
  4.026   6.283    0.83913E+01   0.86797E+01   0.35205E+02   0.24067E+01  -0.24177E+01   0.31352E+00
  4.026   6.283   -0.63471E+02  -0.13165E+03  -0.19597E+02  -0.37006E+02   0.17509E+02  -0.58314E+00
  4.026   6.283    0.76843E+02  -0.12982E+03  -0.23371E+02  -0.36458E+02  -0.21189E+02  -0.57398E+00
  4.026   6.283    0.65825E+02  -0.13080E+03   0.13653E+02  -0.36876E+02  -0.18774E+02  -0.64805E+00
  4.026   6.283   -0.86430E+02  -0.12984E+03   0.25078E+02  -0.36297E+02   0.24076E+02  -0.78081E+00
  4.026   6.283    0.12958E+02   0.12446E+02  -0.39275E+02   0.34002E+01  -0.24778E+01   0.85315E-02
  4.026   6.283   -0.35614E+02  -0.10037E+02   0.15045E+02  -0.29762E+01   0.99288E+01   0.11851E+00
  4.026   6.283   -0.11033E+02  -0.42560E+01  -0.86523E+01  -0.12473E+01   0.24564E+01  -0.10670E+00
  4.026   6.283   -0.19693E+01   0.15996E+04  -0.66007E+01   0.45286E+03   0.99592E+00   0.38258E+01
  4.026   6.283    0.44514E+01  -0.10361E+02   0.16411E+01  -0.30062E+01  -0.13254E+01   0.59175E-02
  4.026   6.283    0.32342E+01   0.18990E+01  -0.67834E+01   0.52859E+00  -0.10724E+01   0.42910E-01
  4.026   6.283    0.84433E+01  -0.31479E+01   0.12302E+00  -0.89837E+00  -0.22335E+01  -0.25137E-04
  4.026   6.283    0.60481E+01  -0.17837E+01  -0.10716E+01  -0.52204E+00  -0.16796E+01   0.12635E-01
  4.026   6.283   -0.16746E+02   0.92878E+01  -0.32452E+02   0.24824E+01   0.49633E+01   0.40603E+00
  4.026   6.283    0.70726E+02  -0.13059E+03   0.14424E+02  -0.36825E+02  -0.20133E+02  -0.63796E+00
  4.026   6.283   -0.88710E+02  -0.12977E+03   0.23772E+02  -0.36273E+02   0.24697E+02  -0.79042E+00
  4.026   6.283    0.13812E+02   0.12638E+02  -0.37557E+02   0.34501E+01  -0.26465E+01   0.22077E-01
  4.026   6.283   -0.35210E+02  -0.98627E+01   0.12793E+02  -0.29269E+01   0.97180E+01   0.10776E+00
  4.026   6.283    0.29816E+01  -0.38897E+01   0.19973E+01  -0.10606E+01  -0.78745E+00  -0.26775E-01
  4.026   6.283    0.20500E+01   0.15975E+04  -0.62838E+01   0.45226E+03  -0.10084E+00   0.38072E+01
  4.026   6.283    0.28177E+01  -0.10409E+02   0.31327E+01  -0.30200E+01  -0.79687E+00  -0.14903E-01
  4.026   6.283    0.22842E+01   0.20218E+01  -0.61413E+01   0.56945E+00  -0.80196E+00   0.35241E-01
  4.026   6.283    0.77544E+01  -0.30849E+01   0.41596E+00  -0.88377E+00  -0.20579E+01   0.51273E-02
  4.026   6.283    0.16480E+02  -0.10412E+02   0.10273E+02  -0.29916E+01  -0.37126E+01  -0.11663E-01
  4.026   6.283   -0.13774E+02   0.95060E+01  -0.33369E+02   0.25373E+01   0.40737E+01   0.41064E+00
  4.026   6.283    0.68230E+02  -0.13106E+03   0.14645E+02  -0.36952E+02  -0.19420E+02  -0.64613E+00
  4.026   6.283   -0.87550E+02  -0.12972E+03   0.24229E+02  -0.36264E+02   0.24371E+02  -0.78573E+00
  4.026   6.283    0.12958E+02   0.12284E+02  -0.38725E+02   0.33554E+01  -0.24599E+01   0.12397E-01
  4.026   6.283    0.97414E+01   0.80950E+01  -0.45602E+01   0.23124E+01  -0.26873E+01  -0.20802E-01
  4.026   6.283    0.39508E+01  -0.40282E+01   0.25666E+01  -0.10915E+01  -0.11036E+01  -0.46524E-01
  4.026   6.283    0.37875E+01   0.15981E+04  -0.55394E+01   0.45244E+03  -0.51490E+00   0.37957E+01
  4.026   6.283    0.26192E+01  -0.97567E+01   0.44070E+01  -0.28331E+01  -0.71955E+00  -0.10441E-01
  4.026   6.283    0.23355E+01   0.11892E+01  -0.63892E+01   0.33480E+00  -0.80541E+00   0.36222E-01
  4.026   6.283    0.23587E+02  -0.42940E+01  -0.60724E+01  -0.13103E+01  -0.68656E+01   0.89802E-01
  4.026   6.283    0.14324E+02  -0.10461E+02   0.11971E+02  -0.30086E+01  -0.30178E+01  -0.23619E-02
  4.026   6.283   -0.10216E+02   0.94888E+01  -0.34645E+02   0.25359E+01   0.29743E+01   0.40110E+00
  4.026   6.283    0.61956E+02  -0.13090E+03   0.15778E+02  -0.36908E+02  -0.17568E+02  -0.64209E+00
  4.026   6.283   -0.80777E+02  -0.13010E+03   0.23701E+02  -0.36366E+02   0.22377E+02  -0.78692E+00
  4.026   6.283    0.75566E+00  -0.17369E+01  -0.35251E+01  -0.47636E+00  -0.42623E+00  -0.54037E-01
  4.026   6.283    0.94221E+01   0.84581E+01  -0.40182E+01   0.24175E+01  -0.25903E+01  -0.18504E-01
  4.026   6.283    0.33713E+01  -0.34955E+01   0.43892E+01  -0.94168E+00  -0.87378E+00  -0.34527E-01
  4.026   6.283    0.51278E+01   0.15991E+04  -0.35959E+01   0.45274E+03  -0.87066E+00   0.38124E+01
  4.026   6.283    0.52490E+01  -0.75522E+01   0.41287E+01  -0.22119E+01  -0.14171E+01  -0.14051E-02
  4.026   6.283    0.10329E+02  -0.24734E+01   0.51452E+01  -0.71499E+00  -0.26045E+01   0.41248E-01
  4.026   6.283    0.23924E+02  -0.43939E+01  -0.61146E+01  -0.13379E+01  -0.69632E+01   0.93984E-01
  4.026   6.283    0.13890E+02  -0.96619E+01   0.11113E+02  -0.27846E+01  -0.29122E+01  -0.33267E-02
  4.026   6.283   -0.99633E+01   0.88146E+01  -0.34083E+02   0.23548E+01   0.29313E+01   0.39898E+00
  4.026   6.283    0.64975E+02  -0.12986E+03   0.16240E+02  -0.36626E+02  -0.18447E+02  -0.64815E+00
  4.026   6.283   -0.48502E+01  -0.24588E+01  -0.14985E+01  -0.73058E+00   0.12479E+01  -0.45578E-03
  4.026   6.283   -0.12834E+00  -0.15106E+01  -0.56011E+00  -0.40920E+00  -0.46026E-01  -0.26606E-01
  4.026   6.283    0.17759E+01   0.58081E+01  -0.31627E+00   0.16120E+01  -0.41294E+00   0.35928E-01
  4.026   6.283    0.38773E+01  -0.42146E+01   0.45806E+01  -0.11391E+01  -0.10520E+01  -0.40636E-01
  4.026   6.283    0.79066E+01   0.16048E+04   0.65107E+00   0.45437E+03  -0.16377E+01   0.38332E+01
