 16.102  12.566    0.10371E-01   0.70814E-04   0.16061E-02   0.16492E-04  -0.27579E-02   0.77823E-04
 16.102  12.566    0.15910E-02   0.16830E-03   0.67852E-03   0.54636E-04  -0.42383E-03   0.91916E-05
 16.102  12.566    0.17646E-02   0.35930E-03   0.35909E-03   0.11984E-03  -0.50444E-03   0.88152E-05
 16.102  12.566   -0.19897E-02  -0.95820E-04  -0.16282E-03  -0.32307E-04   0.57612E-03  -0.92427E-05
 16.102  12.566    0.11517E-02  -0.21467E-03   0.64574E-04  -0.71680E-04  -0.34113E-03   0.44847E-05
 16.102  12.566    0.10657E-02  -0.36535E-03   0.46046E-03  -0.11147E-03  -0.30227E-03  -0.39974E-05
 16.102  12.566   -0.23712E-03   0.41332E-03   0.41784E-03   0.13169E-03   0.10894E-03   0.10684E-04
 16.102  12.566    0.13134E-02  -0.35135E-04   0.17153E-03  -0.14881E-04  -0.41176E-03   0.78820E-05
 16.102  12.566   -0.59671E-03   0.86766E-04  -0.23240E-03   0.25162E-04   0.17729E-03   0.62760E-05
 16.102  12.566   -0.42320E-04   0.15349E-03   0.21788E-04   0.44507E-04   0.15368E-04   0.92879E-05
 16.102  12.566    0.86036E-03   0.31484E-03  -0.55127E-04   0.10673E-03  -0.26576E-03   0.54165E-06
 16.102  12.566    0.10370E-01   0.70513E-04   0.16057E-02   0.16373E-04  -0.27573E-02   0.77818E-04
 16.102  12.566    0.15911E-02   0.16743E-03   0.67877E-03   0.54355E-04  -0.42385E-03   0.91781E-05
 16.102  12.566    0.17660E-02   0.35952E-03   0.35917E-03   0.11992E-03  -0.50490E-03   0.88124E-05
 16.102  12.566   -0.19898E-02  -0.95952E-04  -0.16285E-03  -0.32350E-04   0.57607E-03  -0.92460E-05
 16.102  12.566    0.10570E-02  -0.64303E-03  -0.12508E-03  -0.21627E-03  -0.28434E-03   0.69288E-05
 16.102  12.566    0.10641E-02  -0.36432E-03   0.46058E-03  -0.11114E-03  -0.30172E-03  -0.39875E-05
 16.102  12.566   -0.23632E-03   0.41345E-03   0.41775E-03   0.13173E-03   0.10866E-03   0.10690E-04
 16.102  12.566    0.13134E-02  -0.34839E-04   0.17158E-03  -0.14784E-04  -0.41178E-03   0.78847E-05
 16.102  12.566   -0.59689E-03   0.86708E-04  -0.23244E-03   0.25166E-04   0.17733E-03   0.62721E-05
 16.102  12.566    0.30868E-03  -0.10087E-03   0.15047E-03  -0.33891E-04  -0.10299E-03  -0.42800E-06
 16.102  12.566    0.86033E-03   0.31474E-03  -0.55162E-04   0.10667E-03  -0.26576E-03   0.54244E-06
 16.102  12.566    0.10370E-01   0.70561E-04   0.16057E-02   0.16389E-04  -0.27573E-02   0.77817E-04
 16.102  12.566    0.15914E-02   0.16742E-03   0.67882E-03   0.54351E-04  -0.42393E-03   0.91792E-05
 16.102  12.566    0.17656E-02   0.35948E-03   0.35938E-03   0.11991E-03  -0.50464E-03   0.88118E-05
 16.102  12.566    0.16216E-02  -0.20225E-03  -0.95767E-04  -0.66574E-04  -0.51004E-03   0.20827E-05
 16.102  12.566    0.10571E-02  -0.64298E-03  -0.12517E-03  -0.21625E-03  -0.28431E-03   0.69300E-05
 16.102  12.566    0.10640E-02  -0.36434E-03   0.46052E-03  -0.11114E-03  -0.30168E-03  -0.39883E-05
 16.102  12.566   -0.23608E-03   0.41344E-03   0.41781E-03   0.13173E-03   0.10859E-03   0.10691E-04
 16.102  12.566    0.13131E-02  -0.34748E-04   0.17180E-03  -0.14825E-04  -0.41159E-03   0.78846E-05
 16.102  12.566   -0.68667E-03   0.14478E-03  -0.11642E-03   0.48825E-04   0.20751E-03  -0.19865E-05
 16.102  12.566    0.30841E-03  -0.10092E-03   0.15071E-03  -0.33830E-04  -0.10295E-03  -0.42821E-06
 16.102  12.566    0.86024E-03   0.31463E-03  -0.55167E-04   0.10664E-03  -0.26573E-03   0.54080E-06
 16.102  12.566    0.10370E-01   0.70560E-04   0.16057E-02   0.16390E-04  -0.27573E-02   0.77817E-04
 16.102  12.566    0.15916E-02   0.16734E-03   0.67849E-03   0.54323E-04  -0.42416E-03   0.91774E-05
 16.102  12.566    0.21783E-02  -0.17684E-03   0.73360E-03  -0.54750E-04  -0.63364E-03   0.88583E-05
 16.102  12.566    0.16213E-02  -0.20230E-03  -0.95536E-04  -0.66593E-04  -0.51004E-03   0.20812E-05
 16.102  12.566    0.10571E-02  -0.64306E-03  -0.12513E-03  -0.21628E-03  -0.28430E-03   0.69302E-05
 16.102  12.566    0.10640E-02  -0.36424E-03   0.46047E-03  -0.11111E-03  -0.30170E-03  -0.39872E-05
 16.102  12.566   -0.23619E-03   0.41329E-03   0.41736E-03   0.13179E-03   0.10848E-03   0.10689E-04
 16.102  12.566    0.96267E-03  -0.51792E-04   0.92449E-04  -0.17483E-04  -0.28368E-03   0.40598E-05
 16.102  12.566   -0.68520E-03   0.14452E-03  -0.11611E-03   0.48739E-04   0.20707E-03  -0.19816E-05
 16.102  12.566    0.30797E-03  -0.10077E-03   0.15043E-03  -0.33780E-04  -0.10280E-03  -0.42623E-06
 16.102  12.566    0.85873E-03   0.31490E-03  -0.55180E-04   0.10673E-03  -0.26530E-03   0.53248E-06
 16.102  12.566    0.10377E-01   0.70462E-04   0.16064E-02   0.16357E-04  -0.27595E-02   0.77839E-04
 16.102  12.566    0.11814E-04   0.21479E-03   0.50605E-04   0.70180E-04  -0.85659E-05   0.50394E-06
 16.102  12.566    0.21780E-02  -0.17698E-03   0.73351E-03  -0.54797E-04  -0.63354E-03   0.88568E-05
 16.102  12.566    0.16217E-02  -0.20137E-03  -0.95390E-04  -0.66276E-04  -0.51021E-03   0.20732E-05
 16.102  12.566    0.10559E-02  -0.64397E-03  -0.12535E-03  -0.21658E-03  -0.28396E-03   0.69096E-05
 16.102  12.566    0.10688E-02  -0.36222E-03   0.46071E-03  -0.11033E-03  -0.30327E-03  -0.39656E-05
 16.102  12.566    0.46464E-03   0.78909E-03  -0.22358E-03   0.26520E-03  -0.13558E-03   0.57904E-05
 16.102  12.566    0.12773E-02   0.60048E-04   0.27739E-03   0.69837E-05  -0.36386E-03   0.22581E-04
 16.102  12.566   -0.74402E-05  -0.59684E-03   0.34582E-03  -0.19046E-03   0.30867E-04  -0.10116E-04
 16.102  12.566    0.11885E-02   0.33619E-04   0.11039E-03   0.15339E-04  -0.38778E-03  -0.30512E-05
 16.102  12.566   -0.26974E-03  -0.28938E-03  -0.11486E-03  -0.91733E-04   0.78167E-04  -0.86635E-05
 16.102  12.566    0.10371E-01   0.69414E-04   0.16059E-02   0.15858E-04  -0.27577E-02   0.77813E-04
 16.102  12.566    0.15904E-02   0.17067E-03   0.67858E-03   0.55277E-04  -0.42362E-03   0.92001E-05
 16.102  12.566    0.17656E-02   0.35952E-03   0.35910E-03   0.11973E-03  -0.50474E-03   0.88212E-05
 16.102  12.566   -0.19896E-02  -0.95599E-04  -0.16272E-03  -0.32171E-04   0.57610E-03  -0.92437E-05
 16.102  12.566    0.11517E-02  -0.21479E-03   0.64641E-04  -0.71675E-04  -0.34113E-03   0.44794E-05
 16.102  12.566    0.11655E-02  -0.18336E-03  -0.23265E-03  -0.60798E-04  -0.37797E-03  -0.10880E-06
 16.102  12.566    0.46462E-03   0.78937E-03  -0.22406E-03   0.26526E-03  -0.13551E-03   0.57915E-05
 16.102  12.566    0.12771E-02   0.59239E-04   0.27765E-03   0.67217E-05  -0.36377E-03   0.22569E-04
 16.102  12.566   -0.67107E-05  -0.59694E-03   0.34574E-03  -0.19049E-03   0.30593E-04  -0.10126E-04
 16.102  12.566    0.11885E-02   0.33697E-04   0.11051E-03   0.15368E-04  -0.38775E-03  -0.30520E-05
 16.102  12.566    0.86148E-03   0.31615E-03  -0.55201E-04   0.10717E-03  -0.26607E-03   0.56259E-06
 16.102  12.566    0.10370E-01   0.69427E-04   0.16057E-02   0.15862E-04  -0.27573E-02   0.77811E-04
 16.102  12.566    0.15907E-02   0.17067E-03   0.67857E-03   0.55278E-04  -0.42368E-03   0.92011E-05
 16.102  12.566    0.17659E-02   0.35970E-03   0.35917E-03   0.11979E-03  -0.50483E-03   0.88233E-05
 16.102  12.566   -0.19899E-02  -0.95706E-04  -0.16275E-03  -0.32231E-04   0.57614E-03  -0.92459E-05
 16.102  12.566    0.26701E-02   0.11107E-04   0.60786E-03  -0.16889E-05  -0.78201E-03   0.16516E-04
 16.102  12.566    0.11652E-02  -0.18327E-03  -0.23244E-03  -0.60748E-04  -0.37793E-03  -0.11082E-06
 16.102  12.566    0.46452E-03   0.78937E-03  -0.22406E-03   0.26526E-03  -0.13548E-03   0.57907E-05
 16.102  12.566    0.12772E-02   0.59219E-04   0.27763E-03   0.67155E-05  -0.36379E-03   0.22569E-04
 16.102  12.566   -0.68894E-05  -0.59695E-03   0.34560E-03  -0.19050E-03   0.30575E-04  -0.10128E-04
 16.102  12.566    0.30844E-03  -0.10166E-03   0.15062E-03  -0.34230E-04  -0.10297E-03  -0.42764E-06
 16.102  12.566    0.86111E-03   0.31624E-03  -0.55209E-04   0.10720E-03  -0.26598E-03   0.56303E-06
 16.102  12.566    0.10370E-01   0.69463E-04   0.16057E-02   0.15872E-04  -0.27573E-02   0.77812E-04
 16.102  12.566    0.15909E-02   0.17077E-03   0.67862E-03   0.55309E-04  -0.42376E-03   0.92034E-05
 16.102  12.566    0.17654E-02   0.35960E-03   0.35925E-03   0.11980E-03  -0.50456E-03   0.88216E-05
 16.102  12.566   -0.10004E-03  -0.28063E-03   0.25501E-05  -0.90501E-04   0.25419E-04  -0.36049E-05
 16.102  12.566    0.26702E-02   0.11040E-04   0.60784E-03  -0.17237E-05  -0.78203E-03   0.16516E-04
 16.102  12.566    0.11652E-02  -0.18320E-03  -0.23245E-03  -0.60724E-04  -0.37794E-03  -0.10954E-06
 16.102  12.566    0.46454E-03   0.78937E-03  -0.22403E-03   0.26526E-03  -0.13548E-03   0.57906E-05
 16.102  12.566    0.12775E-02   0.59082E-04   0.27750E-03   0.66738E-05  -0.36396E-03   0.22569E-04
 16.102  12.566   -0.68689E-03   0.14555E-03  -0.11644E-03   0.48798E-04   0.20758E-03  -0.19870E-05
 16.102  12.566    0.30847E-03  -0.10173E-03   0.15061E-03  -0.34254E-04  -0.10297E-03  -0.42875E-06
 16.102  12.566    0.86134E-03   0.31634E-03  -0.55163E-04   0.10723E-03  -0.26605E-03   0.56281E-06
 16.102  12.566    0.10370E-01   0.69427E-04   0.16057E-02   0.15863E-04  -0.27573E-02   0.77810E-04
 16.102  12.566    0.15912E-02   0.17078E-03   0.67817E-03   0.55348E-04  -0.42402E-03   0.92029E-05
 16.102  12.566   -0.32072E-03  -0.18445E-03  -0.42151E-04  -0.62843E-04   0.10436E-03   0.22409E-05
 16.102  12.566   -0.99695E-04  -0.28077E-03   0.26520E-05  -0.90545E-04   0.25306E-04  -0.36056E-05
 16.102  12.566    0.26696E-02   0.11477E-04   0.60764E-03  -0.15801E-05  -0.78184E-03   0.16520E-04
 16.102  12.566    0.11650E-02  -0.18414E-03  -0.23228E-03  -0.61042E-04  -0.37792E-03  -0.10251E-06
 16.102  12.566    0.46634E-03   0.79062E-03  -0.22409E-03   0.26567E-03  -0.13618E-03   0.58087E-05
 16.102  12.566    0.96272E-03  -0.52157E-04   0.92401E-04  -0.17588E-04  -0.28370E-03   0.40573E-05
 16.102  12.566   -0.68557E-03   0.14514E-03  -0.11622E-03   0.48660E-04   0.20718E-03  -0.19826E-05
 16.102  12.566    0.30823E-03  -0.10133E-03   0.15044E-03  -0.34118E-04  -0.10288E-03  -0.42748E-06
 16.102  12.566    0.85870E-03   0.31656E-03  -0.55368E-04   0.10731E-03  -0.26528E-03   0.54435E-06
 16.102  12.566    0.10378E-01   0.70014E-04   0.16065E-02   0.16148E-04  -0.27599E-02   0.77837E-04
  4.026   6.283    0.19780E+02  -0.60895E+00  -0.67192E+02  -0.15814E+00  -0.58687E+01   0.45214E-01
  4.026   6.283   -0.26024E+01   0.12548E+00   0.28868E+01   0.35046E-01   0.96427E+00   0.20559E-01
  4.026   6.283    0.40860E+01  -0.51282E-01  -0.17215E+01  -0.13980E-01  -0.12711E+01  -0.82809E-02
  4.026   6.283   -0.43980E+01   0.48780E-01   0.58126E+00   0.16477E-01   0.12780E+01  -0.32177E-02
  4.026   6.283    0.38080E+01  -0.92253E-01   0.22374E+00  -0.29155E-01  -0.10476E+01   0.72821E-02
  4.026   6.283    0.10056E+01  -0.99332E+00   0.21978E+01  -0.28969E+00  -0.26093E+00   0.78302E-02
  4.026   6.283   -0.29862E+01   0.23732E+01  -0.75745E+00   0.65346E+00   0.82041E+00   0.35750E-01
  4.026   6.283    0.51965E+00  -0.86449E+00   0.25950E+01  -0.25122E+00   0.21119E-01  -0.14404E-01
  4.026   6.283   -0.45243E+01   0.58158E+00   0.13525E+01   0.18249E+00   0.13062E+01  -0.20375E-01
  4.026   6.283    0.60172E+00  -0.37982E+00   0.15133E+01  -0.10076E+00  -0.65669E-01  -0.13754E-02
  4.026   6.283   -0.34183E+01   0.17234E+00   0.23974E+01   0.45182E-01   0.11120E+01   0.15269E-01
  4.026   6.283    0.20053E+02  -0.75270E+00  -0.67838E+02  -0.20206E+00  -0.59691E+01   0.45443E-01
  4.026   6.283   -0.31815E+01  -0.14363E-01   0.28554E+01  -0.43723E-02   0.11328E+01   0.18849E-01
  4.026   6.283    0.40813E+01  -0.18694E+00  -0.17131E+01  -0.52958E-01  -0.12764E+01  -0.86558E-02
  4.026   6.283   -0.46930E+01   0.98081E-02   0.40342E+00   0.51421E-02   0.13529E+01  -0.48748E-02
  4.026   6.283   -0.13738E+01  -0.27800E+01   0.25652E+01  -0.76343E+00   0.41529E+00  -0.25951E-02
  4.026   6.283    0.16624E+01  -0.94743E+00   0.19934E+01  -0.27801E+00  -0.45467E+00   0.93580E-02
  4.026   6.283   -0.33773E+01   0.24265E+01  -0.71236E+00   0.66909E+00   0.92851E+00   0.35526E-01
  4.026   6.283    0.70699E+00  -0.94589E+00   0.26888E+01  -0.27411E+00  -0.26869E-01  -0.14437E-01
  4.026   6.283   -0.42291E+01   0.63065E+00   0.15057E+01   0.19612E+00   0.12204E+01  -0.19270E-01
  4.026   6.283    0.25642E+00  -0.84040E-01  -0.15424E+01  -0.19594E-01  -0.15454E+00  -0.13429E-01
  4.026   6.283   -0.36896E+01   0.25020E+00   0.22973E+01   0.64671E-01   0.11916E+01   0.17613E-01
  4.026   6.283    0.20118E+02  -0.73695E+00  -0.68034E+02  -0.19779E+00  -0.59842E+01   0.44869E-01
  4.026   6.283   -0.28346E+01   0.29556E-01   0.28079E+01   0.81754E-02   0.10396E+01   0.18970E-01
  4.026   6.283    0.40861E+01  -0.19895E+00  -0.16250E+01  -0.56033E-01  -0.12732E+01  -0.80948E-02
  4.026   6.283    0.25708E+01   0.24903E+01  -0.95565E+00   0.69223E+00  -0.60174E+00   0.18406E-01
  4.026   6.283   -0.96051E+00  -0.27818E+01   0.24619E+01  -0.76404E+00   0.28469E+00  -0.39224E-02
  4.026   6.283    0.13110E+01  -0.96059E+00   0.19602E+01  -0.28081E+00  -0.35607E+00   0.72756E-02
  4.026   6.283   -0.31861E+01   0.25268E+01  -0.60391E+00   0.69653E+00   0.88533E+00   0.38424E-01
  4.026   6.283    0.86408E+00  -0.81100E+00   0.22485E+01  -0.23685E+00  -0.94859E-01  -0.16553E-01
  4.026   6.283    0.18094E+01   0.64590E-01   0.86298E+00   0.13207E-01  -0.47956E+00   0.91401E-02
  4.026   6.283    0.55607E+00  -0.85931E-01  -0.14056E+01  -0.19544E-01  -0.23684E+00  -0.13229E-01
  4.026   6.283   -0.34107E+01   0.31682E+00   0.22049E+01   0.82082E-01   0.11173E+01   0.19472E-01
  4.026   6.283    0.20307E+02  -0.72541E+00  -0.67890E+02  -0.19381E+00  -0.60233E+01   0.43706E-01
  4.026   6.283   -0.27255E+01   0.14781E+00   0.28415E+01   0.42656E-01   0.10043E+01   0.18538E-01
  4.026   6.283   -0.35348E+01  -0.12556E+01   0.14487E+01  -0.37417E+00   0.99950E+00   0.18189E-01
  4.026   6.283    0.24928E+01   0.24114E+01  -0.85074E+00   0.67031E+00  -0.57391E+00   0.19963E-01
  4.026   6.283   -0.95948E+00  -0.28096E+01   0.24760E+01  -0.77278E+00   0.28434E+00  -0.29906E-02
  4.026   6.283    0.10458E+01  -0.10330E+01   0.19802E+01  -0.30030E+00  -0.28021E+00   0.52008E-02
  4.026   6.283   -0.30634E+01   0.22503E+01  -0.44309E+00   0.61925E+00   0.85171E+00   0.38030E-01
  4.026   6.283   -0.21884E+01  -0.20100E-01  -0.31491E+00  -0.30252E-02   0.63379E+00  -0.82079E-03
  4.026   6.283    0.16791E+01   0.28518E-01   0.71576E+00   0.30281E-02  -0.44773E+00   0.85776E-02
  4.026   6.283    0.58755E+00  -0.67328E-01  -0.13220E+01  -0.14403E-01  -0.23986E+00  -0.12436E-01
  4.026   6.283   -0.34334E+01   0.41915E+00   0.21626E+01   0.11134E+00   0.11208E+01   0.18723E-01
  4.026   6.283    0.20113E+02  -0.55987E+00  -0.67721E+02  -0.14505E+00  -0.59705E+01   0.42849E-01
  4.026   6.283   -0.77620E+00   0.60126E-01   0.14657E+01   0.18561E-01   0.29130E+00   0.14708E-01
  4.026   6.283   -0.32266E+01  -0.11659E+01   0.13500E+01  -0.34844E+00   0.90867E+00   0.17430E-01
  4.026   6.283    0.24659E+01   0.24423E+01  -0.90811E+00   0.67986E+00  -0.57022E+00   0.18683E-01
  4.026   6.283   -0.76072E+00  -0.27604E+01   0.25866E+01  -0.75976E+00   0.22806E+00  -0.76841E-03
  4.026   6.283    0.12042E+01  -0.55420E+00   0.19434E+01  -0.16635E+00  -0.32363E+00   0.77913E-02
  4.026   6.283   -0.17027E+01   0.33805E+01   0.24416E+01   0.94133E+00   0.50672E+00  -0.12903E-02
  4.026   6.283    0.22461E+01   0.16568E+01   0.23791E+01   0.49268E+00  -0.64210E+00  -0.15228E-01
  4.026   6.283   -0.41943E+01  -0.27199E+01  -0.13744E+00  -0.75716E+00   0.11165E+01  -0.38405E-01
  4.026   6.283    0.18344E+00   0.68304E+00   0.23682E+01   0.17828E+00   0.74604E-01   0.38725E-01
  4.026   6.283   -0.39122E+01  -0.58743E+00   0.83374E+00  -0.17875E+00   0.11141E+01   0.10762E-01
  4.026   6.283    0.19824E+02   0.40965E+00  -0.67605E+02   0.12961E+00  -0.58835E+01   0.44241E-01
  4.026   6.283   -0.28622E+01   0.59164E-01   0.27552E+01   0.12740E-01   0.10390E+01   0.24245E-01
  4.026   6.283    0.39483E+01   0.20360E+00  -0.16688E+01   0.56093E-01  -0.12351E+01  -0.59962E-02
  4.026   6.283   -0.44581E+01   0.42303E-01   0.34509E+00   0.14922E-01   0.12877E+01  -0.31715E-02
  4.026   6.283    0.36755E+01  -0.32170E-01   0.23610E+00  -0.12113E-01  -0.10105E+01   0.10145E-01
  4.026   6.283    0.24292E+01  -0.21793E+01  -0.12427E+00  -0.63220E+00  -0.61433E+00  -0.70569E-02
  4.026   6.283   -0.14385E+01   0.36835E+01   0.23804E+01   0.10263E+01   0.42463E+00  -0.60187E-03
  4.026   6.283    0.21535E+01   0.16113E+01   0.23467E+01   0.47976E+00  -0.60785E+00  -0.15951E-01
  4.026   6.283   -0.40621E+01  -0.27654E+01  -0.10428E+00  -0.76998E+00   0.10816E+01  -0.38627E-01
  4.026   6.283    0.42983E+00   0.72547E+00   0.22689E+01   0.19094E+00  -0.57215E-02   0.38444E-01
  4.026   6.283   -0.32592E+01  -0.10150E+00   0.21962E+01  -0.29654E-01   0.10659E+01   0.12087E-01
  4.026   6.283    0.19958E+02   0.40430E+00  -0.68017E+02   0.12687E+00  -0.59352E+01   0.44543E-01
  4.026   6.283   -0.27715E+01   0.19653E-01   0.27944E+01   0.16485E-02   0.10240E+01   0.25210E-01
  4.026   6.283    0.42227E+01   0.17958E+00  -0.16358E+01   0.49368E-01  -0.13099E+01  -0.60157E-02
  4.026   6.283   -0.47726E+01  -0.82142E-01   0.38698E+00  -0.19580E-01   0.13755E+01  -0.39135E-02
  4.026   6.283   -0.35678E+01   0.11862E+01   0.18682E+01   0.33896E+00   0.10391E+01  -0.17002E-01
  4.026   6.283    0.24450E+01  -0.23383E+01  -0.27510E+00  -0.67796E+00  -0.62576E+00  -0.89458E-02
  4.026   6.283   -0.14982E+01   0.36689E+01   0.23789E+01   0.10227E+01   0.43426E+00  -0.29600E-03
  4.026   6.283    0.19900E+01   0.16453E+01   0.23590E+01   0.48887E+00  -0.56150E+00  -0.14839E-01
  4.026   6.283   -0.38497E+01  -0.28410E+01  -0.18638E+00  -0.79122E+00   0.10159E+01  -0.40361E-01
  4.026   6.283    0.27733E+00  -0.16408E-01  -0.13020E+01   0.38090E-03  -0.15600E+00  -0.95939E-02
  4.026   6.283   -0.31554E+01  -0.21138E+00   0.22095E+01  -0.59746E-01   0.10448E+01   0.10690E-01
  4.026   6.283    0.20345E+02   0.36990E+00  -0.67948E+02   0.11606E+00  -0.60347E+01   0.47464E-01
  4.026   6.283   -0.27511E+01  -0.10166E+00   0.28773E+01  -0.32840E-01   0.10172E+01   0.25040E-01
  4.026   6.283    0.42401E+01   0.18840E+00  -0.17356E+01   0.52581E-01  -0.13146E+01  -0.62894E-02
  4.026   6.283   -0.87630E-01  -0.28641E+00   0.15095E+01  -0.81973E-01   0.10996E+00  -0.19247E-02
  4.026   6.283   -0.39204E+01   0.12860E+01   0.20191E+01   0.36803E+00   0.11444E+01  -0.16555E-01
  4.026   6.283    0.25127E+01  -0.22718E+01  -0.17170E+00  -0.65907E+00  -0.63950E+00  -0.92899E-02
  4.026   6.283   -0.14577E+01   0.36533E+01   0.23229E+01   0.10189E+01   0.42272E+00  -0.11848E-02
  4.026   6.283    0.16822E+01   0.17189E+01   0.26200E+01   0.50887E+00  -0.46176E+00  -0.12510E-01
  4.026   6.283    0.18364E+01  -0.35120E-01   0.83803E+00  -0.13860E-01  -0.48966E+00   0.68053E-02
  4.026   6.283    0.50793E+00  -0.68261E-01  -0.12632E+01  -0.14790E-01  -0.22076E+00  -0.98349E-02
  4.026   6.283   -0.33465E+01  -0.32810E+00   0.22327E+01  -0.93612E-01   0.10976E+01   0.10501E-01
  4.026   6.283    0.20221E+02   0.20449E+00  -0.67824E+02   0.69417E-01  -0.60031E+01   0.47192E-01
  4.026   6.283   -0.26513E+01  -0.20965E-01   0.29202E+01  -0.93294E-02   0.98290E+00   0.24488E-01
  4.026   6.283   -0.24910E+01   0.39558E+00   0.69234E+00   0.12167E+00   0.73776E+00  -0.69767E-02
  4.026   6.283    0.57700E+00  -0.31416E+00   0.15011E+01  -0.90795E-01  -0.74045E-01  -0.61760E-03
  4.026   6.283   -0.38292E+01   0.11881E+01   0.18212E+01   0.33953E+00   0.11079E+01  -0.16398E-01
  4.026   6.283    0.24315E+01  -0.22682E+01  -0.18497E+00  -0.65809E+00  -0.61505E+00  -0.83468E-02
  4.026   6.283   -0.11760E+01   0.36165E+01   0.23331E+01   0.10085E+01   0.33656E+00  -0.24508E-02
  4.026   6.283   -0.21975E+01   0.12412E+00  -0.37950E+00   0.39552E-01   0.63712E+00  -0.47790E-02
  4.026   6.283    0.13683E+01  -0.95175E-01   0.80340E+00  -0.31419E-01  -0.35964E+00   0.65048E-02
  4.026   6.283    0.53861E+00  -0.13117E+00  -0.14184E+01  -0.32643E-01  -0.23733E+00  -0.10961E-01
  4.026   6.283   -0.33653E+01  -0.33362E+00   0.21629E+01  -0.95437E-01   0.10981E+01   0.10536E-01
  4.026   6.283    0.19870E+02  -0.14696E+00  -0.67602E+02  -0.27854E-01  -0.59006E+01   0.46237E-01
