 16.102  12.566    0.39080E-03   0.63233E-03   0.15444E-02  -0.72701E-04   0.93695E-03   0.26272E-03
 16.102  12.566    0.48101E-02  -0.91189E-03   0.61932E-03  -0.30214E-03  -0.13581E-02   0.24581E-04
 16.102  12.566   -0.41500E-02  -0.29533E-03  -0.12376E-03  -0.98900E-04   0.12086E-02  -0.18291E-04
 16.102  12.566    0.21392E-02  -0.11064E-03   0.11574E-03  -0.37333E-04  -0.64163E-03   0.73558E-05
 16.102  12.566    0.22810E-03   0.28257E-03  -0.50118E-04   0.95376E-04  -0.44082E-04   0.39262E-05
 16.102  12.566    0.17052E-02   0.18382E-02   0.70237E-03   0.60111E-03  -0.42417E-03   0.17019E-04
 16.102  12.566    0.13168E-02  -0.23010E-02  -0.28048E-03  -0.75257E-03  -0.40328E-03  -0.20294E-04
 16.102  12.566    0.12109E-02   0.11943E-03   0.86686E-03   0.46451E-04  -0.26852E-03   0.27476E-05
 16.102  12.566    0.11426E-02  -0.66309E-03   0.17777E-03  -0.20236E-03  -0.33798E-03  -0.30451E-04
 16.102  12.566   -0.12963E-02  -0.12609E-02  -0.54881E-04  -0.42739E-03   0.41489E-03   0.98565E-05
 16.102  12.566   -0.74791E-02   0.59508E-03  -0.11358E-02   0.19601E-03   0.22384E-02  -0.24246E-04
 16.102  12.566    0.39146E-03   0.63253E-03   0.15442E-02  -0.72608E-04   0.93680E-03   0.26272E-03
 16.102  12.566    0.48104E-02  -0.91186E-03   0.61937E-03  -0.30213E-03  -0.13582E-02   0.24581E-04
 16.102  12.566   -0.41505E-02  -0.29538E-03  -0.12388E-03  -0.98916E-04   0.12087E-02  -0.18294E-04
 16.102  12.566    0.21392E-02  -0.11078E-03   0.11561E-03  -0.37378E-04  -0.64168E-03   0.73537E-05
 16.102  12.566   -0.54287E-02  -0.31293E-02  -0.64878E-03  -0.10298E-02   0.17098E-02  -0.26594E-04
 16.102  12.566    0.17057E-02   0.18379E-02   0.70233E-03   0.60101E-03  -0.42433E-03   0.17018E-04
 16.102  12.566    0.13166E-02  -0.23010E-02  -0.28052E-03  -0.75257E-03  -0.40321E-03  -0.20294E-04
 16.102  12.566    0.12107E-02   0.11958E-03   0.86683E-03   0.46497E-04  -0.26845E-03   0.27485E-05
 16.102  12.566    0.11424E-02  -0.66330E-03   0.17783E-03  -0.20241E-03  -0.33786E-03  -0.30452E-04
 16.102  12.566    0.29102E-02  -0.78013E-03   0.17099E-03  -0.26012E-03  -0.83873E-03   0.13733E-04
 16.102  12.566   -0.74787E-02   0.59494E-03  -0.11362E-02   0.19578E-03   0.22384E-02  -0.24246E-04
 16.102  12.566    0.39124E-03   0.63238E-03   0.15442E-02  -0.72659E-04   0.93686E-03   0.26272E-03
 16.102  12.566    0.48102E-02  -0.91184E-03   0.61937E-03  -0.30212E-03  -0.13581E-02   0.24582E-04
 16.102  12.566   -0.41501E-02  -0.29507E-03  -0.12403E-03  -0.98814E-04   0.12085E-02  -0.18291E-04
 16.102  12.566   -0.52396E-04   0.22806E-02  -0.10962E-02   0.74892E-03  -0.67542E-04   0.16062E-04
 16.102  12.566   -0.54285E-02  -0.31293E-02  -0.64927E-03  -0.10298E-02   0.17099E-02  -0.26592E-04
 16.102  12.566    0.17056E-02   0.18381E-02   0.70240E-03   0.60105E-03  -0.42430E-03   0.17017E-04
 16.102  12.566    0.13165E-02  -0.23011E-02  -0.28056E-03  -0.75262E-03  -0.40319E-03  -0.20296E-04
 16.102  12.566    0.12115E-02   0.11959E-03   0.86668E-03   0.46552E-04  -0.26878E-03   0.27506E-05
 16.102  12.566    0.35716E-03  -0.14135E-03   0.30396E-03  -0.48459E-04  -0.13192E-03  -0.19954E-05
 16.102  12.566    0.29102E-02  -0.77995E-03   0.17075E-03  -0.26013E-03  -0.83871E-03   0.13730E-04
 16.102  12.566   -0.74783E-02   0.59501E-03  -0.11361E-02   0.19580E-03   0.22383E-02  -0.24244E-04
 16.102  12.566    0.39146E-03   0.63234E-03   0.15442E-02  -0.72674E-04   0.93680E-03   0.26272E-03
 16.102  12.566    0.48091E-02  -0.91182E-03   0.61955E-03  -0.30211E-03  -0.13576E-02   0.24581E-04
 16.102  12.566   -0.22388E-02  -0.12744E-02  -0.88425E-03  -0.43483E-03   0.66400E-03  -0.12304E-05
 16.102  12.566   -0.52184E-04   0.22807E-02  -0.10964E-02   0.74893E-03  -0.67497E-04   0.16063E-04
 16.102  12.566   -0.54281E-02  -0.31293E-02  -0.64934E-03  -0.10298E-02   0.17098E-02  -0.26589E-04
 16.102  12.566    0.17051E-02   0.18381E-02   0.70241E-03   0.60107E-03  -0.42416E-03   0.17017E-04
 16.102  12.566    0.13173E-02  -0.23011E-02  -0.28084E-03  -0.75273E-03  -0.40364E-03  -0.20295E-04
 16.102  12.566   -0.24495E-02   0.44939E-03  -0.42858E-03   0.15108E-03   0.73873E-03  -0.80697E-05
 16.102  12.566    0.35724E-03  -0.14124E-03   0.30375E-03  -0.48464E-04  -0.13188E-03  -0.19972E-05
 16.102  12.566    0.29108E-02  -0.78000E-03   0.17091E-03  -0.26014E-03  -0.83889E-03   0.13732E-04
 16.102  12.566   -0.74786E-02   0.59511E-03  -0.11362E-02   0.19583E-03   0.22384E-02  -0.24246E-04
 16.102  12.566    0.39242E-03   0.63249E-03   0.15436E-02  -0.72624E-04   0.93613E-03   0.26272E-03
 16.102  12.566    0.29719E-03   0.29607E-02   0.46848E-04   0.95913E-03  -0.10451E-03   0.39074E-04
 16.102  12.566   -0.22392E-02  -0.12746E-02  -0.88432E-03  -0.43487E-03   0.66412E-03  -0.12343E-05
 16.102  12.566   -0.51837E-04   0.22807E-02  -0.10963E-02   0.74895E-03  -0.67589E-04   0.16065E-04
 16.102  12.566   -0.54284E-02  -0.31293E-02  -0.64947E-03  -0.10298E-02   0.17099E-02  -0.26590E-04
 16.102  12.566    0.17050E-02   0.18379E-02   0.70194E-03   0.60119E-03  -0.42424E-03   0.17013E-04
 16.102  12.566   -0.22615E-02   0.21234E-03  -0.88628E-03   0.62919E-04   0.61559E-03  -0.10047E-04
 16.102  12.566    0.84722E-03  -0.13721E-02   0.81210E-03  -0.46232E-03  -0.21959E-03   0.20126E-04
 16.102  12.566   -0.46667E-02  -0.38444E-03  -0.11688E-02  -0.13089E-03   0.13884E-02  -0.17497E-04
 16.102  12.566   -0.37461E-02  -0.12001E-03  -0.35130E-03  -0.49405E-04   0.11952E-02   0.45965E-05
 16.102  12.566   -0.12679E-02   0.41518E-03  -0.14587E-04   0.15068E-03   0.36347E-03  -0.30636E-04
 16.102  12.566    0.39139E-03   0.63237E-03   0.15443E-02  -0.72821E-04   0.93686E-03   0.26273E-03
 16.102  12.566    0.48101E-02  -0.91139E-03   0.61840E-03  -0.30186E-03  -0.13582E-02   0.24578E-04
 16.102  12.566   -0.41500E-02  -0.29576E-03  -0.12493E-03  -0.98954E-04   0.12086E-02  -0.18294E-04
 16.102  12.566    0.21403E-02  -0.11075E-03   0.11525E-03  -0.37498E-04  -0.64195E-03   0.73567E-05
 16.102  12.566    0.22775E-03   0.28250E-03  -0.50245E-04   0.95314E-04  -0.43981E-04   0.39238E-05
 16.102  12.566    0.11396E-02  -0.27155E-03   0.11183E-02  -0.81571E-04  -0.25151E-03   0.20105E-05
 16.102  12.566   -0.22613E-02   0.21246E-03  -0.88609E-03   0.62871E-04   0.61544E-03  -0.10047E-04
 16.102  12.566    0.84739E-03  -0.13720E-02   0.81212E-03  -0.46226E-03  -0.21964E-03   0.20128E-04
 16.102  12.566   -0.46666E-02  -0.38437E-03  -0.11688E-02  -0.13086E-03   0.13884E-02  -0.17497E-04
 16.102  12.566   -0.37466E-02  -0.12024E-03  -0.35127E-03  -0.49475E-04   0.11954E-02   0.45929E-05
 16.102  12.566   -0.74792E-02   0.59526E-03  -0.11353E-02   0.19620E-03   0.22384E-02  -0.24250E-04
 16.102  12.566    0.39183E-03   0.63230E-03   0.15441E-02  -0.72840E-04   0.93679E-03   0.26272E-03
 16.102  12.566    0.48105E-02  -0.91132E-03   0.61854E-03  -0.30183E-03  -0.13584E-02   0.24580E-04
 16.102  12.566   -0.41501E-02  -0.29577E-03  -0.12486E-03  -0.98957E-04   0.12086E-02  -0.18295E-04
 16.102  12.566    0.21400E-02  -0.11083E-03   0.11515E-03  -0.37546E-04  -0.64191E-03   0.73562E-05
 16.102  12.566    0.18247E-02   0.11516E-02   0.42179E-03   0.38884E-03  -0.47017E-03   0.12074E-05
 16.102  12.566    0.11392E-02  -0.27181E-03   0.11185E-02  -0.81645E-04  -0.25147E-03   0.20098E-05
 16.102  12.566   -0.22617E-02   0.21237E-03  -0.88621E-03   0.62841E-04   0.61554E-03  -0.10048E-04
 16.102  12.566    0.84763E-03  -0.13720E-02   0.81223E-03  -0.46228E-03  -0.21971E-03   0.20131E-04
 16.102  12.566   -0.46669E-02  -0.38424E-03  -0.11683E-02  -0.13082E-03   0.13887E-02  -0.17494E-04
 16.102  12.566    0.29099E-02  -0.78005E-03   0.17226E-03  -0.26017E-03  -0.83846E-03   0.13731E-04
 16.102  12.566   -0.74791E-02   0.59545E-03  -0.11352E-02   0.19626E-03   0.22383E-02  -0.24248E-04
 16.102  12.566    0.39165E-03   0.63226E-03   0.15440E-02  -0.72856E-04   0.93684E-03   0.26272E-03
 16.102  12.566    0.48106E-02  -0.91156E-03   0.61859E-03  -0.30191E-03  -0.13584E-02   0.24579E-04
 16.102  12.566   -0.41493E-02  -0.29548E-03  -0.12463E-03  -0.98988E-04   0.12083E-02  -0.18292E-04
 16.102  12.566    0.53923E-03   0.20189E-02   0.25542E-03   0.64556E-03  -0.15495E-03   0.36052E-04
 16.102  12.566    0.18247E-02   0.11519E-02   0.42195E-03   0.38898E-03  -0.47022E-03   0.12074E-05
 16.102  12.566    0.11391E-02  -0.27180E-03   0.11186E-02  -0.81641E-04  -0.25143E-03   0.20075E-05
 16.102  12.566   -0.22613E-02   0.21237E-03  -0.88623E-03   0.62844E-04   0.61542E-03  -0.10048E-04
 16.102  12.566    0.84666E-03  -0.13720E-02   0.81305E-03  -0.46226E-03  -0.21903E-03   0.20130E-04
 16.102  12.566    0.35699E-03  -0.14088E-03   0.30478E-03  -0.48326E-04  -0.13180E-03  -0.19937E-05
 16.102  12.566    0.29093E-02  -0.77988E-03   0.17222E-03  -0.26012E-03  -0.83834E-03   0.13731E-04
 16.102  12.566   -0.74793E-02   0.59542E-03  -0.11353E-02   0.19625E-03   0.22384E-02  -0.24249E-04
 16.102  12.566    0.39193E-03   0.63235E-03   0.15441E-02  -0.72826E-04   0.93675E-03   0.26273E-03
 16.102  12.566    0.48094E-02  -0.91147E-03   0.61953E-03  -0.30216E-03  -0.13577E-02   0.24579E-04
 16.102  12.566   -0.16707E-02  -0.57293E-03  -0.43436E-03  -0.18705E-03   0.53658E-03  -0.60037E-05
 16.102  12.566    0.53931E-03   0.20190E-02   0.25521E-03   0.64553E-03  -0.15491E-03   0.36053E-04
 16.102  12.566    0.18248E-02   0.11519E-02   0.42194E-03   0.38900E-03  -0.47027E-03   0.12095E-05
 16.102  12.566    0.11390E-02  -0.27182E-03   0.11186E-02  -0.81649E-04  -0.25139E-03   0.20086E-05
 16.102  12.566   -0.22612E-02   0.21231E-03  -0.88685E-03   0.62822E-04   0.61514E-03  -0.10051E-04
 16.102  12.566   -0.24502E-02   0.44884E-03  -0.42841E-03   0.15091E-03   0.73904E-03  -0.80751E-05
 16.102  12.566    0.35705E-03  -0.14077E-03   0.30472E-03  -0.48289E-04  -0.13178E-03  -0.19929E-05
 16.102  12.566    0.29094E-02  -0.77995E-03   0.17228E-03  -0.26014E-03  -0.83838E-03   0.13733E-04
 16.102  12.566   -0.74799E-02   0.59546E-03  -0.11355E-02   0.19626E-03   0.22386E-02  -0.24249E-04
 16.102  12.566    0.39303E-03   0.63235E-03   0.15431E-02  -0.72688E-04   0.93598E-03   0.26273E-03
  4.026   6.283    0.79285E+01   0.16072E+02  -0.17366E-01   0.44686E+01  -0.20501E+01   0.16572E+00
  4.026   6.283   -0.17262E+01  -0.14495E+00  -0.55776E+00  -0.39147E-01   0.46067E+00  -0.44995E-02
  4.026   6.283    0.61212E+00   0.13579E+00   0.69464E+00   0.36995E-01  -0.13223E+00   0.61535E-02
  4.026   6.283    0.39414E+00  -0.52421E-01  -0.57735E+00  -0.13845E-01  -0.14876E+00  -0.40788E-02
  4.026   6.283   -0.10652E+01  -0.50086E-01   0.39503E+00  -0.14692E-01   0.32511E+00   0.15176E-02
  4.026   6.283    0.19782E+01  -0.25990E+01  -0.46555E+00  -0.72853E+00  -0.55851E+00  -0.13287E-01
  4.026   6.283   -0.88968E+00   0.50040E+00   0.10065E+01   0.14744E+00   0.23060E+00  -0.53485E-02
  4.026   6.283    0.55713E+00  -0.25126E+00   0.28654E+00  -0.73686E-01  -0.12541E+00  -0.20592E-04
  4.026   6.283   -0.12278E+01   0.18392E+00   0.16962E+00   0.56808E-01   0.34214E+00  -0.40073E-02
  4.026   6.283   -0.49516E+00   0.66210E-02   0.46534E+00   0.49815E-02   0.16318E+00  -0.21742E-02
  4.026   6.283   -0.14199E+01  -0.79925E-02  -0.84920E+00  -0.23843E-02   0.37647E+00  -0.56449E-02
  4.026   6.283    0.75056E+01   0.15837E+02  -0.10582E+00   0.44021E+01  -0.19321E+01   0.16485E+00
  4.026   6.283   -0.16864E+01  -0.19511E+00  -0.58784E+00  -0.53581E-01   0.45256E+00  -0.48966E-02
  4.026   6.283    0.44071E+00   0.10415E+00   0.71593E+00   0.27652E-01  -0.86673E-01   0.63796E-02
  4.026   6.283    0.29296E+00  -0.72348E-01  -0.59503E+00  -0.19873E-01  -0.12118E+00  -0.42575E-02
  4.026   6.283   -0.16254E+01  -0.28255E+01   0.75744E+00  -0.78684E+00   0.46070E+00  -0.12665E-01
  4.026   6.283    0.21454E+01  -0.25734E+01  -0.50979E+00  -0.72177E+00  -0.61501E+00  -0.14473E-01
  4.026   6.283   -0.11160E+01   0.52285E+00   0.10570E+01   0.15442E+00   0.29606E+00  -0.61523E-02
  4.026   6.283    0.74711E+00  -0.23650E+00   0.28592E+00  -0.70129E-01  -0.17765E+00   0.93563E-03
  4.026   6.283   -0.12190E+01   0.23006E+00   0.55200E-01   0.69596E-01   0.33244E+00  -0.43596E-02
  4.026   6.283    0.12854E+01   0.12162E+00   0.24424E+00   0.33707E-01  -0.37341E+00   0.13414E-02
  4.026   6.283   -0.13497E+01  -0.56511E-01  -0.92353E+00  -0.17079E-01   0.35533E+00  -0.49781E-02
  4.026   6.283    0.73187E+01   0.15776E+02  -0.15396E+00   0.43850E+01  -0.18816E+01   0.16352E+00
  4.026   6.283   -0.15425E+01  -0.19335E+00  -0.64985E+00  -0.52628E-01   0.41198E+00  -0.55140E-02
  4.026   6.283    0.52090E+00   0.10411E+00   0.69393E+00   0.27839E-01  -0.10995E+00   0.61765E-02
  4.026   6.283    0.12992E+01   0.85286E+00   0.10277E+01   0.23946E+00  -0.35031E+00   0.14151E-01
  4.026   6.283   -0.16863E+01  -0.28601E+01   0.70167E+00  -0.79651E+00   0.47514E+00  -0.13244E-01
  4.026   6.283    0.21667E+01  -0.26016E+01  -0.47408E+00  -0.72996E+00  -0.61728E+00  -0.13842E-01
  4.026   6.283   -0.11543E+01   0.51984E+00   0.10419E+01   0.15384E+00   0.30616E+00  -0.66686E-02
  4.026   6.283    0.68621E+00  -0.30499E+00   0.29804E+00  -0.89169E-01  -0.16048E+00   0.32257E-03
  4.026   6.283   -0.12429E+01  -0.65642E-01   0.19534E+00  -0.17919E-01   0.37945E+00   0.59880E-03
  4.026   6.283    0.12880E+01   0.20942E+00   0.18769E+00   0.58060E-01  -0.37682E+00   0.16274E-02
  4.026   6.283   -0.13642E+01  -0.11539E+00  -0.95936E+00  -0.33810E-01   0.36203E+00  -0.55640E-02
  4.026   6.283    0.72432E+01   0.15752E+02  -0.17276E+00   0.43785E+01  -0.18629E+01   0.16239E+00
  4.026   6.283   -0.15574E+01  -0.16844E+00  -0.68187E+00  -0.45209E-01   0.41326E+00  -0.60100E-02
  4.026   6.283   -0.88157E-01  -0.31203E+00  -0.12638E+01  -0.87082E-01  -0.31091E-01  -0.13380E-01
  4.026   6.283    0.12637E+01   0.88334E+00   0.10587E+01   0.24836E+00  -0.33840E+00   0.14386E-01
  4.026   6.283   -0.16034E+01  -0.28382E+01   0.66707E+00  -0.79007E+00   0.44973E+00  -0.13586E-01
  4.026   6.283    0.21599E+01  -0.26068E+01  -0.43200E+00  -0.73158E+00  -0.61434E+00  -0.13451E-01
  4.026   6.283   -0.10074E+01   0.59304E+00   0.10417E+01   0.17407E+00   0.26362E+00  -0.58868E-02
  4.026   6.283    0.94630E+00  -0.58348E-01  -0.41553E+00  -0.16503E-01  -0.29509E+00  -0.19455E-02
  4.026   6.283   -0.12478E+01  -0.13662E+00   0.24747E+00  -0.38137E-01   0.38424E+00   0.10418E-02
  4.026   6.283    0.12917E+01   0.21874E+00   0.16752E+00   0.60606E-01  -0.37790E+00   0.16078E-02
  4.026   6.283   -0.13491E+01  -0.10784E+00  -0.10357E+01  -0.31275E-01   0.35369E+00  -0.60371E-02
  4.026   6.283    0.71610E+01   0.15779E+02  -0.23238E+00   0.43859E+01  -0.18399E+01   0.16273E+00
  4.026   6.283   -0.17370E+01  -0.42468E+00   0.70608E-01  -0.12730E+00   0.48945E+00   0.37418E-02
  4.026   6.283   -0.90817E-02  -0.33848E+00  -0.13462E+01  -0.94872E-01  -0.59045E-01  -0.13936E-01
  4.026   6.283    0.10561E+01   0.85105E+00   0.11206E+01   0.23924E+00  -0.27582E+00   0.14431E-01
  4.026   6.283   -0.14332E+01  -0.28181E+01   0.57189E+00  -0.78467E+00   0.39934E+00  -0.13764E-01
  4.026   6.283    0.18485E+01  -0.26940E+01  -0.45700E+00  -0.75554E+00  -0.52539E+00  -0.14570E-01
  4.026   6.283    0.92796E+00  -0.17815E+01  -0.96203E+00  -0.48917E+00  -0.26679E+00  -0.10167E-01
  4.026   6.283   -0.21317E+01  -0.26045E+01   0.18770E+00  -0.72734E+00   0.60712E+00  -0.18126E-01
  4.026   6.283    0.23980E+00   0.41962E-01  -0.17295E+01   0.91437E-02  -0.25869E-01  -0.84480E-02
  4.026   6.283   -0.15161E+01  -0.62576E+00  -0.78512E-02  -0.17929E+00   0.38533E+00  -0.46501E-02
  4.026   6.283   -0.12249E+00  -0.11237E+00  -0.56911E+00  -0.31801E-01   0.22581E-02  -0.79064E-02
  4.026   6.283    0.76978E+01   0.15939E+02  -0.12000E+00   0.44307E+01  -0.19837E+01   0.16553E+00
  4.026   6.283   -0.19467E+01  -0.11227E+00  -0.25951E+00  -0.29462E-01   0.51506E+00  -0.57098E-02
  4.026   6.283    0.54898E+00   0.20557E+00   0.45819E+00   0.55880E-01  -0.11766E+00   0.69035E-02
  4.026   6.283    0.38685E+00  -0.88068E-01  -0.55973E+00  -0.23549E-01  -0.14151E+00  -0.45407E-02
  4.026   6.283   -0.67981E+00  -0.71571E-01   0.41103E+00  -0.21054E-01   0.21984E+00   0.22802E-02
  4.026   6.283   -0.60808E+00   0.19139E+00  -0.13412E+01   0.49611E-01   0.19728E+00   0.14679E-01
  4.026   6.283    0.12338E+01  -0.17568E+01  -0.11183E+01  -0.48302E+00  -0.35609E+00  -0.10366E-01
  4.026   6.283   -0.24000E+01  -0.26778E+01   0.16895E+00  -0.74760E+00   0.68041E+00  -0.19077E-01
  4.026   6.283    0.36461E+00   0.47396E-01  -0.17100E+01   0.10312E-01  -0.61511E-01  -0.79124E-02
  4.026   6.283   -0.15398E+01  -0.61586E+00  -0.10440E+00  -0.17616E+00   0.38918E+00  -0.56467E-02
  4.026   6.283   -0.13526E+01  -0.12305E+00  -0.90319E+00  -0.34351E-01   0.35877E+00  -0.61188E-02
  4.026   6.283    0.74908E+01   0.15893E+02  -0.11789E+00   0.44184E+01  -0.19241E+01   0.16446E+00
  4.026   6.283   -0.18059E+01  -0.12259E+00  -0.18899E+00  -0.32821E-01   0.48004E+00  -0.58214E-02
  4.026   6.283    0.42323E+00   0.21455E+00   0.43884E+00   0.58897E-01  -0.85055E-01   0.61298E-02
  4.026   6.283    0.36393E+00  -0.46106E-01  -0.47594E+00  -0.11952E-01  -0.13114E+00  -0.38076E-02
  4.026   6.283   -0.25309E+00  -0.36992E-01   0.60981E+00  -0.11697E-01   0.95859E-01  -0.46437E-02
  4.026   6.283   -0.64080E+00   0.17086E+00  -0.13535E+01   0.43842E-01   0.20212E+00   0.14328E-01
  4.026   6.283    0.11596E+01  -0.17363E+01  -0.10497E+01  -0.47712E+00  -0.33091E+00  -0.99779E-02
  4.026   6.283   -0.22949E+01  -0.26663E+01   0.16625E+00  -0.74447E+00   0.64923E+00  -0.19254E-01
  4.026   6.283    0.15290E+00   0.22413E-01  -0.17247E+01   0.31817E-02  -0.59509E-03  -0.77152E-02
  4.026   6.283    0.17786E+01   0.16234E+00   0.12658E+00   0.45834E-01  -0.51317E+00   0.10366E-02
  4.026   6.283   -0.11609E+01  -0.18016E+00  -0.88302E+00  -0.50752E-01   0.30568E+00  -0.63619E-02
  4.026   6.283    0.75665E+01   0.15895E+02  -0.19004E+00   0.44195E+01  -0.19470E+01   0.16344E+00
  4.026   6.283   -0.17722E+01  -0.88088E-01  -0.12463E+00  -0.23152E-01   0.47587E+00  -0.53095E-02
  4.026   6.283    0.47931E+00   0.15527E+00   0.41840E+00   0.41962E-01  -0.10263E+00   0.61630E-02
  4.026   6.283    0.20680E-02  -0.47274E-01   0.56303E+00  -0.13434E-01   0.30395E-01  -0.21245E-04
  4.026   6.283   -0.24102E+00   0.14390E-01   0.70656E+00   0.26164E-02   0.99430E-01  -0.38031E-02
  4.026   6.283   -0.44632E+00   0.14460E+00  -0.14491E+01   0.36415E-01   0.14111E+00   0.13616E-01
  4.026   6.283    0.88168E+00  -0.17392E+01  -0.10121E+01  -0.47790E+00  -0.24767E+00  -0.96928E-02
  4.026   6.283   -0.19055E+01  -0.26560E+01   0.19712E+00  -0.74120E+00   0.53596E+00  -0.19341E-01
  4.026   6.283   -0.12716E+01  -0.40416E-01   0.18272E+00  -0.10821E-01   0.38461E+00   0.25147E-03
  4.026   6.283    0.17112E+01   0.15640E+00   0.11776E+00   0.44375E-01  -0.49557E+00   0.52717E-03
  4.026   6.283   -0.11570E+01  -0.19118E+00  -0.79076E+00  -0.54185E-01   0.30978E+00  -0.54374E-02
  4.026   6.283    0.76473E+01   0.15905E+02  -0.96118E-01   0.44221E+01  -0.19710E+01   0.16430E+00
  4.026   6.283   -0.17213E+01   0.15603E-01  -0.12208E+00   0.63811E-02   0.46132E+00  -0.51211E-02
  4.026   6.283   -0.10034E+01   0.12922E+00   0.11191E+00   0.40072E-01   0.28947E+00  -0.32314E-02
  4.026   6.283    0.77967E-01  -0.99303E-01   0.46904E+00  -0.28304E-01   0.43240E-02  -0.34184E-03
  4.026   6.283   -0.41277E+00   0.48107E-01   0.73706E+00   0.12352E-01   0.14735E+00  -0.37784E-02
  4.026   6.283   -0.35593E+00   0.14956E+00  -0.14703E+01   0.37815E-01   0.11457E+00   0.13639E-01
  4.026   6.283    0.81913E+00  -0.17775E+01  -0.96861E+00  -0.48899E+00  -0.22753E+00  -0.99803E-02
  4.026   6.283    0.61894E+00  -0.29926E-02  -0.45098E+00  -0.71706E-03  -0.20760E+00  -0.28065E-02
  4.026   6.283   -0.12985E+01  -0.44869E-01   0.25620E+00  -0.12077E-01   0.39642E+00   0.75781E-03
  4.026   6.283    0.15653E+01   0.10172E+00   0.17914E+00   0.27820E-01  -0.45562E+00   0.16144E-02
  4.026   6.283   -0.12358E+01  -0.21997E+00  -0.79530E+00  -0.62162E-01   0.32899E+00  -0.56659E-02
  4.026   6.283    0.76533E+01   0.15972E+02  -0.46915E-01   0.44416E+01  -0.19717E+01   0.16405E+00
