 16.102  12.566   0.196343E+01 -0.154571E+02
 16.102  12.566   0.854122E+01  0.130614E+02
 16.102  12.566  -0.149738E+02 -0.440235E+01
 16.102  12.566   0.142535E+02 -0.636014E+01
 16.102  12.566  -0.672460E+01  0.140847E+02
 16.102  12.566   0.151903E+02 -0.352338E+01
 16.102  12.566  -0.927713E+01  0.125319E+02
 16.102  12.566  -0.106753E+01 -0.155548E+02
 16.102  12.566   0.109019E+02  0.111476E+02
 16.102  12.566  -0.155050E+02 -0.142214E+01
 16.102  12.566   0.236089E+02 -0.538880E+02
 16.102  12.566  -0.305778E+02 -0.502569E+02
 16.102  12.566  -0.587067E+02 -0.378687E+01
 16.102  12.566  -0.367831E+02  0.459109E+02
 16.102  12.566   0.165004E+02  0.564672E+02
 16.102  12.566   0.237554E+02 -0.537914E+02
 16.102  12.566  -0.304298E+02 -0.503180E+02
 16.102  12.566  -0.586716E+02 -0.394570E+01
 16.102  12.566  -0.368931E+02  0.457915E+02
 16.102  12.566   0.163379E+02  0.565033E+02
 16.102  12.566  -0.231834E+01 -0.198609E+02
 16.102  12.566   0.178298E+02 -0.904369E+01
 16.102  12.566   0.146480E+02  0.136050E+02
 16.102  12.566  -0.770507E+01  0.184476E+02
 16.102  12.566  -0.199724E+02 -0.854878E+00
 16.102  12.566  -0.194195E+02 -0.478100E+01
 16.102  12.566  -0.222469E+01 -0.198752E+02
 16.102  12.566   0.178825E+02 -0.895530E+01
 16.102  12.566   0.145834E+02  0.136857E+02
 16.102  12.566  -0.780346E+01  0.184059E+02
 16.102  12.566   0.181168E+02  0.997845E+01
 16.102  12.566   0.181215E+02  0.997043E+01
 16.102  12.566   0.181214E+02  0.997038E+01
 16.102  12.566   0.181214E+02  0.997046E+01
 16.102  12.566   0.181207E+02  0.997023E+01
 16.102  12.566   0.209803E+01  0.205992E+02
 16.102  12.566   0.209769E+01  0.205994E+02
 16.102  12.566   0.209755E+01  0.205993E+02
 16.102  12.566   0.209755E+01  0.205995E+02
 16.102  12.566   0.209237E+01  0.205887E+02
 16.102  12.566  -0.274360E+01  0.930982E+01
 16.102  12.566   0.778403E+01  0.579103E+01
 16.102  12.566   0.812323E+01 -0.530310E+01
 16.102  12.566  -0.216911E+01 -0.945496E+01
 16.102  12.566  -0.962143E+01 -0.123267E+01
 16.102  12.566   0.815376E+01 -0.524484E+01
 16.102  12.566  -0.210460E+01 -0.946409E+01
 16.102  12.566  -0.960767E+01 -0.129519E+01
 16.102  12.566  -0.453530E+01  0.856768E+01
 16.102  12.566   0.648066E+01  0.721785E+01
 16.102  12.566   0.297457E+02  0.423962E+02
 16.102  12.566  -0.176554E+02  0.486848E+02
 16.102  12.566  -0.500051E+02  0.134695E+02
 16.102  12.566  -0.397214E+02 -0.332284E+02
 16.102  12.566   0.442745E+01 -0.515984E+02
 16.102  12.566  -0.177935E+02  0.486472E+02
 16.102  12.566  -0.500525E+02  0.133368E+02
 16.102  12.566  -0.396409E+02 -0.333446E+02
 16.102  12.566   0.456780E+01 -0.515986E+02
 16.102  12.566   0.448801E+02 -0.258664E+02
 16.102  12.566  -0.196370E+01 -0.154580E+02
 16.102  12.566  -0.854217E+01  0.130619E+02
 16.102  12.566   0.149722E+02 -0.440123E+01
 16.102  12.566  -0.142498E+02 -0.636000E+01
 16.102  12.566   0.672212E+01  0.140815E+02
 16.102  12.566  -0.151905E+02 -0.352305E+01
 16.102  12.566   0.927863E+01  0.125339E+02
 16.102  12.566   0.106696E+01 -0.155591E+02
 16.102  12.566  -0.109043E+02  0.111507E+02
 16.102  12.566   0.155084E+02 -0.142275E+01
 16.102  12.566  -0.236060E+02 -0.538893E+02
 16.102  12.566   0.305802E+02 -0.502550E+02
 16.102  12.566   0.587055E+02 -0.378674E+01
 16.102  12.566   0.367836E+02  0.459103E+02
 16.102  12.566  -0.164998E+02  0.564676E+02
 16.102  12.566  -0.237546E+02 -0.537913E+02
 16.102  12.566   0.304306E+02 -0.503168E+02
 16.102  12.566   0.586704E+02 -0.394407E+01
 16.102  12.566   0.368916E+02  0.457925E+02
 16.102  12.566  -0.163403E+02  0.565023E+02
 16.102  12.566   0.231820E+01 -0.198602E+02
 16.102  12.566  -0.178288E+02 -0.904321E+01
 16.102  12.566  -0.146471E+02  0.136057E+02
 16.102  12.566   0.770589E+01  0.184461E+02
 16.102  12.566   0.199720E+02 -0.856266E+00
 16.102  12.566   0.194192E+02 -0.478206E+01
 16.102  12.566   0.222268E+01 -0.198746E+02
 16.102  12.566  -0.178817E+02 -0.895353E+01
 16.102  12.566  -0.145813E+02  0.136853E+02
 16.102  12.566   0.780343E+01  0.184041E+02
 16.102  12.566  -0.181168E+02  0.997892E+01
 16.102  12.566  -0.181215E+02  0.997098E+01
 16.102  12.566  -0.181215E+02  0.997115E+01
 16.102  12.566  -0.181214E+02  0.997108E+01
 16.102  12.566  -0.181207E+02  0.997078E+01
 16.102  12.566  -0.209744E+01  0.205994E+02
 16.102  12.566  -0.209687E+01  0.205997E+02
 16.102  12.566  -0.209696E+01  0.205996E+02
 16.102  12.566  -0.209705E+01  0.205997E+02
 16.102  12.566  -0.209185E+01  0.205890E+02
 16.102  12.566   0.274394E+01  0.930922E+01
 16.102  12.566  -0.778340E+01  0.579143E+01
 16.102  12.566  -0.812454E+01 -0.530240E+01
 16.102  12.566   0.216872E+01 -0.945629E+01
 16.102  12.566   0.962279E+01 -0.123285E+01
 16.102  12.566  -0.815308E+01 -0.524592E+01
 16.102  12.566   0.210425E+01 -0.946360E+01
 16.102  12.566   0.960819E+01 -0.129538E+01
 16.102  12.566   0.453618E+01  0.856775E+01
 16.102  12.566  -0.648080E+01  0.721848E+01
 16.102  12.566  -0.297460E+02  0.423943E+02
 16.102  12.566   0.176539E+02  0.486845E+02
 16.102  12.566   0.500041E+02  0.134720E+02
 16.102  12.566   0.397233E+02 -0.332264E+02
 16.102  12.566  -0.442379E+01 -0.515988E+02
 16.102  12.566   0.177897E+02  0.486479E+02
 16.102  12.566   0.500524E+02  0.133378E+02
 16.102  12.566   0.396406E+02 -0.333430E+02
 16.102  12.566  -0.456778E+01 -0.515968E+02
 16.102  12.566  -0.448792E+02 -0.258661E+02
  4.026   6.283  -0.485111E+02  0.576391E+02
  4.026   6.283   0.570986E+02 -0.174213E+02
  4.026   6.283  -0.702854E+02 -0.101708E+03
  4.026   6.283  -0.756264E+02  0.102838E+03
  4.026   6.283   0.108804E+03 -0.653792E+02
  4.026   6.283   0.386986E+02  0.616974E+01
  4.026   6.283   0.323177E+02 -0.693722E+02
  4.026   6.283  -0.102312E+03 -0.406458E+02
  4.026   6.283   0.566416E+02  0.608170E+02
  4.026   6.283   0.473938E+02 -0.587011E+02
  4.026   6.283   0.113726E+04  0.929499E+02
  4.026   6.283   0.113059E+04 -0.206511E+03
  4.026   6.283   0.128890E+04 -0.362044E+03
  4.026   6.283   0.107294E+04 -0.674712E+03
  4.026   6.283   0.883069E+03 -0.838441E+03
  4.026   6.283   0.109013E+04  0.156689E+03
  4.026   6.283   0.107167E+04 -0.158719E+03
  4.026   6.283   0.949844E+03 -0.411113E+03
  4.026   6.283   0.932214E+03 -0.700893E+03
  4.026   6.283   0.672145E+03 -0.943801E+03
  4.026   6.283   0.173881E+04  0.424014E+02
  4.026   6.283  -0.125339E+04  0.180638E+04
  4.026   6.283  -0.137597E+04 -0.175616E+04
  4.026   6.283   0.209645E+04 -0.791868E+03
  4.026   6.283   0.123719E+03  0.228133E+04
  4.026   6.283  -0.516257E+03 -0.179099E+04
  4.026   6.283   0.191255E+04  0.110104E+02
  4.026   6.283  -0.596489E+03  0.181631E+04
  4.026   6.283  -0.161395E+04 -0.112848E+04
  4.026   6.283   0.162544E+04 -0.113120E+04
  4.026   6.283   0.221479E+04  0.161870E+02
  4.026   6.283   0.225004E+04  0.169632E+02
  4.026   6.283   0.225730E+04  0.297996E+02
  4.026   6.283   0.224631E+04  0.166870E+02
  4.026   6.283   0.224306E+04  0.289088E+01
  4.026   6.283   0.219625E+04  0.670256E+03
  4.026   6.283   0.220912E+04  0.620765E+03
  4.026   6.283   0.226409E+04  0.610138E+03
  4.026   6.283   0.231685E+04  0.628671E+03
  4.026   6.283   0.228183E+04  0.595272E+03
  4.026   6.283   0.222148E+04  0.568401E+03
  4.026   6.283  -0.158831E+03 -0.222872E+04
  4.026   6.283  -0.205254E+04  0.790023E+03
  4.026   6.283   0.135677E+04  0.170270E+04
  4.026   6.283   0.115033E+04 -0.179550E+04
  4.026   6.283  -0.154550E+04  0.132930E+04
  4.026   6.283   0.167332E+04  0.105617E+04
  4.026   6.283   0.504675E+03 -0.190600E+04
  4.026   6.283  -0.191299E+04  0.102541E+03
  4.026   6.283   0.713689E+03  0.167495E+04
  4.026   6.283   0.130533E+04  0.154466E+03
  4.026   6.283   0.127571E+04  0.528366E+03
  4.026   6.283   0.108493E+04  0.822599E+03
  4.026   6.283   0.869140E+03  0.115484E+04
  4.026   6.283   0.684421E+03  0.106433E+04
  4.026   6.283   0.115221E+04  0.248017E+03
  4.026   6.283   0.972764E+03  0.457507E+03
  4.026   6.283   0.872508E+03  0.708064E+03
  4.026   6.283   0.678181E+03  0.948287E+03
  4.026   6.283   0.380471E+03  0.112487E+04
  4.026   6.283  -0.383056E+02 -0.633148E+02
  4.026   6.283  -0.260733E+02  0.564473E+01
  4.026   6.283  -0.662152E+02 -0.643058E+02
  4.026   6.283   0.623760E+02  0.632677E+02
  4.026   6.283  -0.113164E+03 -0.288556E+02
  4.026   6.283   0.499764E+01 -0.202096E+02
  4.026   6.283  -0.335192E+02  0.698186E+02
  4.026   6.283   0.490449E+02 -0.225194E+02
  4.026   6.283  -0.517769E+02  0.895555E+02
  4.026   6.283  -0.343423E+02 -0.744366E+02
  4.026   6.283  -0.109457E+04  0.107985E+03
  4.026   6.283  -0.111893E+04 -0.238067E+03
  4.026   6.283  -0.937344E+03 -0.420313E+03
  4.026   6.283  -0.861082E+03 -0.704949E+03
  4.026   6.283  -0.637223E+03 -0.939733E+03
  4.026   6.283  -0.132631E+04 -0.187129E+03
  4.026   6.283  -0.122665E+04 -0.560137E+03
  4.026   6.283  -0.108560E+04 -0.902390E+03
  4.026   6.283  -0.899469E+03 -0.861282E+03
  4.026   6.283  -0.636835E+03 -0.102496E+04
  4.026   6.283  -0.201380E+04 -0.549527E+02
  4.026   6.283   0.771585E+03  0.184199E+04
  4.026   6.283   0.148021E+04 -0.124085E+04
  4.026   6.283  -0.161900E+04 -0.105397E+04
  4.026   6.283  -0.503053E+03  0.184746E+04
  4.026   6.283   0.119214E+04 -0.189765E+04
  4.026   6.283  -0.212618E+04 -0.559406E+03
  4.026   6.283   0.105373E+03  0.217523E+04
  4.026   6.283   0.197464E+04 -0.766623E+03
  4.026   6.283  -0.145289E+04 -0.958237E+03
  4.026   6.283  -0.217187E+04 -0.865079E+02
  4.026   6.283  -0.232351E+04 -0.146873E+03
  4.026   6.283  -0.232363E+04 -0.931709E+02
  4.026   6.283  -0.236557E+04 -0.583292E+02
  4.026   6.283  -0.241507E+04 -0.821534E+02
  4.026   6.283  -0.219618E+04  0.515544E+03
  4.026   6.283  -0.219461E+04  0.481892E+03
  4.026   6.283  -0.218614E+04  0.507776E+03
  4.026   6.283  -0.216068E+04  0.517707E+03
  4.026   6.283  -0.216470E+04  0.490000E+03
  4.026   6.283  -0.182345E+04 -0.266080E+02
  4.026   6.283   0.639696E+03 -0.176679E+04
  4.026   6.283   0.155562E+04  0.112963E+04
  4.026   6.283  -0.156129E+04  0.112557E+04
  4.026   6.283  -0.653737E+03 -0.185969E+04
  4.026   6.283   0.134833E+04  0.175433E+04
  4.026   6.283  -0.210285E+04  0.778401E+03
  4.026   6.283  -0.966642E+02 -0.225705E+04
  4.026   6.283   0.221124E+04  0.600426E+03
  4.026   6.283  -0.124171E+04  0.199517E+04
  4.026   6.283  -0.108092E+04 -0.169302E+03
  4.026   6.283  -0.108676E+04  0.141491E+03
  4.026   6.283  -0.972490E+03  0.414843E+03
  4.026   6.283  -0.800037E+03  0.652417E+03
  4.026   6.283  -0.727360E+03  0.919337E+03
  4.026   6.283  -0.111765E+04  0.212768E+03
  4.026   6.283  -0.128915E+04  0.354460E+03
  4.026   6.283  -0.106694E+04  0.683416E+03
  4.026   6.283  -0.898055E+03  0.868335E+03
  4.026   6.283  -0.681681E+03  0.112818E+04
