 16.102  12.566   0.211438E+03  0.318605E+03
 16.102  12.566  -0.367497E+03 -0.105391E+03
 16.102  12.566   0.348050E+03 -0.158104E+03
 16.102  12.566  -0.162367E+03  0.346052E+03
 16.102  12.566  -0.100808E+03 -0.368724E+03
 16.102  12.566  -0.225873E+03  0.308498E+03
 16.102  12.566  -0.281016E+02 -0.381264E+03
 16.102  12.566   0.268620E+03  0.271953E+03
 16.102  12.566  -0.380831E+03 -0.327664E+02
 16.102  12.566   0.311194E+03 -0.222042E+03
 16.102  12.566   0.277324E+03  0.152173E+03
 16.102  12.566   0.283786E+03 -0.139878E+03
 16.102  12.566   0.482548E+02 -0.312666E+03
 16.102  12.566  -0.228421E+03 -0.218911E+03
 16.102  12.566  -0.310341E+03  0.615141E+02
 16.102  12.566   0.276898E+03  0.152979E+03
 16.102  12.566   0.284181E+03 -0.139042E+03
 16.102  12.566   0.491688E+02 -0.312552E+03
 16.102  12.566  -0.227806E+03 -0.219585E+03
 16.102  12.566  -0.310518E+03  0.606279E+02
 16.102  12.566   0.714483E+02 -0.118681E+03
 16.102  12.566   0.136043E+03  0.260290E+02
 16.102  12.566   0.225896E+02  0.136650E+03
 16.102  12.566  -0.120411E+03  0.684207E+02
 16.102  12.566  -0.105844E+03 -0.893722E+02
 16.102  12.566  -0.861451E+02 -0.108492E+03
 16.102  12.566   0.720293E+02 -0.118327E+03
 16.102  12.566   0.135928E+03  0.267157E+02
 16.102  12.566   0.219008E+02  0.136777E+03
 16.102  12.566  -0.120812E+03  0.678267E+02
 16.102  12.566   0.141799E+02  0.203170E+03
 16.102  12.566   0.141895E+02  0.203135E+03
 16.102  12.566   0.141865E+02  0.203135E+03
 16.102  12.566   0.141884E+02  0.203135E+03
 16.102  12.566   0.141886E+02  0.203107E+03
 16.102  12.566  -0.159027E+03  0.127228E+03
 16.102  12.566  -0.159005E+03  0.127215E+03
 16.102  12.566  -0.159005E+03  0.127210E+03
 16.102  12.566  -0.159008E+03  0.127212E+03
 16.102  12.566  -0.158985E+03  0.127186E+03
 16.102  12.566  -0.132083E+03 -0.103041E+03
 16.102  12.566  -0.142345E+03  0.883362E+02
 16.102  12.566   0.336998E+02  0.164109E+03
 16.102  12.566   0.165659E+03  0.250792E+02
 16.102  12.566   0.807519E+02 -0.146805E+03
 16.102  12.566   0.328610E+02  0.164250E+03
 16.102  12.566   0.165503E+03  0.259320E+02
 16.102  12.566   0.815260E+02 -0.146330E+03
 16.102  12.566  -0.109145E+03 -0.127076E+03
 16.102  12.566  -0.156967E+03  0.585350E+02
 16.102  12.566  -0.252602E+03  0.111870E+03
 16.102  12.566  -0.236528E+03 -0.142692E+03
 16.102  12.566  -0.188540E+02 -0.275612E+03
 16.102  12.566   0.214937E+03 -0.173560E+03
 16.102  12.566   0.265482E+03  0.764846E+02
 16.102  12.566  -0.236113E+03 -0.143458E+03
 16.102  12.566  -0.179676E+02 -0.275673E+03
 16.102  12.566   0.215483E+03 -0.172921E+03
 16.102  12.566   0.265255E+03  0.772918E+02
 16.102  12.566   0.888921E+02  0.261620E+03
 16.102  12.566  -0.211545E+03  0.318615E+03
 16.102  12.566   0.367651E+03 -0.105279E+03
 16.102  12.566  -0.348127E+03 -0.158306E+03
 16.102  12.566   0.162305E+03  0.346238E+03
 16.102  12.566   0.100979E+03 -0.368754E+03
 16.102  12.566   0.225867E+03  0.308628E+03
 16.102  12.566   0.282484E+02 -0.381384E+03
 16.102  12.566  -0.268828E+03  0.271963E+03
 16.102  12.566   0.380973E+03 -0.326535E+02
 16.102  12.566  -0.311151E+03 -0.222180E+03
 16.102  12.566  -0.277399E+03  0.152069E+03
 16.102  12.566  -0.283698E+03 -0.139949E+03
 16.102  12.566  -0.481621E+02 -0.312665E+03
 16.102  12.566   0.228470E+03 -0.218845E+03
 16.102  12.566   0.310342E+03  0.615643E+02
 16.102  12.566  -0.276917E+03  0.152929E+03
 16.102  12.566  -0.284134E+03 -0.139062E+03
 16.102  12.566  -0.491264E+02 -0.312520E+03
 16.102  12.566   0.227792E+03 -0.219505E+03
 16.102  12.566   0.310505E+03  0.606324E+02
 16.102  12.566  -0.713853E+02 -0.118693E+03
 16.102  12.566  -0.136068E+03  0.259478E+02
 16.102  12.566  -0.226635E+02  0.136660E+03
 16.102  12.566   0.120397E+03  0.684937E+02
 16.102  12.566   0.105871E+03 -0.893280E+02
 16.102  12.566   0.861697E+02 -0.108453E+03
 16.102  12.566  -0.719892E+02 -0.118369E+03
 16.102  12.566  -0.135960E+03  0.266636E+02
 16.102  12.566  -0.219551E+02  0.136793E+03
 16.102  12.566   0.120783E+03  0.678470E+02
 16.102  12.566  -0.141972E+02  0.203169E+03
 16.102  12.566  -0.141960E+02  0.203132E+03
 16.102  12.566  -0.141966E+02  0.203133E+03
 16.102  12.566  -0.141998E+02  0.203131E+03
 16.102  12.566  -0.141935E+02  0.203106E+03
 16.102  12.566   0.159019E+03  0.127241E+03
 16.102  12.566   0.159001E+03  0.127221E+03
 16.102  12.566   0.159001E+03  0.127218E+03
 16.102  12.566   0.158999E+03  0.127221E+03
 16.102  12.566   0.158986E+03  0.127189E+03
 16.102  12.566   0.132123E+03 -0.103008E+03
 16.102  12.566   0.142314E+03  0.883753E+02
 16.102  12.566  -0.337477E+02  0.164095E+03
 16.102  12.566  -0.165648E+03  0.250171E+02
 16.102  12.566  -0.807308E+02 -0.146819E+03
 16.102  12.566  -0.329386E+02  0.164265E+03
 16.102  12.566  -0.165505E+03  0.258485E+02
 16.102  12.566  -0.814583E+02 -0.146364E+03
 16.102  12.566   0.109203E+03 -0.127024E+03
 16.102  12.566   0.156951E+03  0.585857E+02
 16.102  12.566   0.252565E+03  0.111927E+03
 16.102  12.566   0.236586E+03 -0.142667E+03
 16.102  12.566   0.188885E+02 -0.275626E+03
 16.102  12.566  -0.214944E+03 -0.173622E+03
 16.102  12.566  -0.265508E+03  0.764670E+02
 16.102  12.566   0.236156E+03 -0.143358E+03
 16.102  12.566   0.180704E+02 -0.275670E+03
 16.102  12.566  -0.215415E+03 -0.172967E+03
 16.102  12.566  -0.265285E+03  0.772222E+02
 16.102  12.566  -0.889144E+02  0.261600E+03
  4.026   6.283   0.107265E+05 -0.867918E+03
  4.026   6.283  -0.838297E+04 -0.839190E+04
  4.026   6.283   0.162307E+04  0.143639E+05
  4.026   6.283   0.843004E+04 -0.126983E+05
  4.026   6.283  -0.151461E+05  0.454134E+04
  4.026   6.283  -0.256154E+04  0.941621E+04
  4.026   6.283   0.116333E+05 -0.625493E+04
  4.026   6.283  -0.144589E+05 -0.309623E+04
  4.026   6.283   0.967091E+04  0.113926E+05
  4.026   6.283   0.816161E+02 -0.159565E+05
  4.026   6.283   0.518254E+04 -0.504126E+02
  4.026   6.283   0.535432E+04 -0.151215E+04
  4.026   6.283   0.620841E+04 -0.166535E+04
  4.026   6.283   0.603198E+04 -0.335393E+04
  4.026   6.283   0.480292E+04 -0.506755E+04
  4.026   6.283   0.532275E+04  0.143417E+04
  4.026   6.283   0.526851E+04 -0.376076E+03
  4.026   6.283   0.454195E+04 -0.147890E+04
  4.026   6.283   0.473436E+04 -0.304836E+04
  4.026   6.283   0.325192E+04 -0.414356E+04
  4.026   6.283   0.552745E+04 -0.181809E+04
  4.026   6.283  -0.142165E+04  0.581171E+04
  4.026   6.283  -0.462264E+04 -0.333565E+04
  4.026   6.283   0.469873E+04 -0.289093E+04
  4.026   6.283   0.113555E+04  0.489545E+04
  4.026   6.283  -0.252097E+04 -0.330360E+04
  4.026   6.283   0.410514E+04 -0.153322E+04
  4.026   6.283  -0.304102E+03  0.392195E+04
  4.026   6.283  -0.376234E+04 -0.145431E+04
  4.026   6.283   0.217535E+04 -0.241469E+04
  4.026   6.283  -0.373260E+03  0.132649E+03
  4.026   6.283  -0.933105E+02  0.153143E+03
  4.026   6.283  -0.168866E+03  0.320083E+03
  4.026   6.283  -0.147665E+03  0.591357E+03
  4.026   6.283  -0.489638E+02  0.113255E+04
  4.026   6.283  -0.971969E+03  0.175808E+03
  4.026   6.283  -0.794875E+03  0.760753E+03
  4.026   6.283  -0.107876E+04  0.432774E+03
  4.026   6.283  -0.834999E+03  0.236286E+03
  4.026   6.283  -0.102535E+04  0.486331E+03
  4.026   6.283  -0.421386E+04 -0.224278E+04
  4.026   6.283  -0.110538E+04  0.499496E+04
  4.026   6.283   0.528169E+04 -0.420723E+03
  4.026   6.283  -0.218241E+04 -0.501597E+04
  4.026   6.283  -0.423528E+04  0.412978E+04
  4.026   6.283   0.196069E+04 -0.185326E+04
  4.026   6.283  -0.195390E+04 -0.167627E+04
  4.026   6.283  -0.133652E+04  0.297337E+04
  4.026   6.283   0.313911E+04  0.824344E+03
  4.026   6.283  -0.158364E+03 -0.355225E+04
  4.026   6.283  -0.654128E+04 -0.113024E+04
  4.026   6.283  -0.635949E+04 -0.308019E+04
  4.026   6.283  -0.527009E+04 -0.403805E+04
  4.026   6.283  -0.392709E+04 -0.529373E+04
  4.026   6.283  -0.338993E+04 -0.407685E+04
  4.026   6.283  -0.526781E+04 -0.198109E+04
  4.026   6.283  -0.455144E+04 -0.338849E+04
  4.026   6.283  -0.421555E+04 -0.439464E+04
  4.026   6.283  -0.253082E+04 -0.579248E+04
  4.026   6.283  -0.153080E+04 -0.683191E+04
  4.026   6.283  -0.127806E+05 -0.672046E+04
  4.026   6.283   0.119695E+05 -0.405573E+04
  4.026   6.283  -0.686732E+04  0.103898E+05
  4.026   6.283  -0.141417E+04 -0.106104E+05
  4.026   6.283   0.693469E+04  0.390973E+04
  4.026   6.283  -0.256311E+04  0.138639E+05
  4.026   6.283  -0.705858E+04 -0.105920E+05
  4.026   6.283   0.114219E+05  0.285837E+04
  4.026   6.283  -0.860766E+04  0.431723E+04
  4.026   6.283   0.199698E+04 -0.861443E+04
  4.026   6.283  -0.529531E+04 -0.459775E+03
  4.026   6.283  -0.589435E+04 -0.219121E+04
  4.026   6.283  -0.455365E+04 -0.309164E+04
  4.026   6.283  -0.417593E+04 -0.450035E+04
  4.026   6.283  -0.277101E+04 -0.586506E+04
  4.026   6.283  -0.649621E+04 -0.115384E+04
  4.026   6.283  -0.663229E+04 -0.280263E+04
  4.026   6.283  -0.518506E+04 -0.393027E+04
  4.026   6.283  -0.456584E+04 -0.307819E+04
  4.026   6.283  -0.341417E+04 -0.380986E+04
  4.026   6.283  -0.277673E+04 -0.283595E+03
  4.026   6.283   0.992953E+03  0.271355E+04
  4.026   6.283   0.246759E+04 -0.151152E+04
  4.026   6.283  -0.275416E+04 -0.238273E+04
  4.026   6.283  -0.169775E+04  0.333362E+04
  4.026   6.283   0.353624E+04 -0.352530E+04
  4.026   6.283  -0.453104E+04 -0.255175E+04
  4.026   6.283  -0.110340E+04  0.536924E+04
  4.026   6.283   0.600737E+04 -0.952374E+03
  4.026   6.283  -0.327428E+04 -0.449032E+04
  4.026   6.283  -0.297736E+03  0.588566E+03
  4.026   6.283  -0.551017E+03  0.789435E+03
  4.026   6.283  -0.546418E+03  0.101986E+04
  4.026   6.283  -0.719921E+03  0.832601E+03
  4.026   6.283  -0.704200E+03  0.102650E+04
  4.026   6.283  -0.139121E+03 -0.173182E+02
  4.026   6.283   0.106973E+03  0.400884E+03
  4.026   6.283   0.398314E+02  0.799414E+03
  4.026   6.283   0.313244E+03  0.694509E+03
  4.026   6.283   0.220504E+03  0.857137E+03
  4.026   6.283   0.364485E+04 -0.136297E+04
  4.026   6.283   0.876568E+02  0.407955E+04
  4.026   6.283  -0.418533E+04 -0.113171E+04
  4.026   6.283   0.234853E+04 -0.289408E+04
  4.026   6.283   0.227342E+04  0.270216E+04
  4.026   6.283  -0.512202E+04 -0.284812E+04
  4.026   6.283   0.424713E+04 -0.349178E+04
  4.026   6.283   0.184436E+04  0.520965E+04
  4.026   6.283  -0.552403E+04 -0.281590E+02
  4.026   6.283   0.172576E+04 -0.450336E+04
  4.026   6.283   0.581220E+04  0.103103E+04
  4.026   6.283   0.531582E+04  0.395097E+02
  4.026   6.283   0.491336E+04 -0.173512E+04
  4.026   6.283   0.415826E+04 -0.242384E+04
  4.026   6.283   0.348003E+04 -0.406189E+04
  4.026   6.283   0.532211E+04 -0.150136E+04
  4.026   6.283   0.648397E+04 -0.159397E+04
  4.026   6.283   0.581813E+04 -0.348805E+04
  4.026   6.283   0.508765E+04 -0.484228E+04
  4.026   6.283   0.339985E+04 -0.584448E+04
