 16.102  12.566   0.119445E+01  0.360205E+02
 16.102  12.566  -0.242610E+02 -0.266127E+02
 16.102  12.566   0.357264E+02  0.452179E+01
 16.102  12.566  -0.301262E+02  0.197290E+02
 16.102  12.566   0.100381E+02 -0.345328E+02
 16.102  12.566  -0.333696E+02  0.135728E+02
 16.102  12.566   0.165949E+02 -0.319695E+02
 16.102  12.566   0.810281E+01  0.350969E+02
 16.102  12.566  -0.289303E+02 -0.214593E+02
 16.102  12.566   0.358083E+02 -0.249413E+01
 16.102  12.566   0.126334E+02  0.784018E+02
 16.102  12.566   0.714759E+02  0.346719E+02
 16.102  12.566   0.694053E+02 -0.386498E+02
 16.102  12.566   0.816351E+01 -0.790206E+02
 16.102  12.566  -0.600418E+02 -0.520610E+02
 16.102  12.566   0.123737E+02  0.784217E+02
 16.102  12.566   0.713293E+02  0.348792E+02
 16.102  12.566   0.694908E+02 -0.384111E+02
 16.102  12.566   0.840847E+01 -0.789540E+02
 16.102  12.566  -0.598524E+02 -0.522467E+02
 16.102  12.566  -0.456395E+01 -0.491146E+02
 16.102  12.566   0.444912E+02 -0.212830E+02
 16.102  12.566   0.353466E+02  0.343953E+02
 16.102  12.566  -0.200616E+02  0.450550E+02
 16.102  12.566  -0.492061E+02 -0.322378E+01
 16.102  12.566  -0.475531E+02 -0.129837E+02
 16.102  12.566  -0.426606E+01 -0.491161E+02
 16.102  12.566   0.446159E+02 -0.209764E+02
 16.102  12.566   0.351022E+02  0.346187E+02
 16.102  12.566  -0.203181E+02  0.449345E+02
 16.102  12.566   0.123428E+02  0.614099E+02
 16.102  12.566   0.123499E+02  0.614036E+02
 16.102  12.566   0.123498E+02  0.614038E+02
 16.102  12.566   0.123498E+02  0.614037E+02
 16.102  12.566   0.123574E+02  0.614235E+02
 16.102  12.566  -0.434953E+02  0.450682E+02
 16.102  12.566  -0.434969E+02  0.450730E+02
 16.102  12.566  -0.434970E+02  0.450730E+02
 16.102  12.566  -0.434969E+02  0.450726E+02
 16.102  12.566  -0.435130E+02  0.451059E+02
 16.102  12.566   0.598493E+01 -0.456915E+02
 16.102  12.566  -0.408214E+02 -0.214115E+02
 16.102  12.566  -0.341993E+02  0.309073E+02
 16.102  12.566   0.171848E+02  0.427730E+02
 16.102  12.566   0.460695E+02 -0.131843E+01
 16.102  12.566  -0.343954E+02  0.306995E+02
 16.102  12.566   0.169091E+02  0.428939E+02
 16.102  12.566   0.460946E+02 -0.104454E+01
 16.102  12.566   0.149488E+02 -0.436155E+02
 16.102  12.566  -0.357392E+02 -0.290943E+02
 16.102  12.566   0.182949E+01  0.786784E+02
 16.102  12.566  -0.633921E+02  0.466798E+02
 16.102  12.566  -0.746028E+02 -0.251397E+02
 16.102  12.566  -0.222107E+02 -0.755266E+02
 16.102  12.566   0.491073E+02 -0.615552E+02
 16.102  12.566  -0.635675E+02  0.464781E+02
 16.102  12.566  -0.745554E+02 -0.253762E+02
 16.102  12.566  -0.219899E+02 -0.756235E+02
 16.102  12.566   0.493229E+02 -0.613978E+02
 16.102  12.566   0.785915E+02  0.511406E+01
 16.102  12.566  -0.119486E+01  0.360195E+02
 16.102  12.566   0.242606E+02 -0.266117E+02
 16.102  12.566  -0.357255E+02  0.452114E+01
 16.102  12.566   0.301250E+02  0.197291E+02
 16.102  12.566  -0.100371E+02 -0.345320E+02
 16.102  12.566   0.333685E+02  0.135728E+02
 16.102  12.566  -0.165941E+02 -0.319689E+02
 16.102  12.566  -0.810327E+01  0.350957E+02
 16.102  12.566   0.289301E+02 -0.214581E+02
 16.102  12.566  -0.358072E+02 -0.249478E+01
 16.102  12.566  -0.126339E+02  0.784010E+02
 16.102  12.566  -0.714755E+02  0.346710E+02
 16.102  12.566  -0.694044E+02 -0.386499E+02
 16.102  12.566  -0.816281E+01 -0.790201E+02
 16.102  12.566   0.600419E+02 -0.520602E+02
 16.102  12.566  -0.123739E+02  0.784207E+02
 16.102  12.566  -0.713286E+02  0.348783E+02
 16.102  12.566  -0.694898E+02 -0.384111E+02
 16.102  12.566  -0.840780E+01 -0.789533E+02
 16.102  12.566   0.598524E+02 -0.522459E+02
 16.102  12.566   0.456464E+01 -0.491148E+02
 16.102  12.566  -0.444911E+02 -0.212837E+02
 16.102  12.566  -0.353471E+02  0.343950E+02
 16.102  12.566   0.200611E+02  0.450554E+02
 16.102  12.566   0.492062E+02 -0.322321E+01
 16.102  12.566   0.475535E+02 -0.129833E+02
 16.102  12.566   0.426664E+01 -0.491163E+02
 16.102  12.566  -0.446158E+02 -0.209769E+02
 16.102  12.566  -0.351027E+02  0.346184E+02
 16.102  12.566   0.203175E+02  0.449348E+02
 16.102  12.566  -0.123429E+02  0.614099E+02
 16.102  12.566  -0.123501E+02  0.614036E+02
 16.102  12.566  -0.123500E+02  0.614038E+02
 16.102  12.566  -0.123500E+02  0.614037E+02
 16.102  12.566  -0.123576E+02  0.614236E+02
 16.102  12.566   0.434952E+02  0.450683E+02
 16.102  12.566   0.434968E+02  0.450731E+02
 16.102  12.566   0.434968E+02  0.450731E+02
 16.102  12.566   0.434968E+02  0.450727E+02
 16.102  12.566   0.435129E+02  0.451060E+02
 16.102  12.566  -0.598448E+01 -0.456912E+02
 16.102  12.566   0.408212E+02 -0.214109E+02
 16.102  12.566   0.341987E+02  0.309074E+02
 16.102  12.566  -0.171852E+02  0.427726E+02
 16.102  12.566  -0.460692E+02 -0.131896E+01
 16.102  12.566   0.343947E+02  0.306997E+02
 16.102  12.566  -0.169095E+02  0.428934E+02
 16.102  12.566  -0.460942E+02 -0.104502E+01
 16.102  12.566  -0.149482E+02 -0.436153E+02
 16.102  12.566   0.357392E+02 -0.290937E+02
 16.102  12.566  -0.182981E+01  0.786792E+02
 16.102  12.566   0.633927E+02  0.466808E+02
 16.102  12.566   0.746038E+02 -0.251396E+02
 16.102  12.566   0.222116E+02 -0.755272E+02
 16.102  12.566  -0.491072E+02 -0.615561E+02
 16.102  12.566   0.635677E+02  0.464790E+02
 16.102  12.566   0.745563E+02 -0.253759E+02
 16.102  12.566   0.219905E+02 -0.756239E+02
 16.102  12.566  -0.493227E+02 -0.613987E+02
 16.102  12.566  -0.785920E+02  0.511355E+01
  4.026   6.283   0.125943E+03 -0.380552E+04
  4.026   6.283  -0.226133E+04  0.303849E+04
  4.026   6.283   0.359172E+04 -0.121208E+04
  4.026   6.283  -0.362732E+04 -0.105369E+04
  4.026   6.283   0.236886E+04  0.292329E+04
  4.026   6.283   0.358646E+04  0.126083E+04
  4.026   6.283  -0.222856E+04 -0.307762E+04
  4.026   6.283   0.728640E+02  0.379042E+04
  4.026   6.283   0.208949E+04 -0.314589E+04
  4.026   6.283  -0.349609E+04  0.137505E+04
  4.026   6.283  -0.231735E+03 -0.409140E+04
  4.026   6.283  -0.119461E+04 -0.392167E+04
  4.026   6.283  -0.210057E+04 -0.350626E+04
  4.026   6.283  -0.287089E+04 -0.292026E+04
  4.026   6.283  -0.348988E+04 -0.215261E+04
  4.026   6.283  -0.211975E+03 -0.408613E+04
  4.026   6.283  -0.118206E+04 -0.391769E+04
  4.026   6.283  -0.208339E+04 -0.351974E+04
  4.026   6.283  -0.286673E+04 -0.293227E+04
  4.026   6.283  -0.349376E+04 -0.216708E+04
  4.026   6.283  -0.113891E+03 -0.406171E+04
  4.026   6.283   0.389625E+04  0.108492E+04
  4.026   6.283  -0.220585E+04  0.338341E+04
  4.026   6.283  -0.256094E+04 -0.311490E+04
  4.026   6.283   0.373236E+04 -0.150634E+04
  4.026   6.283  -0.382343E+04  0.131284E+04
  4.026   6.283  -0.107021E+03 -0.404909E+04
  4.026   6.283   0.389081E+04  0.111682E+04
  4.026   6.283  -0.223061E+04  0.337733E+04
  4.026   6.283  -0.255168E+04 -0.313773E+04
  4.026   6.283  -0.436454E+02 -0.406863E+04
  4.026   6.283  -0.441233E+02 -0.406760E+04
  4.026   6.283  -0.448453E+02 -0.406547E+04
  4.026   6.283  -0.452351E+02 -0.406825E+04
  4.026   6.283  -0.414003E+02 -0.406607E+04
  4.026   6.283   0.940580E+03 -0.396538E+04
  4.026   6.283   0.938148E+03 -0.396633E+04
  4.026   6.283   0.936906E+03 -0.397154E+04
  4.026   6.283   0.936633E+03 -0.397982E+04
  4.026   6.283   0.935963E+03 -0.397513E+04
  4.026   6.283  -0.169155E+02 -0.401999E+04
  4.026   6.283  -0.383254E+04  0.121764E+04
  4.026   6.283   0.231447E+04  0.329661E+04
  4.026   6.283   0.245280E+04 -0.319905E+04
  4.026   6.283  -0.379077E+04 -0.138043E+04
  4.026   6.283   0.230133E+04  0.331347E+04
  4.026   6.283   0.247407E+04 -0.318176E+04
  4.026   6.283  -0.378104E+04 -0.140764E+04
  4.026   6.283  -0.207068E+03  0.402642E+04
  4.026   6.283   0.389373E+04 -0.101496E+04
  4.026   6.283   0.116073E+03 -0.401423E+04
  4.026   6.283   0.106351E+04 -0.387371E+04
  4.026   6.283   0.195066E+04 -0.351418E+04
  4.026   6.283   0.272035E+04 -0.294771E+04
  4.026   6.283   0.336346E+04 -0.220933E+04
  4.026   6.283   0.107974E+04 -0.388749E+04
  4.026   6.283   0.197187E+04 -0.351486E+04
  4.026   6.283   0.275285E+04 -0.295109E+04
  4.026   6.283   0.338330E+04 -0.221130E+04
  4.026   6.283   0.382155E+04 -0.134189E+04
  4.026   6.283  -0.265587E+03 -0.377863E+04
  4.026   6.283   0.238429E+04  0.295187E+04
  4.026   6.283  -0.364904E+04 -0.108344E+04
  4.026   6.283   0.361850E+04 -0.117743E+04
  4.026   6.283  -0.231988E+04  0.300305E+04
  4.026   6.283  -0.352392E+04  0.138568E+04
  4.026   6.283   0.210727E+04 -0.315623E+04
  4.026   6.283   0.687861E+02  0.379827E+04
  4.026   6.283  -0.220584E+04 -0.309312E+04
  4.026   6.283   0.356786E+04  0.130494E+04
  4.026   6.283   0.141269E+03 -0.410172E+04
  4.026   6.283   0.111405E+04 -0.395268E+04
  4.026   6.283   0.201271E+04 -0.356616E+04
  4.026   6.283   0.281091E+04 -0.299136E+04
  4.026   6.283   0.344936E+04 -0.223790E+04
  4.026   6.283   0.127359E+03 -0.407604E+04
  4.026   6.283   0.108755E+04 -0.393505E+04
  4.026   6.283   0.197996E+04 -0.356083E+04
  4.026   6.283   0.279336E+04 -0.298570E+04
  4.026   6.283   0.343128E+04 -0.223833E+04
  4.026   6.283   0.214579E+02 -0.405406E+04
  4.026   6.283  -0.386938E+04  0.119631E+04
  4.026   6.283   0.229861E+04  0.333169E+04
  4.026   6.283   0.248958E+04 -0.319571E+04
  4.026   6.283  -0.379524E+04 -0.141249E+04
  4.026   6.283   0.384936E+04  0.119772E+04
  4.026   6.283  -0.932174E+01 -0.403696E+04
  4.026   6.283  -0.385350E+04  0.121946E+04
  4.026   6.283   0.232160E+04  0.331618E+04
  4.026   6.283   0.249281E+04 -0.320838E+04
  4.026   6.283  -0.477720E+02 -0.407059E+04
  4.026   6.283  -0.481336E+02 -0.407849E+04
  4.026   6.283  -0.510195E+02 -0.407600E+04
  4.026   6.283  -0.573539E+02 -0.408467E+04
  4.026   6.283  -0.546016E+02 -0.408498E+04
  4.026   6.283  -0.102762E+04 -0.393923E+04
  4.026   6.283  -0.103024E+04 -0.394025E+04
  4.026   6.283  -0.102757E+04 -0.393788E+04
  4.026   6.283  -0.102900E+04 -0.394296E+04
  4.026   6.283  -0.102597E+04 -0.394111E+04
  4.026   6.283  -0.947220E+02 -0.402553E+04
  4.026   6.283   0.387470E+04  0.111914E+04
  4.026   6.283  -0.223018E+04  0.336543E+04
  4.026   6.283  -0.253603E+04 -0.313540E+04
  4.026   6.283   0.374976E+04 -0.148252E+04
  4.026   6.283  -0.220296E+04  0.336631E+04
  4.026   6.283  -0.254742E+04 -0.310999E+04
  4.026   6.283   0.372986E+04 -0.149658E+04
  4.026   6.283   0.306464E+03  0.400067E+04
  4.026   6.283  -0.389925E+04 -0.906014E+03
  4.026   6.283  -0.201657E+03 -0.402832E+04
  4.026   6.283  -0.115076E+04 -0.385771E+04
  4.026   6.283  -0.204129E+04 -0.347005E+04
  4.026   6.283  -0.280726E+04 -0.287950E+04
  4.026   6.283  -0.342733E+04 -0.213472E+04
  4.026   6.283  -0.116741E+04 -0.386184E+04
  4.026   6.283  -0.205064E+04 -0.345289E+04
  4.026   6.283  -0.281092E+04 -0.287914E+04
  4.026   6.283  -0.341536E+04 -0.212782E+04
  4.026   6.283  -0.382945E+04 -0.124858E+04
