 16.102  12.566   0.124032E+01  0.122247E+01
 16.102  12.566  -0.173652E+01 -0.126307E+00
 16.102  12.566   0.140363E+01 -0.102989E+01
 16.102  12.566  -0.400266E+00  0.169413E+01
 16.102  12.566  -0.793744E+00 -0.154923E+01
 16.102  12.566  -0.718199E+00  0.158626E+01
 16.102  12.566  -0.481844E+00 -0.167281E+01
 16.102  12.566   0.145125E+01  0.960788E+00
 16.102  12.566  -0.172780E+01  0.210078E+00
 16.102  12.566   0.117931E+01 -0.128044E+01
 16.102  12.566   0.228594E+01 -0.296247E+00
 16.102  12.566   0.106890E+01 -0.204252E+01
 16.102  12.566  -0.105947E+01 -0.204718E+01
 16.102  12.566  -0.228475E+01 -0.306875E+00
 16.102  12.566  -0.156198E+01  0.169559E+01
 16.102  12.566   0.228696E+01 -0.289621E+00
 16.102  12.566   0.107479E+01 -0.203932E+01
 16.102  12.566  -0.105371E+01 -0.205039E+01
 16.102  12.566  -0.228409E+01 -0.313254E+00
 16.102  12.566  -0.156684E+01  0.169128E+01
 16.102  12.566  -0.153093E+00 -0.127786E+01
 16.102  12.566   0.114613E+01 -0.585274E+00
 16.102  12.566   0.945240E+00  0.873263E+00
 16.102  12.566  -0.492711E+00  0.118889E+01
 16.102  12.566  -0.128613E+01 -0.515961E-01
 16.102  12.566  -0.125064E+01 -0.304219E+00
 16.102  12.566  -0.146727E+00 -0.127866E+01
 16.102  12.566   0.114932E+01 -0.579447E+00
 16.102  12.566   0.941060E+00  0.878176E+00
 16.102  12.566  -0.499010E+00  0.118663E+01
 16.102  12.566  -0.467021E+00  0.151005E+00
 16.102  12.566  -0.466951E+00  0.150995E+00
 16.102  12.566  -0.466959E+00  0.151017E+00
 16.102  12.566  -0.466946E+00  0.151018E+00
 16.102  12.566  -0.466925E+00  0.151037E+00
 16.102  12.566  -0.389823E+00 -0.298152E+00
 16.102  12.566  -0.389815E+00 -0.298119E+00
 16.102  12.566  -0.389840E+00 -0.298146E+00
 16.102  12.566  -0.389864E+00 -0.298157E+00
 16.102  12.566  -0.389842E+00 -0.298143E+00
 16.102  12.566  -0.825762E+00 -0.163040E+00
 16.102  12.566  -0.438443E+00  0.718457E+00
 16.102  12.566   0.522721E+00  0.659834E+00
 16.102  12.566   0.799995E+00 -0.262456E+00
 16.102  12.566   0.300118E-01 -0.841368E+00
 16.102  12.566   0.519287E+00  0.662302E+00
 16.102  12.566   0.801108E+00 -0.258366E+00
 16.102  12.566   0.345050E-01 -0.840951E+00
 16.102  12.566  -0.777211E+00 -0.323128E+00
 16.102  12.566  -0.571751E+00  0.617751E+00
 16.102  12.566   0.986659E+00  0.190552E+01
 16.102  12.566  -0.994522E+00  0.190154E+01
 16.102  12.566  -0.212837E+01  0.276396E+00
 16.102  12.566  -0.144739E+01 -0.158458E+01
 16.102  12.566   0.467495E+00 -0.209441E+01
 16.102  12.566  -0.100055E+01  0.189804E+01
 16.102  12.566  -0.212870E+01  0.269786E+00
 16.102  12.566  -0.144239E+01 -0.158910E+01
 16.102  12.566   0.473839E+00 -0.209300E+01
 16.102  12.566   0.198613E+01 -0.812664E+00
 16.102  12.566  -0.124147E+01  0.122254E+01
 16.102  12.566   0.173788E+01 -0.125177E+00
 16.102  12.566  -0.140386E+01 -0.103178E+01
 16.102  12.566   0.399613E+00  0.169547E+01
 16.102  12.566   0.795396E+00 -0.154924E+01
 16.102  12.566   0.717940E+00  0.158760E+01
 16.102  12.566   0.483309E+00 -0.167407E+01
 16.102  12.566  -0.145350E+01  0.960526E+00
 16.102  12.566   0.172900E+01  0.211339E+00
 16.102  12.566  -0.117878E+01 -0.128193E+01
 16.102  12.566  -0.228549E+01 -0.298135E+00
 16.102  12.566  -0.106679E+01 -0.204277E+01
 16.102  12.566   0.106091E+01 -0.204598E+01
 16.102  12.566   0.228468E+01 -0.304969E+00
 16.102  12.566   0.156083E+01  0.169627E+01
 16.102  12.566  -0.228650E+01 -0.290974E+00
 16.102  12.566  -0.107347E+01 -0.203965E+01
 16.102  12.566   0.105454E+01 -0.204962E+01
 16.102  12.566   0.228370E+01 -0.312016E+00
 16.102  12.566   0.156606E+01  0.169159E+01
 16.102  12.566   0.153896E+00 -0.127758E+01
 16.102  12.566  -0.114585E+01 -0.586037E+00
 16.102  12.566  -0.945894E+00  0.872712E+00
 16.102  12.566   0.491999E+00  0.118917E+01
 16.102  12.566   0.128578E+01 -0.508239E-01
 16.102  12.566   0.125073E+01 -0.303547E+00
 16.102  12.566   0.147463E+00 -0.127873E+01
 16.102  12.566  -0.114894E+01 -0.580148E+00
 16.102  12.566  -0.941359E+00  0.877754E+00
 16.102  12.566   0.498326E+00  0.118647E+01
 16.102  12.566   0.466851E+00  0.151056E+00
 16.102  12.566   0.466867E+00  0.151036E+00
 16.102  12.566   0.466875E+00  0.151034E+00
 16.102  12.566   0.466862E+00  0.150996E+00
 16.102  12.566   0.466905E+00  0.151014E+00
 16.102  12.566   0.389816E+00 -0.298008E+00
 16.102  12.566   0.389818E+00 -0.298028E+00
 16.102  12.566   0.389797E+00 -0.298051E+00
 16.102  12.566   0.389757E+00 -0.298042E+00
 16.102  12.566   0.389807E+00 -0.298080E+00
 16.102  12.566   0.825849E+00 -0.162701E+00
 16.102  12.566   0.437994E+00  0.718616E+00
 16.102  12.566  -0.522875E+00  0.659341E+00
 16.102  12.566  -0.799285E+00 -0.262939E+00
 16.102  12.566  -0.295441E-01 -0.841053E+00
 16.102  12.566  -0.519736E+00  0.662076E+00
 16.102  12.566  -0.800659E+00 -0.258923E+00
 16.102  12.566  -0.337009E-01 -0.840720E+00
 16.102  12.566   0.777306E+00 -0.322158E+00
 16.102  12.566   0.571016E+00  0.617999E+00
 16.102  12.566  -0.987701E+00  0.190488E+01
 16.102  12.566   0.993681E+00  0.190176E+01
 16.102  12.566   0.212790E+01  0.277143E+00
 16.102  12.566   0.144763E+01 -0.158414E+01
 16.102  12.566  -0.466854E+00 -0.209440E+01
 16.102  12.566   0.999182E+00  0.189892E+01
 16.102  12.566   0.212855E+01  0.271105E+00
 16.102  12.566   0.144332E+01 -0.158790E+01
 16.102  12.566  -0.472828E+00 -0.209324E+01
 16.102  12.566  -0.198542E+01 -0.813693E+00
  4.026   6.283   0.159646E+02 -0.316728E+02
  4.026   6.283  -0.333072E+02  0.424472E+01
  4.026   6.283   0.337389E+02  0.234635E+02
  4.026   6.283  -0.141278E+02 -0.439271E+02
  4.026   6.283  -0.153126E+02  0.434654E+02
  4.026   6.283   0.285983E+02  0.295856E+02
  4.026   6.283   0.788679E+01 -0.433108E+02
  4.026   6.283  -0.369151E+02  0.274014E+02
  4.026   6.283   0.477550E+02 -0.779876E+00
  4.026   6.283  -0.392133E+02 -0.292584E+02
  4.026   6.283   0.526305E+02 -0.201191E+02
  4.026   6.283   0.473139E+02 -0.337315E+02
  4.026   6.283   0.445193E+02 -0.343299E+02
  4.026   6.283   0.321355E+02 -0.452164E+02
  4.026   6.283   0.193316E+02 -0.511409E+02
  4.026   6.283   0.512550E+02 -0.116095E+02
  4.026   6.283   0.461907E+02 -0.259971E+02
  4.026   6.283   0.368997E+02 -0.374211E+02
  4.026   6.283   0.303249E+02 -0.511742E+02
  4.026   6.283   0.123540E+02 -0.597558E+02
  4.026   6.283   0.434187E+02  0.252501E+00
  4.026   6.283  -0.279203E+02  0.366791E+02
  4.026   6.283  -0.244099E+02 -0.393260E+02
  4.026   6.283   0.450384E+02 -0.106229E+02
  4.026   6.283  -0.344527E+01  0.462844E+02
  4.026   6.283  -0.616049E+01 -0.454023E+02
  4.026   6.283   0.472974E+02  0.823705E+01
  4.026   6.283  -0.215790E+02  0.398421E+02
  4.026   6.283  -0.343575E+02 -0.307424E+02
  4.026   6.283   0.380951E+02 -0.202377E+02
  4.026   6.283   0.999970E+00  0.203624E+02
  4.026   6.283   0.174645E+01  0.214256E+02
  4.026   6.283   0.106182E+01  0.214931E+02
  4.026   6.283   0.222321E+01  0.226835E+02
  4.026   6.283   0.181457E+01  0.232087E+02
  4.026   6.283  -0.921337E+01  0.211425E+02
  4.026   6.283  -0.811084E+01  0.217755E+02
  4.026   6.283  -0.656572E+01  0.198818E+02
  4.026   6.283  -0.274775E+01  0.191831E+02
  4.026   6.283  -0.483487E+01  0.200340E+02
  4.026   6.283   0.394809E+02  0.255323E+02
  4.026   6.283   0.118527E+02 -0.433430E+02
  4.026   6.283  -0.441813E+02  0.787099E+00
  4.026   6.283   0.132801E+02  0.417893E+02
  4.026   6.283   0.342022E+02 -0.230851E+02
  4.026   6.283  -0.393648E+02  0.115025E+02
  4.026   6.283   0.188966E+02  0.333463E+02
  4.026   6.283   0.253683E+02 -0.269229E+02
  4.026   6.283  -0.329727E+02 -0.173441E+02
  4.026   6.283  -0.674730E+01  0.359445E+02
  4.026   6.283   0.238819E+02  0.538521E+02
  4.026   6.283   0.108914E+02  0.572059E+02
  4.026   6.283  -0.397389E+01  0.599634E+02
  4.026   6.283  -0.167727E+02  0.589275E+02
  4.026   6.283  -0.249818E+02  0.478307E+02
  4.026   6.283   0.102293E+02  0.516274E+02
  4.026   6.283  -0.732277E+01  0.490729E+02
  4.026   6.283  -0.169537E+02  0.464341E+02
  4.026   6.283  -0.256072E+02  0.415551E+02
  4.026   6.283  -0.343872E+02  0.327729E+02
  4.026   6.283  -0.416487E+01 -0.556387E+02
  4.026   6.283   0.259621E+02  0.336166E+02
  4.026   6.283  -0.369461E+02 -0.957752E+01
  4.026   6.283   0.311929E+02 -0.101022E+02
  4.026   6.283  -0.208591E+02  0.210850E+02
  4.026   6.283  -0.527010E+02  0.187220E+02
  4.026   6.283   0.252825E+02 -0.354467E+02
  4.026   6.283   0.651844E+01  0.369524E+02
  4.026   6.283  -0.251856E+02 -0.188857E+02
  4.026   6.283   0.306011E+02 -0.427366E+01
  4.026   6.283  -0.405446E+02 -0.267534E+02
  4.026   6.283  -0.386347E+02 -0.375044E+02
  4.026   6.283  -0.253472E+02 -0.411774E+02
  4.026   6.283  -0.198736E+02 -0.475446E+02
  4.026   6.283  -0.726559E+01 -0.529677E+02
  4.026   6.283  -0.565662E+02 -0.336080E+02
  4.026   6.283  -0.488653E+02 -0.485939E+02
  4.026   6.283  -0.351817E+02 -0.592225E+02
  4.026   6.283  -0.191874E+02 -0.528319E+02
  4.026   6.283  -0.440037E+01 -0.543705E+02
  4.026   6.283  -0.370771E+02 -0.999158E+01
  4.026   6.283   0.497846E+01  0.402379E+02
  4.026   6.283   0.359195E+02 -0.160252E+02
  4.026   6.283  -0.281617E+02 -0.292990E+02
  4.026   6.283  -0.202441E+02  0.347715E+02
  4.026   6.283   0.316041E+02 -0.337027E+02
  4.026   6.283  -0.399630E+02 -0.211510E+02
  4.026   6.283  -0.845094E+01  0.443356E+02
  4.026   6.283   0.441062E+02 -0.445992E+01
  4.026   6.283  -0.199444E+02 -0.291958E+02
  4.026   6.283  -0.297781E+01  0.217749E+02
  4.026   6.283  -0.263472E+01  0.191382E+02
  4.026   6.283  -0.404697E+01  0.194105E+02
  4.026   6.283  -0.590859E+01  0.218364E+02
  4.026   6.283  -0.874234E+01  0.212696E+02
  4.026   6.283  -0.100396E+00  0.214438E+02
  4.026   6.283  -0.342471E+00  0.212000E+02
  4.026   6.283  -0.183839E+01  0.219124E+02
  4.026   6.283  -0.938857E-01  0.218029E+02
  4.026   6.283  -0.670432E+00  0.203848E+02
  4.026   6.283  -0.361117E+02  0.642167E+01
  4.026   6.283   0.662562E+01 -0.384065E+02
  4.026   6.283   0.352866E+02  0.206494E+02
  4.026   6.283  -0.300602E+02  0.283090E+02
  4.026   6.283  -0.192490E+02 -0.394381E+02
  4.026   6.283   0.213949E+02  0.239787E+02
  4.026   6.283  -0.311982E+02  0.151778E+02
  4.026   6.283  -0.475452E+01 -0.350979E+02
  4.026   6.283   0.370723E+02  0.556153E+01
  4.026   6.283  -0.159394E+02  0.347726E+02
  4.026   6.283  -0.385790E+02  0.423695E+02
  4.026   6.283  -0.288862E+02  0.524635E+02
  4.026   6.283  -0.164434E+02  0.573599E+02
  4.026   6.283  -0.133587E+01  0.626395E+02
  4.026   6.283   0.973838E+01  0.628319E+02
  4.026   6.283  -0.282299E+02  0.535745E+02
  4.026   6.283  -0.253364E+02  0.561805E+02
  4.026   6.283  -0.756512E+01  0.615976E+02
  4.026   6.283   0.618826E+01  0.623859E+02
  4.026   6.283   0.199747E+02  0.603622E+02
