 16.102  12.566  -0.595795E+02 -0.944777E+02
 16.102  12.566   0.106599E+03  0.332623E+02
 16.102  12.566  -0.102706E+03  0.438143E+02
 16.102  12.566   0.497551E+02 -0.999558E+02
 16.102  12.566   0.269306E+02  0.108351E+03
 16.102  12.566   0.680447E+02 -0.885556E+02
 16.102  12.566   0.562959E+01  0.111524E+03
 16.102  12.566  -0.766058E+02 -0.812308E+02
 16.102  12.566   0.110990E+03  0.121417E+02
 16.102  12.566  -0.923797E+02  0.627249E+02
 16.102  12.566  -0.857247E+02 -0.426317E+02
 16.102  12.566  -0.841184E+02  0.457628E+02
 16.102  12.566  -0.107796E+02  0.951482E+02
 16.102  12.566   0.717496E+02  0.634181E+02
 16.102  12.566   0.931146E+02 -0.223892E+02
 16.102  12.566  -0.856008E+02 -0.428791E+02
 16.102  12.566  -0.842378E+02  0.455123E+02
 16.102  12.566  -0.110543E+02  0.951119E+02
 16.102  12.566   0.715631E+02  0.636203E+02
 16.102  12.566   0.931694E+02 -0.221261E+02
 16.102  12.566  -0.187211E+02  0.333776E+02
 16.102  12.566  -0.377858E+02 -0.602629E+01
 16.102  12.566  -0.740328E+01 -0.375390E+02
 16.102  12.566   0.326652E+02 -0.199194E+02
 16.102  12.566   0.299903E+02  0.237894E+02
 16.102  12.566   0.247115E+02  0.292293E+02
 16.102  12.566  -0.188838E+02  0.332922E+02
 16.102  12.566  -0.377667E+02 -0.621886E+01
 16.102  12.566  -0.721426E+01 -0.375871E+02
 16.102  12.566   0.328006E+02 -0.197560E+02
 16.102  12.566  -0.466010E+01 -0.666448E+02
 16.102  12.566  -0.466378E+01 -0.666289E+02
 16.102  12.566  -0.466309E+01 -0.666288E+02
 16.102  12.566  -0.466358E+01 -0.666289E+02
 16.102  12.566  -0.466568E+01 -0.666133E+02
 16.102  12.566   0.521579E+02 -0.417378E+02
 16.102  12.566   0.521493E+02 -0.417324E+02
 16.102  12.566   0.521493E+02 -0.417315E+02
 16.102  12.566   0.521498E+02 -0.417319E+02
 16.102  12.566   0.521369E+02 -0.417199E+02
 16.102  12.566   0.375463E+02  0.289739E+02
 16.102  12.566   0.401685E+02 -0.252176E+02
 16.102  12.566  -0.978199E+01 -0.464097E+02
 16.102  12.566  -0.469339E+02 -0.685636E+01
 16.102  12.566  -0.226423E+02  0.416931E+02
 16.102  12.566  -0.954401E+01 -0.464492E+02
 16.102  12.566  -0.468882E+02 -0.709999E+01
 16.102  12.566  -0.228655E+02  0.415427E+02
 16.102  12.566   0.310823E+02  0.358135E+02
 16.102  12.566   0.443529E+02 -0.168136E+02
 16.102  12.566   0.792807E+02 -0.289759E+02
 16.102  12.566   0.692107E+02  0.483018E+02
 16.102  12.566   0.151094E+00  0.844026E+02
 16.102  12.566  -0.690464E+02  0.485456E+02
 16.102  12.566  -0.793884E+02 -0.287108E+02
 16.102  12.566   0.690813E+02  0.485335E+02
 16.102  12.566  -0.111772E+00  0.844171E+02
 16.102  12.566  -0.692062E+02  0.483499E+02
 16.102  12.566  -0.793056E+02 -0.289460E+02
 16.102  12.566  -0.217954E+02 -0.815765E+02
 16.102  12.566   0.595994E+02 -0.944800E+02
 16.102  12.566  -0.106630E+03  0.332409E+02
 16.102  12.566   0.102723E+03  0.438541E+02
 16.102  12.566  -0.497453E+02 -0.999944E+02
 16.102  12.566  -0.269638E+02  0.108360E+03
 16.102  12.566  -0.680449E+02 -0.885812E+02
 16.102  12.566  -0.565741E+01  0.111549E+03
 16.102  12.566   0.766470E+02 -0.812347E+02
 16.102  12.566  -0.111020E+03  0.121207E+02
 16.102  12.566   0.923726E+02  0.627515E+02
 16.102  12.566   0.857405E+02 -0.426092E+02
 16.102  12.566   0.840993E+02  0.457781E+02
 16.102  12.566   0.107601E+02  0.951471E+02
 16.102  12.566  -0.717600E+02  0.634040E+02
 16.102  12.566  -0.931145E+02 -0.223991E+02
 16.102  12.566   0.856039E+02 -0.428692E+02
 16.102  12.566   0.842280E+02  0.455163E+02
 16.102  12.566   0.110457E+02  0.951041E+02
 16.102  12.566  -0.715598E+02  0.636029E+02
 16.102  12.566  -0.931662E+02 -0.221264E+02
 16.102  12.566   0.187082E+02  0.333807E+02
 16.102  12.566   0.377916E+02 -0.600890E+01
 16.102  12.566   0.741906E+01 -0.375418E+02
 16.102  12.566  -0.326623E+02 -0.199350E+02
 16.102  12.566  -0.299964E+02  0.237801E+02
 16.102  12.566  -0.247166E+02  0.292217E+02
 16.102  12.566   0.188757E+02  0.333011E+02
 16.102  12.566   0.377739E+02 -0.620810E+01
 16.102  12.566   0.722588E+01 -0.375903E+02
 16.102  12.566  -0.327943E+02 -0.197606E+02
 16.102  12.566   0.466360E+01 -0.666448E+02
 16.102  12.566   0.466502E+01 -0.666281E+02
 16.102  12.566   0.466514E+01 -0.666285E+02
 16.102  12.566   0.466578E+01 -0.666281E+02
 16.102  12.566   0.466652E+01 -0.666131E+02
 16.102  12.566  -0.521564E+02 -0.417402E+02
 16.102  12.566  -0.521483E+02 -0.417336E+02
 16.102  12.566  -0.521484E+02 -0.417330E+02
 16.102  12.566  -0.521481E+02 -0.417338E+02
 16.102  12.566  -0.521373E+02 -0.417203E+02
 16.102  12.566  -0.375542E+02  0.289666E+02
 16.102  12.566  -0.401618E+02 -0.252254E+02
 16.102  12.566   0.979196E+01 -0.464067E+02
 16.102  12.566   0.469316E+02 -0.684311E+01
 16.102  12.566   0.226376E+02  0.416963E+02
 16.102  12.566   0.956065E+01 -0.464519E+02
 16.102  12.566   0.468882E+02 -0.708203E+01
 16.102  12.566   0.228508E+02  0.415495E+02
 16.102  12.566  -0.310947E+02  0.358023E+02
 16.102  12.566  -0.443493E+02 -0.168245E+02
 16.102  12.566  -0.792740E+02 -0.289876E+02
 16.102  12.566  -0.692233E+02  0.482972E+02
 16.102  12.566  -0.157978E+00  0.844066E+02
 16.102  12.566   0.690484E+02  0.485590E+02
 16.102  12.566   0.793942E+02 -0.287075E+02
 16.102  12.566  -0.690910E+02  0.485125E+02
 16.102  12.566   0.897665E-01  0.844167E+02
 16.102  12.566   0.691921E+02  0.483601E+02
 16.102  12.566   0.793119E+02 -0.289316E+02
 16.102  12.566   0.217995E+02 -0.815729E+02
  4.026   6.283  -0.296493E+04  0.179771E+01
  4.026   6.283   0.216683E+04  0.246071E+04
  4.026   6.283  -0.238156E+03 -0.394034E+04
  4.026   6.283  -0.247045E+04  0.334504E+04
  4.026   6.283   0.419139E+04 -0.105216E+04
  4.026   6.283   0.939570E+03 -0.255610E+04
  4.026   6.283  -0.329148E+04  0.153249E+04
  4.026   6.283   0.390111E+04  0.104459E+04
  4.026   6.283  -0.247542E+04 -0.323623E+04
  4.026   6.283  -0.223047E+03  0.435010E+04
  4.026   6.283  -0.135808E+04  0.106599E+03
  4.026   6.283  -0.138158E+04  0.484956E+03
  4.026   6.283  -0.161621E+04  0.521371E+03
  4.026   6.283  -0.155103E+04  0.954164E+03
  4.026   6.283  -0.121191E+04  0.140081E+04
  4.026   6.283  -0.139351E+04 -0.278235E+03
  4.026   6.283  -0.136032E+04  0.187670E+03
  4.026   6.283  -0.115005E+04  0.471533E+03
  4.026   6.283  -0.119590E+04  0.870521E+03
  4.026   6.283  -0.786184E+03  0.114372E+04
  4.026   6.283  -0.149867E+04  0.486970E+03
  4.026   6.283   0.382321E+03 -0.157452E+04
  4.026   6.283   0.126454E+04  0.903144E+03
  4.026   6.283  -0.127874E+04  0.799208E+03
  4.026   6.283  -0.323835E+03 -0.133806E+04
  4.026   6.283   0.699598E+03  0.902777E+03
  4.026   6.283  -0.112029E+04  0.426150E+03
  4.026   6.283   0.715714E+02 -0.108225E+04
  4.026   6.283   0.104470E+04  0.397598E+03
  4.026   6.283  -0.605518E+03  0.678108E+03
  4.026   6.283   0.684933E+02  0.680883E+02
  4.026   6.283  -0.312178E+01  0.637368E+02
  4.026   6.283   0.135390E+02  0.149074E+02
  4.026   6.283   0.803873E+01 -0.541264E+02
  4.026   6.283  -0.216843E+02 -0.202191E+03
  4.026   6.283   0.204342E+03  0.481748E+02
  4.026   6.283   0.158996E+03 -0.110670E+03
  4.026   6.283   0.232463E+03 -0.305640E+02
  4.026   6.283   0.166802E+03  0.183161E+02
  4.026   6.283   0.216700E+03 -0.515424E+02
  4.026   6.283   0.117307E+04  0.584388E+03
  4.026   6.283   0.268422E+03 -0.137236E+04
  4.026   6.283  -0.143937E+04  0.149829E+03
  4.026   6.283   0.627935E+03  0.135399E+04
  4.026   6.283   0.112361E+04 -0.114804E+04
  4.026   6.283  -0.545242E+03  0.542120E+03
  4.026   6.283   0.563538E+03  0.452325E+03
  4.026   6.283   0.351301E+03 -0.828363E+03
  4.026   6.283  -0.874051E+03 -0.205624E+03
  4.026   6.283   0.700649E+02  0.980601E+03
  4.026   6.283   0.176697E+04  0.396115E+03
  4.026   6.283   0.168910E+04  0.916508E+03
  4.026   6.283   0.137909E+04  0.116548E+04
  4.026   6.283   0.994714E+03  0.149305E+04
  4.026   6.283   0.861774E+03  0.114344E+04
  4.026   6.283   0.141451E+04  0.597352E+03
  4.026   6.283   0.118303E+04  0.971108E+03
  4.026   6.283   0.108186E+04  0.123156E+04
  4.026   6.283   0.619466E+03  0.158533E+04
  4.026   6.283   0.341035E+03  0.184679E+04
  4.026   6.283   0.363358E+04  0.148110E+04
  4.026   6.283  -0.323190E+04  0.143908E+04
  4.026   6.283   0.168647E+04 -0.306036E+04
  4.026   6.283   0.634585E+03  0.297364E+04
  4.026   6.283  -0.212769E+04 -0.102620E+04
  4.026   6.283   0.319833E+03 -0.382088E+04
  4.026   6.283   0.222779E+04  0.276054E+04
  4.026   6.283  -0.327524E+04 -0.543233E+03
  4.026   6.283   0.235768E+04 -0.144420E+04
  4.026   6.283  -0.430364E+03  0.254804E+04
  4.026   6.283   0.136748E+04  0.204813E+03
  4.026   6.283   0.150071E+04  0.657031E+03
  4.026   6.283   0.112484E+04  0.881793E+03
  4.026   6.283   0.100829E+04  0.122615E+04
  4.026   6.283   0.634216E+03  0.155943E+04
  4.026   6.283   0.168122E+04  0.404548E+03
  4.026   6.283   0.168723E+04  0.823095E+03
  4.026   6.283   0.128807E+04  0.110416E+04
  4.026   6.283   0.112547E+04  0.844412E+03
  4.026   6.283   0.819571E+03  0.101919E+04
  4.026   6.283   0.775559E+03  0.534950E+02
  4.026   6.283  -0.294822E+03 -0.744106E+03
  4.026   6.283  -0.668832E+03  0.428170E+03
  4.026   6.283   0.759543E+03  0.639122E+03
  4.026   6.283   0.451530E+03 -0.916312E+03
  4.026   6.283  -0.945120E+03  0.983487E+03
  4.026   6.283   0.125235E+04  0.666897E+03
  4.026   6.283   0.267287E+03 -0.146993E+04
  4.026   6.283  -0.162630E+04  0.291370E+03
  4.026   6.283   0.903387E+03  0.119354E+04
  4.026   6.283   0.847511E+02 -0.517181E+02
  4.026   6.283   0.151520E+03 -0.103263E+03
  4.026   6.283   0.146136E+03 -0.172079E+03
  4.026   6.283   0.191385E+03 -0.121419E+03
  4.026   6.283   0.179443E+03 -0.180857E+03
  4.026   6.283   0.591104E+02  0.103976E+03
  4.026   6.283  -0.602190E+01 -0.700893E+01
  4.026   6.283   0.986308E+01 -0.113942E+03
  4.026   6.283  -0.613864E+02 -0.850633E+02
  4.026   6.283  -0.414200E+02 -0.129547E+03
  4.026   6.283  -0.101547E+04  0.359146E+03
  4.026   6.283  -0.154456E+02 -0.113173E+04
  4.026   6.283   0.115280E+04  0.325008E+03
  4.026   6.283  -0.663557E+03  0.801575E+03
  4.026   6.283  -0.622095E+03 -0.773740E+03
  4.026   6.283   0.138347E+04  0.794447E+03
  4.026   6.283  -0.117391E+04  0.947684E+03
  4.026   6.283  -0.497646E+03 -0.143711E+04
  4.026   6.283   0.152188E+04  0.131889E+02
  4.026   6.283  -0.483205E+03  0.124839E+04
  4.026   6.283  -0.158413E+04 -0.191428E+03
  4.026   6.283  -0.143833E+04  0.778323E+02
  4.026   6.283  -0.131074E+04  0.548992E+03
  4.026   6.283  -0.109064E+04  0.735030E+03
  4.026   6.283  -0.909030E+03  0.116494E+04
  4.026   6.283  -0.145212E+04  0.476578E+03
  4.026   6.283  -0.178516E+04  0.510426E+03
  4.026   6.283  -0.158184E+04  0.102126E+04
  4.026   6.283  -0.135976E+04  0.139078E+04
  4.026   6.283  -0.891209E+03  0.165096E+04
