 16.102  12.566   0.549749E+01 -0.464067E+02
 16.102  12.566   0.259293E+02  0.389203E+02
 16.102  12.566  -0.449836E+02 -0.128080E+02
 16.102  12.566   0.425502E+02 -0.194242E+02
 16.102  12.566  -0.197900E+02  0.423790E+02
 16.102  12.566   0.454608E+02 -0.109084E+02
 16.102  12.566  -0.275285E+02  0.377818E+02
 16.102  12.566  -0.355495E+01 -0.466088E+02
 16.102  12.566   0.329385E+02  0.331723E+02
 16.102  12.566  -0.465499E+02 -0.390282E+01
 16.102  12.566   0.735709E+02 -0.165663E+03
 16.102  12.566  -0.934596E+02 -0.155313E+03
 16.102  12.566  -0.180831E+03 -0.125516E+02
 16.102  12.566  -0.114027E+03  0.140908E+03
 16.102  12.566   0.499913E+02  0.174235E+03
 16.102  12.566   0.740492E+02 -0.165401E+03
 16.102  12.566  -0.929924E+02 -0.155544E+03
 16.102  12.566  -0.180751E+03 -0.130757E+02
 16.102  12.566  -0.114411E+03  0.140544E+03
 16.102  12.566   0.494761E+02  0.174356E+03
 16.102  12.566  -0.765731E+01 -0.616386E+02
 16.102  12.566   0.551881E+02 -0.284939E+02
 16.102  12.566   0.458101E+02  0.419377E+02
 16.102  12.566  -0.235240E+02  0.574823E+02
 16.102  12.566  -0.620667E+02 -0.220947E+01
 16.102  12.566  -0.604223E+02 -0.144219E+02
 16.102  12.566  -0.734780E+01 -0.616835E+02
 16.102  12.566   0.553463E+02 -0.282087E+02
 16.102  12.566   0.455978E+02  0.421873E+02
 16.102  12.566  -0.238306E+02  0.573565E+02
 16.102  12.566   0.513091E+02  0.309098E+02
 16.102  12.566   0.513207E+02  0.308968E+02
 16.102  12.566   0.513201E+02  0.308966E+02
 16.102  12.566   0.513202E+02  0.308969E+02
 16.102  12.566   0.513196E+02  0.308965E+02
 16.102  12.566   0.376171E+01  0.598216E+02
 16.102  12.566   0.376159E+01  0.598222E+02
 16.102  12.566   0.376099E+01  0.598217E+02
 16.102  12.566   0.376101E+01  0.598222E+02
 16.102  12.566   0.375260E+01  0.597981E+02
 16.102  12.566  -0.870822E+01  0.300618E+02
 16.102  12.566   0.251973E+02  0.185593E+02
 16.102  12.566   0.261200E+02 -0.172306E+02
 16.102  12.566  -0.714221E+01 -0.304634E+02
 16.102  12.566  -0.310529E+02 -0.382752E+01
 16.102  12.566   0.262184E+02 -0.170756E+02
 16.102  12.566  -0.696553E+01 -0.305038E+02
 16.102  12.566  -0.310289E+02 -0.400339E+01
 16.102  12.566  -0.144786E+02  0.277320E+02
 16.102  12.566   0.210272E+02  0.231669E+02
 16.102  12.566   0.924722E+02  0.131326E+03
 16.102  12.566  -0.545068E+02  0.151078E+03
 16.102  12.566  -0.155014E+03  0.420276E+02
 16.102  12.566  -0.123358E+03 -0.102850E+03
 16.102  12.566   0.134688E+02 -0.160046E+03
 16.102  12.566  -0.549553E+02  0.150949E+03
 16.102  12.566  -0.155162E+03  0.415942E+02
 16.102  12.566  -0.123092E+03 -0.103225E+03
 16.102  12.566   0.139245E+02 -0.160041E+03
 16.102  12.566   0.139063E+03 -0.804142E+02
 16.102  12.566  -0.549885E+01 -0.464104E+02
 16.102  12.566  -0.259327E+02  0.389226E+02
 16.102  12.566   0.449785E+02 -0.128042E+02
 16.102  12.566  -0.425361E+02 -0.194238E+02
 16.102  12.566   0.197808E+02  0.423672E+02
 16.102  12.566  -0.454620E+02 -0.109069E+02
 16.102  12.566   0.275339E+02  0.377886E+02
 16.102  12.566   0.355221E+01 -0.466247E+02
 16.102  12.566  -0.329470E+02  0.331839E+02
 16.102  12.566   0.465621E+02 -0.390544E+01
 16.102  12.566  -0.735576E+02 -0.165670E+03
 16.102  12.566   0.934717E+02 -0.155305E+03
 16.102  12.566   0.180828E+03 -0.125482E+02
 16.102  12.566   0.114028E+03  0.140908E+03
 16.102  12.566  -0.499919E+02  0.174237E+03
 16.102  12.566  -0.740446E+02 -0.165403E+03
 16.102  12.566   0.929975E+02 -0.155539E+03
 16.102  12.566   0.180748E+03 -0.130683E+02
 16.102  12.566   0.114405E+03  0.140549E+03
 16.102  12.566  -0.494866E+02  0.174353E+03
 16.102  12.566   0.765744E+01 -0.616351E+02
 16.102  12.566  -0.551838E+02 -0.284925E+02
 16.102  12.566  -0.458070E+02  0.419391E+02
 16.102  12.566   0.235257E+02  0.574760E+02
 16.102  12.566   0.620638E+02 -0.221353E+01
 16.102  12.566   0.604210E+02 -0.144251E+02
 16.102  12.566   0.734128E+01 -0.616806E+02
 16.102  12.566  -0.553422E+02 -0.282028E+02
 16.102  12.566  -0.455900E+02  0.421843E+02
 16.102  12.566   0.238294E+02  0.573495E+02
 16.102  12.566  -0.513089E+02  0.309117E+02
 16.102  12.566  -0.513208E+02  0.308989E+02
 16.102  12.566  -0.513208E+02  0.308995E+02
 16.102  12.566  -0.513203E+02  0.308992E+02
 16.102  12.566  -0.513196E+02  0.308985E+02
 16.102  12.566  -0.375941E+01  0.598225E+02
 16.102  12.566  -0.375854E+01  0.598232E+02
 16.102  12.566  -0.375884E+01  0.598227E+02
 16.102  12.566  -0.375926E+01  0.598232E+02
 16.102  12.566  -0.375078E+01  0.597991E+02
 16.102  12.566   0.870885E+01  0.300598E+02
 16.102  12.566  -0.251952E+02  0.185603E+02
 16.102  12.566  -0.261242E+02 -0.172287E+02
 16.102  12.566   0.714194E+01 -0.304683E+02
 16.102  12.566   0.310585E+02 -0.382735E+01
 16.102  12.566  -0.262155E+02 -0.170805E+02
 16.102  12.566   0.696532E+01 -0.305018E+02
 16.102  12.566   0.310314E+02 -0.400294E+01
 16.102  12.566   0.144811E+02  0.277333E+02
 16.102  12.566  -0.210290E+02  0.231689E+02
 16.102  12.566  -0.924748E+02  0.131316E+03
 16.102  12.566   0.544981E+02  0.151076E+03
 16.102  12.566   0.155008E+03  0.420389E+02
 16.102  12.566   0.123366E+03 -0.102840E+03
 16.102  12.566  -0.134533E+02 -0.160048E+03
 16.102  12.566   0.549374E+02  0.150953E+03
 16.102  12.566   0.155160E+03  0.416011E+02
 16.102  12.566   0.123092E+03 -0.103216E+03
 16.102  12.566  -0.139212E+02 -0.160035E+03
 16.102  12.566  -0.139057E+03 -0.804153E+02
  4.026   6.283  -0.164315E+03  0.189624E+03
  4.026   6.283   0.182690E+03 -0.857099E+02
  4.026   6.283  -0.233244E+03 -0.313365E+03
  4.026   6.283  -0.268681E+03  0.299413E+03
  4.026   6.283   0.357214E+03 -0.164294E+03
  4.026   6.283   0.140450E+03  0.636793E+02
  4.026   6.283   0.156764E+03 -0.295925E+03
  4.026   6.283  -0.439452E+03 -0.128472E+03
  4.026   6.283   0.282581E+03  0.241386E+03
  4.026   6.283   0.108916E+03 -0.278578E+03
  4.026   6.283   0.408765E+04  0.331460E+03
  4.026   6.283   0.406713E+04 -0.747200E+03
  4.026   6.283   0.465831E+04 -0.127941E+04
  4.026   6.283   0.387894E+04 -0.239999E+04
  4.026   6.283   0.318875E+04 -0.299215E+04
  4.026   6.283   0.391295E+04  0.585306E+03
  4.026   6.283   0.384823E+04 -0.545679E+03
  4.026   6.283   0.341729E+04 -0.145501E+04
  4.026   6.283   0.337345E+04 -0.251732E+04
  4.026   6.283   0.242189E+04 -0.339927E+04
  4.026   6.283   0.621410E+04  0.229864E+03
  4.026   6.283  -0.461485E+04  0.641883E+04
  4.026   6.283  -0.483629E+04 -0.639760E+04
  4.026   6.283   0.758106E+04 -0.271781E+04
  4.026   6.283   0.309137E+03  0.820113E+04
  4.026   6.283  -0.175404E+04 -0.643555E+04
  4.026   6.283   0.683540E+04  0.136818E+03
  4.026   6.283  -0.221849E+04  0.645548E+04
  4.026   6.283  -0.572251E+04 -0.409958E+04
  4.026   6.283   0.586014E+04 -0.396741E+04
  4.026   6.283   0.778316E+04  0.766049E+02
  4.026   6.283   0.790938E+04  0.806379E+02
  4.026   6.283   0.793382E+04  0.128525E+03
  4.026   6.283   0.789547E+04  0.818958E+02
  4.026   6.283   0.788720E+04  0.335520E+02
  4.026   6.283   0.770587E+04  0.238700E+04
  4.026   6.283   0.774766E+04  0.220780E+04
  4.026   6.283   0.794760E+04  0.217289E+04
  4.026   6.283   0.815046E+04  0.223899E+04
  4.026   6.283   0.801864E+04  0.212259E+04
  4.026   6.283   0.790698E+04  0.206506E+04
  4.026   6.283  -0.529532E+03 -0.793735E+04
  4.026   6.283  -0.731793E+04  0.277268E+04
  4.026   6.283   0.479151E+04  0.608561E+04
  4.026   6.283   0.412699E+04 -0.636511E+04
  4.026   6.283  -0.546528E+04  0.476114E+04
  4.026   6.283   0.596467E+04  0.371253E+04
  4.026   6.283   0.175181E+04 -0.677417E+04
  4.026   6.283  -0.678531E+04  0.400674E+03
  4.026   6.283   0.257057E+04  0.592520E+04
  4.026   6.283   0.455254E+04  0.687442E+03
  4.026   6.283   0.442169E+04  0.199364E+04
  4.026   6.283   0.371505E+04  0.301412E+04
  4.026   6.283   0.294123E+04  0.416880E+04
  4.026   6.283   0.229659E+04  0.379930E+04
  4.026   6.283   0.399612E+04  0.985749E+03
  4.026   6.283   0.331775E+04  0.170355E+04
  4.026   6.283   0.294936E+04  0.256305E+04
  4.026   6.283   0.225600E+04  0.338437E+04
  4.026   6.283   0.120832E+04  0.397413E+04
  4.026   6.283  -0.137410E+03 -0.295436E+03
  4.026   6.283  -0.736334E+02  0.520327E+02
  4.026   6.283  -0.267648E+03 -0.231224E+03
  4.026   6.283   0.244534E+03  0.200654E+03
  4.026   6.283  -0.400882E+03 -0.555635E+02
  4.026   6.283  -0.488494E+02 -0.492926E+02
  4.026   6.283  -0.976898E+02  0.219614E+03
  4.026   6.283   0.190277E+03 -0.538994E+02
  4.026   6.283  -0.218412E+03  0.333588E+03
  4.026   6.283  -0.822984E+02 -0.313766E+03
  4.026   6.283  -0.390481E+04  0.375918E+03
  4.026   6.283  -0.400191E+04 -0.869770E+03
  4.026   6.283  -0.333649E+04 -0.150597E+04
  4.026   6.283  -0.307690E+04 -0.252171E+04
  4.026   6.283  -0.227355E+04 -0.335840E+04
  4.026   6.283  -0.479461E+04 -0.703125E+03
  4.026   6.283  -0.443002E+04 -0.205950E+04
  4.026   6.283  -0.390462E+04 -0.329357E+04
  4.026   6.283  -0.322395E+04 -0.309992E+04
  4.026   6.283  -0.227816E+04 -0.368053E+04
  4.026   6.283  -0.718184E+04 -0.133902E+03
  4.026   6.283   0.283029E+04  0.655196E+04
  4.026   6.283   0.523272E+04 -0.448862E+04
  4.026   6.283  -0.582366E+04 -0.369420E+04
  4.026   6.283  -0.171422E+04  0.661986E+04
  4.026   6.283   0.423955E+04 -0.678695E+04
  4.026   6.283  -0.759135E+04 -0.197780E+04
  4.026   6.283   0.395598E+03  0.775977E+04
  4.026   6.283   0.703402E+04 -0.275234E+04
  4.026   6.283  -0.520160E+04 -0.333920E+04
  4.026   6.283  -0.764072E+04 -0.289587E+03
  4.026   6.283  -0.818528E+04 -0.514255E+03
  4.026   6.283  -0.818794E+04 -0.321459E+03
  4.026   6.283  -0.833891E+04 -0.184944E+03
  4.026   6.283  -0.851768E+04 -0.272951E+03
  4.026   6.283  -0.772477E+04  0.184145E+04
  4.026   6.283  -0.772088E+04  0.171945E+04
  4.026   6.283  -0.769235E+04  0.181188E+04
  4.026   6.283  -0.759521E+04  0.184929E+04
  4.026   6.283  -0.760955E+04  0.174139E+04
  4.026   6.283  -0.648145E+04 -0.111952E+03
  4.026   6.283   0.230322E+04 -0.627833E+04
  4.026   6.283   0.552195E+04  0.405197E+04
  4.026   6.283  -0.558316E+04  0.397920E+04
  4.026   6.283  -0.229618E+04 -0.663683E+04
  4.026   6.283   0.476079E+04  0.633125E+04
  4.026   6.283  -0.755576E+04  0.270940E+04
  4.026   6.283  -0.263733E+03 -0.808398E+04
  4.026   6.283   0.790354E+04  0.223295E+04
  4.026   6.283  -0.452099E+04  0.710747E+04
  4.026   6.283  -0.383296E+04 -0.480184E+03
  4.026   6.283  -0.383413E+04  0.620856E+03
  4.026   6.283  -0.339712E+04  0.158225E+04
  4.026   6.283  -0.275760E+04  0.241153E+04
  4.026   6.283  -0.248413E+04  0.333112E+04
  4.026   6.283  -0.391649E+04  0.890402E+03
  4.026   6.283  -0.453598E+04  0.137414E+04
  4.026   6.283  -0.370973E+04  0.253774E+04
  4.026   6.283  -0.309701E+04  0.317563E+04
  4.026   6.283  -0.231128E+04  0.407761E+04
