  0.002   0.050    0.11319E+03  -0.87089E+01   0.15434E+06  -0.89784E+01  -0.35370E+02  -0.29629E+01
  0.002   0.050    0.32121E+01   0.13892E+04   0.22838E+05   0.99871E+03   0.23819E+01   0.37970E+00
  0.002   0.050    0.31343E+01  -0.13885E+04   0.22838E+05  -0.10003E+04   0.23153E+01  -0.15482E+01
  0.002   0.050    0.11319E+03  -0.69439E+01   0.15434E+06  -0.77139E+01  -0.35366E+02  -0.29617E+01
  0.002   0.060    0.11299E+03  -0.86695E+01   0.15282E+06  -0.88880E+01  -0.35485E+02  -0.29250E+01
  0.002   0.060    0.29374E+01   0.13993E+04   0.21223E+05   0.10059E+04   0.22248E+01   0.42704E+00
  0.002   0.060    0.28586E+01  -0.13986E+04   0.21223E+05  -0.10073E+04   0.21578E+01  -0.15151E+01
  0.002   0.060    0.11299E+03  -0.70109E+01   0.15282E+06  -0.76914E+01  -0.35482E+02  -0.29238E+01
  0.003   0.070    0.11284E+03  -0.86297E+01   0.15157E+06  -0.88142E+01  -0.35567E+02  -0.28937E+01
  0.003   0.070    0.27064E+01   0.14108E+04   0.19861E+05   0.10141E+04   0.20925E+01   0.46911E+00
  0.003   0.070    0.26269E+01  -0.14102E+04   0.19861E+05  -0.10154E+04   0.20250E+01  -0.14895E+01
  0.003   0.070    0.11284E+03  -0.70459E+01   0.15157E+06  -0.76704E+01  -0.35566E+02  -0.28927E+01
  0.003   0.080    0.11277E+03  -0.86178E+01   0.15052E+06  -0.87477E+01  -0.35696E+02  -0.28677E+01
  0.003   0.080    0.25076E+01   0.14238E+04   0.18683E+05   0.10233E+04   0.19783E+01   0.50761E+00
  0.003   0.080    0.24271E+01  -0.14232E+04   0.18683E+05  -0.10246E+04   0.19098E+01  -0.14695E+01
  0.003   0.080    0.11279E+03  -0.70872E+01   0.15052E+06  -0.76533E+01  -0.35703E+02  -0.28666E+01
  0.003   0.090    0.11258E+03  -0.86306E+01   0.14962E+06  -0.87364E+01  -0.35584E+02  -0.28456E+01
  0.003   0.090    0.23315E+01   0.14382E+04   0.17644E+05   0.10335E+04   0.18799E+01   0.54366E+00
  0.003   0.090    0.22516E+01  -0.14376E+04   0.17644E+05  -0.10347E+04   0.18082E+01  -0.14541E+01
  0.003   0.090    0.11299E+03  -0.72883E+01   0.14962E+06  -0.78032E+01  -0.36172E+02  -0.28446E+01
  0.004   0.100    0.11267E+03  -0.86803E+01   0.14884E+06  -0.86892E+01  -0.35869E+02  -0.28266E+01
  0.004   0.100    0.21775E+01   0.14541E+04   0.16715E+05   0.10447E+04   0.17875E+01   0.57802E+00
  0.004   0.100    0.20952E+01  -0.14535E+04   0.16714E+05  -0.10458E+04   0.17171E+01  -0.14425E+01
  0.004   0.100    0.11268E+03  -0.71802E+01   0.14884E+06  -0.76501E+01  -0.35875E+02  -0.28256E+01
  0.004   0.110    0.11274E+03  -0.84999E+01   0.14817E+06  -0.85671E+01  -0.35992E+02  -0.28102E+01
  0.004   0.110    0.20382E+01   0.14714E+04   0.15872E+05   0.10569E+04   0.17054E+01   0.61124E+00
  0.004   0.110    0.19535E+01  -0.14709E+04   0.15872E+05  -0.10580E+04   0.16345E+01  -0.14341E+01
  0.004   0.110    0.11286E+03  -0.72812E+01   0.14817E+06  -0.76770E+01  -0.36044E+02  -0.28093E+01
  0.005   0.120    0.11296E+03  -0.86037E+01   0.14758E+06  -0.85863E+01  -0.36163E+02  -0.27961E+01
  0.005   0.120    0.19110E+01   0.14902E+04   0.15100E+05   0.10701E+04   0.16302E+01   0.64375E+00
  0.005   0.120    0.18245E+01  -0.14896E+04   0.15099E+05  -0.10711E+04   0.15586E+01  -0.14285E+01
  0.005   0.120    0.11286E+03  -0.73456E+01   0.14758E+06  -0.76974E+01  -0.36116E+02  -0.27952E+01
  0.005   0.130    0.11296E+03  -0.81882E+01   0.14706E+06  -0.83700E+01  -0.36224E+02  -0.27834E+01
  0.005   0.130    0.17937E+01   0.15105E+04   0.14385E+05   0.10844E+04   0.15608E+01   0.67589E+00
  0.005   0.130    0.17084E+01  -0.15099E+04   0.14385E+05  -0.10853E+04   0.14868E+01  -0.14255E+01
  0.005   0.130    0.11336E+03  -0.74245E+01   0.14706E+06  -0.77255E+01  -0.36390E+02  -0.27830E+01
  0.005   0.140    0.11194E+03  -0.84545E+01   0.14661E+06  -0.84449E+01  -0.35820E+02  -0.27736E+01
  0.005   0.140    0.16840E+01   0.15323E+04   0.13719E+05   0.10997E+04   0.14967E+01   0.70793E+00
  0.005   0.140    0.15935E+01  -0.15317E+04   0.13719E+05  -0.11006E+04   0.14234E+01  -0.14248E+01
  0.005   0.140    0.11178E+03  -0.72190E+01   0.14661E+06  -0.76286E+01  -0.35756E+02  -0.27725E+01
