  0.002   0.050  -0.290985E+00 -0.783475E+01
  0.002   0.050  -0.288158E+00 -0.696343E+00
  0.002   0.050  -0.117845E+04 -0.782536E+01
  0.002   0.050  -0.117824E+04 -0.218668E+02
  0.002   0.050  -0.232079E+04 -0.778648E+01
  0.002   0.050  -0.231932E+04 -0.827906E+02
  0.002   0.050  -0.339263E+04 -0.772328E+01
  0.002   0.050  -0.338806E+04 -0.176088E+03
  0.002   0.050  -0.436138E+04 -0.764386E+01
  0.002   0.050  -0.435170E+04 -0.290469E+03
  0.002   0.050  -0.519761E+04 -0.755821E+01
  0.002   0.050  -0.518126E+04 -0.412115E+03
  0.002   0.050  -0.587592E+04 -0.747700E+01
  0.002   0.050  -0.585231E+04 -0.526354E+03
  0.002   0.050  -0.637569E+04 -0.741029E+01
  0.002   0.050  -0.634555E+04 -0.619431E+03
  0.002   0.050  -0.668173E+04 -0.736631E+01
  0.002   0.050  -0.664705E+04 -0.680156E+03
  0.002   0.050  -0.678476E+04 -0.735046E+01
  0.002   0.050  -0.674845E+04 -0.701238E+03
  0.002   0.050  -0.668163E+04 -0.736471E+01
  0.002   0.050  -0.664696E+04 -0.680145E+03
  0.002   0.050  -0.637548E+04 -0.740728E+01
  0.002   0.050  -0.634536E+04 -0.619411E+03
  0.002   0.050  -0.587561E+04 -0.747294E+01
  0.002   0.050  -0.585204E+04 -0.526326E+03
  0.002   0.050  -0.519722E+04 -0.755360E+01
  0.002   0.050  -0.518091E+04 -0.412084E+03
  0.002   0.050  -0.436091E+04 -0.763926E+01
  0.002   0.050  -0.435128E+04 -0.290438E+03
  0.002   0.050  -0.339210E+04 -0.771925E+01
  0.002   0.050  -0.338758E+04 -0.176060E+03
  0.002   0.050  -0.232022E+04 -0.778349E+01
  0.002   0.050  -0.231880E+04 -0.827702E+02
  0.002   0.050  -0.117784E+04 -0.782379E+01
  0.002   0.050  -0.117770E+04 -0.218559E+02
  0.002   0.050   0.320125E+00 -0.783479E+01
  0.002   0.050   0.259322E+00 -0.696289E+00
  0.002   0.050   0.117847E+04 -0.781467E+01
  0.002   0.050   0.117821E+04 -0.218555E+02
  0.002   0.050   0.232082E+04 -0.776538E+01
  0.002   0.050   0.231929E+04 -0.827684E+02
  0.002   0.050   0.339266E+04 -0.769243E+01
  0.002   0.050   0.338803E+04 -0.176055E+03
  0.002   0.050   0.436141E+04 -0.760421E+01
  0.002   0.050   0.435167E+04 -0.290427E+03
  0.002   0.050   0.519764E+04 -0.751096E+01
  0.002   0.050   0.518123E+04 -0.412065E+03
  0.002   0.050   0.587595E+04 -0.742359E+01
  0.002   0.050   0.585228E+04 -0.526298E+03
  0.002   0.050   0.637572E+04 -0.735236E+01
  0.002   0.050   0.634552E+04 -0.619370E+03
  0.002   0.050   0.668176E+04 -0.730560E+01
  0.002   0.050   0.664703E+04 -0.680093E+03
  0.002   0.050   0.678479E+04 -0.728882E+01
  0.002   0.050   0.674843E+04 -0.701173E+03
  0.002   0.050   0.668166E+04 -0.730399E+01
  0.002   0.050   0.664693E+04 -0.680082E+03
  0.002   0.050   0.637551E+04 -0.734932E+01
  0.002   0.050   0.634533E+04 -0.619350E+03
  0.002   0.050   0.587564E+04 -0.741950E+01
  0.002   0.050   0.585201E+04 -0.526270E+03
  0.002   0.050   0.519725E+04 -0.750630E+01
  0.002   0.050   0.518088E+04 -0.412034E+03
  0.002   0.050   0.436094E+04 -0.759955E+01
  0.002   0.050   0.435125E+04 -0.290396E+03
  0.002   0.050   0.339213E+04 -0.768833E+01
  0.002   0.050   0.338755E+04 -0.176028E+03
  0.002   0.050   0.232025E+04 -0.776232E+01
  0.002   0.050   0.231877E+04 -0.827481E+02
  0.002   0.050   0.117787E+04 -0.781302E+01
  0.002   0.050   0.117767E+04 -0.218447E+02
  0.002   0.060  -0.333379E+00 -0.944202E+01
  0.002   0.060  -0.363244E+00  0.913414E+00
  0.002   0.060  -0.141568E+04 -0.942938E+01
  0.002   0.060  -0.141540E+04 -0.296476E+02
  0.002   0.060  -0.278801E+04 -0.937338E+01
  0.002   0.060  -0.278556E+04 -0.117584E+03
  0.002   0.060  -0.407563E+04 -0.928160E+01
  0.002   0.060  -0.406785E+04 -0.252222E+03
  0.002   0.060  -0.523941E+04 -0.916592E+01
  0.002   0.060  -0.522281E+04 -0.417249E+03
  0.002   0.060  -0.624400E+04 -0.904098E+01
  0.002   0.060  -0.621585E+04 -0.592710E+03
  0.002   0.060  -0.705887E+04 -0.892245E+01
  0.002   0.060  -0.701817E+04 -0.757443E+03
  0.002   0.060  -0.765926E+04 -0.882506E+01
  0.002   0.060  -0.760724E+04 -0.891628E+03
  0.002   0.060  -0.802692E+04 -0.876085E+01
  0.002   0.060  -0.796704E+04 -0.979158E+03
  0.002   0.060  -0.815068E+04 -0.873773E+01
  0.002   0.060  -0.808800E+04 -0.100954E+04
  0.002   0.060  -0.802679E+04 -0.875854E+01
  0.002   0.060  -0.796693E+04 -0.979143E+03
  0.002   0.060  -0.765900E+04 -0.882073E+01
  0.002   0.060  -0.760702E+04 -0.891599E+03
  0.002   0.060  -0.705850E+04 -0.891662E+01
  0.002   0.060  -0.701784E+04 -0.757403E+03
  0.002   0.060  -0.624353E+04 -0.903435E+01
  0.002   0.060  -0.621543E+04 -0.592665E+03
  0.002   0.060  -0.523885E+04 -0.915929E+01
  0.002   0.060  -0.522231E+04 -0.417204E+03
  0.002   0.060  -0.407499E+04 -0.927579E+01
  0.002   0.060  -0.406728E+04 -0.252183E+03
  0.002   0.060  -0.278732E+04 -0.936909E+01
  0.002   0.060  -0.278494E+04 -0.117554E+03
  0.002   0.060  -0.141495E+04 -0.942713E+01
  0.002   0.060  -0.141475E+04 -0.296318E+02
  0.002   0.060   0.401424E+00 -0.944209E+01
  0.002   0.060   0.295689E+00  0.913516E+00
  0.002   0.060   0.141575E+04 -0.941133E+01
  0.002   0.060   0.141533E+04 -0.296279E+02
  0.002   0.060   0.278808E+04 -0.933777E+01
  0.002   0.060   0.278549E+04 -0.117545E+03
  0.002   0.060   0.407570E+04 -0.922954E+01
  0.002   0.060   0.406779E+04 -0.252166E+03
  0.002   0.060   0.523948E+04 -0.909900E+01
  0.002   0.060   0.522275E+04 -0.417176E+03
  0.002   0.060   0.624407E+04 -0.896127E+01
  0.002   0.060   0.621579E+04 -0.592624E+03
  0.002   0.060   0.705894E+04 -0.883238E+01
  0.002   0.060   0.701810E+04 -0.757345E+03
  0.002   0.060   0.765933E+04 -0.872736E+01
  0.002   0.060   0.760718E+04 -0.891523E+03
  0.002   0.060   0.802699E+04 -0.865847E+01
  0.002   0.060   0.796698E+04 -0.979048E+03
  0.002   0.060   0.815076E+04 -0.863377E+01
  0.002   0.060   0.808793E+04 -0.100943E+04
  0.002   0.060   0.802686E+04 -0.865614E+01
  0.002   0.060   0.796687E+04 -0.979032E+03
  0.002   0.060   0.765908E+04 -0.872297E+01
  0.002   0.060   0.760696E+04 -0.891493E+03
  0.002   0.060   0.705857E+04 -0.882647E+01
  0.002   0.060   0.701778E+04 -0.757306E+03
  0.002   0.060   0.624360E+04 -0.895454E+01
  0.002   0.060   0.621537E+04 -0.592579E+03
  0.002   0.060   0.523892E+04 -0.909226E+01
  0.002   0.060   0.522224E+04 -0.417131E+03
  0.002   0.060   0.407506E+04 -0.922359E+01
  0.002   0.060   0.406722E+04 -0.252126E+03
  0.002   0.060   0.278739E+04 -0.933334E+01
  0.002   0.060   0.278487E+04 -0.117516E+03
  0.002   0.060   0.141502E+04 -0.940894E+01
  0.002   0.060   0.141468E+04 -0.296123E+02
  0.003   0.070  -0.360606E+00 -0.113695E+02
  0.003   0.070  -0.451656E+00  0.284311E+01
  0.003   0.070  -0.165373E+04 -0.113532E+02
  0.003   0.070  -0.165337E+04 -0.388748E+02
  0.003   0.070  -0.325685E+04 -0.112764E+02
  0.003   0.070  -0.325307E+04 -0.158896E+03
  0.003   0.070  -0.476101E+04 -0.111497E+02
  0.003   0.070  -0.474877E+04 -0.342621E+03
  0.003   0.070  -0.612052E+04 -0.109896E+02
  0.003   0.070  -0.609423E+04 -0.567749E+03
  0.003   0.070  -0.729405E+04 -0.108166E+02
  0.003   0.070  -0.724938E+04 -0.807035E+03
  0.003   0.070  -0.824597E+04 -0.106523E+02
  0.003   0.070  -0.818130E+04 -0.103162E+04
  0.003   0.070  -0.894733E+04 -0.105173E+02
  0.003   0.070  -0.886464E+04 -0.121451E+04
  0.003   0.070  -0.937682E+04 -0.104283E+02
  0.003   0.070  -0.928162E+04 -0.133378E+04
  0.003   0.070  -0.952140E+04 -0.103963E+02
  0.003   0.070  -0.942172E+04 -0.137518E+04
  0.003   0.070  -0.937667E+04 -0.104252E+02
  0.003   0.070  -0.928148E+04 -0.133376E+04
  0.003   0.070  -0.894703E+04 -0.105114E+02
  0.003   0.070  -0.886438E+04 -0.121447E+04
  0.003   0.070  -0.824554E+04 -0.106444E+02
  0.003   0.070  -0.818092E+04 -0.103157E+04
  0.003   0.070  -0.729350E+04 -0.108076E+02
  0.003   0.070  -0.724889E+04 -0.806974E+03
  0.003   0.070  -0.611986E+04 -0.109806E+02
  0.003   0.070  -0.609365E+04 -0.567688E+03
  0.003   0.070  -0.476027E+04 -0.111418E+02
  0.003   0.070  -0.474810E+04 -0.342567E+03
  0.003   0.070  -0.325604E+04 -0.112706E+02
  0.003   0.070  -0.325234E+04 -0.158856E+03
  0.003   0.070  -0.165289E+04 -0.113502E+02
  0.003   0.070  -0.165261E+04 -0.388532E+02
  0.003   0.070   0.495778E+00 -0.113696E+02
  0.003   0.070   0.317449E+00  0.284329E+01
  0.003   0.070   0.165386E+04 -0.113254E+02
  0.003   0.070   0.165323E+04 -0.388433E+02
  0.003   0.070   0.325699E+04 -0.112215E+02
  0.003   0.070   0.325293E+04 -0.158834E+03
  0.003   0.070   0.476115E+04 -0.110694E+02
  0.003   0.070   0.474864E+04 -0.342531E+03
  0.003   0.070   0.612066E+04 -0.108864E+02
  0.003   0.070   0.609410E+04 -0.567633E+03
  0.003   0.070   0.729420E+04 -0.106937E+02
  0.003   0.070   0.724926E+04 -0.806897E+03
  0.003   0.070   0.824611E+04 -0.105135E+02
  0.003   0.070   0.818118E+04 -0.103146E+04
  0.003   0.070   0.894747E+04 -0.103667E+02
  0.003   0.070   0.886452E+04 -0.121434E+04
  0.003   0.070   0.937697E+04 -0.102706E+02
  0.003   0.070   0.928149E+04 -0.133360E+04
  0.003   0.070   0.952155E+04 -0.102361E+02
  0.003   0.070   0.942160E+04 -0.137500E+04
  0.003   0.070   0.937682E+04 -0.102674E+02
  0.003   0.070   0.928136E+04 -0.133358E+04
  0.003   0.070   0.894718E+04 -0.103608E+02
  0.003   0.070   0.886426E+04 -0.121430E+04
  0.003   0.070   0.824568E+04 -0.105054E+02
  0.003   0.070   0.818080E+04 -0.103141E+04
  0.003   0.070   0.729365E+04 -0.106845E+02
  0.003   0.070   0.724877E+04 -0.806836E+03
  0.003   0.070   0.612000E+04 -0.108773E+02
  0.003   0.070   0.609352E+04 -0.567572E+03
  0.003   0.070   0.476041E+04 -0.110613E+02
  0.003   0.070   0.474797E+04 -0.342477E+03
  0.003   0.070   0.325618E+04 -0.112154E+02
  0.003   0.070   0.325221E+04 -0.158794E+03
  0.003   0.070   0.165302E+04 -0.113221E+02
  0.003   0.070   0.165247E+04 -0.388220E+02
  0.003   0.080  -0.369161E+00 -0.136288E+02
  0.003   0.080  -0.560663E+00  0.510655E+01
  0.003   0.080  -0.189274E+04 -0.136082E+02
  0.003   0.080  -0.189229E+04 -0.495645E+02
  0.003   0.080  -0.372759E+04 -0.135065E+02
  0.003   0.080  -0.372205E+04 -0.206826E+03
  0.003   0.080  -0.544919E+04 -0.133377E+02
  0.003   0.080  -0.543099E+04 -0.447497E+03
  0.003   0.080  -0.700522E+04 -0.131240E+02
  0.003   0.080  -0.696599E+04 -0.742307E+03
  0.003   0.080  -0.834840E+04 -0.128928E+02
  0.003   0.080  -0.828162E+04 -0.105554E+04
  0.003   0.080  -0.943791E+04 -0.126733E+02
  0.003   0.080  -0.934118E+04 -0.134942E+04
  0.003   0.080  -0.102407E+05 -0.124930E+02
  0.003   0.080  -0.101169E+05 -0.158866E+04
  0.003   0.080  -0.107322E+05 -0.123741E+02
  0.003   0.080  -0.105897E+05 -0.174465E+04
  0.003   0.080  -0.108977E+05 -0.123313E+02
  0.003   0.080  -0.107485E+05 -0.179879E+04
  0.003   0.080  -0.107321E+05 -0.123700E+02
  0.003   0.080  -0.105896E+05 -0.174462E+04
  0.003   0.080  -0.102403E+05 -0.124853E+02
  0.003   0.080  -0.101166E+05 -0.158861E+04
  0.003   0.080  -0.943742E+04 -0.126630E+02
  0.003   0.080  -0.934074E+04 -0.134935E+04
  0.003   0.080  -0.834777E+04 -0.128810E+02
  0.003   0.080  -0.828106E+04 -0.105546E+04
  0.003   0.080  -0.700447E+04 -0.131122E+02
  0.003   0.080  -0.696532E+04 -0.742226E+03
  0.003   0.080  -0.544834E+04 -0.133274E+02
  0.003   0.080  -0.543023E+04 -0.447425E+03
  0.003   0.080  -0.372667E+04 -0.134989E+02
  0.003   0.080  -0.372122E+04 -0.206773E+03
  0.003   0.080  -0.189177E+04 -0.136043E+02
  0.003   0.080  -0.189142E+04 -0.495362E+02
  0.003   0.080   0.610368E+00 -0.136290E+02
  0.003   0.080   0.320444E+00  0.510682E+01
  0.003   0.080   0.189298E+04 -0.135681E+02
  0.003   0.080   0.189205E+04 -0.495170E+02
  0.003   0.080   0.372783E+04 -0.134273E+02
  0.003   0.080   0.372181E+04 -0.206732E+03
  0.003   0.080   0.544943E+04 -0.132219E+02
  0.003   0.080   0.543075E+04 -0.447360E+03
  0.003   0.080   0.700546E+04 -0.129753E+02
  0.003   0.080   0.696576E+04 -0.742133E+03
  0.003   0.080   0.834865E+04 -0.127158E+02
  0.003   0.080   0.828139E+04 -0.105533E+04
  0.003   0.080   0.943817E+04 -0.124734E+02
  0.003   0.080   0.934095E+04 -0.134919E+04
  0.003   0.080   0.102409E+05 -0.122762E+02
  0.003   0.080   0.101167E+05 -0.158841E+04
  0.003   0.080   0.107325E+05 -0.121470E+02
  0.003   0.080   0.105895E+05 -0.174438E+04
  0.003   0.080   0.108980E+05 -0.121008E+02
  0.003   0.080   0.107483E+05 -0.179851E+04
  0.003   0.080   0.107323E+05 -0.121429E+02
  0.003   0.080   0.105894E+05 -0.174436E+04
  0.003   0.080   0.102406E+05 -0.122684E+02
  0.003   0.080   0.101164E+05 -0.158836E+04
  0.003   0.080   0.943768E+04 -0.124629E+02
  0.003   0.080   0.934052E+04 -0.134912E+04
  0.003   0.080   0.834802E+04 -0.127038E+02
  0.003   0.080   0.828083E+04 -0.105525E+04
  0.003   0.080   0.700471E+04 -0.129632E+02
  0.003   0.080   0.696509E+04 -0.742052E+03
  0.003   0.080   0.544859E+04 -0.132113E+02
  0.003   0.080   0.542999E+04 -0.447290E+03
  0.003   0.080   0.372691E+04 -0.134193E+02
  0.003   0.080   0.372098E+04 -0.206680E+03
  0.003   0.080   0.189201E+04 -0.135638E+02
  0.003   0.080   0.189118E+04 -0.494892E+02
  0.003   0.090  -0.355139E+00 -0.162332E+02
  0.003   0.090  -0.684379E+00  0.772485E+01
  0.003   0.090  -0.213284E+04 -0.162075E+02
  0.003   0.090  -0.213229E+04 -0.617299E+02
  0.003   0.090  -0.420051E+04 -0.160757E+02
  0.003   0.090  -0.419271E+04 -0.261480E+03
  0.003   0.090  -0.614056E+04 -0.158564E+02
  0.003   0.090  -0.611467E+04 -0.567091E+03
  0.003   0.090  -0.789403E+04 -0.155785E+02
  0.003   0.090  -0.783808E+04 -0.941310E+03
  0.003   0.090  -0.940765E+04 -0.152779E+02
  0.003   0.090  -0.931229E+04 -0.133875E+04
  0.003   0.090  -0.106354E+05 -0.149924E+02
  0.003   0.090  -0.104972E+05 -0.171147E+04
  0.003   0.090  -0.115400E+05 -0.147579E+02
  0.003   0.090  -0.113632E+05 -0.201478E+04
  0.003   0.090  -0.120940E+05 -0.146033E+02
  0.003   0.090  -0.118903E+05 -0.221249E+04
  0.003   0.090  -0.122805E+05 -0.145478E+02
  0.003   0.090  -0.120672E+05 -0.228109E+04
  0.003   0.090  -0.120938E+05 -0.145981E+02
  0.003   0.090  -0.118902E+05 -0.221245E+04
  0.003   0.090  -0.115397E+05 -0.147481E+02
  0.003   0.090  -0.113629E+05 -0.201472E+04
  0.003   0.090  -0.106349E+05 -0.149792E+02
  0.003   0.090  -0.104967E+05 -0.171138E+04
  0.003   0.090  -0.940694E+04 -0.152629E+02
  0.003   0.090  -0.931168E+04 -0.133865E+04
  0.003   0.090  -0.789319E+04 -0.155636E+02
  0.003   0.090  -0.783734E+04 -0.941210E+03
  0.003   0.090  -0.613960E+04 -0.158433E+02
  0.003   0.090  -0.611384E+04 -0.567003E+03
  0.003   0.090  -0.419947E+04 -0.160661E+02
  0.003   0.090  -0.419181E+04 -0.261415E+03
  0.003   0.090  -0.213175E+04 -0.162025E+02
  0.003   0.090  -0.213134E+04 -0.616947E+02
  0.003   0.090   0.754218E+00 -0.162335E+02
  0.003   0.090   0.283045E+00  0.772524E+01
  0.003   0.090   0.213324E+04 -0.161527E+02
  0.003   0.090   0.213189E+04 -0.616615E+02
  0.003   0.090   0.420092E+04 -0.159676E+02
  0.003   0.090   0.419232E+04 -0.261346E+03
  0.003   0.090   0.614097E+04 -0.156985E+02
  0.003   0.090   0.611428E+04 -0.566895E+03
  0.003   0.090   0.789445E+04 -0.153757E+02
  0.003   0.090   0.783769E+04 -0.941059E+03
  0.003   0.090   0.940807E+04 -0.150364E+02
  0.003   0.090   0.931191E+04 -0.133845E+04
  0.003   0.090   0.106358E+05 -0.147198E+02
  0.003   0.090   0.104968E+05 -0.171113E+04
  0.003   0.090   0.115405E+05 -0.144624E+02
  0.003   0.090   0.113628E+05 -0.201442E+04
  0.003   0.090   0.120944E+05 -0.142939E+02
  0.003   0.090   0.118900E+05 -0.221211E+04
  0.003   0.090   0.122809E+05 -0.142336E+02
  0.003   0.090   0.120668E+05 -0.228070E+04
  0.003   0.090   0.120942E+05 -0.142886E+02
  0.003   0.090   0.118898E+05 -0.221207E+04
  0.003   0.090   0.115401E+05 -0.144524E+02
  0.003   0.090   0.113625E+05 -0.201435E+04
  0.003   0.090   0.106353E+05 -0.147064E+02
  0.003   0.090   0.104964E+05 -0.171105E+04
  0.003   0.090   0.940736E+04 -0.150211E+02
  0.003   0.090   0.931130E+04 -0.133835E+04
  0.003   0.090   0.789360E+04 -0.153603E+02
  0.003   0.090   0.783696E+04 -0.940959E+03
  0.003   0.090   0.614001E+04 -0.156849E+02
  0.003   0.090   0.611345E+04 -0.566807E+03
  0.003   0.090   0.419988E+04 -0.159575E+02
  0.003   0.090   0.419141E+04 -0.261281E+03
  0.003   0.090   0.213215E+04 -0.161471E+02
  0.003   0.090   0.213094E+04 -0.616270E+02
  0.004   0.100  -0.299632E+00 -0.192069E+02
  0.004   0.100  -0.861818E+00  0.106940E+02
  0.004   0.100  -0.237417E+04 -0.191746E+02
  0.004   0.100  -0.237356E+04 -0.754162E+02
  0.004   0.100  -0.467589E+04 -0.190068E+02
  0.004   0.100  -0.466531E+04 -0.323016E+03
  0.004   0.100  -0.683555E+04 -0.187272E+02
  0.004   0.100  -0.680002E+04 -0.701714E+03
  0.004   0.100  -0.878751E+04 -0.183728E+02
  0.004   0.100  -0.871051E+04 -0.116523E+04
  0.004   0.100  -0.104725E+05 -0.179894E+02
  0.004   0.100  -0.103411E+05 -0.165728E+04
  0.004   0.100  -0.118392E+05 -0.176255E+02
  0.004   0.100  -0.116488E+05 -0.211850E+04
  0.004   0.100  -0.128462E+05 -0.173266E+02
  0.004   0.100  -0.126025E+05 -0.249367E+04
  0.004   0.100  -0.134629E+05 -0.171297E+02
  0.004   0.100  -0.131822E+05 -0.273815E+04
  0.004   0.100  -0.136705E+05 -0.170591E+02
  0.004   0.100  -0.133765E+05 -0.282296E+04
  0.004   0.100  -0.134627E+05 -0.171233E+02
  0.004   0.100  -0.131820E+05 -0.273810E+04
  0.004   0.100  -0.128458E+05 -0.173146E+02
  0.004   0.100  -0.126022E+05 -0.249359E+04
  0.004   0.100  -0.118386E+05 -0.176093E+02
  0.004   0.100  -0.116482E+05 -0.211839E+04
  0.004   0.100  -0.104717E+05 -0.179710E+02
  0.004   0.100  -0.103404E+05 -0.165715E+04
  0.004   0.100  -0.878657E+04 -0.183545E+02
  0.004   0.100  -0.870968E+04 -0.116511E+04
  0.004   0.100  -0.683449E+04 -0.187111E+02
  0.004   0.100  -0.679908E+04 -0.701602E+03
  0.004   0.100  -0.467474E+04 -0.189950E+02
  0.004   0.100  -0.466428E+04 -0.322933E+03
  0.004   0.100  -0.237296E+04 -0.191686E+02
  0.004   0.100  -0.237248E+04 -0.753718E+02
  0.004   0.100   0.927029E+00 -0.192073E+02
  0.004   0.100   0.235688E+00  0.106945E+02
  0.004   0.100   0.237480E+04 -0.191033E+02
  0.004   0.100   0.237293E+04 -0.753211E+02
  0.004   0.100   0.467653E+04 -0.188660E+02
  0.004   0.100   0.466469E+04 -0.322830E+03
  0.004   0.100   0.683619E+04 -0.185214E+02
  0.004   0.100   0.679941E+04 -0.701442E+03
  0.004   0.100   0.878815E+04 -0.181087E+02
  0.004   0.100   0.870991E+04 -0.116488E+04
  0.004   0.100   0.104731E+05 -0.176752E+02
  0.004   0.100   0.103405E+05 -0.165686E+04
  0.004   0.100   0.118399E+05 -0.172708E+02
  0.004   0.100   0.116482E+05 -0.211803E+04
  0.004   0.100   0.128469E+05 -0.169423E+02
  0.004   0.100   0.126020E+05 -0.249317E+04
  0.004   0.100   0.134636E+05 -0.167273E+02
  0.004   0.100   0.131816E+05 -0.273762E+04
  0.004   0.100   0.136712E+05 -0.166506E+02
  0.004   0.100   0.133760E+05 -0.282242E+04
  0.004   0.100   0.134634E+05 -0.167208E+02
  0.004   0.100   0.131814E+05 -0.273757E+04
  0.004   0.100   0.128465E+05 -0.169300E+02
  0.004   0.100   0.126016E+05 -0.249308E+04
  0.004   0.100   0.118393E+05 -0.172543E+02
  0.004   0.100   0.116477E+05 -0.211792E+04
  0.004   0.100   0.104723E+05 -0.176562E+02
  0.004   0.100   0.103398E+05 -0.165674E+04
  0.004   0.100   0.878722E+04 -0.180897E+02
  0.004   0.100   0.870908E+04 -0.116476E+04
  0.004   0.100   0.683512E+04 -0.185047E+02
  0.004   0.100   0.679847E+04 -0.701331E+03
  0.004   0.100   0.467537E+04 -0.188534E+02
  0.004   0.100   0.466366E+04 -0.322748E+03
  0.004   0.100   0.237359E+04 -0.190964E+02
  0.004   0.100   0.237185E+04 -0.752778E+02
  0.004   0.110  -0.208304E+00 -0.225626E+02
  0.004   0.110  -0.107965E+01  0.140533E+02
  0.004   0.110  -0.261688E+04 -0.225217E+02
  0.004   0.110  -0.261622E+04 -0.906284E+02
  0.004   0.110  -0.515403E+04 -0.223105E+02
  0.004   0.110  -0.514004E+04 -0.391561E+03
  0.004   0.110  -0.753458E+04 -0.219589E+02
  0.004   0.110  -0.748720E+04 -0.851668E+03
  0.004   0.110  -0.968619E+04 -0.215136E+02
  0.004   0.110  -0.958328E+04 -0.141457E+04
  0.004   0.110  -0.115435E+05 -0.210320E+02
  0.004   0.110  -0.113678E+05 -0.201178E+04
  0.004   0.110  -0.130501E+05 -0.205753E+02
  0.004   0.110  -0.127952E+05 -0.257130E+04
  0.004   0.110  -0.141601E+05 -0.202003E+02
  0.004   0.110  -0.138339E+05 -0.302620E+04
  0.004   0.110  -0.148398E+05 -0.199535E+02
  0.004   0.110  -0.144641E+05 -0.332253E+04
  0.004   0.110  -0.150687E+05 -0.198650E+02
  0.004   0.110  -0.146752E+05 -0.342532E+04
  0.004   0.110  -0.148396E+05 -0.199457E+02
  0.004   0.110  -0.144639E+05 -0.332248E+04
  0.004   0.110  -0.141596E+05 -0.201857E+02
  0.004   0.110  -0.138335E+05 -0.302610E+04
  0.004   0.110  -0.130494E+05 -0.205556E+02
  0.004   0.110  -0.127946E+05 -0.257116E+04
  0.004   0.110  -0.115426E+05 -0.210097E+02
  0.004   0.110  -0.113670E+05 -0.201163E+04
  0.004   0.110  -0.968515E+04 -0.214913E+02
  0.004   0.110  -0.958235E+04 -0.141441E+04
  0.004   0.110  -0.753340E+04 -0.219394E+02
  0.004   0.110  -0.748615E+04 -0.851532E+03
  0.004   0.110  -0.515275E+04 -0.222962E+02
  0.004   0.110  -0.513889E+04 -0.391460E+03
  0.004   0.110  -0.261554E+04 -0.225144E+02
  0.004   0.110  -0.261502E+04 -0.905740E+02
  0.004   0.110   0.115110E+01 -0.225632E+02
  0.004   0.110   0.138926E+00  0.140541E+02
  0.004   0.110   0.261782E+04 -0.224325E+02
  0.004   0.110   0.261528E+04 -0.905002E+02
  0.004   0.110   0.515498E+04 -0.221343E+02
  0.004   0.110   0.513910E+04 -0.391310E+03
  0.004   0.110   0.753553E+04 -0.217016E+02
  0.004   0.110   0.748628E+04 -0.851301E+03
  0.004   0.110   0.968716E+04 -0.211834E+02
  0.004   0.110   0.958237E+04 -0.141410E+04
  0.004   0.110   0.115445E+05 -0.206394E+02
  0.004   0.110   0.113669E+05 -0.201123E+04
  0.004   0.110   0.130510E+05 -0.201323E+02
  0.004   0.110   0.127943E+05 -0.257067E+04
  0.004   0.110   0.141611E+05 -0.197205E+02
  0.004   0.110   0.138331E+05 -0.302552E+04
  0.004   0.110   0.148408E+05 -0.194512E+02
  0.004   0.110   0.144633E+05 -0.332182E+04
  0.004   0.110   0.150697E+05 -0.193551E+02
  0.004   0.110   0.146744E+05 -0.342459E+04
  0.004   0.110   0.148406E+05 -0.194432E+02
  0.004   0.110   0.144631E+05 -0.332176E+04
  0.004   0.110   0.141606E+05 -0.197055E+02
  0.004   0.110   0.138327E+05 -0.302542E+04
  0.004   0.110   0.130504E+05 -0.201121E+02
  0.004   0.110   0.127937E+05 -0.257053E+04
  0.004   0.110   0.115436E+05 -0.206163E+02
  0.004   0.110   0.113661E+05 -0.201107E+04
  0.004   0.110   0.968612E+04 -0.211602E+02
  0.004   0.110   0.958145E+04 -0.141394E+04
  0.004   0.110   0.753436E+04 -0.216810E+02
  0.004   0.110   0.748523E+04 -0.851166E+03
  0.004   0.110   0.515370E+04 -0.221189E+02
  0.004   0.110   0.513796E+04 -0.391210E+03
  0.004   0.110   0.261648E+04 -0.224240E+02
  0.004   0.110   0.261408E+04 -0.904473E+02
  0.005   0.120  -0.613240E-01 -0.263166E+02
  0.005   0.120  -0.134867E+01  0.178151E+02
  0.005   0.120  -0.286110E+04 -0.262642E+02
  0.005   0.120  -0.286043E+04 -0.107405E+03
  0.005   0.120  -0.563520E+04 -0.260006E+02
  0.005   0.120  -0.561712E+04 -0.467294E+03
  0.005   0.120  -0.823808E+04 -0.255631E+02
  0.005   0.120  -0.817636E+04 -0.101733E+04
  0.005   0.120  -0.105906E+05 -0.250098E+02
  0.005   0.120  -0.104563E+05 -0.168989E+04
  0.005   0.120  -0.126214E+05 -0.244121E+02
  0.005   0.120  -0.123919E+05 -0.240304E+04
  0.005   0.120  -0.142687E+05 -0.238456E+02
  0.005   0.120  -0.139358E+05 -0.307076E+04
  0.005   0.120  -0.154824E+05 -0.233809E+02
  0.005   0.120  -0.150563E+05 -0.361337E+04
  0.005   0.120  -0.162256E+05 -0.230751E+02
  0.005   0.120  -0.157348E+05 -0.396669E+04
  0.005   0.120  -0.164758E+05 -0.229657E+02
  0.005   0.120  -0.159618E+05 -0.408922E+04
  0.005   0.120  -0.162254E+05 -0.230659E+02
  0.005   0.120  -0.157346E+05 -0.396662E+04
  0.005   0.120  -0.154819E+05 -0.233634E+02
  0.005   0.120  -0.150558E+05 -0.361325E+04
  0.005   0.120  -0.142680E+05 -0.238221E+02
  0.005   0.120  -0.139351E+05 -0.307060E+04
  0.005   0.120  -0.126205E+05 -0.243854E+02
  0.005   0.120  -0.123911E+05 -0.240285E+04
  0.005   0.120  -0.105895E+05 -0.249831E+02
  0.005   0.120  -0.104553E+05 -0.168970E+04
  0.005   0.120  -0.823679E+04 -0.255398E+02
  0.005   0.120  -0.817522E+04 -0.101716E+04
  0.005   0.120  -0.563380E+04 -0.259835E+02
  0.005   0.120  -0.561587E+04 -0.467173E+03
  0.005   0.120  -0.285964E+04 -0.262555E+02
  0.005   0.120  -0.285912E+04 -0.107340E+03
  0.005   0.120   0.142653E+01 -0.263173E+02
  0.005   0.120  -0.149983E-01  0.178162E+02
  0.005   0.120   0.286247E+04 -0.261566E+02
  0.005   0.120   0.285907E+04 -0.107237E+03
  0.005   0.120   0.563658E+04 -0.257883E+02
  0.005   0.120   0.561577E+04 -0.466963E+03
  0.005   0.120   0.823946E+04 -0.252531E+02
  0.005   0.120   0.817503E+04 -0.101684E+04
  0.005   0.120   0.105920E+05 -0.246122E+02
  0.005   0.120   0.104550E+05 -0.168927E+04
  0.005   0.120   0.126228E+05 -0.239396E+02
  0.005   0.120   0.123906E+05 -0.240230E+04
  0.005   0.120   0.142701E+05 -0.233129E+02
  0.005   0.120   0.139345E+05 -0.306993E+04
  0.005   0.120   0.154838E+05 -0.228042E+02
  0.005   0.120   0.150550E+05 -0.361247E+04
  0.005   0.120   0.162271E+05 -0.224716E+02
  0.005   0.120   0.157335E+05 -0.396575E+04
  0.005   0.120   0.164773E+05 -0.223530E+02
  0.005   0.120   0.159606E+05 -0.408826E+04
  0.005   0.120   0.162268E+05 -0.224620E+02
  0.005   0.120   0.157333E+05 -0.396568E+04
  0.005   0.120   0.154833E+05 -0.227862E+02
  0.005   0.120   0.150546E+05 -0.361235E+04
  0.005   0.120   0.142694E+05 -0.232886E+02
  0.005   0.120   0.139338E+05 -0.306977E+04
  0.005   0.120   0.126219E+05 -0.239119E+02
  0.005   0.120   0.123898E+05 -0.240212E+04
  0.005   0.120   0.105909E+05 -0.245844E+02
  0.005   0.120   0.104540E+05 -0.168909E+04
  0.005   0.120   0.823817E+04 -0.252284E+02
  0.005   0.120   0.817388E+04 -0.101668E+04
  0.005   0.120   0.563518E+04 -0.257698E+02
  0.005   0.120   0.561453E+04 -0.466843E+03
  0.005   0.120   0.286101E+04 -0.261464E+02
  0.005   0.120   0.285776E+04 -0.107173E+03
  0.005   0.130   0.181152E+00 -0.305124E+02
  0.005   0.130  -0.169046E+01  0.220023E+02
  0.005   0.130  -0.310696E+04 -0.304442E+02
  0.005   0.130  -0.310637E+04 -0.125782E+03
  0.005   0.130  -0.611969E+04 -0.301170E+02
  0.005   0.130  -0.609681E+04 -0.550406E+03
  0.005   0.130  -0.894647E+04 -0.295768E+02
  0.005   0.130  -0.886768E+04 -0.119910E+04
  0.005   0.130  -0.115014E+05 -0.288953E+02
  0.005   0.130  -0.113296E+05 -0.199184E+04
  0.005   0.130  -0.137069E+05 -0.281602E+02
  0.005   0.130  -0.134132E+05 -0.283188E+04
  0.005   0.130  -0.154959E+05 -0.274643E+02
  0.005   0.130  -0.150696E+05 -0.361790E+04
  0.005   0.130  -0.168140E+05 -0.268939E+02
  0.005   0.130  -0.162684E+05 -0.425626E+04
  0.005   0.130  -0.176212E+05 -0.265190E+02
  0.005   0.130  -0.169927E+05 -0.467175E+04
  0.005   0.130  -0.178930E+05 -0.263849E+02
  0.005   0.130  -0.172348E+05 -0.481581E+04
  0.005   0.130  -0.176210E+05 -0.265081E+02
  0.005   0.130  -0.169925E+05 -0.467168E+04
  0.005   0.130  -0.168135E+05 -0.268735E+02
  0.005   0.130  -0.162680E+05 -0.425612E+04
  0.005   0.130  -0.154951E+05 -0.274368E+02
  0.005   0.130  -0.150689E+05 -0.361770E+04
  0.005   0.130  -0.137059E+05 -0.281290E+02
  0.005   0.130  -0.134122E+05 -0.283166E+04
  0.005   0.130  -0.115002E+05 -0.288642E+02
  0.005   0.130  -0.113285E+05 -0.199162E+04
  0.005   0.130  -0.894512E+04 -0.295496E+02
  0.005   0.130  -0.886643E+04 -0.119890E+04
  0.005   0.130  -0.611822E+04 -0.300971E+02
  0.005   0.130  -0.609545E+04 -0.550261E+03
  0.005   0.130  -0.310542E+04 -0.304341E+02
  0.005   0.130  -0.310493E+04 -0.125704E+03
  0.005   0.130   0.174824E+01 -0.305134E+02
  0.005   0.130  -0.229945E+00  0.220037E+02
  0.005   0.130   0.310890E+04 -0.303196E+02
  0.005   0.130   0.310445E+04 -0.125564E+03
  0.005   0.130   0.612163E+04 -0.298711E+02
  0.005   0.130   0.609491E+04 -0.549978E+03
  0.005   0.130   0.894843E+04 -0.292179E+02
  0.005   0.130   0.886580E+04 -0.119847E+04
  0.005   0.130   0.115034E+05 -0.284352E+02
  0.005   0.130   0.113277E+05 -0.199104E+04
  0.005   0.130   0.137089E+05 -0.276138E+02
  0.005   0.130   0.134113E+05 -0.283093E+04
  0.005   0.130   0.154979E+05 -0.268487E+02
  0.005   0.130   0.150679E+05 -0.361683E+04
  0.005   0.130   0.168160E+05 -0.262278E+02
  0.005   0.130   0.162667E+05 -0.425511E+04
  0.005   0.130   0.176232E+05 -0.258220E+02
  0.005   0.130   0.169910E+05 -0.467054E+04
  0.005   0.130   0.178950E+05 -0.256776E+02
  0.005   0.130   0.172330E+05 -0.481458E+04
  0.005   0.130   0.176230E+05 -0.258108E+02
  0.005   0.130   0.169907E+05 -0.467047E+04
  0.005   0.130   0.168155E+05 -0.262066E+02
  0.005   0.130   0.162662E+05 -0.425496E+04
  0.005   0.130   0.154971E+05 -0.268201E+02
  0.005   0.130   0.150671E+05 -0.361664E+04
  0.005   0.130   0.137079E+05 -0.275813E+02
  0.005   0.130   0.134104E+05 -0.283071E+04
  0.005   0.130   0.115022E+05 -0.284025E+02
  0.005   0.130   0.113266E+05 -0.199082E+04
  0.005   0.130   0.894707E+04 -0.291888E+02
  0.005   0.130   0.886455E+04 -0.119828E+04
  0.005   0.130   0.612016E+04 -0.298492E+02
  0.005   0.130   0.609355E+04 -0.549836E+03
  0.005   0.130   0.310735E+04 -0.303075E+02
  0.005   0.130   0.310301E+04 -0.125488E+03
  0.005   0.140   0.428434E+00 -0.351363E+02
  0.005   0.140  -0.208946E+01  0.266540E+02
  0.005   0.140  -0.335473E+04 -0.350470E+02
  0.005   0.140  -0.335419E+04 -0.145782E+03
  0.005   0.140  -0.660793E+04 -0.346429E+02
  0.005   0.140  -0.657937E+04 -0.641096E+03
  0.005   0.140  -0.966034E+04 -0.339803E+02
  0.005   0.140  -0.956138E+04 -0.139742E+04
  0.005   0.140  -0.124192E+05 -0.331468E+02
  0.005   0.140  -0.122031E+05 -0.232113E+04
  0.005   0.140  -0.148008E+05 -0.322494E+02
  0.005   0.140  -0.144311E+05 -0.329924E+04
  0.005   0.140  -0.167326E+05 -0.314009E+02
  0.005   0.140  -0.161961E+05 -0.421381E+04
  0.005   0.140  -0.181559E+05 -0.307061E+02
  0.005   0.140  -0.174693E+05 -0.495610E+04
  0.005   0.140  -0.190276E+05 -0.302496E+02
  0.005   0.140  -0.182365E+05 -0.543900E+04
  0.005   0.140  -0.193210E+05 -0.300866E+02
  0.005   0.140  -0.184926E+05 -0.560640E+04
  0.005   0.140  -0.190273E+05 -0.302365E+02
  0.005   0.140  -0.182363E+05 -0.543892E+04
  0.005   0.140  -0.181553E+05 -0.306814E+02
  0.005   0.140  -0.174688E+05 -0.495594E+04
  0.005   0.140  -0.167317E+05 -0.313677E+02
  0.005   0.140  -0.161954E+05 -0.421359E+04
  0.005   0.140  -0.147996E+05 -0.322118E+02
  0.005   0.140  -0.144302E+05 -0.329899E+04
  0.005   0.140  -0.124179E+05 -0.331093E+02
  0.005   0.140  -0.122019E+05 -0.232088E+04
  0.005   0.140  -0.965879E+04 -0.339475E+02
  0.005   0.140  -0.956007E+04 -0.139720E+04
  0.005   0.140  -0.660624E+04 -0.346189E+02
  0.005   0.140  -0.657794E+04 -0.640931E+03
  0.005   0.140  -0.335296E+04 -0.350349E+02
  0.005   0.140  -0.335269E+04 -0.145693E+03
  0.005   0.140   0.221744E+01 -0.351377E+02
  0.005   0.140  -0.557733E+00  0.266558E+02
  0.005   0.140   0.335737E+04 -0.349081E+02
  0.005   0.140   0.335155E+04 -0.145504E+03
  0.005   0.140   0.661058E+04 -0.343686E+02
  0.005   0.140   0.657675E+04 -0.640552E+03
  0.005   0.140   0.966302E+04 -0.335802E+02
  0.005   0.140   0.955879E+04 -0.139663E+04
  0.005   0.140   0.124219E+05 -0.326344E+02
  0.005   0.140   0.122005E+05 -0.232012E+04
  0.005   0.140   0.148035E+05 -0.316414E+02
  0.005   0.140   0.144286E+05 -0.329804E+04
  0.005   0.140   0.167353E+05 -0.307164E+02
  0.005   0.140   0.161936E+05 -0.421245E+04
  0.005   0.140   0.181587E+05 -0.299659E+02
  0.005   0.140   0.174668E+05 -0.495463E+04
  0.005   0.140   0.190303E+05 -0.294756E+02
  0.005   0.140   0.182341E+05 -0.543747E+04
  0.005   0.140   0.193237E+05 -0.293011E+02
  0.005   0.140   0.184902E+05 -0.560484E+04
  0.005   0.140   0.190300E+05 -0.294621E+02
  0.005   0.140   0.182339E+05 -0.543739E+04
  0.005   0.140   0.181581E+05 -0.299404E+02
  0.005   0.140   0.174663E+05 -0.495447E+04
  0.005   0.140   0.167344E+05 -0.306820E+02
  0.005   0.140   0.161929E+05 -0.421223E+04
  0.005   0.140   0.148023E+05 -0.316021E+02
  0.005   0.140   0.144277E+05 -0.329779E+04
  0.005   0.140   0.124206E+05 -0.325949E+02
  0.005   0.140   0.121994E+05 -0.231987E+04
  0.005   0.140   0.966147E+04 -0.335452E+02
  0.005   0.140   0.955748E+04 -0.139641E+04
  0.005   0.140   0.660890E+04 -0.343422E+02
  0.005   0.140   0.657532E+04 -0.640390E+03
  0.005   0.140   0.335561E+04 -0.348934E+02
  0.005   0.140   0.335005E+04 -0.145419E+03
