  0.000   0.000    0.97516E-01   0.42595E-04  -0.69378E-04  -0.30397E-05   0.53179E-02  -0.25023E-06
  0.000   0.000    0.47953E-02   0.12309E-04  -0.34330E-04  -0.64868E-06   0.25499E-03  -0.37865E-08
  0.000   0.000    0.64926E-03   0.33242E-05  -0.16425E-04  -0.18473E-06   0.34786E-04  -0.39610E-08
  0.000   0.000    0.19084E-03   0.11719E-05  -0.92181E-05  -0.62533E-07   0.10212E-04   0.21264E-10
  0.000   0.000   -0.50495E-03   0.36743E-03  -0.25716E-02  -0.19764E-04  -0.27076E-04   0.27958E-08
  0.000   0.000    0.47922E-02   0.60070E-05  -0.21954E-04  -0.41308E-06   0.25476E-03  -0.19261E-07
  0.000   0.000    0.97635E-01   0.42286E-04  -0.71824E-04  -0.30238E-05   0.53242E-02  -0.25035E-06
  0.000   0.000    0.48077E-02   0.12764E-04  -0.35430E-04  -0.67299E-06   0.25565E-03  -0.38504E-08
  0.000   0.000    0.64920E-03   0.32571E-05  -0.17073E-04  -0.18102E-06   0.34784E-04  -0.39364E-08
  0.000   0.000   -0.88263E-03   0.20980E-05  -0.33906E-02  -0.24225E-06  -0.47407E-04   0.66669E-08
  0.000   0.000    0.64834E-03  -0.23955E-06  -0.12198E-04  -0.79753E-08   0.34716E-04  -0.40014E-08
  0.000   0.000    0.48047E-02   0.65773E-05  -0.20080E-04  -0.44367E-06   0.25542E-03  -0.19274E-07
  0.000   0.000    0.97634E-01   0.42708E-04  -0.67490E-04  -0.30460E-05   0.53241E-02  -0.25032E-06
  0.000   0.000    0.47943E-02   0.12231E-04  -0.31597E-04  -0.64402E-06   0.25494E-03  -0.37622E-08
  0.000   0.000   -0.50535E-03  -0.36943E-03  -0.25922E-02   0.19772E-04  -0.27039E-04   0.12947E-08
  0.000   0.000    0.19080E-03  -0.71145E-06  -0.64843E-05   0.37310E-07   0.10209E-04  -0.32148E-09
  0.000   0.000    0.64836E-03   0.23044E-06  -0.10561E-04  -0.33122E-07   0.34716E-04  -0.39998E-08
  0.000   0.000    0.47913E-02   0.71799E-05  -0.16042E-04  -0.47547E-06   0.25470E-03  -0.19119E-07
  0.000   0.000    0.97515E-01   0.42862E-04  -0.62076E-04  -0.30509E-05   0.53178E-02  -0.24985E-06
  0.000   0.000   -0.12595E-03  -0.26890E-03  -0.14147E-02   0.14401E-04  -0.67316E-05   0.28150E-09
  0.000   0.000   -0.50388E-03   0.36207E-03   0.24975E-02  -0.19357E-04  -0.27018E-04   0.78816E-08
  0.000   0.000   -0.88919E-03  -0.32907E-05   0.33211E-02   0.29064E-06  -0.47923E-04   0.23793E-07
  0.000   0.000   -0.50885E-03  -0.35538E-03   0.25096E-02   0.19050E-04  -0.27354E-04   0.88912E-08
  0.000   0.000   -0.12492E-03  -0.25107E-03   0.13382E-02   0.13449E-04  -0.66737E-05  -0.79248E-09
  0.000   0.000    0.97401E-01   0.43621E-04  -0.39389E-04  -0.30905E-05   0.53118E-02  -0.24979E-06
 -1.000  -1.000    0.54682E-01   0.22223E-03   0.24448E-04  -0.11343E-04   0.31295E-02  -0.37906E-06
 -1.000  -1.000    0.29473E-03  -0.34209E-05   0.84051E-05   0.28249E-06   0.17270E-04  -0.14672E-07
 -1.000  -1.000    0.12201E-04  -0.16525E-05   0.56688E-06   0.13218E-06   0.79934E-06  -0.47480E-08
 -1.000  -1.000    0.10621E-05  -0.10298E-07   0.60203E-07   0.64133E-09   0.63007E-07  -0.53041E-11
 -1.000  -1.000   -0.12713E-04   0.91498E-05  -0.57276E-04  -0.65294E-06  -0.85206E-06   0.18454E-08
 -1.000  -1.000    0.29378E-03   0.13060E-04   0.52923E-05  -0.83354E-06   0.17166E-04  -0.77150E-08
 -1.000  -1.000    0.54683E-01   0.22220E-03   0.24437E-04  -0.11341E-04   0.31295E-02  -0.37912E-06
 -1.000  -1.000    0.29476E-03  -0.34242E-05   0.83940E-05   0.28284E-06   0.17272E-04  -0.14675E-07
 -1.000  -1.000    0.12196E-04  -0.16528E-05   0.57564E-06   0.13221E-06   0.79904E-06  -0.47464E-08
 -1.000  -1.000   -0.28189E-04   0.32697E-05  -0.93442E-04  -0.33276E-06  -0.19379E-05   0.60570E-08
 -1.000  -1.000    0.11923E-04   0.24029E-05   0.32641E-06  -0.16970E-06   0.76523E-06  -0.13039E-08
 -1.000  -1.000    0.29381E-03   0.13066E-04   0.53150E-05  -0.83391E-06   0.17168E-04  -0.77206E-08
 -1.000  -1.000    0.54683E-01   0.22220E-03   0.24518E-04  -0.11341E-04   0.31295E-02  -0.37911E-06
 -1.000  -1.000    0.29472E-03  -0.34333E-05   0.84606E-05   0.28338E-06   0.17270E-04  -0.14672E-07
 -1.000  -1.000   -0.10739E-04  -0.55936E-05  -0.55846E-04   0.33395E-06  -0.67732E-06   0.34804E-09
 -1.000  -1.000    0.10600E-05   0.10705E-07   0.38306E-07  -0.68204E-09   0.62829E-07   0.11633E-11
 -1.000  -1.000    0.11921E-04   0.24067E-05   0.35923E-06  -0.16993E-06   0.76508E-06  -0.13052E-08
 -1.000  -1.000    0.29375E-03   0.13057E-04   0.53694E-05  -0.83328E-06   0.17165E-04  -0.77010E-08
 -1.000  -1.000    0.54682E-01   0.22210E-03   0.24424E-04  -0.11335E-04   0.31295E-02  -0.37909E-06
 -1.000  -1.000   -0.18661E-05  -0.26007E-05  -0.19885E-04   0.15390E-06  -0.11025E-06   0.15320E-10
 -1.000  -1.000   -0.14691E-04   0.53087E-05   0.58695E-04  -0.29152E-06  -0.98890E-06   0.96828E-08
 -1.000  -1.000   -0.39747E-04  -0.49049E-05   0.97236E-04   0.42343E-06  -0.28003E-05   0.29498E-07
 -1.000  -1.000   -0.17767E-04  -0.74153E-05   0.60139E-04   0.47667E-06  -0.12404E-05   0.13719E-07
 -1.000  -1.000   -0.18866E-05  -0.29673E-05   0.21038E-04   0.17584E-06  -0.11175E-06  -0.17117E-10
 -1.000  -1.000    0.54681E-01   0.22214E-03   0.24674E-04  -0.11337E-04   0.31294E-02  -0.37905E-06
  0.067   0.200    0.97534E-01   0.42695E-04  -0.92219E-04  -0.30452E-05   0.53189E-02  -0.24993E-06
  0.067   0.200    0.49158E-02   0.12587E-04  -0.56530E-04  -0.66366E-06   0.26145E-03  -0.38542E-08
  0.067   0.200    0.75088E-03   0.36569E-05  -0.37542E-04  -0.20267E-06   0.40233E-04  -0.40097E-08
  0.067   0.200    0.27119E-03   0.15565E-05  -0.29048E-04  -0.83198E-07   0.14519E-04  -0.11929E-10
  0.067   0.200   -0.45785E-03   0.38556E-03  -0.32942E-02  -0.20737E-04  -0.24554E-04   0.29614E-08
  0.067   0.200    0.49126E-02   0.58580E-05  -0.43530E-04  -0.40520E-06   0.26122E-03  -0.19351E-07
  0.067   0.200    0.97657E-01   0.42249E-04  -0.93730E-04  -0.30220E-05   0.53254E-02  -0.25006E-06
  0.067   0.200    0.49298E-02   0.12876E-04  -0.57348E-04  -0.67916E-06   0.26221E-03  -0.39212E-08
  0.067   0.200    0.75086E-03   0.35373E-05  -0.38312E-04  -0.19610E-06   0.40234E-04  -0.39829E-08
  0.067   0.200   -0.83491E-03   0.18860E-05  -0.41561E-02  -0.22945E-06  -0.44853E-04   0.68167E-08
  0.067   0.200    0.74994E-03  -0.56321E-06  -0.31494E-04   0.93111E-08   0.40163E-04  -0.40928E-08
  0.067   0.200    0.49268E-02   0.62816E-05  -0.40639E-04  -0.42791E-06   0.26197E-03  -0.19364E-07
  0.067   0.200    0.97656E-01   0.42527E-04  -0.89008E-04  -0.30365E-05   0.53254E-02  -0.25003E-06
  0.067   0.200    0.49149E-02   0.12298E-04  -0.53437E-04  -0.64772E-06   0.26141E-03  -0.38285E-08
  0.067   0.200   -0.45753E-03  -0.38828E-03  -0.33231E-02   0.20786E-04  -0.24479E-04   0.14107E-08
  0.067   0.200    0.27114E-03  -0.10290E-05  -0.23484E-04   0.54283E-07   0.14516E-04  -0.39707E-09
  0.067   0.200    0.75003E-03  -0.12939E-06  -0.28916E-04  -0.13883E-07   0.40166E-04  -0.40895E-08
  0.067   0.200    0.49119E-02   0.68874E-05  -0.35777E-04  -0.45990E-06   0.26117E-03  -0.19210E-07
  0.067   0.200    0.97533E-01   0.42743E-04  -0.82586E-04  -0.30446E-05   0.53189E-02  -0.24955E-06
  0.067   0.200   -0.79902E-04  -0.29735E-03  -0.20502E-02   0.15930E-04  -0.42655E-05   0.36182E-09
  0.067   0.200   -0.45622E-03   0.38002E-03   0.31642E-02  -0.20323E-04  -0.24466E-04   0.77136E-08
  0.067   0.200   -0.84090E-03  -0.32507E-05   0.40229E-02   0.28703E-06  -0.45337E-04   0.23597E-07
  0.067   0.200   -0.46047E-03  -0.37260E-03   0.31768E-02   0.19975E-04  -0.24764E-04   0.86781E-08
  0.067   0.200   -0.78400E-04  -0.27808E-03   0.19190E-02   0.14899E-04  -0.41820E-05  -0.99702E-09
  0.067   0.200    0.97415E-01   0.43503E-04  -0.57511E-04  -0.30844E-05   0.53126E-02  -0.24948E-06
  0.130   0.385    0.97631E-01   0.42724E-04  -0.84941E-04  -0.30467E-05   0.53240E-02  -0.25006E-06
  0.130   0.385    0.49364E-02   0.12635E-04  -0.49113E-04  -0.66625E-06   0.26254E-03  -0.38426E-08
  0.130   0.385    0.75998E-03   0.36718E-05  -0.30041E-04  -0.20348E-06   0.40718E-04  -0.40130E-08
  0.130   0.385    0.27726E-03   0.15616E-05  -0.21527E-04  -0.83489E-07   0.14843E-04  -0.16335E-10
  0.130   0.385   -0.45655E-03   0.38805E-03  -0.33382E-02  -0.20869E-04  -0.24483E-04   0.29733E-08
  0.130   0.385    0.49333E-02   0.58629E-05  -0.36344E-04  -0.40551E-06   0.26231E-03  -0.19396E-07
  0.130   0.385    0.97755E-01   0.42246E-04  -0.86595E-04  -0.30217E-05   0.53306E-02  -0.25018E-06
  0.130   0.385    0.49506E-02   0.12891E-04  -0.50202E-04  -0.67993E-06   0.26330E-03  -0.39100E-08
  0.130   0.385    0.75998E-03   0.35343E-05  -0.31178E-04  -0.19595E-06   0.40720E-04  -0.39859E-08
  0.130   0.385   -0.83506E-03   0.18672E-05  -0.42052E-02  -0.22834E-06  -0.44858E-04   0.68291E-08
  0.130   0.385    0.75905E-03  -0.57016E-06  -0.24361E-04   0.96510E-08   0.40648E-04  -0.41069E-08
  0.130   0.385    0.49476E-02   0.62529E-05  -0.33579E-04  -0.42641E-06   0.26307E-03  -0.19409E-07
  0.130   0.385    0.97754E-01   0.42502E-04  -0.82112E-04  -0.30349E-05   0.53305E-02  -0.25015E-06
  0.130   0.385    0.49356E-02   0.12303E-04  -0.46602E-04  -0.64794E-06   0.26250E-03  -0.38166E-08
  0.130   0.385   -0.45619E-03  -0.39085E-03  -0.33682E-02   0.20923E-04  -0.24406E-04   0.14193E-08
  0.130   0.385    0.27721E-03  -0.10395E-05  -0.16684E-04   0.54824E-07   0.14840E-04  -0.40527E-09
  0.130   0.385    0.75915E-03  -0.15755E-06  -0.22191E-04  -0.12402E-07   0.40652E-04  -0.41033E-08
  0.130   0.385    0.49326E-02   0.68485E-05  -0.29191E-04  -0.45785E-06   0.26226E-03  -0.19254E-07
  0.130   0.385    0.97630E-01   0.42712E-04  -0.76189E-04  -0.30429E-05   0.53240E-02  -0.24967E-06
  0.130   0.385   -0.76945E-04  -0.29991E-03  -0.20873E-02   0.16066E-04  -0.41068E-05   0.36618E-09
  0.130   0.385   -0.45488E-03   0.38215E-03   0.32178E-02  -0.20436E-04  -0.24392E-04   0.77058E-08
  0.130   0.385   -0.84100E-03  -0.32815E-05   0.40804E-02   0.28855E-06  -0.45340E-04   0.23583E-07
  0.130   0.385   -0.45909E-03  -0.37481E-03   0.32301E-02   0.20092E-04  -0.24688E-04   0.86580E-08
  0.130   0.385   -0.75407E-04  -0.28014E-03   0.19648E-02   0.15008E-04  -0.40213E-05  -0.10142E-08
  0.130   0.385    0.97511E-01   0.43465E-04  -0.53380E-04  -0.30822E-05   0.53176E-02  -0.24960E-06
  0.193   0.570    0.97855E-01   0.42737E-04  -0.80257E-04  -0.30471E-05   0.53357E-02  -0.25047E-06
  0.193   0.570    0.49700E-02   0.12702E-04  -0.44262E-04  -0.66968E-06   0.26431E-03  -0.38168E-08
  0.193   0.570    0.77362E-03   0.36873E-05  -0.25094E-04  -0.20430E-06   0.41444E-04  -0.40154E-08
  0.193   0.570    0.28577E-03   0.15594E-05  -0.16580E-04  -0.83377E-07   0.15298E-04  -0.20672E-10
  0.193   0.570   -0.45606E-03   0.39228E-03  -0.34061E-02  -0.21093E-04  -0.24454E-04   0.29931E-08
  0.193   0.570    0.49668E-02   0.58794E-05  -0.31647E-04  -0.40643E-06   0.26408E-03  -0.19478E-07
  0.193   0.570    0.97980E-01   0.42201E-04  -0.82020E-04  -0.30190E-05   0.53423E-02  -0.25059E-06
  0.193   0.570    0.49845E-02   0.12920E-04  -0.45570E-04  -0.68136E-06   0.26509E-03  -0.38850E-08
  0.193   0.570    0.77364E-03   0.35257E-05  -0.26574E-04  -0.19548E-06   0.41447E-04  -0.39879E-08
  0.193   0.570   -0.83706E-03   0.18378E-05  -0.42811E-02  -0.22659E-06  -0.44960E-04   0.68496E-08
  0.193   0.570    0.77268E-03  -0.57611E-06  -0.19627E-04   0.99309E-08   0.41374E-04  -0.41285E-08
  0.193   0.570    0.49814E-02   0.62220E-05  -0.28938E-04  -0.42479E-06   0.26485E-03  -0.19490E-07
  0.193   0.570    0.97979E-01   0.42419E-04  -0.77735E-04  -0.30303E-05   0.53423E-02  -0.25056E-06
  0.193   0.570    0.49692E-02   0.12312E-04  -0.42318E-04  -0.64828E-06   0.26427E-03  -0.37904E-08
  0.193   0.570   -0.45566E-03  -0.39520E-03  -0.34375E-02   0.21154E-04  -0.24375E-04   0.14335E-08
  0.193   0.570    0.28573E-03  -0.10518E-05  -0.12231E-04   0.55455E-07   0.15294E-04  -0.41640E-09
  0.193   0.570    0.77280E-03  -0.20066E-06  -0.17843E-04  -0.10126E-07   0.41378E-04  -0.41244E-08
  0.193   0.570    0.49662E-02   0.67893E-05  -0.25063E-04  -0.45472E-06   0.26403E-03  -0.19335E-07
  0.193   0.570    0.97854E-01   0.42666E-04  -0.72398E-04  -0.30401E-05   0.53357E-02  -0.25008E-06
  0.193   0.570   -0.73660E-04  -0.30425E-03  -0.21431E-02   0.16297E-04  -0.39303E-05   0.37298E-09
  0.193   0.570   -0.45434E-03   0.38576E-03   0.32885E-02  -0.20627E-04  -0.24360E-04   0.76999E-08
  0.193   0.570   -0.84293E-03  -0.33352E-05   0.41577E-02   0.29124E-06  -0.45438E-04   0.23567E-07
  0.193   0.570   -0.45850E-03  -0.37856E-03   0.33004E-02   0.20291E-04  -0.24654E-04   0.86300E-08
  0.193   0.570   -0.72072E-04  -0.28364E-03   0.20228E-02   0.15194E-04  -0.38421E-05  -0.10375E-08
  0.193   0.570    0.97733E-01   0.43386E-04  -0.52325E-04  -0.30777E-05   0.53293E-02  -0.25001E-06
  0.256   0.755    0.97971E-01   0.42747E-04  -0.76656E-04  -0.30471E-05   0.53418E-02  -0.25043E-06
  0.256   0.755    0.50123E-02   0.12783E-04  -0.40549E-04  -0.67396E-06   0.26654E-03  -0.37903E-08
  0.256   0.755    0.79087E-03   0.37011E-05  -0.21258E-04  -0.20504E-06   0.42362E-04  -0.40173E-08
  0.256   0.755    0.29610E-03   0.15453E-05  -0.12774E-04  -0.82621E-07   0.15849E-04  -0.24777E-10
  0.256   0.755   -0.45661E-03   0.39802E-03  -0.34935E-02  -0.21398E-04  -0.24480E-04   0.30194E-08
  0.256   0.755    0.50092E-02   0.59221E-05  -0.27920E-04  -0.40880E-06   0.26631E-03  -0.19561E-07
  0.256   0.755    0.98097E-01   0.42128E-04  -0.78165E-04  -0.30150E-05   0.53485E-02  -0.25055E-06
  0.256   0.755    0.50272E-02   0.12919E-04  -0.41931E-04  -0.68121E-06   0.26734E-03  -0.38595E-08
  0.256   0.755    0.79092E-03   0.34970E-05  -0.23041E-04  -0.19393E-06   0.42367E-04  -0.39893E-08
  0.256   0.755   -0.84085E-03   0.17973E-05  -0.43796E-02  -0.22420E-06  -0.45157E-04   0.68765E-08
  0.256   0.755    0.78993E-03  -0.57282E-06  -0.15869E-04   0.97086E-08   0.42292E-04  -0.41536E-08
  0.256   0.755    0.50241E-02   0.61881E-05  -0.25262E-04  -0.42305E-06   0.26711E-03  -0.19573E-07
  0.256   0.755    0.98096E-01   0.42282E-04  -0.74233E-04  -0.30226E-05   0.53484E-02  -0.25052E-06
  0.256   0.755    0.50116E-02   0.12294E-04  -0.39144E-04  -0.64725E-06   0.26651E-03  -0.37635E-08
  0.256   0.755   -0.45616E-03  -0.40110E-03  -0.35264E-02   0.21468E-04  -0.24398E-04   0.14518E-08
  0.256   0.755    0.29605E-03  -0.10557E-05  -0.86774E-05   0.55639E-07   0.15845E-04  -0.42930E-09
  0.256   0.755    0.79008E-03  -0.24578E-06  -0.14386E-04  -0.77496E-08   0.42298E-04  -0.41490E-08
  0.256   0.755    0.50086E-02   0.67378E-05  -0.21829E-04  -0.45203E-06   0.26627E-03  -0.19417E-07
  0.256   0.755    0.97970E-01   0.42589E-04  -0.69283E-04  -0.30355E-05   0.53417E-02  -0.25003E-06
  0.256   0.755   -0.70531E-04  -0.31024E-03  -0.22127E-02   0.16617E-04  -0.37623E-05   0.38138E-09
  0.256   0.755   -0.45481E-03   0.39059E-03   0.33753E-02  -0.20884E-04  -0.24382E-04   0.76918E-08
  0.256   0.755   -0.84664E-03  -0.34169E-05   0.42537E-02   0.29537E-06  -0.45631E-04   0.23544E-07
  0.256   0.755   -0.45893E-03  -0.38362E-03   0.33864E-02   0.20559E-04  -0.24674E-04   0.85959E-08
  0.256   0.755   -0.68889E-04  -0.28844E-03   0.20913E-02   0.15450E-04  -0.36711E-05  -0.10648E-08
  0.256   0.755    0.97847E-01   0.43315E-04  -0.52268E-04  -0.30735E-05   0.53352E-02  -0.24996E-06
  0.321   0.940    0.98122E-01   0.42807E-04  -0.74562E-04  -0.30500E-05   0.53496E-02  -0.25038E-06
  0.321   0.940    0.50660E-02   0.12940E-04  -0.37796E-04  -0.68229E-06   0.26938E-03  -0.37542E-08
  0.321   0.940    0.81198E-03   0.37281E-05  -0.18249E-04  -0.20648E-06   0.43486E-04  -0.40182E-08
  0.321   0.940    0.30810E-03   0.15246E-05  -0.97921E-05  -0.81509E-07   0.16488E-04  -0.28470E-10
  0.321   0.940   -0.45890E-03   0.40560E-03  -0.35982E-02  -0.21801E-04  -0.24599E-04   0.30526E-08
  0.321   0.940    0.50629E-02   0.59252E-05  -0.25137E-04  -0.40905E-06   0.26915E-03  -0.19668E-07
  0.321   0.940    0.98251E-01   0.42048E-04  -0.75670E-04  -0.30100E-05   0.53564E-02  -0.25051E-06
  0.321   0.940    0.50814E-02   0.12965E-04  -0.39255E-04  -0.68356E-06   0.27020E-03  -0.38249E-08
  0.321   0.940    0.81207E-03   0.34666E-05  -0.20421E-04  -0.19228E-06   0.43493E-04  -0.39896E-08
  0.321   0.940   -0.84738E-03   0.17454E-05  -0.44985E-02  -0.22114E-06  -0.45500E-04   0.69105E-08
  0.321   0.940    0.81103E-03  -0.57903E-06  -0.12891E-04   0.99906E-08   0.43415E-04  -0.41852E-08
  0.321   0.940    0.50783E-02   0.60881E-05  -0.22491E-04  -0.41777E-06   0.26997E-03  -0.19679E-07
  0.321   0.940    0.98250E-01   0.42084E-04  -0.72198E-04  -0.30116E-05   0.53563E-02  -0.25048E-06
  0.321   0.940    0.50654E-02   0.12326E-04  -0.37036E-04  -0.64887E-06   0.26936E-03  -0.37269E-08
  0.321   0.940   -0.45843E-03  -0.40889E-03  -0.36328E-02   0.21882E-04  -0.24516E-04   0.14742E-08
  0.321   0.940    0.30805E-03  -0.10658E-05  -0.58318E-05   0.56147E-07   0.16485E-04  -0.44473E-09
  0.321   0.940    0.81123E-03  -0.32189E-06  -0.11704E-04  -0.37164E-08   0.43424E-04  -0.41799E-08
  0.321   0.940    0.50624E-02   0.66049E-05  -0.19563E-04  -0.44497E-06   0.26912E-03  -0.19523E-07
  0.321   0.940    0.98122E-01   0.42353E-04  -0.67768E-04  -0.30225E-05   0.53496E-02  -0.24998E-06
  0.321   0.940   -0.68072E-04  -0.31822E-03  -0.22937E-02   0.17042E-04  -0.36300E-05   0.39073E-09
  0.321   0.940   -0.45700E-03   0.39692E-03   0.34768E-02  -0.21221E-04  -0.24495E-04   0.76852E-08
  0.321   0.940   -0.85306E-03  -0.35319E-05   0.43672E-02   0.30125E-06  -0.45967E-04   0.23519E-07
  0.321   0.940   -0.46110E-03  -0.39027E-03   0.34870E-02   0.20913E-04  -0.24786E-04   0.85556E-08
  0.321   0.940   -0.66351E-04  -0.29478E-03   0.21688E-02   0.15787E-04  -0.35344E-05  -0.10964E-08
  0.321   0.940    0.97996E-01   0.43198E-04  -0.53077E-04  -0.30668E-05   0.53429E-02  -0.24991E-06
