  0.000   0.000   -0.27261E-04  -0.97969E-01  -0.52747E-03   0.53477E-02  -0.18687E-05  -0.19366E-06
  0.000   0.000    0.11612E-04   0.95858E-02  -0.15692E-01  -0.50641E-03   0.61310E-06   0.26100E-07
  0.000   0.000    0.13510E-04   0.97838E-03  -0.36852E-02  -0.52786E-04   0.96917E-06  -0.13723E-07
  0.000   0.000    0.22628E-06   0.29118E-03  -0.16551E-02  -0.15584E-04   0.77966E-08   0.97808E-09
  0.000   0.000   -0.36238E-03  -0.14730E-03  -0.11066E-02   0.78614E-05  -0.19409E-04   0.10522E-08
  0.000   0.000    0.12354E-04   0.96754E-02   0.15610E-01  -0.51113E-03   0.70682E-06   0.94269E-08
  0.000   0.000   -0.27537E-04  -0.98403E-01   0.96735E-04   0.53705E-02  -0.18830E-05  -0.19456E-06
  0.000   0.000    0.10613E-04   0.95512E-02  -0.15556E-01  -0.50455E-03   0.55175E-06   0.26557E-07
  0.000   0.000    0.13106E-04   0.97809E-03  -0.36106E-02  -0.52762E-04   0.94749E-06  -0.13728E-07
  0.000   0.000    0.15114E-05  -0.41635E-03   0.15367E-04   0.22319E-04   0.88696E-07  -0.85810E-09
  0.000   0.000    0.53433E-06   0.99883E-03   0.36618E-02  -0.53788E-04  -0.65588E-07   0.15032E-07
  0.000   0.000    0.11830E-04   0.96408E-02   0.15673E-01  -0.50931E-03   0.67854E-06   0.93491E-08
  0.000   0.000   -0.28004E-04  -0.98403E-01   0.12394E-03   0.53705E-02  -0.19094E-05  -0.19447E-06
  0.000   0.000    0.10071E-04   0.95852E-02  -0.15494E-01  -0.50634E-03   0.52281E-06   0.26604E-07
  0.000   0.000    0.35664E-03  -0.14862E-03   0.11014E-02   0.79619E-05   0.19082E-04  -0.81653E-09
  0.000   0.000   -0.29635E-06   0.29357E-03   0.16848E-02  -0.15724E-04  -0.15159E-07  -0.11642E-08
  0.000   0.000    0.55311E-06   0.99837E-03   0.37321E-02  -0.53771E-04  -0.64680E-07   0.14954E-07
  0.000   0.000    0.12399E-04   0.96751E-02   0.15802E-01  -0.51116E-03   0.70239E-06   0.96655E-08
  0.000   0.000   -0.27361E-04  -0.97972E-01   0.73587E-03   0.53478E-02  -0.18722E-05  -0.19395E-06
  0.000   0.000    0.25259E-03   0.65795E-04   0.12024E-02  -0.35196E-05   0.13511E-04  -0.53399E-09
  0.000   0.000   -0.36779E-03  -0.14684E-03   0.11626E-02   0.78908E-05  -0.19717E-04   0.35208E-08
  0.000   0.000   -0.32763E-05  -0.41526E-03   0.20526E-04   0.22247E-04  -0.19932E-06  -0.22762E-09
  0.000   0.000    0.36918E-03  -0.14956E-03  -0.11285E-02   0.80115E-05   0.19816E-04  -0.52499E-08
  0.000   0.000    0.26695E-03   0.63888E-04  -0.12184E-02  -0.34098E-05   0.14278E-04   0.41823E-09
  0.000   0.000   -0.27477E-04  -0.97533E-01   0.98854E-04   0.53247E-02  -0.18782E-05  -0.19308E-06
 -1.000  -1.000   -0.18897E-03  -0.54831E-01  -0.20073E-04   0.31426E-02  -0.88623E-05  -0.50298E-07
 -1.000  -1.000    0.42674E-05   0.12237E-02  -0.23229E-02  -0.70407E-04   0.23887E-06   0.22362E-07
 -1.000  -1.000    0.13842E-04   0.68996E-04  -0.17287E-03  -0.43942E-05   0.10279E-05  -0.16449E-07
 -1.000  -1.000   -0.56345E-08   0.56436E-05  -0.32465E-04  -0.33814E-06  -0.89131E-09   0.71200E-10
 -1.000  -1.000   -0.73446E-05   0.72061E-06  -0.28997E-04  -0.77318E-07  -0.47421E-06   0.56655E-09
 -1.000  -1.000    0.70456E-05   0.12826E-02   0.23326E-02  -0.73653E-04   0.39161E-06   0.86085E-08
 -1.000  -1.000   -0.18931E-03  -0.54863E-01   0.49143E-04   0.31445E-02  -0.88840E-05  -0.51026E-07
 -1.000  -1.000    0.40506E-05   0.12216E-02  -0.23154E-02  -0.70272E-04   0.22371E-06   0.22596E-07
 -1.000  -1.000    0.13837E-04   0.69012E-04  -0.17025E-03  -0.43946E-05   0.10276E-05  -0.16451E-07
 -1.000  -1.000    0.64930E-06  -0.61257E-05   0.50043E-06   0.39390E-06   0.57092E-07  -0.11807E-08
 -1.000  -1.000    0.62752E-06   0.88723E-04   0.17356E-03  -0.53830E-05  -0.85252E-07   0.19803E-07
 -1.000  -1.000    0.70163E-05   0.12811E-02   0.23365E-02  -0.73565E-04   0.38975E-06   0.85716E-08
 -1.000  -1.000   -0.18933E-03  -0.54863E-01   0.50053E-04   0.31445E-02  -0.88848E-05  -0.50974E-07
 -1.000  -1.000    0.40512E-05   0.12231E-02  -0.23116E-02  -0.70362E-04   0.22364E-06   0.22597E-07
 -1.000  -1.000    0.66668E-05  -0.46094E-06   0.27261E-04   0.26029E-07   0.41723E-06  -0.20345E-09
 -1.000  -1.000    0.23078E-07   0.57746E-05   0.32689E-04  -0.34359E-06   0.13998E-08   0.31334E-09
 -1.000  -1.000    0.62304E-06   0.88716E-04   0.17614E-03  -0.53829E-05  -0.85565E-07   0.19807E-07
 -1.000  -1.000    0.70561E-05   0.12835E-02   0.23439E-02  -0.73712E-04   0.39020E-06   0.92882E-08
 -1.000  -1.000   -0.18923E-03  -0.54830E-01   0.11898E-03   0.31426E-02  -0.88811E-05  -0.50897E-07
 -1.000  -1.000    0.29444E-05   0.14562E-05   0.20613E-04  -0.86041E-07   0.17422E-06  -0.19254E-10
 -1.000  -1.000   -0.81427E-05  -0.80242E-06   0.25735E-04   0.58571E-07  -0.54155E-06   0.48040E-08
 -1.000  -1.000   -0.93045E-06  -0.52817E-05   0.50350E-06   0.32087E-06  -0.75729E-07   0.11509E-08
 -1.000  -1.000    0.91879E-05   0.82577E-07  -0.26150E-04  -0.21066E-07   0.62798E-06  -0.62898E-08
 -1.000  -1.000    0.25944E-05   0.14440E-05  -0.18116E-04  -0.85341E-07   0.15369E-06   0.11627E-10
 -1.000  -1.000   -0.18888E-03  -0.54798E-01   0.49338E-04   0.31407E-02  -0.88590E-05  -0.50177E-07
  0.067   0.200   -0.27326E-04  -0.97977E-01  -0.49570E-03   0.53481E-02  -0.18723E-05  -0.19347E-06
  0.067   0.200    0.11648E-04   0.94958E-02  -0.16061E-01  -0.50159E-03   0.61497E-06   0.26062E-07
  0.067   0.200    0.13637E-04   0.92783E-03  -0.43160E-02  -0.50072E-04   0.97586E-06  -0.13648E-07
  0.067   0.200    0.30991E-06   0.27318E-03  -0.24097E-02  -0.14619E-04   0.12039E-07   0.11319E-08
  0.067   0.200   -0.37993E-03  -0.22412E-03  -0.13770E-02   0.11984E-04  -0.20351E-04   0.10374E-08
  0.067   0.200    0.12265E-04   0.95860E-02   0.16043E-01  -0.50635E-03   0.70219E-06   0.92173E-08
  0.067   0.200   -0.27453E-04  -0.98405E-01   0.13877E-03   0.53706E-02  -0.18785E-05  -0.19437E-06
  0.067   0.200    0.10811E-04   0.94631E-02  -0.15904E-01  -0.49983E-03   0.56245E-06   0.26510E-07
  0.067   0.200    0.13288E-04   0.92742E-03  -0.42155E-02  -0.50043E-04   0.95710E-06  -0.13658E-07
  0.067   0.200    0.20747E-05  -0.50335E-03   0.54225E-04   0.26988E-04   0.11894E-06  -0.96956E-09
  0.067   0.200    0.51159E-06   0.94931E-03   0.43495E-02  -0.51133E-04  -0.66554E-07   0.14807E-07
  0.067   0.200    0.11896E-04   0.95533E-02   0.16107E-01  -0.50463E-03   0.68221E-06   0.91436E-08
  0.067   0.200   -0.27781E-04  -0.98404E-01   0.16934E-03   0.53706E-02  -0.18975E-05  -0.19428E-06
  0.067   0.200    0.10271E-04   0.94952E-02  -0.15840E-01  -0.50152E-03   0.53355E-06   0.26556E-07
  0.067   0.200    0.37457E-03  -0.22338E-03   0.14332E-02   0.11973E-04   0.20045E-04  -0.99853E-09
  0.067   0.200   -0.31250E-06   0.27687E-03   0.25138E-02  -0.14832E-04  -0.15713E-07  -0.13819E-08
  0.067   0.200    0.57241E-06   0.94886E-03   0.44414E-02  -0.51116E-04  -0.63405E-07   0.14725E-07
  0.067   0.200    0.12516E-04   0.95859E-02   0.16253E-01  -0.50637E-03   0.70883E-06   0.94454E-08
  0.067   0.200   -0.27200E-04  -0.97979E-01   0.78738E-03   0.53483E-02  -0.18636E-05  -0.19377E-06
  0.067   0.200    0.28033E-03   0.16733E-04   0.17704E-02  -0.88970E-06   0.15000E-04  -0.75380E-09
  0.067   0.200   -0.38632E-03  -0.22311E-03   0.15140E-02   0.11985E-04  -0.20712E-04   0.33332E-08
  0.067   0.200   -0.36552E-05  -0.50211E-03   0.58981E-04   0.26913E-04  -0.21964E-06  -0.37236E-09
  0.067   0.200    0.38735E-03  -0.22468E-03  -0.14021E-02   0.12047E-04   0.20791E-04  -0.53181E-08
  0.067   0.200    0.29470E-03   0.13998E-04  -0.17284E-02  -0.73134E-06   0.15767E-04   0.44751E-09
  0.067   0.200   -0.27333E-04  -0.97548E-01   0.13821E-03   0.53256E-02  -0.18705E-05  -0.19291E-06
  0.130   0.385   -0.27343E-04  -0.98072E-01  -0.50147E-03   0.53531E-02  -0.18732E-05  -0.19369E-06
  0.130   0.385    0.11641E-04   0.95040E-02  -0.16118E-01  -0.50200E-03   0.61444E-06   0.26080E-07
  0.130   0.385    0.13631E-04   0.92733E-03  -0.43718E-02  -0.50042E-04   0.97547E-06  -0.13638E-07
  0.130   0.385    0.30453E-06   0.27174E-03  -0.24707E-02  -0.14541E-04   0.11712E-07   0.11447E-08
  0.130   0.385   -0.38203E-03  -0.22968E-03  -0.14059E-02   0.12281E-04  -0.20462E-04   0.10390E-08
  0.130   0.385    0.12272E-04   0.95943E-02   0.16080E-01  -0.50676E-03   0.70264E-06   0.92175E-08
  0.130   0.385   -0.27439E-04  -0.98499E-01   0.12662E-03   0.53756E-02  -0.18778E-05  -0.19458E-06
  0.130   0.385    0.10836E-04   0.94715E-02  -0.15965E-01  -0.50025E-03   0.56361E-06   0.26529E-07
  0.130   0.385    0.13303E-04   0.92692E-03  -0.42755E-02  -0.50013E-04   0.95780E-06  -0.13646E-07
  0.130   0.385    0.21475E-05  -0.51036E-03   0.41620E-04   0.27362E-04   0.12283E-06  -0.97357E-09
  0.130   0.385    0.52660E-06   0.94889E-03   0.43822E-02  -0.51107E-04  -0.65712E-07   0.14799E-07
  0.130   0.385    0.11934E-04   0.95619E-02   0.16141E-01  -0.50506E-03   0.68431E-06   0.91454E-08
  0.130   0.385   -0.27731E-04  -0.98499E-01   0.15483E-03   0.53756E-02  -0.18946E-05  -0.19449E-06
  0.130   0.385    0.10305E-04   0.95034E-02  -0.15904E-01  -0.50193E-03   0.53520E-06   0.26575E-07
  0.130   0.385    0.37683E-03  -0.22869E-03   0.14391E-02   0.12257E-04   0.20165E-04  -0.10081E-08
  0.130   0.385   -0.29137E-06   0.27551E-03   0.25487E-02  -0.14758E-04  -0.14561E-07  -0.13958E-08
  0.130   0.385    0.60301E-06   0.94844E-03   0.44713E-02  -0.51091E-04  -0.61728E-07   0.14719E-07
  0.130   0.385    0.12562E-04   0.95942E-02   0.16284E-01  -0.50679E-03   0.71135E-06   0.94443E-08
  0.130   0.385   -0.27158E-04  -0.98074E-01   0.76793E-03   0.53533E-02  -0.18613E-05  -0.19399E-06
  0.130   0.385    0.28245E-03   0.13331E-04   0.17883E-02  -0.70722E-06   0.15113E-04  -0.76484E-09
  0.130   0.385   -0.38885E-03  -0.22862E-03   0.15252E-02   0.12280E-04  -0.20846E-04   0.33240E-08
  0.130   0.385   -0.36867E-05  -0.50911E-03   0.47181E-04   0.27287E-04  -0.22132E-06  -0.38389E-09
  0.130   0.385    0.38986E-03  -0.23002E-03  -0.14367E-02   0.12333E-04   0.20924E-04  -0.53202E-08
  0.130   0.385    0.29720E-03   0.10537E-04  -0.17788E-02  -0.54547E-06   0.15900E-04   0.45406E-09
  0.130   0.385   -0.27305E-04  -0.97644E-01   0.12651E-03   0.53306E-02  -0.18691E-05  -0.19313E-06
  0.193   0.570   -0.27306E-04  -0.98293E-01  -0.50094E-03   0.53647E-02  -0.18706E-05  -0.19425E-06
  0.193   0.570    0.11629E-04   0.95210E-02  -0.16195E-01  -0.50285E-03   0.61348E-06   0.26112E-07
  0.193   0.570    0.13619E-04   0.92809E-03  -0.44432E-02  -0.50077E-04   0.97471E-06  -0.13622E-07
  0.193   0.570    0.29411E-06   0.27091E-03  -0.25456E-02  -0.14494E-04   0.11098E-07   0.11618E-08
  0.193   0.570   -0.38559E-03  -0.23743E-03  -0.14382E-02   0.12695E-04  -0.20651E-04   0.10399E-08
  0.193   0.570    0.12290E-04   0.96114E-02   0.16148E-01  -0.50762E-03   0.70374E-06   0.92152E-08
  0.193   0.570   -0.27353E-04  -0.98720E-01   0.12007E-03   0.53872E-02  -0.18726E-05  -0.19514E-06
  0.193   0.570    0.10879E-04   0.94888E-02  -0.16047E-01  -0.50112E-03   0.56560E-06   0.26561E-07
  0.193   0.570    0.13324E-04   0.92768E-03  -0.43507E-02  -0.50048E-04   0.95887E-06  -0.13630E-07
  0.193   0.570    0.22602E-05  -0.52063E-03   0.34392E-04   0.27910E-04   0.12885E-06  -0.98168E-09
  0.193   0.570    0.55195E-06   0.94975E-03   0.44410E-02  -0.51148E-04  -0.64289E-07   0.14788E-07
  0.193   0.570    0.12003E-04   0.95794E-02   0.16206E-01  -0.50593E-03   0.68818E-06   0.91452E-08
  0.193   0.570   -0.27618E-04  -0.98720E-01   0.14556E-03   0.53871E-02  -0.18883E-05  -0.19505E-06
  0.193   0.570    0.10361E-04   0.95204E-02  -0.15988E-01  -0.50278E-03   0.53787E-06   0.26608E-07
  0.193   0.570    0.38065E-03  -0.23609E-03   0.14585E-02   0.12652E-04   0.20367E-04  -0.10246E-08
  0.193   0.570   -0.25450E-06   0.27479E-03   0.26074E-02  -0.14718E-04  -0.12551E-07  -0.14167E-08
  0.193   0.570    0.65399E-06   0.94932E-03   0.45271E-02  -0.51133E-04  -0.58930E-07   0.14708E-07
  0.193   0.570    0.12641E-04   0.96114E-02   0.16346E-01  -0.50765E-03   0.71574E-06   0.94392E-08
  0.193   0.570   -0.27075E-04  -0.98295E-01   0.75243E-03   0.53649E-02  -0.18564E-05  -0.19454E-06
  0.193   0.570    0.28602E-03   0.92094E-05   0.18242E-02  -0.48621E-06   0.15302E-04  -0.78282E-09
  0.193   0.570   -0.39311E-03  -0.23632E-03   0.15508E-02   0.12691E-04  -0.21072E-04   0.33092E-08
  0.193   0.570   -0.37298E-05  -0.51936E-03   0.40412E-04   0.27834E-04  -0.22362E-06  -0.40531E-09
  0.193   0.570    0.39412E-03  -0.23745E-03  -0.14756E-02   0.12730E-04   0.21150E-04  -0.53269E-08
  0.193   0.570    0.30147E-03   0.63345E-05  -0.18384E-02  -0.31979E-06   0.16126E-04   0.46098E-09
  0.193   0.570   -0.27201E-04  -0.97866E-01   0.11977E-03   0.53423E-02  -0.18630E-05  -0.19369E-06
  0.256   0.755   -0.27315E-04  -0.98406E-01  -0.49684E-03   0.53706E-02  -0.18709E-05  -0.19444E-06
  0.256   0.755    0.11605E-04   0.95392E-02  -0.16295E-01  -0.50378E-03   0.61192E-06   0.26144E-07
  0.256   0.755    0.13597E-04   0.92986E-03  -0.45310E-02  -0.50167E-04   0.97339E-06  -0.13605E-07
  0.256   0.755    0.27642E-06   0.27105E-03  -0.26328E-02  -0.14500E-04   0.10079E-07   0.11827E-08
  0.256   0.755   -0.39038E-03  -0.24680E-03  -0.14758E-02   0.13197E-04  -0.20905E-04   0.10411E-08
  0.256   0.755    0.12301E-04   0.96299E-02   0.16246E-01  -0.50857E-03   0.70446E-06   0.92202E-08
  0.256   0.755   -0.27267E-04  -0.98831E-01   0.11614E-03   0.53929E-02  -0.18681E-05  -0.19532E-06
  0.256   0.755    0.10928E-04   0.95076E-02  -0.16152E-01  -0.50208E-03   0.56795E-06   0.26592E-07
  0.256   0.755    0.13353E-04   0.92946E-03  -0.44420E-02  -0.50138E-04   0.96024E-06  -0.13610E-07
  0.256   0.755    0.24155E-05  -0.53342E-03   0.29374E-04   0.28592E-04   0.13715E-06  -0.99218E-09
  0.256   0.755    0.58977E-06   0.95166E-03   0.45204E-02  -0.51245E-04  -0.62180E-07   0.14773E-07
  0.256   0.755    0.12085E-04   0.95984E-02   0.16301E-01  -0.50690E-03   0.69272E-06   0.91525E-08
  0.256   0.755   -0.27465E-04  -0.98831E-01   0.13872E-03   0.53929E-02  -0.18798E-05  -0.19523E-06
  0.256   0.755    0.10431E-04   0.95387E-02  -0.16097E-01  -0.50371E-03   0.54137E-06   0.26641E-07
  0.256   0.755    0.38580E-03  -0.24500E-03   0.14872E-02   0.13128E-04   0.20640E-04  -0.10455E-08
  0.256   0.755   -0.19814E-06   0.27507E-03   0.26829E-02  -0.14731E-04  -0.94873E-08  -0.14429E-08
  0.256   0.755    0.72938E-06   0.95125E-03   0.46036E-02  -0.51231E-04  -0.54807E-07   0.14694E-07
  0.256   0.755    0.12742E-04   0.96299E-02   0.16436E-01  -0.50860E-03   0.72130E-06   0.94393E-08
  0.256   0.755   -0.26943E-04  -0.98408E-01   0.73843E-03   0.53707E-02  -0.18489E-05  -0.19472E-06
  0.256   0.755    0.29090E-03   0.48536E-05   0.18726E-02  -0.25271E-06   0.15562E-04  -0.80493E-09
  0.256   0.755   -0.39891E-03  -0.24562E-03   0.15867E-02   0.13189E-04  -0.21380E-04   0.32894E-08
  0.256   0.755   -0.37805E-05  -0.53213E-03   0.35786E-04   0.28515E-04  -0.22631E-06  -0.43185E-09
  0.256   0.755    0.39992E-03  -0.24641E-03  -0.15203E-02   0.13210E-04   0.21458E-04  -0.53348E-08
  0.256   0.755    0.30737E-03   0.18809E-05  -0.19071E-02  -0.80644E-07   0.16440E-04   0.46920E-09
  0.256   0.755   -0.27090E-04  -0.97980E-01   0.11517E-03   0.53482E-02  -0.18568E-05  -0.19388E-06
  0.321   0.940   -0.27343E-04  -0.98553E-01  -0.49088E-03   0.53782E-02  -0.18722E-05  -0.19469E-06
  0.321   0.940    0.11569E-04   0.95638E-02  -0.16421E-01  -0.50503E-03   0.60962E-06   0.26186E-07
  0.321   0.940    0.13562E-04   0.93351E-03  -0.46352E-02  -0.50355E-04   0.97137E-06  -0.13582E-07
  0.321   0.940    0.24982E-06   0.27280E-03  -0.27309E-02  -0.14591E-04   0.85659E-08   0.12083E-08
  0.321   0.940   -0.39665E-03  -0.25765E-03  -0.15194E-02   0.13776E-04  -0.21237E-04   0.10434E-08
  0.321   0.940    0.12315E-04   0.96549E-02   0.16371E-01  -0.50984E-03   0.70539E-06   0.92280E-08
  0.321   0.940   -0.27160E-04  -0.98976E-01   0.11340E-03   0.54005E-02  -0.18620E-05  -0.19556E-06
  0.321   0.940    0.10989E-04   0.95328E-02  -0.16282E-01  -0.50337E-03   0.57085E-06   0.26633E-07
  0.321   0.940    0.13388E-04   0.93312E-03  -0.45489E-02  -0.50327E-04   0.96197E-06  -0.13587E-07
  0.321   0.940    0.26131E-05  -0.54880E-03   0.25383E-04   0.29412E-04   0.14772E-06  -0.10047E-08
  0.321   0.940    0.64341E-06   0.95546E-03   0.46179E-02  -0.51443E-04  -0.59200E-07   0.14756E-07
  0.321   0.940    0.12201E-04   0.96239E-02   0.16422E-01  -0.50821E-03   0.69910E-06   0.91637E-08
  0.321   0.940   -0.27215E-04  -0.98976E-01   0.13313E-03   0.54004E-02  -0.18661E-05  -0.19547E-06
  0.321   0.940    0.10527E-04   0.95633E-02  -0.16231E-01  -0.50497E-03   0.54613E-06   0.26683E-07
  0.321   0.940    0.39255E-03  -0.25529E-03   0.15235E-02   0.13678E-04   0.20999E-04  -0.10706E-08
  0.321   0.940   -0.11785E-06   0.27697E-03   0.27715E-02  -0.14832E-04  -0.51321E-08  -0.14725E-08
  0.321   0.940    0.83367E-06   0.95510E-03   0.46990E-02  -0.51430E-04  -0.49112E-07   0.14678E-07
  0.321   0.940    0.12874E-04   0.96549E-02   0.16554E-01  -0.50987E-03   0.72852E-06   0.94411E-08
  0.321   0.940   -0.26711E-04  -0.98555E-01   0.72539E-03   0.53783E-02  -0.18365E-05  -0.19496E-06
  0.321   0.940    0.29735E-03   0.66910E-06   0.19311E-02  -0.28477E-07   0.15905E-04  -0.83056E-09
  0.321   0.940   -0.40655E-03  -0.25638E-03   0.16311E-02   0.13764E-04  -0.21785E-04   0.32659E-08
  0.321   0.940   -0.38407E-05  -0.54748E-03   0.32331E-04   0.29335E-04  -0.22951E-06  -0.46553E-09
  0.321   0.940    0.40759E-03  -0.25675E-03  -0.15711E-02   0.13762E-04   0.21865E-04  -0.53454E-08
  0.321   0.940    0.31524E-03  -0.24202E-05  -0.19836E-02   0.15030E-06   0.16859E-04   0.47864E-09
  0.321   0.940   -0.26955E-04  -0.98129E-01   0.11179E-03   0.53559E-02  -0.18494E-05  -0.19413E-06
