  0.000   0.000    0.93914E-03   0.18401E+01   0.11022E-01  -0.98412E-01   0.57168E-04   0.38546E-05
  0.000   0.000   -0.19846E-03  -0.18272E+00   0.29592E+00   0.96457E-02  -0.10451E-04  -0.50454E-06
  0.000   0.000   -0.24048E-03  -0.18377E-01   0.69176E-01   0.99177E-03  -0.17095E-04   0.23839E-06
  0.000   0.000   -0.34931E-05  -0.54611E-02   0.31085E-01   0.29227E-03  -0.10617E-06  -0.18379E-07
  0.000   0.000    0.68129E-02   0.27458E-02   0.20876E-01  -0.14649E-03   0.36496E-03  -0.20190E-07
  0.000   0.000   -0.23126E-03  -0.18407E+00  -0.29350E+00   0.97168E-02  -0.13263E-04  -0.18082E-06
  0.000   0.000    0.94425E-03   0.18484E+01  -0.88051E-03  -0.98848E-01   0.57433E-04   0.38719E-05
  0.000   0.000   -0.17955E-03  -0.18206E+00   0.29335E+00   0.96103E-02  -0.92908E-05  -0.51321E-06
  0.000   0.000   -0.23292E-03  -0.18369E-01   0.67759E-01   0.99118E-03  -0.16689E-04   0.23851E-06
  0.000   0.000   -0.99800E-05   0.78006E-02  -0.13336E-03  -0.41816E-03  -0.66906E-06   0.17143E-07
  0.000   0.000   -0.10903E-04  -0.18698E-01  -0.68347E-01   0.10070E-02   0.12672E-05  -0.32521E-06
  0.000   0.000   -0.22147E-03  -0.18342E+00  -0.29468E+00   0.96827E-02  -0.12734E-04  -0.17937E-06
  0.000   0.000    0.95304E-03   0.18484E+01  -0.13908E-02  -0.98848E-01   0.57929E-04   0.38701E-05
  0.000   0.000   -0.16944E-03  -0.18270E+00   0.29218E+00   0.96439E-02  -0.87499E-05  -0.51410E-06
  0.000   0.000   -0.66726E-02   0.27838E-02  -0.20481E-01  -0.14913E-03  -0.35705E-03   0.15505E-07
  0.000   0.000    0.61656E-05  -0.54831E-02  -0.31394E-01   0.29368E-03   0.31742E-06   0.22278E-07
  0.000   0.000   -0.11273E-04  -0.18693E-01  -0.69681E-01   0.10069E-02   0.12493E-05  -0.32372E-06
  0.000   0.000   -0.23220E-03  -0.18407E+00  -0.29713E+00   0.97179E-02  -0.13181E-04  -0.18539E-06
  0.000   0.000    0.94033E-03   0.18402E+01  -0.13082E-01  -0.98414E-01   0.57198E-04   0.38602E-05
  0.000   0.000   -0.47217E-02  -0.12293E-02  -0.22387E-01   0.65757E-04  -0.25256E-03   0.99656E-08
  0.000   0.000    0.68850E-02   0.27572E-02  -0.21623E-01  -0.14819E-03   0.36924E-03  -0.74924E-07
  0.000   0.000    0.36031E-04   0.77838E-02  -0.20577E-03  -0.41701E-03   0.23597E-05   0.55919E-08
  0.000   0.000   -0.69482E-02   0.27905E-02   0.21308E-01  -0.14945E-03  -0.37307E-03   0.10665E-06
  0.000   0.000   -0.50127E-02  -0.12079E-02   0.22948E-01   0.64471E-04  -0.26810E-03  -0.78867E-08
  0.000   0.000    0.94275E-03   0.18318E+01  -0.93815E-03  -0.97973E-01   0.57322E-04   0.38435E-05
 -1.000  -1.000    0.30433E-02   0.99178E+00   0.60833E-03  -0.55053E-01   0.15158E-03   0.15137E-05
 -1.000  -1.000   -0.10496E-03  -0.21592E-01   0.40263E-01   0.12420E-02  -0.60381E-05  -0.44232E-06
 -1.000  -1.000   -0.25522E-03  -0.12532E-02   0.29679E-02   0.80498E-04  -0.18738E-04   0.29658E-06
 -1.000  -1.000    0.10479E-06  -0.95747E-04   0.55019E-03   0.57372E-05   0.15995E-07  -0.12285E-08
 -1.000  -1.000    0.13028E-03  -0.17211E-04   0.49589E-03   0.17497E-05   0.85397E-05  -0.12629E-07
 -1.000  -1.000   -0.13487E-03  -0.22590E-01  -0.40335E-01   0.12959E-02  -0.75802E-05  -0.16457E-06
 -1.000  -1.000    0.30493E-02   0.99233E+00  -0.59718E-03  -0.55085E-01   0.15195E-03   0.15265E-05
 -1.000  -1.000   -0.10114E-03  -0.21555E-01   0.40133E-01   0.12396E-02  -0.57710E-05  -0.44643E-06
 -1.000  -1.000   -0.25513E-03  -0.12533E-02   0.29227E-02   0.80500E-04  -0.18733E-04   0.29661E-06
 -1.000  -1.000   -0.89930E-05   0.10643E-03  -0.63765E-05  -0.68899E-05  -0.80183E-06   0.21869E-07
 -1.000  -1.000   -0.13431E-04  -0.15869E-02  -0.29715E-02   0.96538E-04   0.15714E-05  -0.40732E-06
 -1.000  -1.000   -0.13437E-03  -0.22564E-01  -0.40400E-01   0.12944E-02  -0.75484E-05  -0.16393E-06
 -1.000  -1.000    0.30496E-02   0.99233E+00  -0.61264E-03  -0.55085E-01   0.15197E-03   0.15256E-05
 -1.000  -1.000   -0.10115E-03  -0.21582E-01   0.40069E-01   0.12412E-02  -0.57699E-05  -0.44644E-06
 -1.000  -1.000   -0.11551E-03   0.75314E-05  -0.46178E-03  -0.41742E-06  -0.72960E-05   0.39875E-08
 -1.000  -1.000   -0.39439E-06  -0.97833E-04  -0.55292E-03   0.58213E-05  -0.23991E-07  -0.53509E-08
 -1.000  -1.000   -0.13355E-04  -0.15869E-02  -0.30161E-02   0.96543E-04   0.15767E-05  -0.40741E-06
 -1.000  -1.000   -0.13506E-03  -0.22606E-01  -0.40529E-01   0.12969E-02  -0.75552E-05  -0.17649E-06
 -1.000  -1.000    0.30480E-02   0.99175E+00  -0.18148E-02  -0.55052E-01   0.15191E-03   0.15242E-05
 -1.000  -1.000   -0.49835E-04  -0.24658E-04  -0.34851E-03   0.14569E-05  -0.29486E-05   0.32585E-09
 -1.000  -1.000    0.14801E-03   0.15037E-04  -0.43773E-03  -0.11179E-05   0.99962E-05  -0.99133E-07
 -1.000  -1.000    0.17381E-04   0.90401E-04  -0.84918E-05  -0.55147E-05   0.14195E-05  -0.21910E-07
 -1.000  -1.000   -0.16753E-03  -0.35497E-05   0.44669E-03   0.53534E-06  -0.11604E-04   0.12624E-06
 -1.000  -1.000   -0.43885E-04  -0.24459E-04   0.30624E-03   0.14455E-05  -0.25997E-05  -0.19681E-09
 -1.000  -1.000    0.30418E-02   0.99120E+00  -0.60202E-03  -0.55020E-01   0.15152E-03   0.15115E-05
  0.067   0.200    0.94097E-03   0.18401E+01   0.10777E-01  -0.98419E-01   0.57267E-04   0.38493E-05
  0.067   0.200   -0.19870E-03  -0.18104E+00   0.30317E+00   0.95558E-02  -0.10463E-04  -0.50391E-06
  0.067   0.200   -0.24250E-03  -0.17437E-01   0.81289E-01   0.94127E-03  -0.17200E-04   0.23692E-06
  0.067   0.200   -0.47628E-05  -0.51290E-02   0.45497E-01   0.27446E-03  -0.16960E-06  -0.21336E-07
  0.067   0.200    0.71451E-02   0.41793E-02   0.26249E-01  -0.22342E-03   0.38280E-03  -0.19996E-07
  0.067   0.200   -0.22918E-03  -0.18240E+00  -0.30124E+00   0.96274E-02  -0.13154E-04  -0.17699E-06
  0.067   0.200    0.94325E-03   0.18483E+01  -0.13239E-02  -0.98849E-01   0.57379E-04   0.38664E-05
  0.067   0.200   -0.18284E-03  -0.18042E+00   0.30018E+00   0.95223E-02  -0.94678E-05  -0.51242E-06
  0.067   0.200   -0.23596E-03  -0.17426E-01   0.79379E-01   0.94059E-03  -0.16849E-04   0.23711E-06
  0.067   0.200   -0.15746E-04   0.94254E-02  -0.54153E-03  -0.50536E-03  -0.97884E-06   0.19144E-07
  0.067   0.200   -0.10140E-04  -0.17768E-01  -0.80865E-01   0.95716E-03   0.13036E-05  -0.32107E-06
  0.067   0.200   -0.22229E-03  -0.18178E+00  -0.30244E+00   0.95952E-02  -0.12781E-04  -0.17561E-06
  0.067   0.200    0.94953E-03   0.18483E+01  -0.18976E-02  -0.98849E-01   0.57742E-04   0.38647E-05
  0.067   0.200   -0.17275E-03  -0.18102E+00   0.29898E+00   0.95541E-02  -0.89276E-05  -0.51328E-06
  0.067   0.200   -0.70025E-02   0.41820E-02  -0.26364E-01  -0.22415E-03  -0.37477E-03   0.18827E-07
  0.067   0.200    0.67355E-05  -0.51652E-02  -0.46581E-01   0.27669E-03   0.34228E-06   0.26280E-07
  0.067   0.200   -0.11303E-04  -0.17763E-01  -0.82612E-01   0.95705E-03   0.12433E-05  -0.31952E-06
  0.067   0.200   -0.23397E-03  -0.18241E+00  -0.30523E+00   0.96285E-02  -0.13280E-04  -0.18136E-06
  0.067   0.200    0.93781E-03   0.18402E+01  -0.13706E-01  -0.98421E-01   0.57061E-04   0.38550E-05
  0.067   0.200   -0.52356E-02  -0.30877E-03  -0.32701E-01   0.16413E-04  -0.28015E-03   0.14001E-07
  0.067   0.200    0.72267E-02   0.41853E-02  -0.27872E-01  -0.22485E-03   0.38759E-03  -0.71487E-07
  0.067   0.200    0.38503E-04   0.94076E-02  -0.59951E-03  -0.50425E-03   0.24924E-05   0.82215E-08
  0.067   0.200   -0.72919E-02   0.41932E-02   0.26746E-01  -0.22481E-03  -0.39152E-03   0.10784E-06
  0.067   0.200   -0.55348E-02  -0.27799E-03   0.32796E-01   0.14544E-04  -0.29611E-03  -0.85127E-08
  0.067   0.200    0.94060E-03   0.18319E+01  -0.13299E-02  -0.97987E-01   0.57207E-04   0.38385E-05
  0.130   0.385    0.94163E-03   0.18420E+01   0.10780E-01  -0.98515E-01   0.57302E-04   0.38541E-05
  0.130   0.385   -0.19846E-03  -0.18120E+00   0.30413E+00   0.95640E-02  -0.10447E-04  -0.50424E-06
  0.130   0.385   -0.24234E-03  -0.17429E-01   0.82229E-01   0.94077E-03  -0.17191E-04   0.23674E-06
  0.130   0.385   -0.46346E-05  -0.51026E-02   0.46533E-01   0.27303E-03  -0.16205E-06  -0.21551E-07
  0.130   0.385    0.71851E-02   0.42833E-02   0.26684E-01  -0.22898E-03   0.38492E-03  -0.20000E-07
  0.130   0.385   -0.22927E-03  -0.18256E+00  -0.30205E+00   0.96356E-02  -0.13160E-04  -0.17697E-06
  0.130   0.385    0.94312E-03   0.18502E+01  -0.12009E-02  -0.98944E-01   0.57372E-04   0.38711E-05
  0.130   0.385   -0.18321E-03  -0.18058E+00   0.30123E+00   0.95307E-02  -0.94846E-05  -0.51275E-06
  0.130   0.385   -0.23619E-03  -0.17418E-01   0.80398E-01   0.94009E-03  -0.16860E-04   0.23691E-06
  0.130   0.385   -0.16758E-04   0.95569E-02  -0.41204E-03  -0.51239E-03  -0.10330E-05   0.19245E-07
  0.130   0.385   -0.10388E-04  -0.17761E-01  -0.81587E-01   0.95671E-03   0.12895E-05  -0.32090E-06
  0.130   0.385   -0.22297E-03  -0.18195E+00  -0.30320E+00   0.96036E-02  -0.12818E-04  -0.17562E-06
  0.130   0.385    0.94848E-03   0.18502E+01  -0.17300E-02  -0.98944E-01   0.57681E-04   0.38695E-05
  0.130   0.385   -0.17330E-03  -0.18118E+00   0.30007E+00   0.95622E-02  -0.89542E-05  -0.51363E-06
  0.130   0.385   -0.70449E-02   0.42817E-02  -0.26581E-01  -0.22948E-03  -0.37701E-03   0.19032E-07
  0.130   0.385    0.63663E-05  -0.51397E-02  -0.47343E-01   0.27531E-03   0.32207E-06   0.26567E-07
  0.130   0.385   -0.11840E-04  -0.17756E-01  -0.83281E-01   0.95661E-03   0.12138E-05  -0.31936E-06
  0.130   0.385   -0.23478E-03  -0.18257E+00  -0.30593E+00   0.96368E-02  -0.13325E-04  -0.18131E-06
  0.130   0.385    0.93722E-03   0.18420E+01  -0.13447E-01  -0.98516E-01   0.57028E-04   0.38597E-05
  0.130   0.385   -0.52752E-02  -0.24493E-03  -0.33143E-01   0.12989E-04  -0.28225E-03   0.14234E-07
  0.130   0.385    0.72740E-02   0.42889E-02  -0.28188E-01  -0.23039E-03   0.39010E-03  -0.71288E-07
  0.130   0.385    0.38689E-04   0.95390E-02  -0.48502E-03  -0.51127E-03   0.25023E-05   0.84651E-08
  0.130   0.385   -0.73396E-02   0.42932E-02   0.27287E-01  -0.23016E-03  -0.39405E-03   0.10791E-06
  0.130   0.385   -0.55823E-02  -0.21349E-03   0.33634E-01   0.11080E-04  -0.29864E-03  -0.86094E-08
  0.130   0.385    0.94031E-03   0.18338E+01  -0.12146E-02  -0.98083E-01   0.57191E-04   0.38433E-05
  0.193   0.570    0.94123E-03   0.18463E+01   0.10709E-01  -0.98737E-01   0.57269E-04   0.38668E-05
  0.193   0.570   -0.19810E-03  -0.18154E+00   0.30553E+00   0.95807E-02  -0.10422E-04  -0.50483E-06
  0.193   0.570   -0.24205E-03  -0.17445E-01   0.83508E-01   0.94153E-03  -0.17173E-04   0.23647E-06
  0.193   0.570   -0.44031E-05  -0.50880E-02   0.47870E-01   0.27221E-03  -0.14863E-06  -0.21857E-07
  0.193   0.570    0.72530E-02   0.44284E-02   0.27225E-01  -0.23674E-03   0.38851E-03  -0.20002E-07
  0.193   0.570   -0.22950E-03  -0.18290E+00  -0.30342E+00   0.96525E-02  -0.13175E-04  -0.17692E-06
  0.193   0.570    0.94202E-03   0.18545E+01  -0.11388E-02  -0.99166E-01   0.57303E-04   0.38837E-05
  0.193   0.570   -0.18385E-03  -0.18092E+00   0.30271E+00   0.95478E-02  -0.95128E-05  -0.51335E-06
  0.193   0.570   -0.23654E-03  -0.17434E-01   0.81748E-01   0.94085E-03  -0.16877E-04   0.23661E-06
  0.193   0.570   -0.18343E-04   0.97498E-02  -0.34070E-03  -0.52267E-03  -0.11178E-05   0.19412E-07
  0.193   0.570   -0.10805E-04  -0.17778E-01  -0.82756E-01   0.95753E-03   0.12659E-05  -0.32067E-06
  0.193   0.570   -0.22413E-03  -0.18230E+00  -0.30451E+00   0.96208E-02  -0.12883E-04  -0.17560E-06
  0.193   0.570    0.94720E-03   0.18545E+01  -0.16186E-02  -0.99166E-01   0.57607E-04   0.38820E-05
  0.193   0.570   -0.17417E-03  -0.18152E+00   0.30162E+00   0.95790E-02  -0.89951E-05  -0.51424E-06
  0.193   0.570   -0.71165E-02   0.44205E-02  -0.27011E-01  -0.23690E-03  -0.38081E-03   0.19358E-07
  0.193   0.570    0.57119E-05  -0.51263E-02  -0.48510E-01   0.27456E-03   0.28633E-06   0.26977E-07
  0.193   0.570   -0.12741E-04  -0.17773E-01  -0.84394E-01   0.95744E-03   0.11642E-05  -0.31915E-06
  0.193   0.570   -0.23618E-03  -0.18291E+00  -0.30717E+00   0.96537E-02  -0.13402E-04  -0.18120E-06
  0.193   0.570    0.93622E-03   0.18464E+01  -0.13219E-01  -0.98739E-01   0.56966E-04   0.38723E-05
  0.193   0.570   -0.53421E-02  -0.16757E-03  -0.33882E-01   0.88406E-05  -0.28580E-03   0.14588E-07
  0.193   0.570    0.73541E-02   0.44334E-02  -0.28735E-01  -0.23812E-03   0.39434E-03  -0.70995E-07
  0.193   0.570    0.38918E-04   0.97318E-02  -0.42228E-03  -0.52155E-03   0.25145E-05   0.88849E-08
  0.193   0.570   -0.74206E-02   0.44325E-02   0.27953E-01  -0.23761E-03  -0.39834E-03   0.10805E-06
  0.193   0.570   -0.56630E-02  -0.13522E-03   0.34687E-01   0.68761E-05  -0.30293E-03  -0.87241E-08
  0.193   0.570    0.93878E-03   0.18382E+01  -0.11496E-02  -0.98307E-01   0.57101E-04   0.38560E-05
  0.256   0.755    0.94165E-03   0.18485E+01   0.10594E-01  -0.98850E-01   0.57288E-04   0.38704E-05
  0.256   0.755   -0.19748E-03  -0.18190E+00   0.30741E+00   0.95991E-02  -0.10384E-04  -0.50544E-06
  0.256   0.755   -0.24156E-03  -0.17480E-01   0.85114E-01   0.94334E-03  -0.17145E-04   0.23615E-06
  0.256   0.755   -0.40286E-05  -0.50918E-02   0.49460E-01   0.27238E-03  -0.12726E-06  -0.22240E-07
  0.256   0.755    0.73440E-02   0.46040E-02   0.27885E-01  -0.24612E-03   0.39333E-03  -0.20016E-07
  0.256   0.755   -0.22955E-03  -0.18326E+00  -0.30533E+00   0.96710E-02  -0.13180E-04  -0.17701E-06
  0.256   0.755    0.94149E-03   0.18567E+01  -0.11065E-02  -0.99278E-01   0.57273E-04   0.38872E-05
  0.256   0.755   -0.18456E-03  -0.18129E+00   0.30467E+00   0.95667E-02  -0.95461E-05  -0.51395E-06
  0.256   0.755   -0.23699E-03  -0.17470E-01   0.83419E-01   0.94267E-03  -0.16899E-04   0.23626E-06
  0.256   0.755   -0.20616E-04   0.99901E-02  -0.29312E-03  -0.53549E-03  -0.12395E-05   0.19620E-07
  0.256   0.755   -0.11450E-04  -0.17815E-01  -0.84294E-01   0.95942E-03   0.12298E-05  -0.32037E-06
  0.256   0.755   -0.22558E-03  -0.18267E+00  -0.30634E+00   0.96399E-02  -0.12963E-04  -0.17574E-06
  0.256   0.755    0.94482E-03   0.18567E+01  -0.15291E-02  -0.99278E-01   0.57472E-04   0.38855E-05
  0.256   0.755   -0.17529E-03  -0.18188E+00   0.30364E+00   0.95974E-02  -0.90499E-05  -0.51485E-06
  0.256   0.755   -0.72130E-02   0.45880E-02  -0.27597E-01  -0.24584E-03  -0.38593E-03   0.19761E-07
  0.256   0.755    0.46962E-05  -0.51314E-02  -0.49975E-01   0.27481E-03   0.23106E-06   0.27483E-07
  0.256   0.755   -0.14094E-04  -0.17811E-01  -0.85881E-01   0.95935E-03   0.10901E-05  -0.31887E-06
  0.256   0.755   -0.23798E-03  -0.18327E+00  -0.30893E+00   0.96723E-02  -0.13501E-04  -0.18120E-06
  0.256   0.755    0.93337E-03   0.18486E+01  -0.12998E-01  -0.98852E-01   0.56804E-04   0.38757E-05
  0.256   0.755   -0.54335E-02  -0.85720E-04  -0.34839E-01   0.44533E-05  -0.29066E-03   0.15015E-07
  0.256   0.755    0.74628E-02   0.46083E-02  -0.29457E-01  -0.24747E-03   0.40011E-03  -0.70610E-07
  0.256   0.755    0.39144E-04   0.99719E-02  -0.38166E-03  -0.53437E-03   0.25265E-05   0.93969E-08
  0.256   0.755   -0.75308E-02   0.46004E-02   0.28748E-01  -0.24660E-03  -0.40419E-03   0.10821E-06
  0.256   0.755   -0.57748E-02  -0.52297E-04   0.35928E-01   0.24234E-05  -0.30888E-03  -0.88677E-08
  0.256   0.755    0.93711E-03   0.18404E+01  -0.11052E-02  -0.98422E-01   0.57005E-04   0.38596E-05
  0.321   0.940    0.94325E-03   0.18514E+01   0.10454E-01  -0.98998E-01   0.57367E-04   0.38752E-05
  0.321   0.940   -0.19649E-03  -0.18238E+00   0.30976E+00   0.96239E-02  -0.10325E-04  -0.50624E-06
  0.321   0.940   -0.24081E-03  -0.17552E-01   0.87039E-01   0.94704E-03  -0.17102E-04   0.23573E-06
  0.321   0.940   -0.34779E-05  -0.51258E-02   0.51263E-01   0.27415E-03  -0.96118E-07  -0.22713E-07
  0.321   0.940    0.74633E-02   0.48073E-02   0.28667E-01  -0.25699E-03   0.39966E-03  -0.20051E-07
  0.321   0.940   -0.22966E-03  -0.18375E+00  -0.30773E+00   0.96960E-02  -0.13190E-04  -0.17715E-06
  0.321   0.940    0.94014E-03   0.18595E+01  -0.10860E-02  -0.99424E-01   0.57191E-04   0.38918E-05
  0.321   0.940   -0.18545E-03  -0.18179E+00   0.30711E+00   0.95921E-02  -0.95871E-05  -0.51473E-06
  0.321   0.940   -0.23756E-03  -0.17542E-01   0.85395E-01   0.94638E-03  -0.16926E-04   0.23582E-06
  0.321   0.940   -0.23555E-04   0.10279E-01  -0.25506E-03  -0.55091E-03  -0.13968E-05   0.19862E-07
  0.321   0.940   -0.12369E-04  -0.17888E-01  -0.86166E-01   0.96321E-03   0.11785E-05  -0.32006E-06
  0.321   0.940   -0.22752E-03  -0.18317E+00  -0.30868E+00   0.96655E-02  -0.13071E-04  -0.17595E-06
  0.321   0.940    0.94155E-03   0.18595E+01  -0.14582E-02  -0.99423E-01   0.57287E-04   0.38902E-05
  0.321   0.940   -0.17684E-03  -0.18237E+00   0.30614E+00   0.96223E-02  -0.91264E-05  -0.51566E-06
  0.321   0.940   -0.73399E-02   0.47813E-02  -0.28317E-01  -0.25617E-03  -0.39266E-03   0.20242E-07
  0.321   0.940    0.32442E-05  -0.51672E-02  -0.51676E-01   0.27668E-03   0.15224E-06   0.28052E-07
  0.321   0.940   -0.15960E-04  -0.17885E-01  -0.87712E-01   0.96317E-03   0.98808E-06  -0.31857E-06
  0.321   0.940   -0.24026E-03  -0.18376E+00  -0.31120E+00   0.96973E-02  -0.13627E-04  -0.18123E-06
  0.321   0.940    0.93151E-03   0.18514E+01  -0.12785E-01  -0.98999E-01   0.56699E-04   0.38805E-05
  0.321   0.940   -0.55544E-02  -0.70039E-05  -0.35977E-01   0.23521E-06  -0.29709E-03   0.15506E-07
  0.321   0.940    0.76062E-02   0.48108E-02  -0.30329E-01  -0.25829E-03   0.40773E-03  -0.70159E-07
  0.321   0.940    0.39417E-04   0.10261E-01  -0.35328E-03  -0.54979E-03   0.25410E-05   0.10042E-07
  0.321   0.940   -0.76763E-02   0.47944E-02   0.29667E-01  -0.25697E-03  -0.41192E-03   0.10842E-06
  0.321   0.940   -0.59236E-02   0.27730E-04   0.37328E-01  -0.18737E-05  -0.31679E-03  -0.90368E-08
  0.321   0.940    0.93547E-03   0.18433E+01  -0.10738E-02  -0.98572E-01   0.56911E-04   0.38646E-05
