  0.000   0.000    0.18315E+01   0.11031E-02  -0.71213E-03  -0.73017E-04   0.97850E-01  -0.50064E-05
  0.000   0.000    0.90543E-01   0.15316E-03  -0.36886E-03  -0.80283E-05   0.48133E-02  -0.72067E-07
  0.000   0.000    0.12180E-01   0.44123E-04  -0.17337E-03  -0.24685E-05   0.65252E-03  -0.71895E-07
  0.000   0.000    0.35757E-02   0.13848E-04  -0.84319E-04  -0.73697E-06   0.19135E-03   0.36586E-09
  0.000   0.000   -0.94710E-02   0.68909E-02  -0.48088E-01  -0.37079E-03  -0.50799E-03   0.53067E-07
  0.000   0.000    0.90477E-01   0.17454E-03  -0.18937E-03  -0.11058E-04   0.48085E-02  -0.36329E-06
  0.000   0.000    0.18338E+01   0.10945E-02  -0.75369E-03  -0.72572E-04   0.97969E-01  -0.50088E-05
  0.000   0.000    0.90777E-01   0.16141E-03  -0.38850E-03  -0.84698E-05   0.48258E-02  -0.73270E-07
  0.000   0.000    0.12179E-01   0.42518E-04  -0.18538E-03  -0.23804E-05   0.65252E-03  -0.71435E-07
  0.000   0.000   -0.16558E-01   0.33553E-04  -0.63443E-01  -0.40793E-05  -0.88923E-03   0.12765E-06
  0.000   0.000    0.12165E-01   0.10299E-04  -0.11087E-03  -0.95600E-06   0.65140E-03  -0.74354E-07
  0.000   0.000    0.90710E-01   0.18473E-03  -0.15353E-03  -0.11605E-04   0.48209E-02  -0.36353E-06
  0.000   0.000    0.18338E+01   0.11023E-02  -0.67240E-03  -0.72983E-04   0.97968E-01  -0.50082E-05
  0.000   0.000    0.90526E-01   0.15076E-03  -0.31749E-03  -0.78918E-05   0.48125E-02  -0.71615E-07
  0.000   0.000   -0.94782E-02  -0.69246E-02  -0.48480E-01   0.37060E-03  -0.50721E-03   0.24724E-07
  0.000   0.000    0.35749E-02  -0.64917E-05  -0.40352E-04   0.33213E-06   0.19129E-03  -0.60354E-08
  0.000   0.000    0.12165E-01   0.18825E-04  -0.80085E-04  -0.14123E-05   0.65136E-03  -0.74323E-07
  0.000   0.000    0.90458E-01   0.19574E-03  -0.78518E-04  -0.12186E-04   0.48073E-02  -0.36062E-06
  0.000   0.000    0.18315E+01   0.11022E-02  -0.57507E-03  -0.72917E-04   0.97849E-01  -0.49993E-05
  0.000   0.000   -0.23580E-02  -0.50349E-02  -0.26418E-01   0.26964E-03  -0.12603E-03   0.52584E-08
  0.000   0.000   -0.94786E-02   0.67959E-02   0.46908E-01  -0.36327E-03  -0.50847E-03   0.16374E-06
  0.000   0.000   -0.16700E-01  -0.60696E-04   0.62365E-01   0.54219E-05  -0.89960E-03   0.41441E-06
  0.000   0.000   -0.95751E-02  -0.66732E-02   0.47141E-01   0.35776E-03  -0.51498E-03   0.18310E-06
  0.000   0.000   -0.23509E-02  -0.47115E-02   0.25154E-01   0.25237E-03  -0.12559E-03  -0.14883E-07
  0.000   0.000    0.18294E+01   0.11193E-02  -0.15331E-03  -0.73812E-04   0.97734E-01  -0.49981E-05
 -1.000  -1.000    0.98773E+00   0.34612E-02   0.18843E-03  -0.18556E-03   0.54771E-01  -0.71601E-05
 -1.000  -1.000    0.51365E-02  -0.27622E-04   0.99832E-04   0.26457E-05   0.30108E-03  -0.26009E-06
 -1.000  -1.000    0.21607E-03  -0.16123E-04   0.31165E-05   0.13663E-05   0.14227E-04  -0.89543E-07
 -1.000  -1.000    0.17932E-04  -0.11477E-06   0.58716E-06   0.73415E-08   0.10638E-05  -0.88275E-10
 -1.000  -1.000   -0.22661E-03   0.16621E-03  -0.97571E-03  -0.12063E-04  -0.15426E-04   0.35764E-07
 -1.000  -1.000    0.51084E-02   0.20724E-03   0.69826E-04  -0.13412E-04   0.29851E-03  -0.14320E-06
 -1.000  -1.000    0.98775E+00   0.34607E-02   0.18809E-03  -0.18552E-03   0.54772E-01  -0.71611E-05
 -1.000  -1.000    0.51370E-02  -0.27675E-04   0.99627E-04   0.26514E-05   0.30112E-03  -0.26015E-06
 -1.000  -1.000    0.21599E-03  -0.16125E-04   0.32680E-05   0.13665E-05   0.14222E-04  -0.89516E-07
 -1.000  -1.000   -0.49543E-03   0.54616E-04  -0.15936E-02  -0.57309E-05  -0.34361E-04   0.11663E-06
 -1.000  -1.000    0.20957E-03   0.39201E-04   0.29188E-05  -0.27660E-05   0.13533E-04  -0.35249E-07
 -1.000  -1.000    0.51089E-02   0.20735E-03   0.70192E-04  -0.13419E-04   0.29854E-03  -0.14330E-06
 -1.000  -1.000    0.98775E+00   0.34608E-02   0.18946E-03  -0.18553E-03   0.54772E-01  -0.71609E-05
 -1.000  -1.000    0.51363E-02  -0.27808E-04   0.10080E-03   0.26595E-05   0.30108E-03  -0.26008E-06
 -1.000  -1.000   -0.18693E-03  -0.95278E-04  -0.94667E-03   0.57010E-05  -0.11915E-04   0.68709E-08
 -1.000  -1.000    0.17896E-04   0.14830E-06   0.37585E-06  -0.96289E-08   0.10607E-05   0.22804E-10
 -1.000  -1.000    0.20952E-03   0.39270E-04   0.34869E-05  -0.27701E-05   0.13531E-04  -0.35271E-07
 -1.000  -1.000    0.51079E-02   0.20722E-03   0.71185E-04  -0.13410E-04   0.29848E-03  -0.14294E-06
 -1.000  -1.000    0.98773E+00   0.34594E-02   0.18853E-03  -0.18544E-03   0.54771E-01  -0.71606E-05
 -1.000  -1.000   -0.31581E-04  -0.43969E-04  -0.33591E-03   0.26020E-05  -0.18658E-05   0.25901E-09
 -1.000  -1.000   -0.26448E-03   0.87576E-04   0.99676E-03  -0.47373E-05  -0.18022E-04   0.19166E-06
 -1.000  -1.000   -0.69249E-03  -0.90209E-04   0.16515E-02   0.77938E-05  -0.48938E-04   0.51607E-06
 -1.000  -1.000   -0.32289E-03  -0.12956E-03   0.10232E-02   0.84076E-05  -0.22799E-04   0.26801E-06
 -1.000  -1.000   -0.31867E-04  -0.50111E-04   0.35474E-03   0.29696E-05  -0.18876E-05  -0.28904E-09
 -1.000  -1.000    0.98771E+00   0.34599E-02   0.19291E-03  -0.18548E-03   0.54770E-01  -0.71598E-05
  0.067   0.200    0.18318E+01   0.11054E-02  -0.90107E-03  -0.73142E-04   0.97867E-01  -0.50004E-05
  0.067   0.200    0.92796E-01   0.15685E-03  -0.54849E-03  -0.82288E-05   0.49341E-02  -0.73393E-07
  0.067   0.200    0.14080E-01   0.47624E-04  -0.34095E-03  -0.26581E-05   0.75440E-03  -0.72866E-07
  0.067   0.200    0.50788E-02   0.17592E-04  -0.23958E-03  -0.93878E-06   0.27191E-03  -0.31286E-09
  0.067   0.200   -0.85862E-02   0.72283E-02  -0.61380E-01  -0.38890E-03  -0.46061E-03   0.56106E-07
  0.067   0.200    0.92730E-01   0.17374E-03  -0.35848E-03  -0.11017E-04   0.49293E-02  -0.36503E-06
  0.067   0.200    0.18341E+01   0.10941E-02  -0.92434E-03  -0.72554E-04   0.97990E-01  -0.50027E-05
  0.067   0.200    0.93062E-01   0.16202E-03  -0.56213E-03  -0.85053E-05   0.49484E-02  -0.74653E-07
  0.067   0.200    0.14081E-01   0.44933E-04  -0.35462E-03  -0.25112E-05   0.75446E-03  -0.72365E-07
  0.067   0.200   -0.15661E-01   0.29787E-04  -0.77537E-01  -0.38510E-05  -0.84124E-03   0.13039E-06
  0.067   0.200    0.14065E-01   0.73166E-05  -0.24679E-03  -0.79802E-06   0.75328E-03  -0.76113E-07
  0.067   0.200    0.92995E-01   0.18109E-03  -0.30362E-03  -0.11412E-04   0.49434E-02  -0.36526E-06
  0.067   0.200    0.18341E+01   0.10993E-02  -0.83600E-03  -0.72825E-04   0.97989E-01  -0.50022E-05
  0.067   0.200    0.92782E-01   0.15045E-03  -0.48984E-03  -0.78771E-05   0.49335E-02  -0.72914E-07
  0.067   0.200   -0.85800E-02  -0.72753E-02  -0.61930E-01   0.38948E-03  -0.45911E-03   0.26839E-07
  0.067   0.200    0.50779E-02  -0.88630E-05  -0.14536E-03   0.45764E-06   0.27184E-03  -0.74964E-08
  0.067   0.200    0.14066E-01   0.15083E-04  -0.19806E-03  -0.12135E-05   0.75329E-03  -0.76052E-07
  0.067   0.200    0.92714E-01   0.19220E-03  -0.21285E-03  -0.11998E-04   0.49284E-02  -0.36236E-06
  0.067   0.200    0.18317E+01   0.11002E-02  -0.71929E-03  -0.72809E-04   0.97866E-01  -0.49932E-05
  0.067   0.200   -0.14935E-02  -0.55639E-02  -0.38092E-01   0.29808E-03  -0.79726E-04   0.67101E-08
  0.067   0.200   -0.85896E-02   0.71329E-02   0.59595E-01  -0.38141E-03  -0.46087E-03   0.16054E-06
  0.067   0.200   -0.15799E-01  -0.59735E-04   0.75712E-01   0.53424E-05  -0.85139E-03   0.41069E-06
  0.067   0.200   -0.86729E-02  -0.69959E-02   0.59840E-01   0.37510E-03  -0.46668E-03   0.17906E-06
  0.067   0.200   -0.14831E-02  -0.52183E-02   0.36232E-01   0.27958E-03  -0.79110E-04  -0.18762E-07
  0.067   0.200    0.18295E+01   0.11174E-02  -0.25322E-03  -0.73712E-04   0.97747E-01  -0.49919E-05
  0.130   0.385    0.18337E+01   0.11061E-02  -0.83699E-03  -0.73176E-04   0.97965E-01  -0.50028E-05
  0.130   0.385    0.93187E-01   0.15743E-03  -0.48234E-03  -0.82594E-05   0.49548E-02  -0.73150E-07
  0.130   0.385    0.14251E-01   0.47664E-04  -0.27412E-03  -0.26604E-05   0.76352E-03  -0.72911E-07
  0.130   0.385    0.51927E-02   0.17451E-04  -0.17319E-03  -0.93139E-06   0.27800E-03  -0.37739E-09
  0.130   0.385   -0.85622E-02   0.72753E-02  -0.62281E-01  -0.39139E-03  -0.45930E-03   0.56348E-07
  0.130   0.385    0.93121E-01   0.17413E-03  -0.29713E-03  -0.11039E-04   0.49500E-02  -0.36587E-06
  0.130   0.385    0.18360E+01   0.10940E-02  -0.86324E-03  -0.72546E-04   0.98089E-01  -0.50052E-05
  0.130   0.385    0.93457E-01   0.16200E-03  -0.50134E-03  -0.85035E-05   0.49692E-02  -0.74419E-07
  0.130   0.385    0.14252E-01   0.44652E-04  -0.29490E-03  -0.24962E-05   0.76360E-03  -0.72403E-07
  0.130   0.385   -0.15664E-01   0.29444E-04  -0.78535E-01  -0.38305E-05  -0.84137E-03   0.13065E-06
  0.130   0.385    0.14236E-01   0.74127E-05  -0.18724E-03  -0.80359E-06   0.76240E-03  -0.76361E-07
  0.130   0.385    0.93389E-01   0.18089E-03  -0.24454E-03  -0.11402E-04   0.49642E-02  -0.36610E-06
  0.130   0.385    0.18360E+01   0.10986E-02  -0.77924E-03  -0.72783E-04   0.98087E-01  -0.50046E-05
  0.130   0.385    0.93174E-01   0.15026E-03  -0.43479E-03  -0.78661E-05   0.49542E-02  -0.72667E-07
  0.130   0.385   -0.85551E-02  -0.73237E-02  -0.62853E-01   0.39205E-03  -0.45775E-03   0.27020E-07
  0.130   0.385    0.51917E-02  -0.88249E-05  -0.93064E-04   0.45531E-06   0.27792E-03  -0.76317E-08
  0.130   0.385    0.14238E-01   0.14784E-04  -0.14632E-03  -0.11978E-05   0.76242E-03  -0.76293E-07
  0.130   0.385    0.93105E-01   0.19177E-03  -0.16288E-03  -0.11976E-04   0.49490E-02  -0.36319E-06
  0.130   0.385    0.18336E+01   0.10997E-02  -0.67214E-03  -0.72783E-04   0.97964E-01  -0.49956E-05
  0.130   0.385   -0.14380E-02  -0.56120E-02  -0.38863E-01   0.30064E-03  -0.76751E-04   0.68106E-08
  0.130   0.385   -0.85652E-02   0.71732E-02   0.60527E-01  -0.38355E-03  -0.45953E-03   0.16042E-06
  0.130   0.385   -0.15802E-01  -0.60299E-04   0.76719E-01   0.53702E-05  -0.85150E-03   0.41045E-06
  0.130   0.385   -0.86478E-02  -0.70378E-02   0.60767E-01   0.37732E-03  -0.46530E-03   0.17870E-06
  0.130   0.385   -0.14274E-02  -0.52574E-02   0.37019E-01   0.28166E-03  -0.76120E-04  -0.19067E-07
  0.130   0.385    0.18314E+01   0.11170E-02  -0.24806E-03  -0.73685E-04   0.97843E-01  -0.49943E-05
  0.193   0.570    0.18380E+01   0.11064E-02  -0.79216E-03  -0.73190E-04   0.98190E-01  -0.50111E-05
  0.193   0.570    0.93824E-01   0.15826E-03  -0.43470E-03  -0.83022E-05   0.49883E-02  -0.72645E-07
  0.193   0.570    0.14508E-01   0.47631E-04  -0.22580E-03  -0.26586E-05   0.77718E-03  -0.72944E-07
  0.193   0.570    0.53526E-02   0.17094E-04  -0.12600E-03  -0.91231E-06   0.28653E-03  -0.44786E-09
  0.193   0.570   -0.85536E-02   0.73549E-02  -0.63603E-01  -0.39561E-03  -0.45878E-03   0.56732E-07
  0.193   0.570    0.93758E-01   0.17492E-03  -0.25209E-03  -0.11081E-04   0.49835E-02  -0.36741E-06
  0.193   0.570    0.18404E+01   0.10935E-02  -0.81916E-03  -0.72511E-04   0.98315E-01  -0.50134E-05
  0.193   0.570    0.94099E-01   0.16198E-03  -0.45719E-03  -0.85007E-05   0.50030E-02  -0.73928E-07
  0.193   0.570    0.14509E-01   0.44134E-04  -0.25264E-03  -0.24684E-05   0.77728E-03  -0.72429E-07
  0.193   0.570   -0.15703E-01   0.28909E-04  -0.80008E-01  -0.37986E-05  -0.84333E-03   0.13104E-06
  0.193   0.570    0.14493E-01   0.76416E-05  -0.14293E-03  -0.81642E-06   0.77606E-03  -0.76757E-07
  0.193   0.570    0.94032E-01   0.18076E-03  -0.20070E-03  -0.11395E-04   0.49980E-02  -0.36763E-06
  0.193   0.570    0.18404E+01   0.10976E-02  -0.73892E-03  -0.72724E-04   0.98314E-01  -0.50128E-05
  0.193   0.570    0.93812E-01   0.14989E-03  -0.39715E-03  -0.78444E-05   0.49878E-02  -0.72154E-07
  0.193   0.570   -0.85458E-02  -0.74055E-02  -0.64200E-01   0.39639E-03  -0.45720E-03   0.27298E-07
  0.193   0.570    0.53516E-02  -0.87090E-05  -0.55174E-04   0.44874E-06   0.28646E-03  -0.78291E-08
  0.193   0.570    0.14495E-01   0.14345E-04  -0.10914E-03  -0.11747E-05   0.77610E-03  -0.76680E-07
  0.193   0.570    0.93743E-01   0.19122E-03  -0.12834E-03  -0.11946E-04   0.49826E-02  -0.36471E-06
  0.193   0.570    0.18380E+01   0.10992E-02  -0.64230E-03  -0.72745E-04   0.98189E-01  -0.50037E-05
  0.193   0.570   -0.13764E-02  -0.56935E-02  -0.39957E-01   0.30498E-03  -0.73441E-04   0.69498E-08
  0.193   0.570   -0.85563E-02   0.72415E-02   0.61813E-01  -0.38717E-03  -0.45899E-03   0.16032E-06
  0.193   0.570   -0.15840E-01  -0.61280E-04   0.78128E-01   0.54194E-05  -0.85344E-03   0.41015E-06
  0.193   0.570   -0.86380E-02  -0.71088E-02   0.62044E-01   0.38108E-03  -0.46472E-03   0.17819E-06
  0.193   0.570   -0.13654E-02  -0.53236E-02   0.38062E-01   0.28517E-03  -0.72791E-04  -0.19493E-07
  0.193   0.570    0.18357E+01   0.11157E-02  -0.27014E-03  -0.73611E-04   0.98067E-01  -0.50024E-05
  0.256   0.755    0.18403E+01   0.11067E-02  -0.75375E-03  -0.73195E-04   0.98306E-01  -0.50102E-05
  0.256   0.755    0.94628E-01   0.15923E-03  -0.39528E-03  -0.83528E-05   0.50308E-02  -0.72125E-07
  0.256   0.755    0.14833E-01   0.47474E-04  -0.18564E-03  -0.26501E-05   0.79447E-03  -0.72971E-07
  0.256   0.755    0.55466E-02   0.16439E-04  -0.87806E-04  -0.87725E-06   0.29688E-03  -0.51715E-09
  0.256   0.755   -0.85645E-02   0.74631E-02  -0.65280E-01  -0.40136E-03  -0.45931E-03   0.57234E-07
  0.256   0.755    0.94562E-01   0.17607E-03  -0.21354E-03  -0.11144E-04   0.50260E-02  -0.36899E-06
  0.256   0.755    0.18427E+01   0.10931E-02  -0.77723E-03  -0.72486E-04   0.98433E-01  -0.50126E-05
  0.256   0.755    0.94910E-01   0.16145E-03  -0.41965E-03  -0.84709E-05   0.50458E-02  -0.73428E-07
  0.256   0.755    0.14835E-01   0.43207E-04  -0.21854E-03  -0.24185E-05   0.79460E-03  -0.72446E-07
  0.256   0.755   -0.15775E-01   0.28179E-04  -0.81893E-01  -0.37552E-05  -0.84711E-03   0.13156E-06
  0.256   0.755    0.14818E-01   0.80726E-05  -0.10503E-03  -0.84023E-06   0.79335E-03  -0.77223E-07
  0.256   0.755    0.94842E-01   0.18057E-03  -0.16303E-03  -0.11386E-04   0.50409E-02  -0.36921E-06
  0.256   0.755    0.18427E+01   0.10955E-02  -0.70363E-03  -0.72603E-04   0.98432E-01  -0.50120E-05
  0.256   0.755    0.94617E-01   0.14906E-03  -0.36828E-03  -0.77991E-05   0.50303E-02  -0.71627E-07
  0.256   0.755   -0.85559E-02  -0.75168E-02  -0.65906E-01   0.40231E-03  -0.45768E-03   0.27651E-07
  0.256   0.755    0.55455E-02  -0.84200E-05  -0.22612E-04   0.43284E-06   0.29681E-03  -0.80629E-08
  0.256   0.755    0.14820E-01   0.13869E-04  -0.77086E-04  -0.11499E-05   0.79342E-03  -0.77135E-07
  0.256   0.755    0.94548E-01   0.19066E-03  -0.99157E-04  -0.11918E-04   0.50251E-02  -0.36628E-06
  0.256   0.755    0.18403E+01   0.10974E-02  -0.61481E-03  -0.72642E-04   0.98305E-01  -0.50028E-05
  0.256   0.755   -0.13178E-02  -0.58062E-02  -0.41299E-01   0.31098E-03  -0.70291E-04   0.71163E-08
  0.256   0.755   -0.85666E-02   0.73331E-02   0.63412E-01  -0.39204E-03  -0.45949E-03   0.16018E-06
  0.256   0.755   -0.15912E-01  -0.62778E-04   0.79902E-01   0.54952E-05  -0.85719E-03   0.40973E-06
  0.256   0.755   -0.86476E-02  -0.72046E-02   0.63630E-01   0.38616E-03  -0.46518E-03   0.17755E-06
  0.256   0.755   -0.13064E-02  -0.54142E-02   0.39316E-01   0.29000E-03  -0.69618E-04  -0.19998E-07
  0.256   0.755    0.18379E+01   0.11146E-02  -0.29835E-03  -0.73544E-04   0.98181E-01  -0.50015E-05
  0.321   0.940    0.18432E+01   0.11084E-02  -0.73468E-03  -0.73279E-04   0.98458E-01  -0.50094E-05
  0.321   0.940    0.95649E-01   0.16122E-03  -0.36560E-03  -0.84578E-05   0.50846E-02  -0.71425E-07
  0.321   0.940    0.15231E-01   0.47411E-04  -0.15356E-03  -0.26467E-05   0.81564E-03  -0.72981E-07
  0.321   0.940    0.57721E-02   0.15563E-04  -0.58080E-04  -0.83027E-06   0.30891E-03  -0.58063E-09
  0.321   0.940   -0.86084E-02   0.76060E-02  -0.67275E-01  -0.40895E-03  -0.46159E-03   0.57865E-07
  0.321   0.940    0.95582E-01   0.17681E-03  -0.18473E-03  -0.11185E-04   0.50798E-02  -0.37103E-06
  0.321   0.940    0.18457E+01   0.10918E-02  -0.75224E-03  -0.72402E-04   0.98587E-01  -0.50117E-05
  0.321   0.940    0.95939E-01   0.16156E-03  -0.39234E-03  -0.84756E-05   0.51002E-02  -0.72755E-07
  0.321   0.940    0.15233E-01   0.42125E-04  -0.19424E-03  -0.23603E-05   0.81581E-03  -0.72445E-07
  0.321   0.940   -0.15900E-01   0.27234E-04  -0.84159E-01  -0.36993E-05  -0.85364E-03   0.13221E-06
  0.321   0.940    0.15216E-01   0.84667E-05  -0.74325E-04  -0.86212E-06   0.81452E-03  -0.77813E-07
  0.321   0.940    0.95872E-01   0.17935E-03  -0.13426E-03  -0.11321E-04   0.50952E-02  -0.37124E-06
  0.321   0.940    0.18456E+01   0.10928E-02  -0.68651E-03  -0.72450E-04   0.98586E-01  -0.50111E-05
  0.321   0.940    0.95640E-01   0.14886E-03  -0.35108E-03  -0.77864E-05   0.50843E-02  -0.70918E-07
  0.321   0.940   -0.85994E-02  -0.76638E-02  -0.67934E-01   0.41013E-03  -0.45994E-03   0.28080E-07
  0.321   0.940    0.57711E-02  -0.81114E-05   0.41831E-05   0.41583E-06   0.30883E-03  -0.83463E-08
  0.321   0.940    0.15218E-01   0.13015E-04  -0.51455E-04  -0.11048E-05   0.81462E-03  -0.77713E-07
  0.321   0.940    0.95571E-01   0.18904E-03  -0.78988E-04  -0.11831E-04   0.50791E-02  -0.36829E-06
  0.321   0.940    0.18432E+01   0.10951E-02  -0.60522E-03  -0.72505E-04   0.98457E-01  -0.50019E-05
  0.321   0.940   -0.12716E-02  -0.59562E-02  -0.42848E-01   0.31898E-03  -0.67806E-04   0.72992E-08
  0.321   0.940   -0.86095E-02   0.74529E-02   0.65296E-01  -0.39841E-03  -0.46171E-03   0.16006E-06
  0.321   0.940   -0.16036E-01  -0.64893E-04   0.82015E-01   0.56031E-05  -0.86365E-03   0.40925E-06
  0.321   0.940   -0.86901E-02  -0.73305E-02   0.65497E-01   0.39285E-03  -0.46738E-03   0.17680E-06
  0.321   0.940   -0.12595E-02  -0.55341E-02   0.40745E-01   0.29638E-03  -0.67095E-04  -0.20587E-07
  0.321   0.940    0.18408E+01   0.11129E-02  -0.33712E-03  -0.73445E-04   0.98331E-01  -0.50004E-05
