  0.000   0.000   -0.86188E-03   0.12673E-01   0.38215E+01  -0.66228E-03  -0.51675E-04  -0.17471E-05
  0.000   0.000   -0.59984E-03  -0.29278E+00   0.10506E+01   0.15625E-01  -0.34646E-04  -0.11668E-05
  0.000   0.000   -0.11106E-03  -0.68287E-01   0.52379E+00   0.36744E-02  -0.61543E-05  -0.11427E-06
  0.000   0.000    0.16224E-05  -0.31157E-01   0.35137E+00   0.16698E-02   0.40654E-06  -0.13454E-06
  0.000   0.000    0.46857E-01  -0.21402E-01   0.43895E+00   0.11457E-02   0.25075E-02  -0.16404E-06
  0.000   0.000    0.52043E-04   0.29836E+00   0.10512E+01  -0.15917E-01   0.12601E-05  -0.14507E-08
  0.000   0.000   -0.94144E-03   0.85273E-03   0.38392E+01  -0.39590E-04  -0.55967E-04  -0.17717E-05
  0.000   0.000   -0.57880E-03  -0.29396E+00   0.10541E+01   0.15689E-01  -0.33730E-04  -0.11557E-05
  0.000   0.000   -0.85402E-04  -0.69621E-01   0.52380E+00   0.37450E-02  -0.47620E-05  -0.11768E-06
  0.000   0.000    0.62282E-01  -0.29409E-05   0.48258E+00   0.57606E-06   0.33339E-02  -0.20774E-06
  0.000   0.000    0.26166E-04   0.69886E-01   0.52388E+00  -0.37580E-02   0.25316E-05   0.86290E-06
  0.000   0.000    0.15453E-04   0.29585E+00   0.10546E+01  -0.15785E-01  -0.72549E-06  -0.59880E-08
  0.000   0.000   -0.86414E-03   0.34541E-03   0.38390E+01  -0.12299E-04  -0.51824E-04  -0.17738E-05
  0.000   0.000   -0.51393E-03  -0.29641E+00   0.10505E+01   0.15818E-01  -0.30231E-04  -0.11611E-05
  0.000   0.000    0.47087E-01   0.21500E-01   0.44002E+00  -0.11523E-02   0.25195E-02  -0.13591E-06
  0.000   0.000   -0.14751E-04   0.31175E-01   0.35141E+00  -0.16723E-02  -0.61805E-06  -0.71088E-07
  0.000   0.000    0.28502E-05   0.68515E-01   0.52383E+00  -0.36854E-02   0.12672E-05   0.86244E-06
  0.000   0.000    0.83071E-04   0.29466E+00   0.10509E+01  -0.15720E-01   0.30632E-05  -0.17786E-07
  0.000   0.000   -0.79846E-03  -0.11395E-01   0.38214E+01   0.60617E-03  -0.48335E-04  -0.17898E-05
  0.000   0.000    0.25170E-01   0.23116E-01   0.35765E+00  -0.12393E-02   0.13474E-02  -0.90127E-07
  0.000   0.000   -0.47894E-01   0.20999E-01   0.43895E+00  -0.11254E-02  -0.25621E-02  -0.98605E-09
  0.000   0.000   -0.63371E-01   0.40931E-04   0.48255E+00  -0.20922E-05  -0.33943E-02   0.25438E-06
  0.000   0.000   -0.48359E-01  -0.20265E-01   0.43996E+00   0.10851E-02  -0.25874E-02  -0.93189E-07
  0.000   0.000   -0.26336E-01  -0.22189E-01   0.35761E+00   0.11886E-02  -0.14093E-02  -0.11891E-06
  0.000   0.000   -0.34041E-03   0.66049E-03   0.38046E+01  -0.29137E-04  -0.23729E-04  -0.17681E-05
 -1.000  -1.000   -0.11282E-03   0.22518E-02   0.22797E+01  -0.12590E-03  -0.43418E-04  -0.34826E-05
 -1.000  -1.000   -0.58535E-03  -0.40608E-01   0.10885E+00   0.23834E-02  -0.37610E-04  -0.10879E-05
 -1.000  -1.000   -0.10859E-03  -0.35261E-02   0.14759E-01   0.22670E-03  -0.70308E-05   0.11886E-06
 -1.000  -1.000   -0.13263E-05  -0.56021E-03   0.42355E-02   0.33410E-04  -0.78378E-07  -0.53879E-08
 -1.000  -1.000    0.98771E-03  -0.44823E-03   0.72925E-02   0.27486E-04   0.59233E-04  -0.24992E-07
 -1.000  -1.000    0.53199E-05   0.43110E-01   0.10896E+00  -0.25042E-02  -0.31249E-05  -0.75124E-07
 -1.000  -1.000   -0.12840E-03   0.10387E-02   0.22825E+01  -0.55314E-04  -0.44409E-04  -0.35097E-05
 -1.000  -1.000   -0.59183E-03  -0.40699E-01   0.10915E+00   0.23892E-02  -0.38065E-04  -0.10817E-05
 -1.000  -1.000   -0.10791E-03  -0.35731E-02   0.14755E-01   0.22944E-03  -0.69851E-05   0.11859E-06
 -1.000  -1.000    0.16351E-02  -0.57033E-04   0.96914E-02   0.53386E-05   0.10012E-03  -0.77305E-07
 -1.000  -1.000    0.97029E-04   0.39305E-02   0.14723E-01  -0.24320E-03   0.60609E-05   0.13693E-05
 -1.000  -1.000    0.29743E-05   0.42982E-01   0.10926E+00  -0.24967E-02  -0.32799E-05  -0.77648E-07
 -1.000  -1.000   -0.12731E-03   0.10174E-02   0.22825E+01  -0.53979E-04  -0.44336E-04  -0.35135E-05
 -1.000  -1.000   -0.59063E-03  -0.40832E-01   0.10884E+00   0.23969E-02  -0.37981E-04  -0.10819E-05
 -1.000  -1.000    0.97903E-03   0.42617E-03   0.73535E-02  -0.25209E-04   0.58258E-04  -0.93544E-08
 -1.000  -1.000    0.95318E-06   0.56879E-03   0.42355E-02  -0.33767E-04   0.35640E-07   0.15968E-07
 -1.000  -1.000    0.96519E-04   0.38844E-02   0.14722E-01  -0.24049E-03   0.60248E-05   0.13684E-05
 -1.000  -1.000    0.29430E-05   0.42881E-01   0.10895E+00  -0.24905E-02  -0.32189E-05  -0.10777E-06
 -1.000  -1.000   -0.12870E-03  -0.25222E-03   0.22797E+01   0.19305E-04  -0.44342E-04  -0.35152E-05
 -1.000  -1.000    0.35385E-03   0.30837E-03   0.39884E-02  -0.18264E-04   0.20946E-04  -0.30800E-08
 -1.000  -1.000   -0.96815E-03   0.48412E-03   0.72901E-02  -0.28449E-04  -0.58106E-04   0.62000E-07
 -1.000  -1.000   -0.18087E-02  -0.53866E-04   0.97391E-02   0.48055E-05  -0.11426E-03   0.52535E-06
 -1.000  -1.000   -0.10041E-02  -0.46488E-03   0.73748E-02   0.27847E-04  -0.60990E-04   0.10526E-06
 -1.000  -1.000   -0.33793E-03  -0.34955E-03   0.39910E-02   0.20725E-04  -0.20054E-04  -0.28733E-08
 -1.000  -1.000   -0.10880E-03   0.97036E-03   0.22769E+01  -0.51882E-04  -0.43094E-04  -0.34881E-05
  0.067   0.200   -0.88569E-03   0.12817E-01   0.48113E+01  -0.67190E-03  -0.52581E-04  -0.19864E-05
  0.067   0.200   -0.63044E-03  -0.29989E+00   0.20278E+01   0.16005E-01  -0.35905E-04  -0.14129E-05
  0.067   0.200   -0.11884E-03  -0.80265E-01   0.14638E+01   0.43160E-02  -0.61898E-05  -0.35969E-06
  0.067   0.200    0.55727E-05  -0.45819E-01   0.12406E+01   0.24551E-02   0.98709E-06  -0.37204E-06
  0.067   0.200    0.59626E-01  -0.27226E-01   0.13583E+01   0.14564E-02   0.31924E-02  -0.40466E-06
  0.067   0.200    0.38940E-04   0.30586E+00   0.20284E+01  -0.16322E-01   0.94496E-06  -0.22884E-06
  0.067   0.200   -0.96954E-03   0.90744E-03   0.48294E+01  -0.44558E-04  -0.57112E-04  -0.20108E-05
  0.067   0.200   -0.59367E-03  -0.30107E+00   0.20317E+01   0.16069E-01  -0.34140E-04  -0.14028E-05
  0.067   0.200   -0.87158E-04  -0.81987E-01   0.14639E+01   0.44071E-02  -0.44724E-05  -0.36397E-06
  0.067   0.200    0.75707E-01   0.20016E-04   0.14128E+01  -0.25648E-05   0.40541E-02  -0.44455E-06
  0.067   0.200    0.20952E-04   0.82333E-01   0.14639E+01  -0.44283E-02   0.26261E-05   0.65041E-06
  0.067   0.200   -0.13740E-04   0.30303E+00   0.20321E+01  -0.16172E-01  -0.19113E-05  -0.23363E-06
  0.067   0.200   -0.88833E-03   0.36091E-03   0.48291E+01  -0.15148E-04  -0.52758E-04  -0.20135E-05
  0.067   0.200   -0.52562E-03  -0.30382E+00   0.20277E+01   0.16214E-01  -0.30466E-04  -0.14090E-05
  0.067   0.200    0.59873E-01   0.27337E-01   0.13598E+01  -0.14675E-02   0.32054E-02  -0.36292E-06
  0.067   0.200   -0.15231E-04   0.45913E-01   0.12407E+01  -0.24653E-02  -0.28843E-06  -0.26864E-06
  0.067   0.200   -0.25243E-04   0.80565E-01   0.14639E+01  -0.43347E-02   0.12823E-06   0.64956E-06
  0.067   0.200    0.51246E-04   0.30183E+00   0.20281E+01  -0.16108E-01   0.17326E-05  -0.24536E-06
  0.067   0.200   -0.81654E-03  -0.11463E-01   0.48111E+01   0.60768E-03  -0.48935E-04  -0.20301E-05
  0.067   0.200    0.36345E-01   0.33347E-01   0.12484E+01  -0.17901E-02   0.19468E-02  -0.30360E-06
  0.067   0.200   -0.60982E-01   0.26717E-01   0.13583E+01  -0.14341E-02  -0.32634E-02  -0.20671E-06
  0.067   0.200   -0.77275E-01   0.92039E-04   0.14126E+01  -0.67210E-05  -0.41393E-02   0.37641E-07
  0.067   0.200   -0.61633E-01  -0.25655E-01   0.13596E+01   0.13728E-02  -0.32985E-02  -0.31666E-06
  0.067   0.200   -0.37865E-01  -0.31994E-01   0.12483E+01   0.17131E-02  -0.20268E-02  -0.34389E-06
  0.067   0.200   -0.29956E-03   0.70415E-03   0.47941E+01  -0.33496E-04  -0.21161E-04  -0.20089E-05
  0.130   0.385   -0.87103E-03   0.12703E-01   0.45099E+01  -0.66514E-03  -0.51894E-04  -0.19123E-05
  0.130   0.385   -0.61304E-03  -0.30089E+00   0.17239E+01   0.16059E-01  -0.35084E-04  -0.13393E-05
  0.130   0.385   -0.10254E-03  -0.81160E-01   0.11569E+01   0.43644E-02  -0.54329E-05  -0.28547E-06
  0.130   0.385    0.18188E-04  -0.46760E-01   0.93058E+00   0.25060E-02   0.15438E-05  -0.29719E-06
  0.130   0.385    0.60522E-01  -0.27681E-01   0.10504E+01   0.14813E-02   0.32401E-02  -0.33021E-06
  0.130   0.385    0.55156E-04   0.30675E+00   0.17246E+01  -0.16368E-01   0.16984E-05  -0.15313E-06
  0.130   0.385   -0.95122E-03   0.87859E-03   0.45276E+01  -0.42411E-04  -0.56228E-04  -0.19363E-05
  0.130   0.385   -0.57730E-03  -0.30203E+00   0.17277E+01   0.16120E-01  -0.33374E-04  -0.13291E-05
  0.130   0.385   -0.74495E-04  -0.82839E-01   0.11570E+01   0.44531E-02  -0.39104E-05  -0.28973E-06
  0.130   0.385    0.76680E-01  -0.30265E-06   0.11055E+01  -0.85473E-06   0.41059E-02  -0.36979E-06
  0.130   0.385    0.37038E-04   0.83162E-01   0.11571E+01  -0.44719E-02   0.33688E-05   0.72634E-06
  0.130   0.385    0.38214E-05   0.30397E+00   0.17282E+01  -0.16222E-01  -0.10851E-05  -0.15775E-06
  0.130   0.385   -0.87335E-03   0.36828E-03   0.45274E+01  -0.14950E-04  -0.52053E-04  -0.19387E-05
  0.130   0.385   -0.51406E-03  -0.30473E+00   0.17239E+01   0.16263E-01  -0.29959E-04  -0.13352E-05
  0.130   0.385    0.60764E-01   0.27747E-01   0.10518E+01  -0.14888E-02   0.32528E-02  -0.28747E-06
  0.130   0.385   -0.13236E-06   0.46832E-01   0.93064E+00  -0.25139E-02   0.39929E-06  -0.19155E-06
  0.130   0.385   -0.94444E-05   0.81440E-01   0.11570E+01  -0.43808E-02   0.85632E-06   0.72560E-06
  0.130   0.385    0.64335E-04   0.30282E+00   0.17243E+01  -0.16159E-01   0.23187E-05  -0.16913E-06
  0.130   0.385   -0.80632E-03  -0.11374E-01   0.45098E+01   0.60347E-03  -0.48486E-04  -0.19554E-05
  0.130   0.385    0.37092E-01   0.34053E-01   0.93861E+00  -0.18272E-02   0.19865E-02  -0.22721E-06
  0.130   0.385   -0.61941E-01   0.27032E-01   0.10504E+01  -0.14503E-02  -0.33146E-02  -0.12991E-06
  0.130   0.385   -0.78326E-01   0.66822E-04   0.11054E+01  -0.47461E-05  -0.41954E-02   0.11358E-06
  0.130   0.385   -0.62606E-01  -0.26038E-01   0.10516E+01   0.13940E-02  -0.33506E-02  -0.24098E-06
  0.130   0.385   -0.38680E-01  -0.32613E-01   0.93852E+00   0.17469E-02  -0.20705E-02  -0.26823E-06
  0.130   0.385   -0.33560E-03   0.68545E-03   0.44930E+01  -0.31895E-04  -0.23188E-04  -0.19346E-05
  0.193   0.570   -0.85483E-03   0.12566E-01   0.43344E+01  -0.65739E-03  -0.51047E-04  -0.18692E-05
  0.193   0.570   -0.59401E-03  -0.30251E+00   0.15439E+01   0.16144E-01  -0.34121E-04  -0.12968E-05
  0.193   0.570   -0.84525E-04  -0.82464E-01   0.97242E+00   0.44343E-02  -0.45335E-05  -0.24185E-06
  0.193   0.570    0.31778E-04  -0.48055E-01   0.74158E+00   0.25756E-02   0.22020E-05  -0.25256E-06
  0.193   0.570    0.61807E-01  -0.28322E-01   0.86446E+00   0.15159E-02   0.33085E-02  -0.28614E-06
  0.193   0.570    0.73248E-04   0.30822E+00   0.15445E+01  -0.16445E-01   0.26050E-05  -0.10702E-06
  0.193   0.570   -0.93095E-03   0.85018E-03   0.43516E+01  -0.40551E-04  -0.55160E-04  -0.18927E-05
  0.193   0.570   -0.55913E-03  -0.30359E+00   0.15475E+01   0.16202E-01  -0.32457E-04  -0.12863E-05
  0.193   0.570   -0.60786E-04  -0.84093E-01   0.97253E+00   0.45203E-02  -0.32415E-05  -0.24609E-06
  0.193   0.570    0.78097E-01  -0.18441E-04   0.92033E+00   0.48692E-06   0.41813E-02  -0.32533E-06
  0.193   0.570    0.54728E-04   0.84403E-01   0.97255E+00  -0.45376E-02   0.42468E-05   0.77257E-06
  0.193   0.570    0.23110E-04   0.30552E+00   0.15479E+01  -0.16302E-01  -0.11295E-06  -0.11141E-06
  0.193   0.570   -0.85743E-03   0.38602E-03   0.43514E+01  -0.15570E-04  -0.51220E-04  -0.18948E-05
  0.193   0.570   -0.50208E-03  -0.30623E+00   0.15439E+01   0.16341E-01  -0.29373E-04  -0.12925E-05
  0.193   0.570    0.62042E-01   0.28345E-01   0.86564E+00  -0.15203E-02   0.33208E-02  -0.24204E-06
  0.193   0.570    0.15759E-04   0.48114E-01   0.74164E+00  -0.25820E-02   0.11778E-05  -0.14374E-06
  0.193   0.570    0.67299E-05   0.82733E-01   0.97254E+00  -0.44494E-02   0.16542E-05   0.77195E-06
  0.193   0.570    0.77432E-04   0.30441E+00   0.15443E+01  -0.16243E-01   0.29588E-05  -0.12231E-06
  0.193   0.570   -0.79760E-03  -0.11251E-01   0.43343E+01   0.59715E-03  -0.48037E-04  -0.19115E-05
  0.193   0.570    0.38125E-01   0.35040E-01   0.75000E+00  -0.18796E-02   0.20416E-02  -0.18045E-06
  0.193   0.570   -0.63321E-01   0.27510E-01   0.86444E+00  -0.14755E-02  -0.33883E-02  -0.82295E-07
  0.193   0.570   -0.79860E-01   0.44181E-04   0.92025E+00  -0.31600E-05  -0.42772E-02   0.15987E-06
  0.193   0.570   -0.64007E-01  -0.26580E-01   0.86553E+00   0.14232E-02  -0.34253E-02  -0.19524E-06
  0.193   0.570   -0.39814E-01  -0.33474E-01   0.74992E+00   0.17932E-02  -0.21311E-02  -0.22253E-06
  0.193   0.570   -0.38173E-03   0.67227E-03   0.43179E+01  -0.30848E-04  -0.25682E-04  -0.18913E-05
  0.256   0.755   -0.83850E-03   0.12399E-01   0.42110E+01  -0.64820E-03  -0.50196E-04  -0.18377E-05
  0.256   0.755   -0.57477E-03  -0.30446E+00   0.14168E+01   0.16248E-01  -0.33124E-04  -0.12672E-05
  0.256   0.755   -0.65864E-04  -0.84069E-01   0.83948E+00   0.45202E-02  -0.35778E-05  -0.21116E-06
  0.256   0.755    0.45784E-04  -0.49595E-01   0.60310E+00   0.26582E-02   0.29029E-05  -0.22061E-06
  0.256   0.755    0.63383E-01  -0.29103E-01   0.72965E+00   0.15578E-02   0.33925E-02  -0.25487E-06
  0.256   0.755    0.92121E-04   0.31004E+00   0.14174E+01  -0.16541E-01   0.35748E-05  -0.73325E-07
  0.256   0.755   -0.90880E-03   0.81911E-03   0.42277E+01  -0.38668E-04  -0.53996E-04  -0.18607E-05
  0.256   0.755   -0.54002E-03  -0.30548E+00   0.14201E+01   0.16303E-01  -0.31467E-04  -0.12564E-05
  0.256   0.755   -0.46511E-04  -0.85651E-01   0.83959E+00   0.46036E-02  -0.25206E-05  -0.21538E-06
  0.256   0.755    0.79848E-01  -0.35990E-04   0.78661E+00   0.16906E-05   0.42745E-02  -0.29364E-06
  0.256   0.755    0.73027E-04   0.85953E-01   0.83960E+00  -0.46200E-02   0.51782E-05   0.80623E-06
  0.256   0.755    0.42558E-04   0.30741E+00   0.14206E+01  -0.16402E-01   0.88879E-06  -0.77468E-07
  0.256   0.755   -0.84034E-03   0.40468E-03   0.42275E+01  -0.16362E-04  -0.50328E-04  -0.18624E-05
  0.256   0.755   -0.49010E-03  -0.30805E+00   0.14167E+01   0.16438E-01  -0.28765E-04  -0.12627E-05
  0.256   0.755    0.63606E-01   0.29081E-01   0.73069E+00  -0.15593E-02   0.34041E-02  -0.20918E-06
  0.256   0.755    0.31215E-04   0.49647E-01   0.60315E+00  -0.26637E-02   0.19530E-05  -0.10814E-06
  0.256   0.755    0.21773E-04   0.84333E-01   0.83961E+00  -0.45345E-02   0.24122E-05   0.80573E-06
  0.256   0.755    0.89189E-04   0.30636E+00   0.14172E+01  -0.16346E-01   0.35482E-05  -0.87795E-07
  0.256   0.755   -0.78664E-03  -0.11103E-01   0.42110E+01   0.58936E-03  -0.47475E-04  -0.18793E-05
  0.256   0.755    0.39357E-01   0.36220E-01   0.61200E+00  -0.19423E-02   0.21073E-02  -0.14602E-06
  0.256   0.755   -0.65017E-01   0.28115E-01   0.72963E+00  -0.15074E-02  -0.34787E-02  -0.46908E-07
  0.256   0.755   -0.81760E-01   0.23793E-04   0.78654E+00  -0.18006E-05  -0.43784E-02   0.19354E-06
  0.256   0.755   -0.65729E-01  -0.27238E-01   0.73060E+00   0.14587E-02  -0.35171E-02  -0.16215E-06
  0.256   0.755   -0.41172E-01  -0.34508E-01   0.61193E+00   0.18488E-02  -0.22036E-02  -0.18943E-06
  0.256   0.755   -0.42836E-03   0.66016E-03   0.41951E+01  -0.29982E-04  -0.28202E-04  -0.18596E-05
  0.321   0.940   -0.82509E-03   0.12221E-01   0.41182E+01  -0.63844E-03  -0.49487E-04  -0.18134E-05
  0.321   0.940   -0.55715E-03  -0.30692E+00   0.13192E+01   0.16377E-01  -0.32198E-04  -0.12452E-05
  0.321   0.940   -0.48115E-04  -0.85993E-01   0.73486E+00   0.46229E-02  -0.26586E-05  -0.18782E-06
  0.321   0.940    0.59031E-04  -0.51356E-01   0.49205E+00   0.27525E-02   0.35741E-05  -0.19572E-06
  0.321   0.940    0.65251E-01  -0.30020E-01   0.62280E+00   0.16069E-02   0.34919E-02  -0.23075E-06
  0.321   0.940    0.11039E-03   0.31235E+00   0.13198E+01  -0.16662E-01   0.45259E-05  -0.46174E-07
  0.321   0.940   -0.88827E-03   0.78942E-03   0.41342E+01  -0.36935E-04  -0.52904E-04  -0.18357E-05
  0.321   0.940   -0.52145E-03  -0.30786E+00   0.13223E+01   0.16428E-01  -0.30491E-04  -0.12342E-05
  0.321   0.940   -0.32828E-04  -0.87536E-01   0.73499E+00   0.47043E-02  -0.18190E-05  -0.19205E-06
  0.321   0.940    0.81944E-01  -0.52694E-04   0.68109E+00   0.27902E-05   0.43860E-02  -0.26908E-06
  0.321   0.940    0.90381E-04   0.87832E-01   0.73497E+00  -0.47199E-02   0.60702E-05   0.83313E-06
  0.321   0.940    0.60388E-04   0.30979E+00   0.13228E+01  -0.16527E-01   0.18174E-05  -0.50057E-07
  0.321   0.940   -0.82606E-03   0.42646E-03   0.41341E+01  -0.17398E-04  -0.49570E-04  -0.18370E-05
  0.321   0.940   -0.47954E-03  -0.31037E+00   0.13192E+01   0.16561E-01  -0.28218E-04  -0.12405E-05
  0.321   0.940    0.65456E-01   0.29953E-01   0.62374E+00  -0.16056E-02   0.35026E-02  -0.18328E-06
  0.321   0.940    0.44422E-04   0.51403E-01   0.49209E+00  -0.27572E-02   0.26181E-05  -0.79047E-07
  0.321   0.940    0.33476E-04   0.86252E-01   0.73501E+00  -0.46366E-02   0.30025E-05   0.83273E-06
  0.321   0.940    0.97763E-04   0.30881E+00   0.13197E+01  -0.16474E-01   0.39810E-05  -0.59712E-07
  0.321   0.940   -0.78114E-03  -0.10940E-01   0.41182E+01   0.58066E-03  -0.47187E-04  -0.18540E-05
  0.321   0.940    0.40770E-01   0.37572E-01   0.50150E+00  -0.20143E-02   0.21826E-02  -0.11832E-06
  0.321   0.940   -0.67024E-01   0.28852E-01   0.62279E+00  -0.15466E-02  -0.35857E-02  -0.17852E-07
  0.321   0.940   -0.84035E-01   0.71901E-05   0.68104E+00  -0.70255E-06  -0.44996E-02   0.22045E-06
  0.321   0.940   -0.67766E-01  -0.28015E-01   0.62366E+00   0.15003E-02  -0.36256E-02  -0.13605E-06
  0.321   0.940   -0.42731E-01  -0.35706E-01   0.50144E+00   0.19130E-02  -0.22868E-02  -0.16331E-06
  0.321   0.940   -0.46932E-03   0.65137E-03   0.41028E+01  -0.29366E-04  -0.30408E-04  -0.18351E-05
