  0.000   0.000    0.12330E-05   0.59321E-05  -0.19282E-06  -0.30594E-06   0.77074E-07   0.40335E-07
  0.000   0.000   -0.20785E-06  -0.33705E-06   0.68882E-06   0.17821E-07  -0.11001E-07  -0.16912E-11
  0.000   0.000   -0.24646E-07  -0.49474E-07   0.19611E-06   0.27066E-08  -0.16030E-08   0.16062E-10
  0.000   0.000   -0.25205E-08  -0.15463E-07   0.88787E-07   0.82792E-09  -0.13455E-09  -0.50973E-13
  0.000   0.000    0.31175E-07   0.11021E-07   0.75937E-07  -0.59191E-09   0.16633E-08   0.30700E-13
  0.000   0.000    0.24726E-06  -0.55121E-06  -0.90308E-06   0.29010E-07   0.13103E-07  -0.15984E-11
  0.000   0.000    0.12395E-05   0.59568E-05  -0.22830E-06  -0.30724E-06   0.77416E-07   0.40335E-07
  0.000   0.000   -0.20709E-06  -0.33508E-06   0.68110E-06   0.17715E-07  -0.10960E-07  -0.17209E-11
  0.000   0.000   -0.24380E-07  -0.49407E-07   0.19191E-06   0.27027E-08  -0.15888E-08   0.16062E-10
  0.000   0.000   -0.54241E-08   0.40296E-07  -0.26824E-07  -0.21584E-08  -0.28929E-09  -0.60259E-13
  0.000   0.000    0.23633E-07  -0.56579E-07  -0.21957E-06   0.30165E-08   0.12612E-08   0.15295E-11
  0.000   0.000    0.24782E-06  -0.54922E-06  -0.90674E-06   0.28905E-07   0.13133E-07  -0.15948E-11
  0.000   0.000    0.12396E-05   0.59568E-05  -0.22985E-06  -0.30724E-06   0.77424E-07   0.40335E-07
  0.000   0.000   -0.20671E-06  -0.33675E-06   0.67784E-06   0.17803E-07  -0.10940E-07  -0.17248E-11
  0.000   0.000   -0.38267E-07   0.71842E-08  -0.11855E-06  -0.38585E-09  -0.20369E-08   0.27152E-13
  0.000   0.000    0.55999E-08  -0.17535E-07  -0.10145E-06   0.93917E-09   0.29947E-09   0.56293E-13
  0.000   0.000    0.23885E-07  -0.56288E-07  -0.22231E-06   0.30014E-08   0.12747E-08   0.15323E-11
  0.000   0.000    0.24835E-06  -0.55036E-06  -0.91108E-06   0.28966E-07   0.13161E-07  -0.16118E-11
  0.000   0.000    0.12452E-05   0.59429E-05  -0.25008E-06  -0.30651E-06   0.77718E-07   0.40335E-07
  0.000   0.000   -0.20975E-07  -0.10182E-07  -0.10600E-06   0.54474E-09  -0.11217E-08   0.44034E-13
  0.000   0.000    0.70752E-08   0.12432E-07  -0.21175E-07  -0.66507E-09   0.37384E-09   0.35083E-12
  0.000   0.000   -0.11799E-07   0.14371E-07   0.35101E-07  -0.76758E-09  -0.63296E-09  -0.51166E-12
  0.000   0.000   -0.18038E-07   0.21701E-08   0.66343E-07  -0.11475E-09  -0.97845E-09   0.90342E-12
  0.000   0.000   -0.11656E-07  -0.35970E-08   0.61899E-07   0.19224E-09  -0.62349E-09  -0.20144E-13
  0.000   0.000    0.12388E-05   0.59180E-05  -0.21376E-06  -0.30520E-06   0.77379E-07   0.40335E-07
 -1.000  -1.000    0.11589E-05   0.62988E-05   0.36543E-06  -0.28532E-06   0.83526E-07   0.24923E-07
 -1.000  -1.000   -0.80642E-07  -0.16236E-06   0.25567E-06   0.11949E-07  -0.50012E-08  -0.74193E-10
 -1.000  -1.000   -0.30311E-07  -0.77885E-07   0.43749E-07   0.58186E-08  -0.21549E-08   0.36989E-10
 -1.000  -1.000   -0.13684E-10  -0.37315E-09   0.26852E-08   0.22026E-10  -0.73857E-12  -0.12499E-13
 -1.000  -1.000    0.38634E-08  -0.43092E-08   0.63835E-08   0.37118E-09   0.31156E-09  -0.51161E-11
 -1.000  -1.000    0.82015E-08   0.10214E-06   0.85567E-07  -0.59435E-08   0.43416E-09  -0.68780E-11
 -1.000  -1.000    0.11589E-05   0.62986E-05   0.36591E-06  -0.28531E-06   0.83529E-07   0.24923E-07
 -1.000  -1.000   -0.80645E-07  -0.16239E-06   0.25573E-06   0.11951E-07  -0.50014E-08  -0.74188E-10
 -1.000  -1.000   -0.30310E-07  -0.77910E-07   0.43707E-07   0.58200E-08  -0.21549E-08   0.36989E-10
 -1.000  -1.000    0.60014E-08   0.10687E-08   0.65996E-08  -0.84994E-10   0.50482E-09  -0.19623E-11
 -1.000  -1.000    0.29299E-08   0.25164E-08   0.53370E-08  -0.30709E-09   0.26703E-09   0.24114E-10
 -1.000  -1.000    0.82018E-08   0.10210E-06   0.85646E-07  -0.59413E-08   0.43417E-09  -0.68790E-11
 -1.000  -1.000    0.11589E-05   0.62986E-05   0.36589E-06  -0.28531E-06   0.83529E-07   0.24923E-07
 -1.000  -1.000   -0.80644E-07  -0.16252E-06   0.25546E-06   0.11959E-07  -0.50013E-08  -0.74190E-10
 -1.000  -1.000    0.54490E-09   0.20191E-09   0.22936E-08  -0.12846E-10   0.43406E-10  -0.96919E-13
 -1.000  -1.000    0.20184E-10   0.16183E-09   0.13757E-08  -0.95889E-11   0.12003E-11   0.37519E-15
 -1.000  -1.000    0.29301E-08   0.24903E-08   0.52574E-08  -0.30556E-09   0.26704E-09   0.24114E-10
 -1.000  -1.000    0.82042E-08   0.10191E-06   0.85219E-07  -0.59297E-08   0.43463E-09  -0.69554E-11
 -1.000  -1.000    0.11591E-05   0.62966E-05   0.36193E-06  -0.28520E-06   0.83538E-07   0.24923E-07
 -1.000  -1.000    0.73347E-10   0.79305E-10   0.11743E-08  -0.47042E-11   0.43417E-11  -0.80435E-15
 -1.000  -1.000   -0.11496E-07  -0.13758E-08   0.72867E-08   0.12613E-09  -0.92708E-09   0.18740E-10
 -1.000  -1.000   -0.17187E-07  -0.65645E-08   0.11034E-07   0.56348E-09  -0.13094E-08   0.75606E-11
 -1.000  -1.000   -0.15693E-07  -0.28342E-08   0.86123E-08   0.23337E-09  -0.12661E-08   0.25198E-10
 -1.000  -1.000   -0.17916E-09  -0.17289E-09   0.20345E-08   0.10272E-10  -0.10634E-10  -0.16922E-14
 -1.000  -1.000    0.11590E-05   0.62968E-05   0.36146E-06  -0.28521E-06   0.83535E-07   0.24923E-07
  0.067   0.200    0.12450E-05   0.59338E-05  -0.20458E-06  -0.30611E-06   0.77661E-07   0.39741E-07
  0.067   0.200   -0.20726E-06  -0.33193E-06   0.70154E-06   0.17546E-07  -0.10970E-07  -0.16870E-11
  0.067   0.200   -0.24278E-07  -0.46485E-07   0.22405E-06   0.25462E-08  -0.15833E-08   0.16059E-10
  0.067   0.200   -0.22893E-08  -0.14292E-07   0.12426E-06   0.76511E-09  -0.12217E-09  -0.57793E-13
  0.067   0.200    0.32392E-07   0.15923E-07   0.79648E-07  -0.85495E-09   0.17286E-08   0.34992E-13
  0.067   0.200    0.24868E-06  -0.54613E-06  -0.93619E-06   0.28738E-07   0.13179E-07  -0.15847E-11
  0.067   0.200    0.12518E-05   0.59581E-05  -0.24005E-06  -0.30739E-06   0.78024E-07   0.39741E-07
  0.067   0.200   -0.20641E-06  -0.33010E-06   0.69294E-06   0.17448E-07  -0.10924E-07  -0.17164E-11
  0.067   0.200   -0.23950E-07  -0.46419E-07   0.21868E-06   0.25423E-08  -0.15658E-08   0.16059E-10
  0.067   0.200   -0.51921E-08   0.45757E-07  -0.42897E-07  -0.24515E-08  -0.27689E-09  -0.50051E-13
  0.067   0.200    0.24949E-07  -0.53791E-07  -0.26701E-06   0.28670E-08   0.13318E-08   0.15434E-11
  0.067   0.200    0.24927E-06  -0.54424E-06  -0.93975E-06   0.28638E-07   0.13210E-07  -0.15814E-11
  0.067   0.200    0.12520E-05   0.59581E-05  -0.24162E-06  -0.30739E-06   0.78031E-07   0.39741E-07
  0.067   0.200   -0.20602E-06  -0.33169E-06   0.68968E-06   0.17531E-07  -0.10903E-07  -0.17203E-11
  0.067   0.200   -0.39014E-07   0.11638E-07  -0.15256E-06  -0.62480E-09  -0.20771E-08   0.41264E-13
  0.067   0.200    0.67608E-08  -0.16671E-07  -0.15629E-06   0.89305E-09   0.36170E-09   0.69340E-13
  0.067   0.200    0.25276E-07  -0.53523E-07  -0.27060E-06   0.28531E-08   0.13492E-08   0.15461E-11
  0.067   0.200    0.24986E-06  -0.54535E-06  -0.94490E-06   0.28698E-07   0.13242E-07  -0.15978E-11
  0.067   0.200    0.12573E-05   0.59445E-05  -0.26240E-06  -0.30667E-06   0.78315E-07   0.39741E-07
  0.067   0.200   -0.22189E-07  -0.75793E-08  -0.15361E-06   0.40531E-09  -0.11869E-08   0.59757E-13
  0.067   0.200    0.86988E-08   0.16665E-07  -0.41227E-07  -0.89232E-09   0.46091E-09   0.36111E-12
  0.067   0.200   -0.11206E-07   0.18948E-07   0.31929E-07  -0.10135E-08  -0.60124E-09  -0.50395E-12
  0.067   0.200   -0.18496E-07   0.60183E-08   0.79346E-07  -0.32143E-09  -0.10031E-08   0.90708E-12
  0.067   0.200   -0.12711E-07  -0.10609E-08   0.86940E-07   0.56103E-10  -0.68016E-09  -0.21534E-13
  0.067   0.200    0.12510E-05   0.59202E-05  -0.22533E-06  -0.30539E-06   0.77978E-07   0.39741E-07
  0.130   0.385    0.12420E-05   0.59404E-05  -0.20043E-06  -0.30643E-06   0.77517E-07   0.39949E-07
  0.130   0.385   -0.20766E-06  -0.33244E-06   0.70801E-06   0.17572E-07  -0.10991E-07  -0.16901E-11
  0.130   0.385   -0.24312E-07  -0.46481E-07   0.23025E-06   0.25458E-08  -0.15850E-08   0.16058E-10
  0.130   0.385   -0.22791E-08  -0.14217E-07   0.13071E-06   0.76107E-09  -0.12161E-09  -0.59290E-13
  0.130   0.385    0.32605E-07   0.16284E-07   0.84020E-07  -0.87427E-09   0.17399E-08   0.34217E-13
  0.130   0.385    0.24945E-06  -0.54690E-06  -0.93623E-06   0.28777E-07   0.13220E-07  -0.15877E-11
  0.130   0.385    0.12496E-05   0.59652E-05  -0.23606E-06  -0.30773E-06   0.77916E-07   0.39949E-07
  0.130   0.385   -0.20678E-06  -0.33058E-06   0.69941E-06   0.17472E-07  -0.10943E-07  -0.17196E-11
  0.130   0.385   -0.23975E-07  -0.46408E-07   0.22492E-06   0.25415E-08  -0.15670E-08   0.16058E-10
  0.130   0.385   -0.51945E-08   0.46278E-07  -0.39999E-07  -0.24793E-08  -0.27700E-09  -0.50320E-13
  0.130   0.385    0.25139E-07  -0.53814E-07  -0.26661E-06   0.28681E-08   0.13419E-08   0.15429E-11
  0.130   0.385    0.25004E-06  -0.54513E-06  -0.93992E-06   0.28683E-07   0.13251E-07  -0.15846E-11
  0.130   0.385    0.12496E-05   0.59655E-05  -0.23791E-06  -0.30774E-06   0.77920E-07   0.39949E-07
  0.130   0.385   -0.20640E-06  -0.33214E-06   0.69611E-06   0.17554E-07  -0.10923E-07  -0.17236E-11
  0.130   0.385   -0.39219E-07   0.11956E-07  -0.15110E-06  -0.64182E-09  -0.20879E-08   0.41481E-13
  0.130   0.385    0.68552E-08  -0.16624E-07  -0.15608E-06   0.89048E-09   0.36673E-09   0.69470E-13
  0.130   0.385    0.25464E-07  -0.53564E-07  -0.27027E-06   0.28552E-08   0.13592E-08   0.15454E-11
  0.130   0.385    0.25057E-06  -0.54623E-06  -0.94518E-06   0.28743E-07   0.13279E-07  -0.16005E-11
  0.130   0.385    0.12539E-05   0.59515E-05  -0.25919E-06  -0.30701E-06   0.78151E-07   0.39949E-07
  0.130   0.385   -0.22334E-07  -0.74370E-08  -0.15297E-06   0.39766E-09  -0.11946E-08   0.59976E-13
  0.130   0.385    0.88552E-08   0.16987E-07  -0.39125E-07  -0.90956E-09   0.46926E-09   0.36081E-12
  0.130   0.385   -0.11184E-07   0.19307E-07   0.35285E-07  -0.10326E-08  -0.59999E-09  -0.50407E-12
  0.130   0.385   -0.18572E-07   0.62948E-08   0.83874E-07  -0.33626E-09  -0.10071E-08   0.90630E-12
  0.130   0.385   -0.12793E-07  -0.86088E-09   0.92341E-07   0.45354E-10  -0.68450E-09  -0.22543E-13
  0.130   0.385    0.12474E-05   0.59272E-05  -0.22281E-06  -0.30573E-06   0.77805E-07   0.39949E-07
  0.193   0.570    0.12334E-05   0.59540E-05  -0.19392E-06  -0.30705E-06   0.77106E-07   0.40619E-07
  0.193   0.570   -0.20827E-06  -0.33362E-06   0.71603E-06   0.17632E-07  -0.11022E-07  -0.16956E-11
  0.193   0.570   -0.24365E-07  -0.46625E-07   0.23718E-06   0.25532E-08  -0.15878E-08   0.16056E-10
  0.193   0.570   -0.22690E-08  -0.14223E-07   0.13755E-06   0.76125E-09  -0.12105E-09  -0.61006E-13
  0.193   0.570    0.32991E-07   0.16783E-07   0.88173E-07  -0.90097E-09   0.17604E-08   0.33558E-13
  0.193   0.570    0.25062E-06  -0.54816E-06  -0.93944E-06   0.28841E-07   0.13280E-07  -0.15916E-11
  0.193   0.570    0.12374E-05   0.59783E-05  -0.23302E-06  -0.30833E-06   0.77326E-07   0.40619E-07
  0.193   0.570   -0.20755E-06  -0.33136E-06   0.70574E-06   0.17511E-07  -0.10983E-07  -0.17234E-11
  0.193   0.570   -0.24050E-07  -0.46449E-07   0.23085E-06   0.25434E-08  -0.15710E-08   0.16056E-10
  0.193   0.570   -0.52139E-08   0.47059E-07  -0.38733E-07  -0.25209E-08  -0.27801E-09  -0.50058E-13
  0.193   0.570    0.25424E-07  -0.53879E-07  -0.26837E-06   0.28713E-08   0.13570E-08   0.15431E-11
  0.193   0.570    0.25120E-06  -0.54618E-06  -0.94218E-06   0.28736E-07   0.13311E-07  -0.15884E-11
  0.193   0.570    0.12370E-05   0.59781E-05  -0.23338E-06  -0.30832E-06   0.77308E-07   0.40619E-07
  0.193   0.570   -0.20719E-06  -0.33301E-06   0.70318E-06   0.17598E-07  -0.10963E-07  -0.17277E-11
  0.193   0.570   -0.39535E-07   0.12416E-07  -0.15134E-06  -0.66637E-09  -0.21046E-08   0.42386E-13
  0.193   0.570    0.69999E-08  -0.16604E-07  -0.15789E-06   0.88928E-09   0.37444E-09   0.70092E-13
  0.193   0.570    0.25769E-07  -0.53665E-07  -0.27201E-06   0.28603E-08   0.13754E-08   0.15453E-11
  0.193   0.570    0.25180E-06  -0.54755E-06  -0.94774E-06   0.28809E-07   0.13344E-07  -0.16047E-11
  0.193   0.570    0.12430E-05   0.59657E-05  -0.25482E-06  -0.30766E-06   0.77623E-07   0.40619E-07
  0.193   0.570   -0.22570E-07  -0.72692E-08  -0.15427E-06   0.38861E-09  -0.12071E-08   0.60824E-13
  0.193   0.570    0.90354E-08   0.17467E-07  -0.37856E-07  -0.93521E-09   0.47885E-09   0.36166E-12
  0.193   0.570   -0.11248E-07   0.19817E-07   0.38362E-07  -0.10599E-08  -0.60336E-09  -0.50383E-12
  0.193   0.570   -0.18779E-07   0.66385E-08   0.88504E-07  -0.35468E-09  -0.10181E-08   0.90601E-12
  0.193   0.570   -0.12983E-07  -0.65212E-09   0.97968E-07   0.34134E-10  -0.69458E-09  -0.23543E-13
  0.193   0.570    0.12369E-05   0.59407E-05  -0.21833E-06  -0.30635E-06   0.77298E-07   0.40619E-07
  0.256   0.755    0.12368E-05   0.59678E-05  -0.19583E-06  -0.30776E-06   0.77279E-07   0.40603E-07
  0.256   0.755   -0.20911E-06  -0.33453E-06   0.72251E-06   0.17679E-07  -0.11065E-07  -0.17009E-11
  0.256   0.755   -0.24457E-07  -0.46707E-07   0.24292E-06   0.25573E-08  -0.15926E-08   0.16054E-10
  0.256   0.755   -0.22718E-08  -0.14203E-07   0.14334E-06   0.76007E-09  -0.12118E-09  -0.62397E-13
  0.256   0.755    0.33380E-07   0.17469E-07   0.90594E-07  -0.93761E-09   0.17810E-08   0.33478E-13
  0.256   0.755    0.25212E-06  -0.55014E-06  -0.94607E-06   0.28943E-07   0.13359E-07  -0.15961E-11
  0.256   0.755    0.12387E-05   0.59901E-05  -0.23310E-06  -0.30893E-06   0.77391E-07   0.40603E-07
  0.256   0.755   -0.20843E-06  -0.33245E-06   0.71310E-06   0.17567E-07  -0.11028E-07  -0.17279E-11
  0.256   0.755   -0.24151E-07  -0.46554E-07   0.23722E-06   0.25488E-08  -0.15763E-08   0.16054E-10
  0.256   0.755   -0.52801E-08   0.48069E-07  -0.38438E-07  -0.25747E-08  -0.28152E-09  -0.49268E-13
  0.256   0.755    0.25816E-07  -0.54232E-07  -0.27365E-06   0.28899E-08   0.13778E-08   0.15415E-11
  0.256   0.755    0.25278E-06  -0.54886E-06  -0.95051E-06   0.28875E-07   0.13395E-07  -0.15937E-11
  0.256   0.755    0.12391E-05   0.59917E-05  -0.23642E-06  -0.30901E-06   0.77415E-07   0.40603E-07
  0.256   0.755   -0.20805E-06  -0.33384E-06   0.70946E-06   0.17641E-07  -0.11008E-07  -0.17322E-11
  0.256   0.755   -0.40116E-07   0.12931E-07  -0.15433E-06  -0.69391E-09  -0.21355E-08   0.44220E-13
  0.256   0.755    0.71965E-08  -0.16607E-07  -0.16069E-06   0.88938E-09   0.38492E-09   0.71042E-13
  0.256   0.755    0.26194E-07  -0.53791E-07  -0.27487E-06   0.28667E-08   0.13979E-08   0.15461E-11
  0.256   0.755    0.25348E-06  -0.54909E-06  -0.95184E-06   0.28888E-07   0.13432E-07  -0.16098E-11
  0.256   0.755    0.12485E-05   0.59773E-05  -0.24984E-06  -0.30826E-06   0.77904E-07   0.40603E-07
  0.256   0.755   -0.22876E-07  -0.70876E-08  -0.15660E-06   0.37883E-09  -0.12233E-08   0.61992E-13
  0.256   0.755    0.94012E-08   0.17994E-07  -0.38664E-07  -0.96334E-09   0.49840E-09   0.36102E-12
  0.256   0.755   -0.11175E-07   0.20456E-07   0.39702E-07  -0.10941E-08  -0.59937E-09  -0.50364E-12
  0.256   0.755   -0.18960E-07   0.71060E-08   0.91895E-07  -0.37974E-09  -0.10276E-08   0.90516E-12
  0.256   0.755   -0.13204E-07  -0.37727E-09   0.10271E-06   0.19376E-10  -0.70632E-09  -0.24198E-13
  0.256   0.755    0.12349E-05   0.59514E-05  -0.22029E-06  -0.30690E-06   0.77199E-07   0.40603E-07
  0.321   0.940    0.12311E-05   0.59837E-05  -0.20678E-06  -0.30858E-06   0.76993E-07   0.40595E-07
  0.321   0.940   -0.21064E-06  -0.33496E-06   0.72661E-06   0.17699E-07  -0.11146E-07  -0.17031E-11
  0.321   0.940   -0.24669E-07  -0.46643E-07   0.24743E-06   0.25534E-08  -0.16038E-08   0.16054E-10
  0.321   0.940   -0.23192E-08  -0.14120E-07   0.14830E-06   0.75552E-09  -0.12369E-09  -0.63470E-13
  0.321   0.940    0.33721E-07   0.18337E-07   0.91803E-07  -0.98399E-09   0.17990E-08   0.33892E-13
  0.321   0.940    0.25404E-06  -0.55194E-06  -0.95302E-06   0.29035E-07   0.13460E-07  -0.16014E-11
  0.321   0.940    0.12406E-05   0.60014E-05  -0.23087E-06  -0.30952E-06   0.77491E-07   0.40595E-07
  0.321   0.940   -0.20963E-06  -0.33385E-06   0.72249E-06   0.17639E-07  -0.11091E-07  -0.17331E-11
  0.321   0.940   -0.24295E-07  -0.46822E-07   0.24492E-06   0.25627E-08  -0.15838E-08   0.16052E-10
  0.321   0.940   -0.53021E-08   0.49296E-07  -0.37920E-07  -0.26400E-08  -0.28265E-09  -0.48731E-13
  0.321   0.940    0.26299E-07  -0.54467E-07  -0.27821E-06   0.29021E-08   0.14034E-08   0.15424E-11
  0.321   0.940    0.25459E-06  -0.55031E-06  -0.95651E-06   0.28949E-07   0.13489E-07  -0.15984E-11
  0.321   0.940    0.12403E-05   0.60012E-05  -0.23345E-06  -0.30951E-06   0.77475E-07   0.40595E-07
  0.321   0.940   -0.20923E-06  -0.33517E-06   0.71912E-06   0.17709E-07  -0.11070E-07  -0.17364E-11
  0.321   0.940   -0.40696E-07   0.13583E-07  -0.15658E-06  -0.72875E-09  -0.21662E-08   0.45993E-13
  0.321   0.940    0.74065E-08  -0.16918E-07  -0.16681E-06   0.90591E-09   0.39609E-09   0.72596E-13
  0.321   0.940    0.26650E-07  -0.54381E-07  -0.28236E-06   0.28979E-08   0.14221E-08   0.15430E-11
  0.321   0.940    0.25520E-06  -0.55211E-06  -0.96331E-06   0.29046E-07   0.13522E-07  -0.16140E-11
  0.321   0.940    0.12434E-05   0.59892E-05  -0.25773E-06  -0.30888E-06   0.77647E-07   0.40595E-07
  0.321   0.940   -0.23460E-07  -0.70703E-08  -0.16212E-06   0.37785E-09  -0.12544E-08   0.64005E-13
  0.321   0.940    0.97671E-08   0.18644E-07  -0.39108E-07  -0.99807E-09   0.51791E-09   0.36180E-12
  0.321   0.940   -0.11223E-07   0.21199E-07   0.41830E-07  -0.11338E-08  -0.60184E-09  -0.50297E-12
  0.321   0.940   -0.19297E-07   0.75842E-08   0.96265E-07  -0.40535E-09  -0.10455E-08   0.90473E-12
  0.321   0.940   -0.13556E-07  -0.15521E-09   0.10833E-06   0.74475E-11  -0.72508E-09  -0.25076E-13
  0.321   0.940    0.12350E-05   0.59628E-05  -0.21999E-06  -0.30749E-06   0.77207E-07   0.40595E-07
