  0.000   0.000    0.00000E+00   0.00000E+00   0.00000E+00   0.00000E+00   0.00000E+00   0.00000E+00
  0.000   0.000    0.00000E+00   0.00000E+00   0.00000E+00   0.00000E+00   0.00000E+00   0.00000E+00
  0.000   0.000    0.00000E+00   0.00000E+00   0.00000E+00   0.00000E+00   0.00000E+00   0.00000E+00
  0.000   0.000    0.00000E+00   0.00000E+00   0.00000E+00   0.00000E+00   0.00000E+00   0.00000E+00
  0.000   0.000    0.00000E+00   0.00000E+00   0.00000E+00   0.00000E+00   0.00000E+00   0.00000E+00
  0.000   0.000    0.00000E+00   0.00000E+00   0.00000E+00   0.00000E+00   0.00000E+00   0.00000E+00
  0.000   0.000    0.00000E+00   0.00000E+00   0.00000E+00   0.00000E+00   0.00000E+00   0.00000E+00
  0.000   0.000    0.00000E+00   0.00000E+00   0.00000E+00   0.00000E+00   0.00000E+00   0.00000E+00
  0.000   0.000    0.00000E+00   0.00000E+00   0.00000E+00   0.00000E+00   0.00000E+00   0.00000E+00
  0.000   0.000    0.00000E+00   0.00000E+00   0.00000E+00   0.00000E+00   0.00000E+00   0.00000E+00
  0.000   0.000    0.00000E+00   0.00000E+00   0.00000E+00   0.00000E+00   0.00000E+00   0.00000E+00
  0.000   0.000    0.00000E+00   0.00000E+00   0.00000E+00   0.00000E+00   0.00000E+00   0.00000E+00
  0.000   0.000    0.00000E+00   0.00000E+00   0.00000E+00   0.00000E+00   0.00000E+00   0.00000E+00
  0.000   0.000    0.00000E+00   0.00000E+00   0.00000E+00   0.00000E+00   0.00000E+00   0.00000E+00
  0.000   0.000    0.00000E+00   0.00000E+00   0.00000E+00   0.00000E+00   0.00000E+00   0.00000E+00
  0.000   0.000    0.00000E+00   0.00000E+00   0.00000E+00   0.00000E+00   0.00000E+00   0.00000E+00
  0.000   0.000    0.00000E+00   0.00000E+00   0.00000E+00   0.00000E+00   0.00000E+00   0.00000E+00
  0.000   0.000    0.00000E+00   0.00000E+00   0.00000E+00   0.00000E+00   0.00000E+00   0.00000E+00
  0.000   0.000    0.00000E+00   0.00000E+00   0.00000E+00   0.00000E+00   0.00000E+00   0.00000E+00
  0.000   0.000    0.00000E+00   0.00000E+00   0.00000E+00   0.00000E+00   0.00000E+00   0.00000E+00
  0.000   0.000    0.00000E+00   0.00000E+00   0.00000E+00   0.00000E+00   0.00000E+00   0.00000E+00
  0.000   0.000    0.00000E+00   0.00000E+00   0.00000E+00   0.00000E+00   0.00000E+00   0.00000E+00
  0.000   0.000    0.00000E+00   0.00000E+00   0.00000E+00   0.00000E+00   0.00000E+00   0.00000E+00
  0.000   0.000    0.00000E+00   0.00000E+00   0.00000E+00   0.00000E+00   0.00000E+00   0.00000E+00
  0.000   0.000    0.00000E+00   0.00000E+00   0.00000E+00   0.00000E+00   0.00000E+00   0.00000E+00
 -1.000  -1.000    0.00000E+00   0.00000E+00   0.00000E+00   0.00000E+00   0.00000E+00   0.00000E+00
 -1.000  -1.000    0.00000E+00   0.00000E+00   0.00000E+00   0.00000E+00   0.00000E+00   0.00000E+00
 -1.000  -1.000    0.00000E+00   0.00000E+00   0.00000E+00   0.00000E+00   0.00000E+00   0.00000E+00
 -1.000  -1.000    0.00000E+00   0.00000E+00   0.00000E+00   0.00000E+00   0.00000E+00   0.00000E+00
 -1.000  -1.000    0.00000E+00   0.00000E+00   0.00000E+00   0.00000E+00   0.00000E+00   0.00000E+00
 -1.000  -1.000    0.00000E+00   0.00000E+00   0.00000E+00   0.00000E+00   0.00000E+00   0.00000E+00
 -1.000  -1.000    0.00000E+00   0.00000E+00   0.00000E+00   0.00000E+00   0.00000E+00   0.00000E+00
 -1.000  -1.000    0.00000E+00   0.00000E+00   0.00000E+00   0.00000E+00   0.00000E+00   0.00000E+00
 -1.000  -1.000    0.00000E+00   0.00000E+00   0.00000E+00   0.00000E+00   0.00000E+00   0.00000E+00
 -1.000  -1.000    0.00000E+00   0.00000E+00   0.00000E+00   0.00000E+00   0.00000E+00   0.00000E+00
 -1.000  -1.000    0.00000E+00   0.00000E+00   0.00000E+00   0.00000E+00   0.00000E+00   0.00000E+00
 -1.000  -1.000    0.00000E+00   0.00000E+00   0.00000E+00   0.00000E+00   0.00000E+00   0.00000E+00
 -1.000  -1.000    0.00000E+00   0.00000E+00   0.00000E+00   0.00000E+00   0.00000E+00   0.00000E+00
 -1.000  -1.000    0.00000E+00   0.00000E+00   0.00000E+00   0.00000E+00   0.00000E+00   0.00000E+00
 -1.000  -1.000    0.00000E+00   0.00000E+00   0.00000E+00   0.00000E+00   0.00000E+00   0.00000E+00
 -1.000  -1.000    0.00000E+00   0.00000E+00   0.00000E+00   0.00000E+00   0.00000E+00   0.00000E+00
 -1.000  -1.000    0.00000E+00   0.00000E+00   0.00000E+00   0.00000E+00   0.00000E+00   0.00000E+00
 -1.000  -1.000    0.00000E+00   0.00000E+00   0.00000E+00   0.00000E+00   0.00000E+00   0.00000E+00
 -1.000  -1.000    0.00000E+00   0.00000E+00   0.00000E+00   0.00000E+00   0.00000E+00   0.00000E+00
 -1.000  -1.000    0.00000E+00   0.00000E+00   0.00000E+00   0.00000E+00   0.00000E+00   0.00000E+00
 -1.000  -1.000    0.00000E+00   0.00000E+00   0.00000E+00   0.00000E+00   0.00000E+00   0.00000E+00
 -1.000  -1.000    0.00000E+00   0.00000E+00   0.00000E+00   0.00000E+00   0.00000E+00   0.00000E+00
 -1.000  -1.000    0.00000E+00   0.00000E+00   0.00000E+00   0.00000E+00   0.00000E+00   0.00000E+00
 -1.000  -1.000    0.00000E+00   0.00000E+00   0.00000E+00   0.00000E+00   0.00000E+00   0.00000E+00
 -1.000  -1.000    0.00000E+00   0.00000E+00   0.00000E+00   0.00000E+00   0.00000E+00   0.00000E+00
  0.067   0.200    0.23089E-06   0.51670E-09  -0.32610E-05  -0.21283E-10   0.12367E-07   0.63020E-12
  0.067   0.200    0.23414E-06   0.44289E-09  -0.32588E-05  -0.17317E-10   0.12540E-07   0.63726E-12
  0.067   0.200    0.23437E-06   0.42497E-09  -0.32571E-05  -0.16447E-10   0.12552E-07   0.62797E-12
  0.067   0.200    0.23100E-06   0.73639E-09  -0.32546E-05  -0.33097E-10   0.12373E-07   0.63455E-12
  0.067   0.200    0.22444E-06   0.25251E-09  -0.50343E-05  -0.36623E-11   0.12022E-07   0.10837E-11
  0.067   0.200    0.23412E-06  -0.56187E-10  -0.30825E-05   0.90864E-11   0.12540E-07   0.58321E-12
  0.067   0.200    0.23746E-06  -0.12889E-09  -0.30825E-05   0.13014E-10   0.12717E-07   0.59090E-12
  0.067   0.200    0.23773E-06  -0.16406E-09  -0.30829E-05   0.14813E-10   0.12732E-07   0.58191E-12
  0.067   0.200    0.23435E-06   0.11817E-09  -0.30828E-05  -0.28038E-12   0.12553E-07   0.58910E-12
  0.067   0.200    0.22766E-06  -0.44895E-09  -0.48833E-05   0.33642E-10   0.12195E-07   0.10435E-11
  0.067   0.200    0.23433E-06  -0.62441E-09  -0.30548E-05   0.39517E-10   0.12551E-07   0.57548E-12
  0.067   0.200    0.23771E-06  -0.68265E-09  -0.30569E-05   0.42688E-10   0.12731E-07   0.58369E-12
  0.067   0.200    0.23802E-06  -0.71944E-09  -0.30594E-05   0.44579E-10   0.12748E-07   0.57510E-12
  0.067   0.200    0.23468E-06  -0.45551E-09  -0.30614E-05   0.30456E-10   0.12571E-07   0.58278E-12
  0.067   0.200    0.22791E-06  -0.11293E-08  -0.48596E-05   0.70078E-10   0.12208E-07   0.10365E-11
  0.067   0.200    0.23098E-06  -0.83375E-09  -0.29681E-05   0.50575E-10   0.12372E-07   0.55637E-12
  0.067   0.200    0.23436E-06  -0.88771E-09  -0.29710E-05   0.53523E-10   0.12551E-07   0.56465E-12
  0.067   0.200    0.23471E-06  -0.92705E-09  -0.29743E-05   0.55553E-10   0.12570E-07   0.55632E-12
  0.067   0.200    0.23145E-06  -0.67632E-09  -0.29771E-05   0.42134E-10   0.12397E-07   0.56406E-12
  0.067   0.200    0.22470E-06  -0.14286E-08  -0.47484E-05   0.85909E-10   0.12037E-07   0.10109E-11
  0.067   0.200    0.22581E-06  -0.17346E-09  -0.15012E-05   0.12148E-10   0.12096E-07   0.20113E-12
  0.067   0.200    0.22904E-06  -0.25302E-09  -0.15019E-05   0.16460E-10   0.12267E-07   0.20875E-12
  0.067   0.200    0.22929E-06  -0.32183E-09  -0.15030E-05   0.20068E-10   0.12281E-07   0.20030E-12
  0.067   0.200    0.22604E-06  -0.72756E-10  -0.15038E-05   0.67578E-11   0.12108E-07   0.20739E-12
  0.067   0.200    0.22007E-06  -0.56793E-09  -0.32407E-05   0.36682E-10   0.11789E-07   0.64540E-12
  0.130   0.385    0.16618E-05   0.45282E-08  -0.60920E-05  -0.23203E-09   0.89014E-07   0.27207E-12
  0.130   0.385    0.16849E-05   0.38671E-08  -0.60763E-05  -0.19652E-09   0.90238E-07   0.32432E-12
  0.130   0.385    0.16854E-05   0.35944E-08  -0.60637E-05  -0.18254E-09   0.90265E-07   0.25854E-12
  0.130   0.385    0.16593E-05   0.57499E-08  -0.60469E-05  -0.29776E-09   0.88879E-07   0.30813E-12
  0.130   0.385    0.16095E-05   0.41650E-08  -0.18825E-04  -0.18769E-09   0.86217E-07   0.35355E-11
  0.130   0.385    0.16847E-05   0.37604E-09  -0.56929E-05  -0.10108E-10   0.90241E-07   0.15063E-12
  0.130   0.385    0.17092E-05  -0.29336E-09  -0.56928E-05   0.26001E-10   0.91539E-07   0.20683E-12
  0.130   0.385    0.17108E-05  -0.70126E-09  -0.56962E-05   0.47254E-10   0.91625E-07   0.14264E-12
  0.130   0.385    0.16853E-05   0.12384E-08  -0.56958E-05  -0.56455E-10   0.90274E-07   0.19617E-12
  0.130   0.385    0.16331E-05  -0.26123E-08  -0.18627E-04   0.17529E-09   0.87478E-07   0.34604E-11
  0.130   0.385    0.16851E-05  -0.37370E-08  -0.56647E-05   0.21050E-09   0.90261E-07   0.13693E-12
  0.130   0.385    0.17107E-05  -0.42939E-08  -0.56797E-05   0.24071E-09   0.91617E-07   0.19631E-12
  0.130   0.385    0.17133E-05  -0.46970E-08  -0.56981E-05   0.26173E-09   0.91762E-07   0.13440E-12
  0.130   0.385    0.16889E-05  -0.28708E-08  -0.57129E-05   0.16404E-09   0.90466E-07   0.19100E-12
  0.130   0.385    0.16345E-05  -0.92449E-08  -0.18625E-04   0.53096E-09   0.87554E-07   0.34488E-11
  0.130   0.385    0.16592E-05  -0.52794E-08  -0.55549E-05   0.29305E-09   0.88872E-07   0.12612E-12
  0.130   0.385    0.16854E-05  -0.57888E-08  -0.55756E-05   0.32076E-09   0.90263E-07   0.18534E-12
  0.130   0.385    0.16891E-05  -0.61868E-08  -0.55996E-05   0.34153E-09   0.90463E-07   0.12478E-12
  0.130   0.385    0.16660E-05  -0.44351E-08  -0.56200E-05   0.24780E-09   0.89240E-07   0.18137E-12
  0.130   0.385    0.16103E-05  -0.13067E-07  -0.18330E-04   0.73538E-09   0.86261E-07   0.33864E-11
  0.130   0.385    0.16194E-05  -0.39025E-09   0.54709E-05   0.79349E-11   0.86745E-07  -0.25427E-11
  0.130   0.385    0.16429E-05  -0.14817E-08   0.54663E-05   0.67013E-10   0.87994E-07  -0.24868E-11
  0.130   0.385    0.16444E-05  -0.29183E-08   0.54551E-05   0.14348E-09   0.88075E-07  -0.25452E-11
  0.130   0.385    0.16199E-05  -0.16711E-08   0.54438E-05   0.77164E-10   0.86773E-07  -0.24926E-11
  0.130   0.385    0.15829E-05  -0.36400E-08  -0.70158E-05   0.20673E-09   0.84794E-07   0.64451E-12
  0.193   0.570    0.54746E-05   0.16101E-07  -0.85301E-05  -0.85133E-09   0.29321E-06  -0.19387E-11
  0.193   0.570    0.55486E-05   0.13200E-07  -0.84770E-05  -0.69555E-09   0.29713E-06  -0.17589E-11
  0.193   0.570    0.55441E-05   0.11501E-07  -0.84371E-05  -0.60656E-09   0.29690E-06  -0.19694E-11
  0.193   0.570    0.54480E-05   0.18114E-07  -0.83856E-05  -0.95984E-09   0.29179E-06  -0.17941E-11
  0.193   0.570    0.52703E-05   0.23208E-07  -0.50299E-04  -0.11505E-08   0.28229E-06   0.88038E-11
  0.193   0.570    0.55480E-05   0.24379E-08  -0.78247E-05  -0.11991E-09   0.29715E-06  -0.21922E-11
  0.193   0.570    0.56308E-05  -0.56747E-09  -0.78229E-05   0.41964E-10   0.30154E-06  -0.20025E-11
  0.193   0.570    0.56341E-05  -0.27581E-08  -0.78357E-05   0.15740E-09   0.30172E-06  -0.22111E-11
  0.193   0.570    0.55441E-05   0.31270E-08  -0.78388E-05  -0.15708E-09   0.29694E-06  -0.20248E-11
  0.193   0.570    0.53496E-05  -0.82902E-08  -0.50269E-04   0.53824E-09   0.28654E-06   0.86916E-11
  0.193   0.570    0.55432E-05  -0.11195E-07  -0.78362E-05   0.61143E-09   0.29689E-06  -0.22115E-11
  0.193   0.570    0.56337E-05  -0.13788E-07  -0.78843E-05   0.75166E-09   0.30170E-06  -0.20147E-11
  0.193   0.570    0.56450E-05  -0.15878E-07  -0.79465E-05   0.86180E-09   0.30230E-06  -0.22190E-11
  0.193   0.570    0.55624E-05  -0.10273E-07  -0.79990E-05   0.56206E-09   0.29792E-06  -0.20250E-11
  0.193   0.570    0.53523E-05  -0.39496E-07  -0.50352E-04   0.22116E-08   0.28668E-06   0.86594E-11
  0.193   0.570    0.54476E-05  -0.16387E-07  -0.78228E-05   0.89005E-09   0.29177E-06  -0.21582E-11
  0.193   0.570    0.55442E-05  -0.18728E-07  -0.78898E-05   0.10168E-08   0.29690E-06  -0.19653E-11
  0.193   0.570    0.55630E-05  -0.20667E-07  -0.79701E-05   0.11189E-08   0.29791E-06  -0.21680E-11
  0.193   0.570    0.54891E-05  -0.15190E-07  -0.80406E-05   0.82598E-09   0.29399E-06  -0.19767E-11
  0.193   0.570    0.52670E-05  -0.61006E-07  -0.49682E-04   0.33637E-08   0.28211E-06   0.85158E-11
  0.193   0.570    0.53027E-05   0.29477E-09   0.28571E-04  -0.81560E-10   0.28402E-06  -0.10953E-10
  0.193   0.570    0.53821E-05  -0.60713E-08   0.28557E-04   0.26282E-09   0.28823E-06  -0.10763E-10
  0.193   0.570    0.53849E-05  -0.15832E-07   0.28505E-04   0.78440E-09   0.28839E-06  -0.10943E-10
  0.193   0.570    0.52984E-05  -0.14633E-07   0.28436E-04   0.72314E-09   0.28379E-06  -0.10760E-10
  0.193   0.570    0.52085E-05  -0.12598E-07  -0.12368E-04   0.69162E-09   0.27899E-06  -0.51393E-12
  0.256   0.755    0.12982E-04   0.41059E-07  -0.10350E-04  -0.21930E-08   0.69522E-06  -0.70124E-11
  0.256   0.755    0.13151E-04   0.31736E-07  -0.10219E-04  -0.16926E-08   0.70416E-06  -0.65613E-11
  0.256   0.755    0.13120E-04   0.25002E-07  -0.10130E-04  -0.13365E-08   0.70252E-06  -0.70401E-11
  0.256   0.755    0.12859E-04   0.39026E-07  -0.10021E-04  -0.20851E-08   0.68861E-06  -0.65857E-11
  0.256   0.755    0.12392E-04   0.85440E-07  -0.10887E-03  -0.43779E-08   0.66365E-06   0.18450E-10
  0.256   0.755    0.13150E-04   0.88087E-08  -0.91463E-05  -0.46593E-09   0.70419E-06  -0.75074E-11
  0.256   0.755    0.13353E-04  -0.10732E-08  -0.91367E-05   0.65699E-10   0.71500E-06  -0.70436E-11
  0.256   0.755    0.13355E-04  -0.91888E-08  -0.91731E-05   0.49609E-09   0.71509E-06  -0.75285E-11
  0.256   0.755    0.13120E-04   0.29987E-08  -0.91954E-05  -0.15461E-09   0.70264E-06  -0.70550E-11
  0.256   0.755    0.12586E-04  -0.19672E-07  -0.10932E-03   0.12579E-08   0.67404E-06   0.18252E-10
  0.256   0.755    0.13118E-04  -0.23771E-07  -0.92803E-05   0.12819E-08   0.70249E-06  -0.75266E-11
  0.256   0.755    0.13354E-04  -0.32518E-07  -0.93898E-05   0.17537E-08   0.71503E-06  -0.70569E-11
  0.256   0.755    0.13388E-04  -0.40090E-07  -0.95430E-05   0.21551E-08   0.71689E-06  -0.75421E-11
  0.256   0.755    0.13186E-04  -0.28229E-07  -0.96808E-05   0.15213E-08   0.70614E-06  -0.70581E-11
  0.256   0.755    0.12585E-04  -0.12470E-06  -0.10957E-03   0.68895E-08   0.67402E-06   0.18137E-10
  0.256   0.755    0.12858E-04  -0.36241E-07  -0.95060E-05   0.19515E-08   0.68855E-06  -0.73256E-11
  0.256   0.755    0.13121E-04  -0.44104E-07  -0.96602E-05   0.23761E-08   0.70256E-06  -0.68764E-11
  0.256   0.755    0.13187E-04  -0.50910E-07  -0.98551E-05   0.27366E-08   0.70611E-06  -0.73681E-11
  0.256   0.755    0.13019E-04  -0.38999E-07  -0.10033E-04   0.20998E-08   0.69720E-06  -0.68993E-11
  0.256   0.755    0.12364E-04  -0.20502E-06  -0.10809E-03   0.11193E-07   0.66218E-06   0.17781E-10
  0.256   0.755    0.12468E-04   0.46896E-08   0.76235E-04  -0.42931E-09   0.66773E-06  -0.27996E-10
  0.256   0.755    0.12662E-04  -0.19476E-07   0.76206E-04   0.87746E-09   0.67803E-06  -0.27526E-10
  0.256   0.755    0.12662E-04  -0.59056E-07   0.76032E-04   0.29955E-08   0.67805E-06  -0.27911E-10
  0.256   0.755    0.12438E-04  -0.65702E-07   0.75764E-04   0.33629E-08   0.66613E-06  -0.27451E-10
  0.256   0.755    0.12331E-04  -0.33031E-07  -0.20255E-04   0.17907E-08   0.66041E-06  -0.34275E-11
  0.321   0.940    0.25712E-04   0.88339E-07  -0.11409E-04  -0.47377E-08   0.13767E-05  -0.16098E-10
  0.321   0.940    0.26029E-04   0.63662E-07  -0.11137E-04  -0.34135E-08   0.13935E-05  -0.15141E-10
  0.321   0.940    0.25916E-04   0.43496E-07  -0.10971E-04  -0.23421E-08   0.13875E-05  -0.16037E-10
  0.321   0.940    0.25312E-04   0.67141E-07  -0.10788E-04  -0.36027E-08   0.13553E-05  -0.15040E-10
  0.321   0.940    0.24270E-04   0.24692E-06  -0.20518E-03  -0.12853E-07   0.12996E-05   0.34304E-10
  0.321   0.940    0.26027E-04   0.24577E-07  -0.94542E-05  -0.13228E-08   0.13936E-05  -0.16997E-10
  0.321   0.940    0.26449E-04  -0.20294E-08  -0.94219E-05   0.10732E-09   0.14160E-05  -0.16042E-10
  0.321   0.940    0.26435E-04  -0.25509E-07  -0.95092E-05   0.13568E-08   0.14153E-05  -0.16978E-10
  0.321   0.940    0.25918E-04  -0.58053E-08  -0.95907E-05   0.30638E-09   0.13878E-05  -0.15958E-10
  0.321   0.940    0.24670E-04  -0.39634E-07  -0.20662E-03   0.25100E-08   0.13210E-05   0.33893E-10
  0.321   0.940    0.25912E-04  -0.40959E-07  -0.98273E-05   0.21928E-08   0.13874E-05  -0.17008E-10
  0.321   0.940    0.26433E-04  -0.64879E-07  -0.10034E-04   0.34808E-08   0.14152E-05  -0.16069E-10
  0.321   0.940    0.26523E-04  -0.86460E-07  -0.10353E-04   0.46289E-08   0.14200E-05  -0.17033E-10
  0.321   0.940    0.26104E-04  -0.66515E-07  -0.10660E-04   0.35641E-08   0.13977E-05  -0.16012E-10
  0.321   0.940    0.24652E-04  -0.32764E-06  -0.20711E-03   0.17950E-07   0.13201E-05   0.33527E-10
  0.321   0.940    0.25310E-04  -0.66623E-07  -0.10544E-04   0.35712E-08   0.13552E-05  -0.16515E-10
  0.321   0.940    0.25919E-04  -0.87968E-07  -0.10841E-04   0.47217E-08   0.13876E-05  -0.15646E-10
  0.321   0.940    0.26106E-04  -0.10690E-06  -0.11241E-04   0.57279E-08   0.13977E-05  -0.16647E-10
  0.321   0.940    0.25791E-04  -0.85891E-07  -0.11621E-04   0.46054E-08   0.13810E-05  -0.15679E-10
  0.321   0.940    0.24166E-04  -0.56202E-06  -0.20406E-03   0.30508E-07   0.12940E-05   0.32690E-10
  0.321   0.940    0.24421E-04   0.18149E-07   0.15766E-03  -0.13503E-08   0.13077E-05  -0.56935E-10
  0.321   0.940    0.24821E-04  -0.52466E-07   0.15761E-03   0.24670E-08   0.13289E-05  -0.55956E-10
  0.321   0.940    0.24804E-04  -0.17201E-06   0.15714E-03   0.88682E-08   0.13280E-05  -0.56615E-10
  0.321   0.940    0.24312E-04  -0.20884E-06   0.15634E-03   0.10874E-07   0.13018E-05  -0.55631E-10
  0.321   0.940    0.24368E-04  -0.74412E-07  -0.31942E-04   0.40117E-08   0.13049E-05  -0.87506E-11
