  0.000   0.000    0.00000E+00   0.00000E+00   0.00000E+00   0.00000E+00   0.00000E+00   0.00000E+00
  0.000   0.000    0.00000E+00   0.00000E+00   0.00000E+00   0.00000E+00   0.00000E+00   0.00000E+00
  0.000   0.000    0.00000E+00   0.00000E+00   0.00000E+00   0.00000E+00   0.00000E+00   0.00000E+00
  0.000   0.000    0.00000E+00   0.00000E+00   0.00000E+00   0.00000E+00   0.00000E+00   0.00000E+00
  0.000   0.000    0.00000E+00   0.00000E+00   0.00000E+00   0.00000E+00   0.00000E+00   0.00000E+00
  0.000   0.000    0.00000E+00   0.00000E+00   0.00000E+00   0.00000E+00   0.00000E+00   0.00000E+00
  0.000   0.000    0.00000E+00   0.00000E+00   0.00000E+00   0.00000E+00   0.00000E+00   0.00000E+00
  0.000   0.000    0.00000E+00   0.00000E+00   0.00000E+00   0.00000E+00   0.00000E+00   0.00000E+00
  0.000   0.000    0.00000E+00   0.00000E+00   0.00000E+00   0.00000E+00   0.00000E+00   0.00000E+00
  0.000   0.000    0.00000E+00   0.00000E+00   0.00000E+00   0.00000E+00   0.00000E+00   0.00000E+00
  0.000   0.000    0.00000E+00   0.00000E+00   0.00000E+00   0.00000E+00   0.00000E+00   0.00000E+00
  0.000   0.000    0.00000E+00   0.00000E+00   0.00000E+00   0.00000E+00   0.00000E+00   0.00000E+00
  0.000   0.000    0.00000E+00   0.00000E+00   0.00000E+00   0.00000E+00   0.00000E+00   0.00000E+00
  0.000   0.000    0.00000E+00   0.00000E+00   0.00000E+00   0.00000E+00   0.00000E+00   0.00000E+00
  0.000   0.000    0.00000E+00   0.00000E+00   0.00000E+00   0.00000E+00   0.00000E+00   0.00000E+00
  0.000   0.000    0.00000E+00   0.00000E+00   0.00000E+00   0.00000E+00   0.00000E+00   0.00000E+00
  0.000   0.000    0.00000E+00   0.00000E+00   0.00000E+00   0.00000E+00   0.00000E+00   0.00000E+00
  0.000   0.000    0.00000E+00   0.00000E+00   0.00000E+00   0.00000E+00   0.00000E+00   0.00000E+00
  0.000   0.000    0.00000E+00   0.00000E+00   0.00000E+00   0.00000E+00   0.00000E+00   0.00000E+00
  0.000   0.000    0.00000E+00   0.00000E+00   0.00000E+00   0.00000E+00   0.00000E+00   0.00000E+00
  0.000   0.000    0.00000E+00   0.00000E+00   0.00000E+00   0.00000E+00   0.00000E+00   0.00000E+00
  0.000   0.000    0.00000E+00   0.00000E+00   0.00000E+00   0.00000E+00   0.00000E+00   0.00000E+00
  0.000   0.000    0.00000E+00   0.00000E+00   0.00000E+00   0.00000E+00   0.00000E+00   0.00000E+00
  0.000   0.000    0.00000E+00   0.00000E+00   0.00000E+00   0.00000E+00   0.00000E+00   0.00000E+00
  0.000   0.000    0.00000E+00   0.00000E+00   0.00000E+00   0.00000E+00   0.00000E+00   0.00000E+00
 -1.000  -1.000    0.00000E+00   0.00000E+00   0.00000E+00   0.00000E+00   0.00000E+00   0.00000E+00
 -1.000  -1.000    0.00000E+00   0.00000E+00   0.00000E+00   0.00000E+00   0.00000E+00   0.00000E+00
 -1.000  -1.000    0.00000E+00   0.00000E+00   0.00000E+00   0.00000E+00   0.00000E+00   0.00000E+00
 -1.000  -1.000    0.00000E+00   0.00000E+00   0.00000E+00   0.00000E+00   0.00000E+00   0.00000E+00
 -1.000  -1.000    0.00000E+00   0.00000E+00   0.00000E+00   0.00000E+00   0.00000E+00   0.00000E+00
 -1.000  -1.000    0.00000E+00   0.00000E+00   0.00000E+00   0.00000E+00   0.00000E+00   0.00000E+00
 -1.000  -1.000    0.00000E+00   0.00000E+00   0.00000E+00   0.00000E+00   0.00000E+00   0.00000E+00
 -1.000  -1.000    0.00000E+00   0.00000E+00   0.00000E+00   0.00000E+00   0.00000E+00   0.00000E+00
 -1.000  -1.000    0.00000E+00   0.00000E+00   0.00000E+00   0.00000E+00   0.00000E+00   0.00000E+00
 -1.000  -1.000    0.00000E+00   0.00000E+00   0.00000E+00   0.00000E+00   0.00000E+00   0.00000E+00
 -1.000  -1.000    0.00000E+00   0.00000E+00   0.00000E+00   0.00000E+00   0.00000E+00   0.00000E+00
 -1.000  -1.000    0.00000E+00   0.00000E+00   0.00000E+00   0.00000E+00   0.00000E+00   0.00000E+00
 -1.000  -1.000    0.00000E+00   0.00000E+00   0.00000E+00   0.00000E+00   0.00000E+00   0.00000E+00
 -1.000  -1.000    0.00000E+00   0.00000E+00   0.00000E+00   0.00000E+00   0.00000E+00   0.00000E+00
 -1.000  -1.000    0.00000E+00   0.00000E+00   0.00000E+00   0.00000E+00   0.00000E+00   0.00000E+00
 -1.000  -1.000    0.00000E+00   0.00000E+00   0.00000E+00   0.00000E+00   0.00000E+00   0.00000E+00
 -1.000  -1.000    0.00000E+00   0.00000E+00   0.00000E+00   0.00000E+00   0.00000E+00   0.00000E+00
 -1.000  -1.000    0.00000E+00   0.00000E+00   0.00000E+00   0.00000E+00   0.00000E+00   0.00000E+00
 -1.000  -1.000    0.00000E+00   0.00000E+00   0.00000E+00   0.00000E+00   0.00000E+00   0.00000E+00
 -1.000  -1.000    0.00000E+00   0.00000E+00   0.00000E+00   0.00000E+00   0.00000E+00   0.00000E+00
 -1.000  -1.000    0.00000E+00   0.00000E+00   0.00000E+00   0.00000E+00   0.00000E+00   0.00000E+00
 -1.000  -1.000    0.00000E+00   0.00000E+00   0.00000E+00   0.00000E+00   0.00000E+00   0.00000E+00
 -1.000  -1.000    0.00000E+00   0.00000E+00   0.00000E+00   0.00000E+00   0.00000E+00   0.00000E+00
 -1.000  -1.000    0.00000E+00   0.00000E+00   0.00000E+00   0.00000E+00   0.00000E+00   0.00000E+00
 -1.000  -1.000    0.00000E+00   0.00000E+00   0.00000E+00   0.00000E+00   0.00000E+00   0.00000E+00
  0.067   0.200   -0.10403E-05   0.41306E-06   0.14683E+00  -0.32271E-06   0.28163E-08  -0.36033E-07
  0.067   0.200   -0.86325E-06  -0.91455E-05   0.14679E+00   0.19145E-06   0.12332E-07  -0.36033E-07
  0.067   0.200   -0.98810E-06  -0.20730E-04   0.14672E+00   0.81332E-06   0.56360E-08  -0.36021E-07
  0.067   0.200   -0.12332E-05  -0.31721E-04   0.14660E+00   0.14035E-05  -0.75279E-08  -0.36009E-07
  0.067   0.200    0.28043E-04  -0.96022E-05   0.14668E+00   0.21538E-06   0.15610E-05  -0.36024E-07
  0.067   0.200   -0.10075E-05   0.14704E-04   0.14681E+00  -0.10894E-05   0.45653E-08  -0.36009E-07
  0.067   0.200   -0.84986E-06   0.47291E-05   0.14683E+00  -0.55342E-06   0.13062E-07  -0.36023E-07
  0.067   0.200   -0.99477E-06  -0.68726E-05   0.14680E+00   0.69287E-07   0.52932E-08  -0.36022E-07
  0.067   0.200   -0.12356E-05  -0.17451E-04   0.14673E+00   0.63755E-06  -0.76155E-08  -0.36022E-07
  0.067   0.200    0.28047E-04   0.52269E-05   0.14672E+00  -0.57995E-06   0.15612E-05  -0.36012E-07
  0.067   0.200   -0.99821E-06   0.28863E-04   0.14673E+00  -0.18490E-05   0.50295E-08  -0.35971E-07
  0.067   0.200   -0.86026E-06   0.18482E-04   0.14680E+00  -0.12916E-05   0.12494E-07  -0.35999E-07
  0.067   0.200   -0.10250E-05   0.68694E-05   0.14683E+00  -0.66845E-06   0.36642E-08  -0.36009E-07
  0.067   0.200   -0.12611E-05  -0.32927E-05   0.14681E+00  -0.12224E-06  -0.89679E-08  -0.36021E-07
  0.067   0.200    0.28022E-04   0.19926E-04   0.14669E+00  -0.13682E-05   0.15599E-05  -0.35985E-07
  0.067   0.200   -0.99434E-06   0.43118E-04   0.14660E+00  -0.26135E-05   0.51860E-08  -0.35921E-07
  0.067   0.200   -0.87632E-06   0.32333E-04   0.14672E+00  -0.20350E-05   0.11604E-07  -0.35963E-07
  0.067   0.200   -0.10610E-05   0.20716E-04   0.14680E+00  -0.14117E-05   0.17079E-08  -0.35983E-07
  0.067   0.200   -0.12923E-05   0.10979E-04   0.14684E+00  -0.88806E-06  -0.10636E-07  -0.36009E-07
  0.067   0.200    0.27988E-04   0.34730E-04   0.14661E+00  -0.21619E-05   0.15581E-05  -0.35946E-07
  0.067   0.200   -0.34210E-04   0.14683E-04   0.14668E+00  -0.10880E-05  -0.17741E-05  -0.35953E-07
  0.067   0.200   -0.34527E-04   0.47503E-05   0.14670E+00  -0.55427E-06  -0.17908E-05  -0.35967E-07
  0.067   0.200   -0.34710E-04  -0.68074E-05   0.14667E+00   0.66094E-07  -0.18006E-05  -0.35965E-07
  0.067   0.200   -0.34471E-04  -0.17391E-04   0.14660E+00   0.63461E-06  -0.17880E-05  -0.35967E-07
  0.067   0.200   -0.43666E-05   0.52930E-05   0.14684E+00  -0.58370E-06  -0.17524E-06  -0.36020E-07
  0.130   0.385    0.17745E-05  -0.27125E-04   0.28302E+00   0.87010E-06   0.20864E-06  -0.69519E-07
  0.130   0.385    0.30463E-05  -0.95653E-04   0.28276E+00   0.45560E-05   0.27699E-06  -0.69518E-07
  0.130   0.385    0.21528E-05  -0.17856E-03   0.28220E+00   0.90066E-05   0.22907E-06  -0.69432E-07
  0.130   0.385    0.39153E-06  -0.25712E-03   0.28134E+00   0.13224E-04   0.13447E-06  -0.69344E-07
  0.130   0.385    0.21010E-03  -0.98884E-04   0.28197E+00   0.47252E-05   0.11369E-04  -0.69455E-07
  0.130   0.385    0.20166E-05   0.75583E-04   0.28278E+00  -0.46398E-05   0.22151E-06  -0.69328E-07
  0.130   0.385    0.31486E-05   0.40411E-05   0.28290E+00  -0.79569E-06   0.28253E-06  -0.69426E-07
  0.130   0.385    0.21096E-05  -0.79112E-04   0.28272E+00   0.36672E-05   0.22684E-06  -0.69419E-07
  0.130   0.385    0.37828E-06  -0.15490E-03   0.28224E+00   0.77380E-05   0.13403E-06  -0.69421E-07
  0.130   0.385    0.21013E-03   0.76036E-05   0.28211E+00  -0.98554E-06   0.11371E-04  -0.69344E-07
  0.130   0.385    0.20784E-05   0.17723E-03   0.28223E+00  -0.10092E-04   0.22460E-06  -0.69057E-07
  0.130   0.385    0.30677E-05   0.10285E-03   0.28272E+00  -0.60993E-05   0.27812E-06  -0.69253E-07
  0.130   0.385    0.18859E-05   0.19621E-04   0.28291E+00  -0.16330E-05   0.21480E-06  -0.69325E-07
  0.130   0.385    0.18905E-06  -0.53262E-04   0.28280E+00   0.22842E-05   0.12402E-06  -0.69417E-07
  0.130   0.385    0.20990E-03   0.11314E-03   0.28193E+00  -0.66448E-05   0.11359E-04  -0.69154E-07
  0.130   0.385    0.20935E-05   0.27935E-03   0.28135E+00  -0.15569E-04   0.22506E-06  -0.68708E-07
  0.130   0.385    0.29373E-05   0.20226E-03   0.28222E+00  -0.11435E-04   0.27094E-06  -0.69003E-07
  0.130   0.385    0.16132E-05   0.11911E-03   0.28278E+00  -0.69733E-05   0.20001E-06  -0.69153E-07
  0.130   0.385   -0.45888E-07   0.49305E-04   0.28305E+00  -0.32191E-05   0.11144E-06  -0.69335E-07
  0.130   0.385    0.20954E-03   0.21933E-03   0.28144E+00  -0.12338E-04   0.11340E-04  -0.68885E-07
  0.130   0.385   -0.23646E-03   0.75425E-04   0.28196E+00  -0.46294E-05  -0.12553E-04  -0.68948E-07
  0.130   0.385   -0.23879E-03   0.42217E-05   0.28208E+00  -0.80350E-06  -0.12676E-04  -0.69054E-07
  0.130   0.385   -0.24005E-03  -0.78550E-04   0.28190E+00   0.36390E-05  -0.12743E-04  -0.69038E-07
  0.130   0.385   -0.23817E-03  -0.15434E-03   0.28141E+00   0.77099E-05  -0.12644E-04  -0.69049E-07
  0.130   0.385   -0.22599E-04   0.81008E-05   0.28312E+00  -0.10139E-05  -0.10961E-05  -0.69434E-07
  0.193   0.570    0.12271E-04  -0.10976E-03   0.42023E+00   0.50052E-05   0.82768E-06  -0.10338E-06
  0.193   0.570    0.16449E-04  -0.33423E-03   0.41938E+00   0.17077E-04   0.10522E-05  -0.10338E-06
  0.193   0.570    0.13530E-04  -0.60503E-03   0.41756E+00   0.31612E-04   0.89567E-06  -0.10310E-06
  0.193   0.570    0.77400E-05  -0.86097E-03   0.41474E+00   0.45351E-04   0.58469E-06  -0.10281E-06
  0.193   0.570    0.69360E-03  -0.34455E-03   0.41680E+00   0.17617E-04   0.37326E-04  -0.10318E-06
  0.193   0.570    0.13096E-04   0.22770E-03   0.41942E+00  -0.13096E-04   0.87156E-06  -0.10274E-06
  0.193   0.570    0.16813E-04  -0.67654E-05   0.41981E+00  -0.49960E-06   0.10719E-05  -0.10306E-06
  0.193   0.570    0.13410E-04  -0.27899E-03   0.41921E+00   0.14109E-04   0.88948E-06  -0.10304E-06
  0.193   0.570    0.77139E-05  -0.52691E-03   0.41762E+00   0.27425E-04   0.58415E-06  -0.10305E-06
  0.193   0.570    0.69373E-03   0.48753E-05   0.41723E+00  -0.11199E-05   0.37333E-04  -0.10280E-06
  0.193   0.570    0.13274E-04   0.56106E-03   0.41760E+00  -0.30976E-04   0.88031E-06  -0.10186E-06
  0.193   0.570    0.16514E-04   0.31775E-03   0.41921E+00  -0.17916E-04   0.10556E-05  -0.10250E-06
  0.193   0.570    0.12641E-04   0.45255E-04   0.41983E+00  -0.32949E-05   0.84808E-06  -0.10273E-06
  0.193   0.570    0.70624E-05  -0.19362E-03   0.41946E+00   0.95419E-05   0.54970E-06  -0.10304E-06
  0.193   0.570    0.69269E-03   0.35113E-03   0.41664E+00  -0.19684E-04   0.37277E-04  -0.10218E-06
  0.193   0.570    0.13255E-04   0.89480E-03   0.41476E+00  -0.48873E-04   0.87817E-06  -0.10072E-06
  0.193   0.570    0.16005E-04   0.64366E-03   0.41760E+00  -0.35405E-04   0.10277E-05  -0.10168E-06
  0.193   0.570    0.11670E-04   0.37202E-03   0.41944E+00  -0.20832E-04   0.79552E-06  -0.10218E-06
  0.193   0.570    0.62297E-05   0.14335E-03   0.42031E+00  -0.85363E-05   0.50513E-06  -0.10277E-06
  0.193   0.570    0.69093E-03   0.69884E-03   0.41504E+00  -0.38325E-04   0.37182E-04  -0.10130E-06
  0.193   0.570   -0.76962E-03   0.22712E-03   0.41678E+00  -0.13059E-04  -0.41051E-04  -0.10151E-06
  0.193   0.570   -0.77761E-03  -0.60379E-05   0.41717E+00  -0.53259E-06  -0.41472E-04  -0.10186E-06
  0.193   0.570   -0.78145E-03  -0.27666E-03   0.41658E+00   0.13991E-04  -0.41678E-04  -0.10181E-06
  0.193   0.570   -0.77439E-03  -0.52442E-03   0.41500E+00   0.27297E-04  -0.41306E-04  -0.10185E-06
  0.193   0.570   -0.69732E-04   0.66123E-05   0.42061E+00  -0.12186E-05  -0.35614E-05  -0.10311E-06
  0.256   0.755    0.35169E-04  -0.27848E-03   0.55931E+00   0.13736E-04   0.21136E-05  -0.13790E-06
  0.256   0.755    0.45041E-04  -0.80695E-03   0.55729E+00   0.42154E-04   0.26440E-05  -0.13788E-06
  0.256   0.755    0.38193E-04  -0.14420E-02   0.55300E+00   0.76234E-04   0.22768E-05  -0.13724E-06
  0.256   0.755    0.24492E-04  -0.20399E-02   0.54637E+00   0.10833E-03   0.15410E-05  -0.13656E-06
  0.256   0.755    0.16358E-02  -0.83031E-03   0.55122E+00   0.43374E-04   0.87848E-04  -0.13741E-06
  0.256   0.755    0.37220E-04   0.51881E-03   0.55734E+00  -0.29026E-04   0.22226E-05  -0.13637E-06
  0.256   0.755    0.45996E-04  -0.33633E-04   0.55825E+00   0.65064E-06   0.26955E-05  -0.13713E-06
  0.256   0.755    0.37983E-04  -0.67406E-03   0.55685E+00   0.35015E-04   0.22661E-05  -0.13709E-06
  0.256   0.755    0.24488E-04  -0.12567E-02   0.55310E+00   0.66303E-04   0.15428E-05  -0.13711E-06
  0.256   0.755    0.16362E-02  -0.62994E-05   0.55218E+00  -0.80568E-06   0.87868E-04  -0.13651E-06
  0.256   0.755    0.37551E-04   0.13044E-02   0.55305E+00  -0.71153E-04   0.22386E-05  -0.13428E-06
  0.256   0.755    0.45175E-04   0.73258E-03   0.55684E+00  -0.40466E-04   0.26510E-05  -0.13580E-06
  0.256   0.755    0.36047E-04   0.91469E-04   0.55831E+00  -0.60705E-05   0.21620E-05  -0.13636E-06
  0.256   0.755    0.22847E-04  -0.47139E-03   0.55745E+00   0.24173E-04   0.14560E-05  -0.13707E-06
  0.256   0.755    0.16328E-02   0.81003E-03   0.55080E+00  -0.44568E-04   0.87684E-04  -0.13504E-06
  0.256   0.755    0.37275E-04   0.20869E-02   0.54640E+00  -0.11311E-03   0.22211E-05  -0.13162E-06
  0.256   0.755    0.43701E-04   0.15001E-02   0.55307E+00  -0.81651E-04   0.25704E-05  -0.13388E-06
  0.256   0.755    0.33501E-04   0.86305E-03   0.55743E+00  -0.47476E-04   0.20243E-05  -0.13504E-06
  0.256   0.755    0.20673E-04   0.32460E-03   0.55948E+00  -0.18527E-04   0.13397E-05  -0.13645E-06
  0.256   0.755    0.16266E-02   0.16277E-02   0.54706E+00  -0.88396E-04   0.87355E-04  -0.13299E-06
  0.256   0.755   -0.18093E-02   0.51726E-03   0.55120E+00  -0.28927E-04  -0.96664E-04  -0.13349E-06
  0.256   0.755   -0.18292E-02  -0.31469E-04   0.55210E+00   0.54869E-06  -0.97714E-04  -0.13431E-06
  0.256   0.755   -0.18373E-02  -0.66697E-03   0.55072E+00   0.34650E-04  -0.98150E-04  -0.13421E-06
  0.256   0.755   -0.18177E-02  -0.12486E-02   0.54701E+00   0.65885E-04  -0.97115E-04  -0.13430E-06
  0.256   0.755   -0.16352E-03  -0.18513E-05   0.56022E+00  -0.10576E-05  -0.85198E-05  -0.13725E-06
  0.321   0.940    0.76171E-04  -0.56917E-03   0.70118E+00   0.28977E-04   0.43726E-05  -0.17336E-06
  0.321   0.940    0.95642E-04  -0.16071E-02   0.69720E+00   0.84782E-04   0.54183E-05  -0.17333E-06
  0.321   0.940    0.82251E-04  -0.28477E-02   0.68878E+00   0.15135E-03   0.47003E-05  -0.17208E-06
  0.321   0.940    0.55174E-04  -0.40101E-02   0.67581E+00   0.21373E-03   0.32464E-05  -0.17074E-06
  0.321   0.940    0.32109E-02  -0.16504E-02   0.68531E+00   0.87038E-04   0.17225E-03  -0.17240E-06
  0.321   0.940    0.80478E-04   0.10024E-02   0.69727E+00  -0.55298E-04   0.46015E-05  -0.17034E-06
  0.321   0.940    0.97773E-04  -0.83647E-04   0.69903E+00   0.30314E-05   0.55331E-05  -0.17183E-06
  0.321   0.940    0.82027E-04  -0.13401E-02   0.69628E+00   0.70443E-04   0.46895E-05  -0.17177E-06
  0.321   0.940    0.55316E-04  -0.24816E-02   0.68894E+00   0.13173E-03   0.32581E-05  -0.17181E-06
  0.321   0.940    0.32117E-02  -0.30107E-04   0.68714E+00   0.17938E-06   0.17229E-03  -0.17062E-06
  0.321   0.940    0.80901E-04   0.25456E-02   0.68884E+00  -0.13804E-03   0.46206E-05  -0.16624E-06
  0.321   0.940    0.95855E-04   0.14254E-02   0.69628E+00  -0.77937E-04   0.54293E-05  -0.16921E-06
  0.321   0.940    0.77903E-04   0.16748E-03   0.69917E+00  -0.10458E-04   0.44679E-05  -0.17033E-06
  0.321   0.940    0.51815E-04  -0.93915E-03   0.69749E+00   0.48992E-04   0.30728E-05  -0.17174E-06
  0.321   0.940    0.32026E-02   0.15745E-02   0.68443E+00  -0.85831E-04   0.17180E-03  -0.16774E-06
  0.321   0.940    0.79745E-04   0.40729E-02   0.67583E+00  -0.21993E-03   0.45532E-05  -0.16104E-06
  0.321   0.940    0.92229E-04   0.29322E-02   0.68890E+00  -0.15877E-03   0.52320E-05  -0.16547E-06
  0.321   0.940    0.72215E-04   0.16872E-02   0.69746E+00  -0.92001E-04   0.41606E-05  -0.16775E-06
  0.321   0.940    0.46980E-04   0.62950E-03   0.70152E+00  -0.35142E-04   0.28142E-05  -0.17052E-06
  0.321   0.940    0.31855E-02   0.31763E-02   0.67714E+00  -0.17168E-03   0.17088E-03  -0.16374E-06
  0.321   0.940   -0.35521E-02   0.99886E-03   0.68528E+00  -0.55079E-04  -0.18991E-03  -0.16469E-06
  0.321   0.940   -0.35940E-02  -0.78217E-04   0.68704E+00   0.27680E-05  -0.19212E-03  -0.16632E-06
  0.321   0.940   -0.36076E-02  -0.13221E-02   0.68435E+00   0.69505E-04  -0.19285E-03  -0.16614E-06
  0.321   0.940   -0.35616E-02  -0.24602E-02   0.67709E+00   0.13061E-03  -0.19041E-03  -0.16633E-06
  0.321   0.940   -0.32531E-03  -0.20435E-04   0.70302E+00  -0.36579E-06  -0.17111E-04  -0.17211E-06
