  0.000   0.000    0.00000E+00   0.00000E+00   0.00000E+00   0.00000E+00   0.00000E+00   0.00000E+00
  0.000   0.000    0.00000E+00   0.00000E+00   0.00000E+00   0.00000E+00   0.00000E+00   0.00000E+00
  0.000   0.000    0.00000E+00   0.00000E+00   0.00000E+00   0.00000E+00   0.00000E+00   0.00000E+00
  0.000   0.000    0.00000E+00   0.00000E+00   0.00000E+00   0.00000E+00   0.00000E+00   0.00000E+00
  0.000   0.000    0.00000E+00   0.00000E+00   0.00000E+00   0.00000E+00   0.00000E+00   0.00000E+00
  0.000   0.000    0.00000E+00   0.00000E+00   0.00000E+00   0.00000E+00   0.00000E+00   0.00000E+00
  0.000   0.000    0.00000E+00   0.00000E+00   0.00000E+00   0.00000E+00   0.00000E+00   0.00000E+00
  0.000   0.000    0.00000E+00   0.00000E+00   0.00000E+00   0.00000E+00   0.00000E+00   0.00000E+00
  0.000   0.000    0.00000E+00   0.00000E+00   0.00000E+00   0.00000E+00   0.00000E+00   0.00000E+00
  0.000   0.000    0.00000E+00   0.00000E+00   0.00000E+00   0.00000E+00   0.00000E+00   0.00000E+00
  0.000   0.000    0.00000E+00   0.00000E+00   0.00000E+00   0.00000E+00   0.00000E+00   0.00000E+00
  0.000   0.000    0.00000E+00   0.00000E+00   0.00000E+00   0.00000E+00   0.00000E+00   0.00000E+00
  0.000   0.000    0.00000E+00   0.00000E+00   0.00000E+00   0.00000E+00   0.00000E+00   0.00000E+00
  0.000   0.000    0.00000E+00   0.00000E+00   0.00000E+00   0.00000E+00   0.00000E+00   0.00000E+00
  0.000   0.000    0.00000E+00   0.00000E+00   0.00000E+00   0.00000E+00   0.00000E+00   0.00000E+00
  0.000   0.000    0.00000E+00   0.00000E+00   0.00000E+00   0.00000E+00   0.00000E+00   0.00000E+00
  0.000   0.000    0.00000E+00   0.00000E+00   0.00000E+00   0.00000E+00   0.00000E+00   0.00000E+00
  0.000   0.000    0.00000E+00   0.00000E+00   0.00000E+00   0.00000E+00   0.00000E+00   0.00000E+00
  0.000   0.000    0.00000E+00   0.00000E+00   0.00000E+00   0.00000E+00   0.00000E+00   0.00000E+00
  0.000   0.000    0.00000E+00   0.00000E+00   0.00000E+00   0.00000E+00   0.00000E+00   0.00000E+00
  0.000   0.000    0.00000E+00   0.00000E+00   0.00000E+00   0.00000E+00   0.00000E+00   0.00000E+00
  0.000   0.000    0.00000E+00   0.00000E+00   0.00000E+00   0.00000E+00   0.00000E+00   0.00000E+00
  0.000   0.000    0.00000E+00   0.00000E+00   0.00000E+00   0.00000E+00   0.00000E+00   0.00000E+00
  0.000   0.000    0.00000E+00   0.00000E+00   0.00000E+00   0.00000E+00   0.00000E+00   0.00000E+00
  0.000   0.000    0.00000E+00   0.00000E+00   0.00000E+00   0.00000E+00   0.00000E+00   0.00000E+00
 -1.000  -1.000    0.00000E+00   0.00000E+00   0.00000E+00   0.00000E+00   0.00000E+00   0.00000E+00
 -1.000  -1.000    0.00000E+00   0.00000E+00   0.00000E+00   0.00000E+00   0.00000E+00   0.00000E+00
 -1.000  -1.000    0.00000E+00   0.00000E+00   0.00000E+00   0.00000E+00   0.00000E+00   0.00000E+00
 -1.000  -1.000    0.00000E+00   0.00000E+00   0.00000E+00   0.00000E+00   0.00000E+00   0.00000E+00
 -1.000  -1.000    0.00000E+00   0.00000E+00   0.00000E+00   0.00000E+00   0.00000E+00   0.00000E+00
 -1.000  -1.000    0.00000E+00   0.00000E+00   0.00000E+00   0.00000E+00   0.00000E+00   0.00000E+00
 -1.000  -1.000    0.00000E+00   0.00000E+00   0.00000E+00   0.00000E+00   0.00000E+00   0.00000E+00
 -1.000  -1.000    0.00000E+00   0.00000E+00   0.00000E+00   0.00000E+00   0.00000E+00   0.00000E+00
 -1.000  -1.000    0.00000E+00   0.00000E+00   0.00000E+00   0.00000E+00   0.00000E+00   0.00000E+00
 -1.000  -1.000    0.00000E+00   0.00000E+00   0.00000E+00   0.00000E+00   0.00000E+00   0.00000E+00
 -1.000  -1.000    0.00000E+00   0.00000E+00   0.00000E+00   0.00000E+00   0.00000E+00   0.00000E+00
 -1.000  -1.000    0.00000E+00   0.00000E+00   0.00000E+00   0.00000E+00   0.00000E+00   0.00000E+00
 -1.000  -1.000    0.00000E+00   0.00000E+00   0.00000E+00   0.00000E+00   0.00000E+00   0.00000E+00
 -1.000  -1.000    0.00000E+00   0.00000E+00   0.00000E+00   0.00000E+00   0.00000E+00   0.00000E+00
 -1.000  -1.000    0.00000E+00   0.00000E+00   0.00000E+00   0.00000E+00   0.00000E+00   0.00000E+00
 -1.000  -1.000    0.00000E+00   0.00000E+00   0.00000E+00   0.00000E+00   0.00000E+00   0.00000E+00
 -1.000  -1.000    0.00000E+00   0.00000E+00   0.00000E+00   0.00000E+00   0.00000E+00   0.00000E+00
 -1.000  -1.000    0.00000E+00   0.00000E+00   0.00000E+00   0.00000E+00   0.00000E+00   0.00000E+00
 -1.000  -1.000    0.00000E+00   0.00000E+00   0.00000E+00   0.00000E+00   0.00000E+00   0.00000E+00
 -1.000  -1.000    0.00000E+00   0.00000E+00   0.00000E+00   0.00000E+00   0.00000E+00   0.00000E+00
 -1.000  -1.000    0.00000E+00   0.00000E+00   0.00000E+00   0.00000E+00   0.00000E+00   0.00000E+00
 -1.000  -1.000    0.00000E+00   0.00000E+00   0.00000E+00   0.00000E+00   0.00000E+00   0.00000E+00
 -1.000  -1.000    0.00000E+00   0.00000E+00   0.00000E+00   0.00000E+00   0.00000E+00   0.00000E+00
 -1.000  -1.000    0.00000E+00   0.00000E+00   0.00000E+00   0.00000E+00   0.00000E+00   0.00000E+00
 -1.000  -1.000    0.00000E+00   0.00000E+00   0.00000E+00   0.00000E+00   0.00000E+00   0.00000E+00
  0.067   0.200    0.18779E-11   0.12029E-10  -0.15768E-08  -0.64221E-12   0.99970E-13   0.40138E-15
  0.067   0.200    0.18849E-11   0.11777E-10  -0.15322E-08  -0.62907E-12   0.10034E-12   0.38984E-15
  0.067   0.200    0.18702E-11   0.11882E-10  -0.14875E-08  -0.63478E-12   0.99564E-13   0.38037E-15
  0.067   0.200    0.18488E-11   0.12345E-10  -0.14421E-08  -0.65942E-12   0.98450E-13   0.36970E-15
  0.067   0.200    0.14949E-11   0.12585E-10  -0.15451E-08  -0.67177E-12   0.79470E-13   0.39548E-15
  0.067   0.200    0.20416E-11   0.11546E-10  -0.16153E-08  -0.61617E-12   0.10872E-12   0.41008E-15
  0.067   0.200    0.20518E-11   0.11312E-10  -0.15724E-08  -0.60402E-12   0.10927E-12   0.39900E-15
  0.067   0.200    0.20383E-11   0.11422E-10  -0.15295E-08  -0.61002E-12   0.10855E-12   0.38990E-15
  0.067   0.200    0.20147E-11   0.11877E-10  -0.14858E-08  -0.63421E-12   0.10732E-12   0.37966E-15
  0.067   0.200    0.16528E-11   0.12087E-10  -0.15867E-08  -0.64498E-12   0.87913E-13   0.40487E-15
  0.067   0.200    0.20462E-11   0.11356E-10  -0.16473E-08  -0.60594E-12   0.10896E-12   0.41767E-15
  0.067   0.200    0.20570E-11   0.11132E-10  -0.16051E-08  -0.59430E-12   0.10954E-12   0.40679E-15
  0.067   0.200    0.20442E-11   0.11247E-10  -0.15628E-08  -0.60055E-12   0.10885E-12   0.39782E-15
  0.067   0.200    0.20209E-11   0.11701E-10  -0.15198E-08  -0.62469E-12   0.10764E-12   0.38774E-15
  0.067   0.200    0.16562E-11   0.11894E-10  -0.16194E-08  -0.63456E-12   0.88082E-13   0.41263E-15
  0.067   0.200    0.22202E-11   0.11384E-10  -0.17057E-08  -0.60732E-12   0.11825E-12   0.43192E-15
  0.067   0.200    0.22338E-11   0.11164E-10  -0.16634E-08  -0.59593E-12   0.11898E-12   0.42101E-15
  0.067   0.200    0.22216E-11   0.11286E-10  -0.16210E-08  -0.60253E-12   0.11833E-12   0.41202E-15
  0.067   0.200    0.21963E-11   0.11747E-10  -0.15778E-08  -0.62708E-12   0.11701E-12   0.40191E-15
  0.067   0.200    0.18194E-11   0.11928E-10  -0.16790E-08  -0.63625E-12   0.96804E-13   0.42719E-15
  0.067   0.200    0.23536E-11   0.12154E-10  -0.15908E-08  -0.64889E-12   0.12545E-12   0.40464E-15
  0.067   0.200    0.23625E-11   0.11901E-10  -0.15457E-08  -0.63574E-12   0.12592E-12   0.39300E-15
  0.067   0.200    0.23436E-11   0.12009E-10  -0.15006E-08  -0.64162E-12   0.12491E-12   0.38342E-15
  0.067   0.200    0.23109E-11   0.12481E-10  -0.14547E-08  -0.66669E-12   0.12320E-12   0.37265E-15
  0.067   0.200    0.19581E-11   0.12728E-10  -0.15623E-08  -0.67940E-12   0.10428E-12   0.39958E-15
  0.130   0.385    0.13434E-10   0.86891E-10  -0.30527E-08  -0.46555E-11   0.71840E-12   0.85364E-15
  0.130   0.385    0.13466E-10   0.84994E-10  -0.27318E-08  -0.45567E-11   0.72010E-12   0.77052E-15
  0.130   0.385    0.13334E-10   0.85579E-10  -0.24112E-08  -0.45888E-11   0.71305E-12   0.70258E-15
  0.130   0.385    0.13147E-10   0.88674E-10  -0.20859E-08  -0.47532E-11   0.70332E-12   0.62591E-15
  0.130   0.385    0.10678E-10   0.90801E-10  -0.28251E-08  -0.48635E-11   0.57086E-12   0.81110E-15
  0.130   0.385    0.14631E-10   0.83386E-10  -0.33163E-08  -0.44669E-11   0.78236E-12   0.91286E-15
  0.130   0.385    0.14690E-10   0.81712E-10  -0.30081E-08  -0.43800E-11   0.78558E-12   0.83323E-15
  0.130   0.385    0.14573E-10   0.82439E-10  -0.26995E-08  -0.44196E-11   0.77931E-12   0.76787E-15
  0.130   0.385    0.14376E-10   0.85575E-10  -0.23857E-08  -0.45863E-11   0.76903E-12   0.69422E-15
  0.130   0.385    0.11784E-10   0.87275E-10  -0.31104E-08  -0.46738E-11   0.62999E-12   0.87548E-15
  0.130   0.385    0.14660E-10   0.81884E-10  -0.35916E-08  -0.43858E-11   0.78382E-12   0.97845E-15
  0.130   0.385    0.14730E-10   0.80376E-10  -0.32886E-08  -0.43077E-11   0.78761E-12   0.90034E-15
  0.130   0.385    0.14626E-10   0.81240E-10  -0.29848E-08  -0.43547E-11   0.78204E-12   0.83607E-15
  0.130   0.385    0.14439E-10   0.84471E-10  -0.26753E-08  -0.45265E-11   0.77230E-12   0.76362E-15
  0.130   0.385    0.11742E-10   0.85824E-10  -0.33910E-08  -0.45954E-11   0.62765E-12   0.94235E-15
  0.130   0.385    0.15886E-10   0.81807E-10  -0.39441E-08  -0.43809E-11   0.84937E-12   0.10640E-14
  0.130   0.385    0.15985E-10   0.80441E-10  -0.36411E-08  -0.43105E-11   0.85464E-12   0.98604E-15
  0.130   0.385    0.15894E-10   0.81462E-10  -0.33366E-08  -0.43659E-11   0.84983E-12   0.92170E-15
  0.130   0.385    0.15703E-10   0.84849E-10  -0.30260E-08  -0.45461E-11   0.83982E-12   0.84923E-15
  0.130   0.385    0.12814E-10   0.85863E-10  -0.37525E-08  -0.45968E-11   0.68493E-12   0.10304E-14
  0.130   0.385    0.16983E-10   0.87635E-10  -0.33267E-08  -0.46948E-11   0.90836E-12   0.91937E-15
  0.130   0.385    0.16939E-10   0.85857E-10  -0.30028E-08  -0.46025E-11   0.90601E-12   0.83584E-15
  0.130   0.385    0.16685E-10   0.86593E-10  -0.26786E-08  -0.46426E-11   0.89241E-12   0.76724E-15
  0.130   0.385    0.16328E-10   0.89868E-10  -0.23491E-08  -0.48167E-11   0.87361E-12   0.68997E-15
  0.130   0.385    0.13986E-10   0.91988E-10  -0.31223E-08  -0.49265E-11   0.74800E-12   0.88354E-15
  0.193   0.570    0.44409E-10   0.28622E-09  -0.42487E-08  -0.15346E-10   0.23768E-11   0.13869E-14
  0.193   0.570    0.44417E-10   0.27938E-09  -0.31950E-08  -0.14989E-10   0.23773E-11   0.11131E-14
  0.193   0.570    0.43835E-10   0.28020E-09  -0.21454E-08  -0.15034E-10   0.23462E-11   0.89077E-15
  0.193   0.570    0.43041E-10   0.28889E-09  -0.10854E-08  -0.15495E-10   0.23045E-11   0.63911E-15
  0.193   0.570    0.35831E-10   0.29844E-09  -0.35046E-08  -0.15995E-10   0.19178E-11   0.12471E-14
  0.193   0.570    0.48172E-10   0.27452E-09  -0.55277E-08  -0.14715E-10   0.25778E-11   0.16829E-14
  0.193   0.570    0.48293E-10   0.26913E-09  -0.45148E-08  -0.14436E-10   0.25844E-11   0.14212E-14
  0.193   0.570    0.47795E-10   0.27123E-09  -0.35010E-08  -0.14550E-10   0.25578E-11   0.12070E-14
  0.193   0.570    0.47007E-10   0.28088E-09  -0.24723E-08  -0.15063E-10   0.25164E-11   0.96483E-15
  0.193   0.570    0.38359E-10   0.28734E-09  -0.48497E-08  -0.15397E-10   0.20527E-11   0.15600E-14
  0.193   0.570    0.48236E-10   0.26904E-09  -0.62117E-08  -0.14420E-10   0.25810E-11   0.18436E-14
  0.193   0.570    0.48429E-10   0.26458E-09  -0.52175E-08  -0.14190E-10   0.25913E-11   0.15877E-14
  0.193   0.570    0.48015E-10   0.26753E-09  -0.42191E-08  -0.14350E-10   0.25693E-11   0.13774E-14
  0.193   0.570    0.47300E-10   0.27789E-09  -0.32027E-08  -0.14901E-10   0.25318E-11   0.11393E-14
  0.193   0.570    0.38258E-10   0.28231E-09  -0.55528E-08  -0.15126E-10   0.20470E-11   0.17255E-14
  0.193   0.570    0.52327E-10   0.26770E-09  -0.72207E-08  -0.14345E-10   0.27997E-11   0.20866E-14
  0.193   0.570    0.52657E-10   0.26422E-09  -0.62296E-08  -0.14169E-10   0.28173E-11   0.18327E-14
  0.193   0.570    0.52341E-10   0.26822E-09  -0.52304E-08  -0.14385E-10   0.28005E-11   0.16228E-14
  0.193   0.570    0.51655E-10   0.27960E-09  -0.42094E-08  -0.14991E-10   0.27646E-11   0.13852E-14
  0.193   0.570    0.41582E-10   0.28171E-09  -0.65945E-08  -0.15092E-10   0.22246E-11   0.19779E-14
  0.193   0.570    0.56011E-10   0.28811E-09  -0.52067E-08  -0.15445E-10   0.29978E-11   0.16170E-14
  0.193   0.570    0.55276E-10   0.28228E-09  -0.41441E-08  -0.15142E-10   0.29585E-11   0.13433E-14
  0.193   0.570    0.53796E-10   0.28424E-09  -0.30813E-08  -0.15250E-10   0.28793E-11   0.11194E-14
  0.193   0.570    0.51973E-10   0.29417E-09  -0.20038E-08  -0.15777E-10   0.27825E-11   0.86600E-15
  0.193   0.570    0.45948E-10   0.30347E-09  -0.45351E-08  -0.16263E-10   0.24593E-11   0.15009E-14
  0.256   0.755    0.10567E-09   0.67930E-09  -0.64964E-08  -0.36423E-10   0.56560E-11   0.24111E-14
  0.256   0.755    0.10534E-09   0.66239E-09  -0.40005E-08  -0.35540E-10   0.56387E-11   0.17609E-14
  0.256   0.755    0.10348E-09   0.66219E-09  -0.15192E-08  -0.35534E-10   0.55396E-11   0.12361E-14
  0.256   0.755    0.10104E-09   0.67934E-09   0.97593E-09  -0.36441E-10   0.54108E-11   0.63979E-15
  0.256   0.755    0.83033E-10   0.70742E-09  -0.47263E-08  -0.37917E-10   0.44451E-11   0.20784E-14
  0.256   0.755    0.11442E-09   0.65001E-09  -0.86667E-08  -0.34847E-10   0.61240E-11   0.28995E-14
  0.256   0.755    0.11446E-09   0.63783E-09  -0.62709E-08  -0.34217E-10   0.61261E-11   0.22804E-14
  0.256   0.755    0.11291E-09   0.64203E-09  -0.38730E-08  -0.34447E-10   0.60433E-11   0.17759E-14
  0.256   0.755    0.11057E-09   0.66283E-09  -0.14456E-08  -0.35550E-10   0.59202E-11   0.12023E-14
  0.256   0.755    0.89200E-10   0.68064E-09  -0.70577E-08  -0.36477E-10   0.47744E-11   0.26088E-14
  0.256   0.755    0.11460E-09   0.63322E-09  -0.10956E-07  -0.33942E-10   0.61324E-11   0.34399E-14
  0.256   0.755    0.11491E-09   0.62539E-09  -0.86144E-08  -0.33545E-10   0.61493E-11   0.28394E-14
  0.256   0.755    0.11371E-09   0.63394E-09  -0.62547E-08  -0.34008E-10   0.60855E-11   0.23458E-14
  0.256   0.755    0.11171E-09   0.65863E-09  -0.38495E-08  -0.35320E-10   0.59800E-11   0.17836E-14
  0.256   0.755    0.86713E-10   0.66663E-09  -0.93953E-08  -0.35721E-10   0.46402E-11   0.31641E-14
  0.256   0.755    0.12471E-09   0.63018E-09  -0.11702E-07  -0.33777E-10   0.66737E-11   0.36115E-14
  0.256   0.755    0.12553E-09   0.62484E-09  -0.93671E-08  -0.33514E-10   0.67175E-11   0.30160E-14
  0.256   0.755    0.12471E-09   0.63590E-09  -0.70046E-08  -0.34112E-10   0.66740E-11   0.25236E-14
  0.256   0.755    0.12288E-09   0.66317E-09  -0.45872E-08  -0.35562E-10   0.65783E-11   0.19623E-14
  0.256   0.755    0.98486E-10   0.66520E-09  -0.10235E-07  -0.35642E-10   0.52704E-11   0.33598E-14
  0.256   0.755    0.13540E-09   0.68005E-09  -0.82854E-08  -0.36459E-10   0.72476E-11   0.28337E-14
  0.256   0.755    0.13172E-09   0.66719E-09  -0.57791E-08  -0.35794E-10   0.70504E-11   0.21897E-14
  0.256   0.755    0.12608E-09   0.67129E-09  -0.32715E-08  -0.36019E-10   0.67489E-11   0.16652E-14
  0.256   0.755    0.11959E-09   0.69288E-09  -0.73397E-09  -0.37164E-10   0.64034E-11   0.10677E-14
  0.256   0.755    0.10835E-09   0.72070E-09  -0.67060E-08  -0.38625E-10   0.58004E-11   0.25688E-14
  0.321   0.940    0.20753E-09   0.13476E-08  -0.11483E-07  -0.72249E-10   0.11107E-10   0.44413E-14
  0.321   0.940    0.20590E-09   0.13153E-08  -0.65377E-08  -0.70563E-10   0.11021E-10   0.31516E-14
  0.321   0.940    0.20105E-09   0.13129E-08  -0.16215E-08  -0.70445E-10   0.10761E-10   0.21156E-14
  0.321   0.940    0.19491E-09   0.13412E-08   0.33068E-08  -0.71933E-10   0.10437E-10   0.93217E-15
  0.321   0.940    0.14821E-09   0.14041E-08  -0.79020E-08  -0.75252E-10   0.79331E-11   0.37718E-14
  0.321   0.940    0.22743E-09   0.12848E-08  -0.12321E-07  -0.68875E-10   0.12172E-10   0.45498E-14
  0.321   0.940    0.22687E-09   0.12611E-08  -0.75934E-08  -0.67653E-10   0.12143E-10   0.33270E-14
  0.321   0.940    0.22283E-09   0.12662E-08  -0.28659E-08  -0.67936E-10   0.11927E-10   0.23367E-14
  0.321   0.940    0.21697E-09   0.13009E-08   0.19011E-08  -0.69770E-10   0.11617E-10   0.12033E-14
  0.321   0.940    0.17556E-09   0.13449E-08  -0.91459E-08  -0.72076E-10   0.93972E-11   0.39763E-14
  0.321   0.940    0.22744E-09   0.12462E-08  -0.16418E-07  -0.66800E-10   0.12171E-10   0.55065E-14
  0.321   0.940    0.22773E-09   0.12351E-08  -0.11810E-07  -0.66247E-10   0.12187E-10   0.43283E-14
  0.321   0.940    0.22476E-09   0.12528E-08  -0.71555E-08  -0.67210E-10   0.12029E-10   0.33620E-14
  0.321   0.940    0.21992E-09   0.12993E-08  -0.24149E-08  -0.69675E-10   0.11773E-10   0.22527E-14
  0.321   0.940    0.16917E-09   0.13149E-08  -0.13347E-07  -0.70457E-10   0.90534E-11   0.49681E-14
  0.321   0.940    0.24524E-09   0.12165E-08  -0.21184E-07  -0.65196E-10   0.13122E-10   0.66262E-14
  0.321   0.940    0.24684E-09   0.12186E-08  -0.16662E-07  -0.65356E-10   0.13208E-10   0.54852E-14
  0.321   0.940    0.24513E-09   0.12503E-08  -0.12042E-07  -0.67064E-10   0.13117E-10   0.45347E-14
  0.321   0.940    0.24115E-09   0.13099E-08  -0.72854E-08  -0.70235E-10   0.12908E-10   0.34415E-14
  0.321   0.940    0.17728E-09   0.12945E-08  -0.18310E-07  -0.69356E-10   0.94852E-11   0.61502E-14
  0.321   0.940    0.27153E-09   0.13391E-08  -0.11813E-07  -0.71788E-10   0.14534E-10   0.44755E-14
  0.321   0.940    0.25922E-09   0.13149E-08  -0.68838E-08  -0.70538E-10   0.13875E-10   0.32127E-14
  0.321   0.940    0.24259E-09   0.13201E-08  -0.19550E-08  -0.70832E-10   0.12985E-10   0.21903E-14
  0.321   0.940    0.22422E-09   0.13566E-08   0.30152E-08  -0.72758E-10   0.12006E-10   0.10160E-14
  0.321   0.940    0.21346E-09   0.14292E-08  -0.87061E-08  -0.76595E-10   0.11427E-10   0.39715E-14
