  0.000   0.000    0.00000E+00   0.00000E+00   0.00000E+00   0.00000E+00   0.00000E+00   0.00000E+00
  0.000   0.000    0.00000E+00   0.00000E+00   0.00000E+00   0.00000E+00   0.00000E+00   0.00000E+00
  0.000   0.000    0.00000E+00   0.00000E+00   0.00000E+00   0.00000E+00   0.00000E+00   0.00000E+00
  0.000   0.000    0.00000E+00   0.00000E+00   0.00000E+00   0.00000E+00   0.00000E+00   0.00000E+00
  0.000   0.000    0.00000E+00   0.00000E+00   0.00000E+00   0.00000E+00   0.00000E+00   0.00000E+00
  0.000   0.000    0.00000E+00   0.00000E+00   0.00000E+00   0.00000E+00   0.00000E+00   0.00000E+00
  0.000   0.000    0.00000E+00   0.00000E+00   0.00000E+00   0.00000E+00   0.00000E+00   0.00000E+00
  0.000   0.000    0.00000E+00   0.00000E+00   0.00000E+00   0.00000E+00   0.00000E+00   0.00000E+00
  0.000   0.000    0.00000E+00   0.00000E+00   0.00000E+00   0.00000E+00   0.00000E+00   0.00000E+00
  0.000   0.000    0.00000E+00   0.00000E+00   0.00000E+00   0.00000E+00   0.00000E+00   0.00000E+00
  0.000   0.000    0.00000E+00   0.00000E+00   0.00000E+00   0.00000E+00   0.00000E+00   0.00000E+00
  0.000   0.000    0.00000E+00   0.00000E+00   0.00000E+00   0.00000E+00   0.00000E+00   0.00000E+00
  0.000   0.000    0.00000E+00   0.00000E+00   0.00000E+00   0.00000E+00   0.00000E+00   0.00000E+00
  0.000   0.000    0.00000E+00   0.00000E+00   0.00000E+00   0.00000E+00   0.00000E+00   0.00000E+00
  0.000   0.000    0.00000E+00   0.00000E+00   0.00000E+00   0.00000E+00   0.00000E+00   0.00000E+00
  0.000   0.000    0.00000E+00   0.00000E+00   0.00000E+00   0.00000E+00   0.00000E+00   0.00000E+00
  0.000   0.000    0.00000E+00   0.00000E+00   0.00000E+00   0.00000E+00   0.00000E+00   0.00000E+00
  0.000   0.000    0.00000E+00   0.00000E+00   0.00000E+00   0.00000E+00   0.00000E+00   0.00000E+00
  0.000   0.000    0.00000E+00   0.00000E+00   0.00000E+00   0.00000E+00   0.00000E+00   0.00000E+00
  0.000   0.000    0.00000E+00   0.00000E+00   0.00000E+00   0.00000E+00   0.00000E+00   0.00000E+00
  0.000   0.000    0.00000E+00   0.00000E+00   0.00000E+00   0.00000E+00   0.00000E+00   0.00000E+00
  0.000   0.000    0.00000E+00   0.00000E+00   0.00000E+00   0.00000E+00   0.00000E+00   0.00000E+00
  0.000   0.000    0.00000E+00   0.00000E+00   0.00000E+00   0.00000E+00   0.00000E+00   0.00000E+00
  0.000   0.000    0.00000E+00   0.00000E+00   0.00000E+00   0.00000E+00   0.00000E+00   0.00000E+00
  0.000   0.000    0.00000E+00   0.00000E+00   0.00000E+00   0.00000E+00   0.00000E+00   0.00000E+00
 -1.000  -1.000    0.00000E+00   0.00000E+00   0.00000E+00   0.00000E+00   0.00000E+00   0.00000E+00
 -1.000  -1.000    0.00000E+00   0.00000E+00   0.00000E+00   0.00000E+00   0.00000E+00   0.00000E+00
 -1.000  -1.000    0.00000E+00   0.00000E+00   0.00000E+00   0.00000E+00   0.00000E+00   0.00000E+00
 -1.000  -1.000    0.00000E+00   0.00000E+00   0.00000E+00   0.00000E+00   0.00000E+00   0.00000E+00
 -1.000  -1.000    0.00000E+00   0.00000E+00   0.00000E+00   0.00000E+00   0.00000E+00   0.00000E+00
 -1.000  -1.000    0.00000E+00   0.00000E+00   0.00000E+00   0.00000E+00   0.00000E+00   0.00000E+00
 -1.000  -1.000    0.00000E+00   0.00000E+00   0.00000E+00   0.00000E+00   0.00000E+00   0.00000E+00
 -1.000  -1.000    0.00000E+00   0.00000E+00   0.00000E+00   0.00000E+00   0.00000E+00   0.00000E+00
 -1.000  -1.000    0.00000E+00   0.00000E+00   0.00000E+00   0.00000E+00   0.00000E+00   0.00000E+00
 -1.000  -1.000    0.00000E+00   0.00000E+00   0.00000E+00   0.00000E+00   0.00000E+00   0.00000E+00
 -1.000  -1.000    0.00000E+00   0.00000E+00   0.00000E+00   0.00000E+00   0.00000E+00   0.00000E+00
 -1.000  -1.000    0.00000E+00   0.00000E+00   0.00000E+00   0.00000E+00   0.00000E+00   0.00000E+00
 -1.000  -1.000    0.00000E+00   0.00000E+00   0.00000E+00   0.00000E+00   0.00000E+00   0.00000E+00
 -1.000  -1.000    0.00000E+00   0.00000E+00   0.00000E+00   0.00000E+00   0.00000E+00   0.00000E+00
 -1.000  -1.000    0.00000E+00   0.00000E+00   0.00000E+00   0.00000E+00   0.00000E+00   0.00000E+00
 -1.000  -1.000    0.00000E+00   0.00000E+00   0.00000E+00   0.00000E+00   0.00000E+00   0.00000E+00
 -1.000  -1.000    0.00000E+00   0.00000E+00   0.00000E+00   0.00000E+00   0.00000E+00   0.00000E+00
 -1.000  -1.000    0.00000E+00   0.00000E+00   0.00000E+00   0.00000E+00   0.00000E+00   0.00000E+00
 -1.000  -1.000    0.00000E+00   0.00000E+00   0.00000E+00   0.00000E+00   0.00000E+00   0.00000E+00
 -1.000  -1.000    0.00000E+00   0.00000E+00   0.00000E+00   0.00000E+00   0.00000E+00   0.00000E+00
 -1.000  -1.000    0.00000E+00   0.00000E+00   0.00000E+00   0.00000E+00   0.00000E+00   0.00000E+00
 -1.000  -1.000    0.00000E+00   0.00000E+00   0.00000E+00   0.00000E+00   0.00000E+00   0.00000E+00
 -1.000  -1.000    0.00000E+00   0.00000E+00   0.00000E+00   0.00000E+00   0.00000E+00   0.00000E+00
 -1.000  -1.000    0.00000E+00   0.00000E+00   0.00000E+00   0.00000E+00   0.00000E+00   0.00000E+00
 -1.000  -1.000    0.00000E+00   0.00000E+00   0.00000E+00   0.00000E+00   0.00000E+00   0.00000E+00
  0.067   0.200    0.99063E-08   0.38897E-05  -0.57850E-04  -0.20858E-06   0.50762E-09   0.19298E-10
  0.067   0.200    0.45705E-08   0.37794E-05  -0.43530E-04  -0.20279E-06   0.22747E-09   0.15547E-10
  0.067   0.200   -0.84628E-09   0.37783E-05  -0.29325E-04  -0.20277E-06  -0.62051E-10   0.12545E-10
  0.067   0.200    0.39635E-09   0.38943E-05  -0.15006E-04  -0.20891E-06   0.11598E-10   0.91154E-11
  0.067   0.200   -0.91280E-08   0.40393E-05  -0.43486E-04  -0.21653E-06  -0.50711E-09   0.16247E-10
  0.067   0.200    0.44509E-08   0.37690E-05  -0.82750E-04  -0.20206E-06   0.20546E-09   0.25254E-10
  0.067   0.200   -0.83228E-09   0.36645E-05  -0.68866E-04  -0.19658E-06  -0.72018E-10   0.21620E-10
  0.067   0.200   -0.60652E-08   0.36663E-05  -0.55084E-04  -0.19670E-06  -0.35171E-09   0.18709E-10
  0.067   0.200   -0.47389E-08   0.37813E-05  -0.41181E-04  -0.20280E-06  -0.27383E-09   0.15383E-10
  0.067   0.200   -0.17608E-07   0.39166E-05  -0.68769E-04  -0.20990E-06  -0.97148E-09   0.22288E-10
  0.067   0.200   -0.67277E-09   0.37554E-05  -0.98481E-04  -0.20129E-06  -0.75281E-10   0.29101E-10
  0.067   0.200   -0.60323E-08   0.36530E-05  -0.84642E-04  -0.19592E-06  -0.35683E-09   0.25480E-10
  0.067   0.200   -0.11237E-07   0.36566E-05  -0.70897E-04  -0.19615E-06  -0.63499E-09   0.22578E-10
  0.067   0.200   -0.98096E-08   0.37732E-05  -0.57025E-04  -0.20233E-06  -0.55178E-09   0.19263E-10
  0.067   0.200   -0.24184E-07   0.39042E-05  -0.84498E-04  -0.20920E-06  -0.13301E-08   0.26135E-10
  0.067   0.200    0.87657E-09   0.38569E-05  -0.11389E-03  -0.20670E-06   0.15722E-11   0.33015E-10
  0.067   0.200   -0.46238E-08   0.37532E-05  -0.99675E-04  -0.20127E-06  -0.28739E-09   0.29297E-10
  0.067   0.200   -0.99542E-08   0.37586E-05  -0.85548E-04  -0.20159E-06  -0.57229E-09   0.26316E-10
  0.067   0.200   -0.84855E-08   0.38800E-05  -0.71284E-04  -0.20803E-06  -0.48664E-09   0.22909E-10
  0.067   0.200   -0.24236E-07   0.40113E-05  -0.99536E-04  -0.21491E-06  -0.13389E-08   0.29972E-10
  0.067   0.200    0.15733E-07   0.40271E-05  -0.74422E-04  -0.21592E-06   0.81314E-09   0.23543E-10
  0.067   0.200    0.86283E-08   0.39145E-05  -0.59592E-04  -0.21002E-06   0.43841E-09   0.19661E-10
  0.067   0.200    0.13878E-08   0.39153E-05  -0.44873E-04  -0.21009E-06   0.51230E-10   0.16553E-10
  0.067   0.200    0.10641E-08   0.40372E-05  -0.30030E-04  -0.21655E-06   0.41234E-10   0.13002E-10
  0.067   0.200   -0.68900E-08   0.41873E-05  -0.59571E-04  -0.22444E-06  -0.39366E-09   0.20399E-10
  0.130   0.385    0.70456E-07   0.27990E-04  -0.13943E-03  -0.15014E-05   0.37181E-08   0.70932E-10
  0.130   0.385    0.32147E-07   0.27178E-04  -0.36527E-04  -0.14588E-05   0.17072E-08   0.43932E-10
  0.130   0.385   -0.72071E-08   0.27126E-04   0.65433E-04  -0.14562E-05  -0.39575E-09   0.22391E-10
  0.130   0.385    0.13499E-08   0.27891E-04   0.16799E-03  -0.14967E-05   0.11373E-09  -0.22604E-11
  0.130   0.385   -0.64409E-07   0.29029E-04  -0.36227E-04  -0.15566E-05  -0.34701E-08   0.48964E-10
  0.130   0.385    0.27847E-07   0.27107E-04  -0.23749E-03  -0.14538E-05   0.13964E-08   0.93878E-10
  0.130   0.385   -0.10394E-07   0.26364E-04  -0.13774E-03  -0.14149E-05  -0.61199E-09   0.67755E-10
  0.130   0.385   -0.48226E-07   0.26361E-04  -0.38727E-04  -0.14149E-05  -0.26335E-08   0.46873E-10
  0.130   0.385   -0.38687E-07   0.27150E-04   0.61044E-04  -0.14567E-05  -0.20732E-08   0.22959E-10
  0.130   0.385   -0.13592E-06   0.28159E-04  -0.13702E-03  -0.15097E-05  -0.73419E-08   0.72539E-10
  0.130   0.385   -0.11861E-07   0.26965E-04  -0.32831E-03  -0.14460E-05  -0.76699E-09   0.11602E-09
  0.130   0.385   -0.50910E-07   0.26266E-04  -0.22900E-03  -0.14094E-05  -0.28187E-08   0.90058E-10
  0.130   0.385   -0.88220E-07   0.26307E-04  -0.13026E-03  -0.14118E-05  -0.48123E-08   0.69266E-10
  0.130   0.385   -0.77484E-07   0.27136E-04  -0.30604E-04  -0.14558E-05  -0.41882E-08   0.45440E-10
  0.130   0.385   -0.20104E-06   0.28053E-04  -0.22788E-03  -0.15039E-05  -0.10867E-07   0.94731E-10
  0.130   0.385   -0.24295E-08   0.27628E-04  -0.41515E-03  -0.14814E-05  -0.29661E-09   0.13820E-09
  0.130   0.385   -0.42680E-07   0.26949E-04  -0.31332E-03  -0.14459E-05  -0.24119E-08   0.11163E-09
  0.130   0.385   -0.80582E-07   0.27032E-04  -0.21192E-03  -0.14506E-05  -0.44370E-08   0.90308E-10
  0.130   0.385   -0.69162E-07   0.27923E-04  -0.10943E-03  -0.14979E-05  -0.37749E-08   0.65863E-10
  0.130   0.385   -0.21179E-06   0.28782E-04  -0.31220E-03  -0.15428E-05  -0.11477E-07   0.11643E-09
  0.130   0.385    0.14071E-06   0.28943E-04  -0.22373E-03  -0.15524E-05   0.74476E-08   0.92871E-10
  0.130   0.385    0.57894E-07   0.28142E-04  -0.11724E-03  -0.15104E-05   0.30537E-08   0.65013E-10
  0.130   0.385   -0.26607E-07   0.28130E-04  -0.11574E-04  -0.15099E-05  -0.14670E-08   0.42754E-10
  0.130   0.385   -0.59860E-07   0.28964E-04   0.94873E-04  -0.15541E-05  -0.31956E-08   0.17254E-10
  0.130   0.385   -0.56592E-07   0.30154E-04  -0.11708E-03  -0.16168E-05  -0.30842E-08   0.70389E-10
  0.193   0.570    0.24329E-06   0.92105E-04  -0.27610E-03  -0.49404E-05   0.12918E-07   0.18862E-09
  0.193   0.570    0.11764E-06   0.89337E-04   0.61857E-04  -0.47950E-05   0.63254E-08   0.99712E-10
  0.193   0.570   -0.13959E-07   0.88920E-04   0.39610E-03  -0.47734E-05  -0.70431E-09   0.29134E-10
  0.193   0.570    0.12081E-07   0.91067E-04   0.73112E-03  -0.48867E-05   0.85943E-09  -0.51882E-10
  0.193   0.570   -0.19039E-06   0.95326E-04   0.62773E-04  -0.51114E-05  -0.10189E-07   0.11621E-09
  0.193   0.570    0.89192E-07   0.89106E-04  -0.54445E-03  -0.47790E-05   0.45558E-08   0.25072E-09
  0.193   0.570   -0.37942E-07   0.86708E-04  -0.21696E-03  -0.46534E-05  -0.21206E-08   0.16490E-09
  0.193   0.570   -0.16345E-06   0.86611E-04   0.10806E-03  -0.46488E-05  -0.88239E-08   0.96504E-10
  0.193   0.570   -0.13208E-06   0.88995E-04   0.43499E-03  -0.47750E-05  -0.69807E-08   0.17882E-10
  0.193   0.570   -0.47786E-06   0.92515E-04  -0.21446E-03  -0.49601E-05  -0.25702E-07   0.18053E-09
  0.193   0.570   -0.55890E-07   0.88397E-04  -0.82679E-03  -0.47403E-05  -0.33289E-08   0.31926E-09
  0.193   0.570   -0.18709E-06   0.86300E-04  -0.50136E-03  -0.46309E-05  -0.10224E-07   0.23431E-09
  0.193   0.570   -0.30915E-06   0.86513E-04  -0.17725E-03  -0.46430E-05  -0.16743E-07   0.16634E-09
  0.193   0.570   -0.27126E-06   0.89189E-04   0.14992E-03  -0.47848E-05  -0.14551E-07   0.88096E-10
  0.193   0.570   -0.78618E-06   0.92072E-04  -0.49721E-03  -0.49358E-05  -0.42334E-07   0.24949E-09
  0.193   0.570   -0.33070E-07   0.90208E-04  -0.10942E-02  -0.48369E-05  -0.22150E-08   0.38731E-09
  0.193   0.570   -0.16924E-06   0.88338E-04  -0.76160E-03  -0.47398E-05  -0.93743E-08   0.30082E-09
  0.193   0.570   -0.29154E-06   0.88849E-04  -0.42925E-03  -0.47678E-05  -0.15905E-07   0.23135E-09
  0.193   0.570   -0.24930E-06   0.91877E-04  -0.92680E-04  -0.49285E-05  -0.13476E-07   0.15127E-09
  0.193   0.570   -0.87551E-06   0.94239E-04  -0.75727E-03  -0.50515E-05  -0.47226E-07   0.31633E-09
  0.193   0.570    0.62939E-06   0.95043E-04  -0.52937E-03  -0.50975E-05   0.33497E-07   0.25473E-09
  0.193   0.570    0.18512E-06   0.92459E-04  -0.18011E-03  -0.49621E-05   0.98402E-08   0.16344E-09
  0.193   0.570   -0.26854E-06   0.92322E-04   0.16639E-03  -0.49555E-05  -0.14436E-07   0.90741E-10
  0.193   0.570   -0.54504E-06   0.94834E-04   0.51481E-03  -0.50883E-05  -0.29073E-07   0.70860E-11
  0.193   0.570   -0.20757E-06   0.99345E-04  -0.17947E-03  -0.53264E-05  -0.11210E-07   0.18150E-09
  0.256   0.755    0.62076E-06   0.21804E-03  -0.49967E-03  -0.11694E-04   0.33034E-07   0.40853E-09
  0.256   0.755    0.32466E-06   0.21117E-03   0.29879E-03  -0.11333E-04   0.17507E-07   0.19772E-09
  0.256   0.755    0.59246E-08   0.20938E-03   0.10864E-02  -0.11239E-04   0.48983E-09   0.31492E-10
  0.256   0.755    0.60298E-07   0.21323E-03   0.18720E-02  -0.11441E-04   0.38046E-08  -0.16011E-09
  0.256   0.755   -0.38003E-06   0.22501E-03   0.30075E-03  -0.12064E-04  -0.20266E-07   0.23658E-09
  0.256   0.755    0.21027E-06   0.21063E-03  -0.10865E-02  -0.11295E-04   0.10811E-07   0.54341E-09
  0.256   0.755   -0.95118E-07   0.20511E-03  -0.31313E-03  -0.11007E-04  -0.52256E-08   0.34055E-09
  0.256   0.755   -0.39576E-06   0.20459E-03   0.45429E-03  -0.10981E-04  -0.21274E-07   0.17956E-09
  0.256   0.755   -0.32168E-06   0.20954E-03   0.12243E-02  -0.11242E-04  -0.16916E-07  -0.64739E-11
  0.256   0.755   -0.12294E-05   0.21853E-03  -0.30680E-03  -0.11715E-04  -0.66014E-07   0.37722E-09
  0.256   0.755   -0.18204E-06   0.20815E-03  -0.17359E-02  -0.11161E-04  -0.10465E-07   0.70009E-09
  0.256   0.755   -0.50175E-06   0.20386E-03  -0.96936E-03  -0.10938E-04  -0.27272E-07   0.50043E-09
  0.256   0.755   -0.78850E-06   0.20462E-03  -0.20413E-03  -0.10981E-04  -0.42576E-07   0.34088E-09
  0.256   0.755   -0.69020E-06   0.21079E-03   0.56840E-03  -0.11307E-04  -0.36924E-07   0.15604E-09
  0.256   0.755   -0.22646E-05   0.21716E-03  -0.95799E-03  -0.11641E-04  -0.12173E-06   0.53573E-09
  0.256   0.755   -0.15594E-06   0.21121E-03  -0.23480E-02  -0.11324E-04  -0.93181E-08   0.85460E-09
  0.256   0.755   -0.49078E-06   0.20799E-03  -0.15681E-02  -0.11159E-04  -0.26935E-07   0.65283E-09
  0.256   0.755   -0.77237E-06   0.20998E-03  -0.78506E-03  -0.11267E-04  -0.41960E-07   0.49051E-09
  0.256   0.755   -0.65673E-06   0.21747E-03   0.10003E-04  -0.11665E-04  -0.35369E-07   0.30201E-09
  0.256   0.755   -0.26526E-05   0.22153E-03  -0.15557E-02  -0.11873E-04  -0.14277E-06   0.68859E-09
  0.256   0.755    0.20491E-05   0.22434E-03  -0.10753E-02  -0.12031E-04   0.10930E-06   0.55860E-09
  0.256   0.755    0.42589E-06   0.21839E-03  -0.25163E-03  -0.11720E-04   0.22699E-07   0.34356E-09
  0.256   0.755   -0.12324E-05   0.21775E-03   0.56530E-03  -0.11687E-04  -0.66043E-07   0.17314E-09
  0.256   0.755   -0.24406E-05   0.22292E-03   0.13846E-02  -0.11960E-04  -0.13034E-06  -0.24205E-10
  0.256   0.755   -0.55890E-06   0.23558E-03  -0.24976E-03  -0.12630E-04  -0.30081E-07   0.38761E-09
  0.321   0.940    0.13488E-05   0.43088E-03  -0.84598E-03  -0.23106E-04   0.71852E-07   0.77208E-09
  0.321   0.940    0.76700E-06   0.41648E-03   0.72792E-03  -0.22349E-04   0.41366E-07   0.35461E-09
  0.321   0.940    0.11836E-06   0.41088E-03   0.22753E-02  -0.22051E-04   0.67564E-08   0.28233E-10
  0.321   0.940    0.20652E-06   0.41534E-03   0.38085E-02  -0.22282E-04   0.12280E-07  -0.34994E-09
  0.321   0.940   -0.57775E-06   0.44295E-03   0.73126E-03  -0.23745E-04  -0.30696E-07   0.43084E-09
  0.321   0.940    0.41742E-06   0.41542E-03  -0.19566E-02  -0.22275E-04   0.21521E-07   0.10259E-08
  0.321   0.940   -0.19778E-06   0.40493E-03  -0.43294E-03  -0.21727E-04  -0.10782E-07   0.62584E-09
  0.321   0.940   -0.80118E-06   0.40318E-03   0.10785E-02  -0.21636E-04  -0.42969E-07   0.31000E-09
  0.321   0.940   -0.65525E-06   0.41114E-03   0.25901E-02  -0.22055E-04  -0.34374E-07  -0.57451E-10
  0.321   0.940   -0.26812E-05   0.43060E-03  -0.41936E-03  -0.23081E-04  -0.14384E-06   0.69737E-09
  0.321   0.940   -0.48650E-06   0.40847E-03  -0.32146E-02  -0.21899E-04  -0.27403E-07   0.13270E-08
  0.321   0.940   -0.11422E-05   0.40174E-03  -0.17098E-02  -0.21553E-04  -0.61890E-07   0.93623E-09
  0.321   0.940   -0.17031E-05   0.40391E-03  -0.20275E-03  -0.21672E-04  -0.91801E-07   0.62434E-09
  0.321   0.940   -0.14863E-05   0.41563E-03   0.13189E-02  -0.22293E-04  -0.79412E-07   0.26003E-09
  0.321   0.940   -0.55018E-05   0.42710E-03  -0.16834E-02  -0.22891E-04  -0.29544E-06   0.10043E-08
  0.321   0.940   -0.50856E-06   0.41138E-03  -0.43933E-02  -0.22053E-04  -0.29076E-07   0.16210E-08
  0.321   0.940   -0.12028E-05   0.40810E-03  -0.28713E-02  -0.21892E-04  -0.65632E-07   0.12299E-08
  0.321   0.940   -0.17386E-05   0.41405E-03  -0.13332E-02  -0.22214E-04  -0.94192E-07   0.91464E-09
  0.321   0.940   -0.14690E-05   0.42965E-03   0.23357E-03  -0.23043E-04  -0.78961E-07   0.54484E-09
  0.321   0.940   -0.67137E-05   0.43374E-03  -0.28414E-02  -0.23245E-04  -0.36085E-06   0.12982E-08
  0.321   0.940    0.54930E-05   0.44163E-03  -0.19563E-02  -0.23681E-04   0.29331E-06   0.10605E-08
  0.321   0.940    0.81552E-06   0.43033E-03  -0.33669E-03  -0.23090E-04   0.43513E-07   0.63841E-09
  0.321   0.940   -0.39643E-05   0.42824E-03   0.12692E-02  -0.22981E-04  -0.21226E-06   0.30585E-09
  0.321   0.940   -0.77678E-05   0.43649E-03   0.28743E-02  -0.23414E-04  -0.41513E-06  -0.82427E-10
  0.321   0.940   -0.12807E-05   0.46658E-03  -0.33212E-03  -0.25010E-04  -0.68806E-07   0.72869E-09
