  0.000   0.000    0.00000E+00   0.00000E+00   0.00000E+00   0.00000E+00   0.00000E+00   0.00000E+00
  0.000   0.000    0.00000E+00   0.00000E+00   0.00000E+00   0.00000E+00   0.00000E+00   0.00000E+00
  0.000   0.000    0.00000E+00   0.00000E+00   0.00000E+00   0.00000E+00   0.00000E+00   0.00000E+00
  0.000   0.000    0.00000E+00   0.00000E+00   0.00000E+00   0.00000E+00   0.00000E+00   0.00000E+00
  0.000   0.000    0.00000E+00   0.00000E+00   0.00000E+00   0.00000E+00   0.00000E+00   0.00000E+00
  0.000   0.000    0.00000E+00   0.00000E+00   0.00000E+00   0.00000E+00   0.00000E+00   0.00000E+00
  0.000   0.000    0.00000E+00   0.00000E+00   0.00000E+00   0.00000E+00   0.00000E+00   0.00000E+00
  0.000   0.000    0.00000E+00   0.00000E+00   0.00000E+00   0.00000E+00   0.00000E+00   0.00000E+00
  0.000   0.000    0.00000E+00   0.00000E+00   0.00000E+00   0.00000E+00   0.00000E+00   0.00000E+00
  0.000   0.000    0.00000E+00   0.00000E+00   0.00000E+00   0.00000E+00   0.00000E+00   0.00000E+00
  0.000   0.000    0.00000E+00   0.00000E+00   0.00000E+00   0.00000E+00   0.00000E+00   0.00000E+00
  0.000   0.000    0.00000E+00   0.00000E+00   0.00000E+00   0.00000E+00   0.00000E+00   0.00000E+00
  0.000   0.000    0.00000E+00   0.00000E+00   0.00000E+00   0.00000E+00   0.00000E+00   0.00000E+00
  0.000   0.000    0.00000E+00   0.00000E+00   0.00000E+00   0.00000E+00   0.00000E+00   0.00000E+00
  0.000   0.000    0.00000E+00   0.00000E+00   0.00000E+00   0.00000E+00   0.00000E+00   0.00000E+00
  0.000   0.000    0.00000E+00   0.00000E+00   0.00000E+00   0.00000E+00   0.00000E+00   0.00000E+00
  0.000   0.000    0.00000E+00   0.00000E+00   0.00000E+00   0.00000E+00   0.00000E+00   0.00000E+00
  0.000   0.000    0.00000E+00   0.00000E+00   0.00000E+00   0.00000E+00   0.00000E+00   0.00000E+00
  0.000   0.000    0.00000E+00   0.00000E+00   0.00000E+00   0.00000E+00   0.00000E+00   0.00000E+00
  0.000   0.000    0.00000E+00   0.00000E+00   0.00000E+00   0.00000E+00   0.00000E+00   0.00000E+00
  0.000   0.000    0.00000E+00   0.00000E+00   0.00000E+00   0.00000E+00   0.00000E+00   0.00000E+00
  0.000   0.000    0.00000E+00   0.00000E+00   0.00000E+00   0.00000E+00   0.00000E+00   0.00000E+00
  0.000   0.000    0.00000E+00   0.00000E+00   0.00000E+00   0.00000E+00   0.00000E+00   0.00000E+00
  0.000   0.000    0.00000E+00   0.00000E+00   0.00000E+00   0.00000E+00   0.00000E+00   0.00000E+00
  0.000   0.000    0.00000E+00   0.00000E+00   0.00000E+00   0.00000E+00   0.00000E+00   0.00000E+00
 -1.000  -1.000    0.00000E+00   0.00000E+00   0.00000E+00   0.00000E+00   0.00000E+00   0.00000E+00
 -1.000  -1.000    0.00000E+00   0.00000E+00   0.00000E+00   0.00000E+00   0.00000E+00   0.00000E+00
 -1.000  -1.000    0.00000E+00   0.00000E+00   0.00000E+00   0.00000E+00   0.00000E+00   0.00000E+00
 -1.000  -1.000    0.00000E+00   0.00000E+00   0.00000E+00   0.00000E+00   0.00000E+00   0.00000E+00
 -1.000  -1.000    0.00000E+00   0.00000E+00   0.00000E+00   0.00000E+00   0.00000E+00   0.00000E+00
 -1.000  -1.000    0.00000E+00   0.00000E+00   0.00000E+00   0.00000E+00   0.00000E+00   0.00000E+00
 -1.000  -1.000    0.00000E+00   0.00000E+00   0.00000E+00   0.00000E+00   0.00000E+00   0.00000E+00
 -1.000  -1.000    0.00000E+00   0.00000E+00   0.00000E+00   0.00000E+00   0.00000E+00   0.00000E+00
 -1.000  -1.000    0.00000E+00   0.00000E+00   0.00000E+00   0.00000E+00   0.00000E+00   0.00000E+00
 -1.000  -1.000    0.00000E+00   0.00000E+00   0.00000E+00   0.00000E+00   0.00000E+00   0.00000E+00
 -1.000  -1.000    0.00000E+00   0.00000E+00   0.00000E+00   0.00000E+00   0.00000E+00   0.00000E+00
 -1.000  -1.000    0.00000E+00   0.00000E+00   0.00000E+00   0.00000E+00   0.00000E+00   0.00000E+00
 -1.000  -1.000    0.00000E+00   0.00000E+00   0.00000E+00   0.00000E+00   0.00000E+00   0.00000E+00
 -1.000  -1.000    0.00000E+00   0.00000E+00   0.00000E+00   0.00000E+00   0.00000E+00   0.00000E+00
 -1.000  -1.000    0.00000E+00   0.00000E+00   0.00000E+00   0.00000E+00   0.00000E+00   0.00000E+00
 -1.000  -1.000    0.00000E+00   0.00000E+00   0.00000E+00   0.00000E+00   0.00000E+00   0.00000E+00
 -1.000  -1.000    0.00000E+00   0.00000E+00   0.00000E+00   0.00000E+00   0.00000E+00   0.00000E+00
 -1.000  -1.000    0.00000E+00   0.00000E+00   0.00000E+00   0.00000E+00   0.00000E+00   0.00000E+00
 -1.000  -1.000    0.00000E+00   0.00000E+00   0.00000E+00   0.00000E+00   0.00000E+00   0.00000E+00
 -1.000  -1.000    0.00000E+00   0.00000E+00   0.00000E+00   0.00000E+00   0.00000E+00   0.00000E+00
 -1.000  -1.000    0.00000E+00   0.00000E+00   0.00000E+00   0.00000E+00   0.00000E+00   0.00000E+00
 -1.000  -1.000    0.00000E+00   0.00000E+00   0.00000E+00   0.00000E+00   0.00000E+00   0.00000E+00
 -1.000  -1.000    0.00000E+00   0.00000E+00   0.00000E+00   0.00000E+00   0.00000E+00   0.00000E+00
 -1.000  -1.000    0.00000E+00   0.00000E+00   0.00000E+00   0.00000E+00   0.00000E+00   0.00000E+00
 -1.000  -1.000    0.00000E+00   0.00000E+00   0.00000E+00   0.00000E+00   0.00000E+00   0.00000E+00
  0.067   0.200    0.43210E-05   0.10261E-07  -0.25619E-04  -0.50248E-09   0.23146E-06   0.31048E-11
  0.067   0.200    0.43819E-05   0.65595E-08  -0.25586E-04  -0.30350E-09   0.23469E-06   0.32365E-11
  0.067   0.200    0.43861E-05   0.34295E-08  -0.25569E-04  -0.13719E-09   0.23492E-06   0.30651E-11
  0.067   0.200    0.43230E-05   0.66211E-08  -0.25551E-04  -0.30723E-09   0.23157E-06   0.31909E-11
  0.067   0.200    0.42072E-05   0.29188E-08  -0.58841E-04  -0.43890E-10   0.22538E-06   0.11594E-10
  0.067   0.200    0.43820E-05   0.29754E-08  -0.22178E-04  -0.11870E-09   0.23473E-06   0.22049E-11
  0.067   0.200    0.44446E-05  -0.81262E-09  -0.22173E-04   0.85229E-10   0.23805E-06   0.23451E-11
  0.067   0.200    0.44496E-05  -0.42785E-08  -0.22185E-04   0.26960E-09   0.23832E-06   0.21767E-11
  0.067   0.200    0.43863E-05  -0.15417E-08  -0.22197E-04   0.12385E-09   0.23496E-06   0.23107E-11
  0.067   0.200    0.42681E-05  -0.66517E-08  -0.55906E-04   0.46326E-09   0.22864E-06   0.10819E-10
  0.067   0.200    0.43859E-05  -0.42484E-08  -0.21698E-04   0.26790E-09   0.23494E-06   0.20739E-11
  0.067   0.200    0.44493E-05  -0.78624E-08  -0.21719E-04   0.46274E-09   0.23830E-06   0.22207E-11
  0.067   0.200    0.44551E-05  -0.11360E-07  -0.21758E-04   0.64884E-09   0.23861E-06   0.20571E-11
  0.067   0.200    0.43925E-05  -0.88634E-08  -0.21797E-04   0.51586E-09   0.23529E-06   0.21973E-11
  0.067   0.200    0.42728E-05  -0.15843E-07  -0.55489E-04   0.95529E-09   0.22889E-06   0.10700E-10
  0.067   0.200    0.43227E-05  -0.46958E-08  -0.20059E-04   0.28862E-09   0.23155E-06   0.17172E-11
  0.067   0.200    0.43859E-05  -0.83302E-08  -0.20083E-04   0.48456E-09   0.23491E-06   0.18618E-11
  0.067   0.200    0.43924E-05  -0.11879E-07  -0.20124E-04   0.67347E-09   0.23526E-06   0.17006E-11
  0.067   0.200    0.43314E-05  -0.95301E-08  -0.20165E-04   0.54837E-09   0.23202E-06   0.18389E-11
  0.067   0.200    0.42122E-05  -0.17842E-07  -0.53373E-04   0.10583E-08   0.22565E-06   0.10218E-10
  0.067   0.200    0.42172E-05   0.78824E-09   0.73361E-05  -0.61627E-10   0.22591E-06  -0.49193E-11
  0.067   0.200    0.42775E-05  -0.31139E-08   0.73291E-05   0.14871E-09   0.22911E-06  -0.47807E-11
  0.067   0.200    0.42823E-05  -0.71937E-08   0.73029E-05   0.36610E-09   0.22937E-06  -0.49387E-11
  0.067   0.200    0.42214E-05  -0.50749E-08   0.72747E-05   0.25360E-09   0.22614E-06  -0.48068E-11
  0.067   0.200    0.41169E-05  -0.88425E-08  -0.25173E-04   0.51826E-09   0.22055E-06   0.33773E-11
  0.130   0.385    0.31104E-04   0.81735E-07  -0.45674E-04  -0.43222E-08   0.16661E-05  -0.11692E-10
  0.130   0.385    0.31536E-04   0.52704E-07  -0.45430E-04  -0.27618E-08   0.16890E-05  -0.10717E-10
  0.130   0.385    0.31545E-04   0.27565E-07  -0.45316E-04  -0.14247E-08   0.16895E-05  -0.11930E-10
  0.130   0.385    0.31056E-04   0.49028E-07  -0.45196E-04  -0.25675E-08   0.16635E-05  -0.10984E-10
  0.130   0.385    0.30175E-04   0.57727E-07  -0.28424E-03  -0.25677E-08   0.16164E-05   0.49400E-10
  0.130   0.385    0.31537E-04   0.28727E-07  -0.38064E-04  -0.14944E-08   0.16893E-05  -0.13970E-10
  0.130   0.385    0.31995E-04  -0.12350E-08  -0.38020E-04   0.11800E-09   0.17136E-05  -0.12945E-10
  0.130   0.385    0.32025E-04  -0.29024E-07  -0.38115E-04   0.15975E-08   0.17152E-05  -0.14148E-10
  0.130   0.385    0.31548E-04  -0.10984E-07  -0.38214E-04   0.63758E-09   0.16899E-05  -0.13149E-10
  0.130   0.385    0.30620E-04  -0.43558E-07  -0.28033E-03   0.28549E-08   0.16403E-05   0.47980E-10
  0.130   0.385    0.31544E-04  -0.23738E-07  -0.37711E-04   0.13196E-08   0.16897E-05  -0.14151E-10
  0.130   0.385    0.32023E-04  -0.52266E-07  -0.37861E-04   0.28569E-08   0.17151E-05  -0.13090E-10
  0.130   0.385    0.32073E-04  -0.79970E-07  -0.38147E-04   0.43321E-08   0.17178E-05  -0.14269E-10
  0.130   0.385    0.31615E-04  -0.63341E-07  -0.38439E-04   0.34469E-08   0.16935E-05  -0.13235E-10
  0.130   0.385    0.30647E-04  -0.14223E-06  -0.28038E-03   0.81464E-08   0.16417E-05   0.47818E-10
  0.130   0.385    0.31054E-04  -0.27746E-07  -0.35807E-04   0.15312E-08   0.16634E-05  -0.14281E-10
  0.130   0.385    0.31545E-04  -0.56051E-07  -0.35971E-04   0.30565E-08   0.16895E-05  -0.13247E-10
  0.130   0.385    0.31614E-04  -0.83650E-07  -0.36271E-04   0.45263E-08   0.16932E-05  -0.14419E-10
  0.130   0.385    0.31182E-04  -0.67683E-07  -0.36578E-04   0.36765E-08   0.16703E-05  -0.13407E-10
  0.130   0.385    0.30190E-04  -0.18792E-06  -0.27487E-03   0.10586E-07   0.16172E-05   0.46695E-10
  0.130   0.385    0.30247E-04   0.14441E-07   0.17055E-03  -0.11590E-08   0.16203E-05  -0.64247E-10
  0.130   0.385    0.30687E-04  -0.23301E-07   0.17050E-03   0.87698E-09   0.16436E-05  -0.63229E-10
  0.130   0.385    0.30715E-04  -0.70205E-07   0.17026E-03   0.33824E-08   0.16451E-05  -0.64322E-10
  0.130   0.385    0.30256E-04  -0.65095E-07   0.16994E-03   0.31207E-08   0.16208E-05  -0.63342E-10
  0.130   0.385    0.29615E-04  -0.62510E-07  -0.62829E-04   0.34278E-08   0.15865E-05  -0.47233E-11
  0.193   0.570    0.10248E-03   0.28650E-06  -0.58115E-04  -0.15350E-07   0.54886E-05  -0.61258E-10
  0.193   0.570    0.10386E-03   0.17757E-06  -0.57286E-04  -0.94972E-08   0.55621E-05  -0.57903E-10
  0.193   0.570    0.10378E-03   0.80245E-07  -0.56936E-04  -0.43145E-08   0.55576E-05  -0.61785E-10
  0.193   0.570    0.10198E-03   0.14242E-06  -0.56611E-04  -0.76200E-08   0.54620E-05  -0.58443E-10
  0.193   0.570    0.98819E-04   0.36313E-06  -0.84074E-03  -0.17920E-07   0.52930E-05   0.13986E-09
  0.193   0.570    0.10387E-03   0.11208E-06  -0.44617E-04  -0.60230E-08   0.55630E-05  -0.65977E-10
  0.193   0.570    0.10542E-03  -0.14770E-08  -0.44448E-04   0.85055E-10   0.56453E-05  -0.62517E-10
  0.193   0.570    0.10548E-03  -0.10867E-06  -0.44792E-04   0.57977E-08   0.56486E-05  -0.66424E-10
  0.193   0.570    0.10379E-03  -0.58464E-07  -0.45197E-04   0.31314E-08   0.55590E-05  -0.62949E-10
  0.193   0.570    0.10032E-03  -0.14251E-06  -0.83969E-03   0.91871E-08   0.53732E-05   0.13775E-09
  0.193   0.570    0.10378E-03  -0.62522E-07  -0.45380E-04   0.33450E-08   0.55581E-05  -0.66100E-10
  0.193   0.570    0.10547E-03  -0.17043E-06  -0.45850E-04   0.91558E-08   0.56482E-05  -0.62582E-10
  0.193   0.570    0.10568E-03  -0.27572E-06  -0.46824E-04   0.14768E-07   0.56595E-05  -0.66471E-10
  0.193   0.570    0.10413E-03  -0.22849E-06  -0.47857E-04   0.12257E-07   0.55774E-05  -0.62923E-10
  0.193   0.570    0.10037E-03  -0.64289E-06  -0.84150E-03   0.36021E-07   0.53759E-05   0.13733E-09
  0.193   0.570    0.10197E-03  -0.78213E-07  -0.45698E-04   0.41891E-08   0.54616E-05  -0.64845E-10
  0.193   0.570    0.10378E-03  -0.18333E-06  -0.46221E-04   0.98501E-08   0.55577E-05  -0.61479E-10
  0.193   0.570    0.10413E-03  -0.28563E-06  -0.47236E-04   0.15302E-07   0.55765E-05  -0.65402E-10
  0.193   0.570    0.10275E-03  -0.23837E-06  -0.48303E-04   0.12789E-07   0.55032E-05  -0.61976E-10
  0.193   0.570    0.98757E-04  -0.96054E-06  -0.82912E-03   0.53030E-07   0.52897E-05   0.13480E-09
  0.193   0.570    0.99054E-04   0.72055E-07   0.63563E-03  -0.53078E-08   0.53055E-05  -0.22955E-09
  0.193   0.570    0.10054E-03  -0.10390E-06   0.63551E-03   0.41891E-08   0.53843E-05  -0.22609E-09
  0.193   0.570    0.10059E-03  -0.35216E-06   0.63443E-03   0.17470E-07   0.53872E-05  -0.22945E-09
  0.193   0.570    0.98972E-04  -0.38944E-06   0.63280E-03   0.19532E-07   0.53012E-05  -0.22606E-09
  0.193   0.570    0.97460E-04  -0.22216E-06  -0.12957E-03   0.12004E-07   0.52205E-05  -0.34580E-10
  0.256   0.755    0.24304E-03   0.72880E-06  -0.58367E-04  -0.39208E-07   0.13015E-04  -0.16462E-09
  0.256   0.755    0.24620E-03   0.42538E-06  -0.56306E-04  -0.22910E-07   0.13183E-04  -0.15620E-09
  0.256   0.755    0.24562E-03   0.14527E-06  -0.55569E-04  -0.79762E-08   0.13152E-04  -0.16503E-09
  0.256   0.755    0.24073E-03   0.26344E-06  -0.55038E-04  -0.14242E-07   0.12892E-04  -0.15638E-09
  0.256   0.755    0.23238E-03   0.14267E-05  -0.19046E-02  -0.72970E-07   0.12445E-04   0.31215E-09
  0.256   0.755    0.24621E-03   0.31746E-06  -0.35851E-04  -0.17196E-07   0.13185E-04  -0.17365E-09
  0.256   0.755    0.25002E-03  -0.26322E-08  -0.35354E-04   0.12344E-10   0.13388E-04  -0.16518E-09
  0.256   0.755    0.25005E-03  -0.31042E-06  -0.36280E-04   0.16432E-07   0.13389E-04  -0.17427E-09
  0.256   0.755    0.24566E-03  -0.22334E-06  -0.37512E-04   0.11827E-07   0.13156E-04  -0.16543E-09
  0.256   0.755    0.23604E-03  -0.34257E-06  -0.19125E-02   0.21894E-07   0.12641E-04   0.30858E-09
  0.256   0.755    0.24561E-03  -0.10265E-06  -0.39584E-04   0.53458E-08   0.13153E-04  -0.17346E-09
  0.256   0.755    0.25003E-03  -0.40593E-06  -0.40619E-04   0.21666E-07   0.13388E-04  -0.16506E-09
  0.256   0.755    0.25068E-03  -0.70342E-06  -0.43037E-04   0.37536E-07   0.13423E-04  -0.17430E-09
  0.256   0.755    0.24688E-03  -0.61740E-06  -0.45731E-04   0.32979E-07   0.13221E-04  -0.16544E-09
  0.256   0.755    0.23603E-03  -0.21115E-05  -0.19178E-02   0.11674E-06   0.12641E-04   0.30683E-09
  0.256   0.755    0.24071E-03  -0.14566E-06  -0.45437E-04   0.76699E-08   0.12891E-04  -0.16903E-09
  0.256   0.755    0.24564E-03  -0.43589E-06  -0.46607E-04   0.23289E-07   0.13153E-04  -0.16119E-09
  0.256   0.755    0.24688E-03  -0.71794E-06  -0.49102E-04   0.38332E-07   0.13219E-04  -0.17070E-09
  0.256   0.755    0.24373E-03  -0.62497E-06  -0.51832E-04   0.33400E-07   0.13052E-04  -0.16229E-09
  0.256   0.755    0.23186E-03  -0.34156E-05  -0.18907E-02   0.18661E-06   0.12418E-04   0.30064E-09
  0.256   0.755    0.23293E-03   0.24038E-06   0.15605E-02  -0.16507E-07   0.12475E-04  -0.55632E-09
  0.256   0.755    0.23656E-03  -0.34573E-06   0.15602E-02   0.15138E-07   0.12667E-04  -0.54775E-09
  0.256   0.755    0.23656E-03  -0.12408E-05   0.15567E-02   0.63057E-07   0.12667E-04  -0.55495E-09
  0.256   0.755    0.23237E-03  -0.15056E-05   0.15509E-02   0.77475E-07   0.12445E-04  -0.54638E-09
  0.256   0.755    0.23076E-03  -0.59019E-06  -0.24330E-03   0.31732E-07   0.12359E-04  -0.97390E-10
  0.321   0.940    0.48144E-03   0.15702E-05  -0.43052E-04  -0.84589E-07   0.25778E-04  -0.34351E-09
  0.321   0.940    0.48738E-03   0.85361E-06  -0.38714E-04  -0.46110E-07   0.26093E-04  -0.32564E-09
  0.321   0.940    0.48526E-03   0.17324E-06  -0.37467E-04  -0.98014E-08   0.25980E-04  -0.34216E-09
  0.321   0.940    0.47395E-03   0.33344E-06  -0.37004E-04  -0.18245E-07   0.25377E-04  -0.32320E-09
  0.321   0.940    0.45521E-03   0.42771E-05  -0.36748E-02  -0.22245E-06   0.24375E-04   0.60038E-09
  0.321   0.940    0.48739E-03   0.75681E-06  -0.72290E-05  -0.41052E-07   0.26097E-04  -0.35970E-09
  0.321   0.940    0.49530E-03  -0.77287E-08  -0.60027E-05   0.29994E-10   0.26517E-04  -0.34224E-09
  0.321   0.940    0.49505E-03  -0.75419E-06  -0.81194E-05   0.39887E-07   0.26504E-04  -0.35978E-09
  0.321   0.940    0.48536E-03  -0.66273E-06  -0.11247E-04   0.35118E-07   0.25988E-04  -0.34074E-09
  0.321   0.940    0.46274E-03  -0.69575E-06  -0.37017E-02   0.44163E-07   0.24779E-04   0.59316E-09
  0.321   0.940    0.48524E-03  -0.95648E-07  -0.16355E-04   0.46867E-08   0.25982E-04  -0.35889E-09
  0.321   0.940    0.49502E-03  -0.81783E-06  -0.18219E-04   0.43521E-07   0.26502E-04  -0.34209E-09
  0.321   0.940    0.49669E-03  -0.15287E-05  -0.23300E-04   0.81474E-07   0.26592E-04  -0.36043E-09
  0.321   0.940    0.48884E-03  -0.14239E-05  -0.29275E-04   0.75970E-07   0.26175E-04  -0.34171E-09
  0.321   0.940    0.46242E-03  -0.56990E-05  -0.37116E-02   0.31238E-06   0.24761E-04   0.58703E-09
  0.321   0.940    0.47392E-03  -0.20041E-06  -0.32575E-04   0.10351E-07   0.25376E-04  -0.34843E-09
  0.321   0.940    0.48532E-03  -0.87972E-06  -0.34747E-04   0.46882E-07   0.25983E-04  -0.33329E-09
  0.321   0.940    0.48882E-03  -0.15382E-05  -0.39949E-04   0.82028E-07   0.26171E-04  -0.35263E-09
  0.321   0.940    0.48292E-03  -0.14019E-05  -0.45887E-04   0.74828E-07   0.25858E-04  -0.33522E-09
  0.321   0.940    0.45325E-03  -0.96925E-05  -0.36554E-02   0.52635E-06   0.24271E-04   0.57216E-09
  0.321   0.940    0.45632E-03   0.63538E-06   0.31173E-02  -0.41498E-07   0.24435E-04  -0.11056E-08
  0.321   0.940    0.46378E-03  -0.94894E-06   0.31170E-02   0.44054E-07   0.24831E-04  -0.10877E-08
  0.321   0.940    0.46347E-03  -0.34885E-05   0.31077E-02   0.18007E-06   0.24814E-04  -0.11001E-08
  0.321   0.940    0.45427E-03  -0.44528E-05   0.30912E-02   0.23238E-06   0.24325E-04  -0.10818E-08
  0.321   0.940    0.45611E-03  -0.13414E-05  -0.42766E-03   0.71981E-07   0.24425E-04  -0.20543E-09
