  0.000   0.000    0.00000E+00   0.00000E+00   0.00000E+00   0.00000E+00   0.00000E+00   0.00000E+00
  0.000   0.000    0.00000E+00   0.00000E+00   0.00000E+00   0.00000E+00   0.00000E+00   0.00000E+00
  0.000   0.000    0.00000E+00   0.00000E+00   0.00000E+00   0.00000E+00   0.00000E+00   0.00000E+00
  0.000   0.000    0.00000E+00   0.00000E+00   0.00000E+00   0.00000E+00   0.00000E+00   0.00000E+00
  0.000   0.000    0.00000E+00   0.00000E+00   0.00000E+00   0.00000E+00   0.00000E+00   0.00000E+00
  0.000   0.000    0.00000E+00   0.00000E+00   0.00000E+00   0.00000E+00   0.00000E+00   0.00000E+00
  0.000   0.000    0.00000E+00   0.00000E+00   0.00000E+00   0.00000E+00   0.00000E+00   0.00000E+00
  0.000   0.000    0.00000E+00   0.00000E+00   0.00000E+00   0.00000E+00   0.00000E+00   0.00000E+00
  0.000   0.000    0.00000E+00   0.00000E+00   0.00000E+00   0.00000E+00   0.00000E+00   0.00000E+00
  0.000   0.000    0.00000E+00   0.00000E+00   0.00000E+00   0.00000E+00   0.00000E+00   0.00000E+00
  0.000   0.000    0.00000E+00   0.00000E+00   0.00000E+00   0.00000E+00   0.00000E+00   0.00000E+00
  0.000   0.000    0.00000E+00   0.00000E+00   0.00000E+00   0.00000E+00   0.00000E+00   0.00000E+00
  0.000   0.000    0.00000E+00   0.00000E+00   0.00000E+00   0.00000E+00   0.00000E+00   0.00000E+00
  0.000   0.000    0.00000E+00   0.00000E+00   0.00000E+00   0.00000E+00   0.00000E+00   0.00000E+00
  0.000   0.000    0.00000E+00   0.00000E+00   0.00000E+00   0.00000E+00   0.00000E+00   0.00000E+00
  0.000   0.000    0.00000E+00   0.00000E+00   0.00000E+00   0.00000E+00   0.00000E+00   0.00000E+00
  0.000   0.000    0.00000E+00   0.00000E+00   0.00000E+00   0.00000E+00   0.00000E+00   0.00000E+00
  0.000   0.000    0.00000E+00   0.00000E+00   0.00000E+00   0.00000E+00   0.00000E+00   0.00000E+00
  0.000   0.000    0.00000E+00   0.00000E+00   0.00000E+00   0.00000E+00   0.00000E+00   0.00000E+00
  0.000   0.000    0.00000E+00   0.00000E+00   0.00000E+00   0.00000E+00   0.00000E+00   0.00000E+00
  0.000   0.000    0.00000E+00   0.00000E+00   0.00000E+00   0.00000E+00   0.00000E+00   0.00000E+00
  0.000   0.000    0.00000E+00   0.00000E+00   0.00000E+00   0.00000E+00   0.00000E+00   0.00000E+00
  0.000   0.000    0.00000E+00   0.00000E+00   0.00000E+00   0.00000E+00   0.00000E+00   0.00000E+00
  0.000   0.000    0.00000E+00   0.00000E+00   0.00000E+00   0.00000E+00   0.00000E+00   0.00000E+00
  0.000   0.000    0.00000E+00   0.00000E+00   0.00000E+00   0.00000E+00   0.00000E+00   0.00000E+00
 -1.000  -1.000    0.00000E+00   0.00000E+00   0.00000E+00   0.00000E+00   0.00000E+00   0.00000E+00
 -1.000  -1.000    0.00000E+00   0.00000E+00   0.00000E+00   0.00000E+00   0.00000E+00   0.00000E+00
 -1.000  -1.000    0.00000E+00   0.00000E+00   0.00000E+00   0.00000E+00   0.00000E+00   0.00000E+00
 -1.000  -1.000    0.00000E+00   0.00000E+00   0.00000E+00   0.00000E+00   0.00000E+00   0.00000E+00
 -1.000  -1.000    0.00000E+00   0.00000E+00   0.00000E+00   0.00000E+00   0.00000E+00   0.00000E+00
 -1.000  -1.000    0.00000E+00   0.00000E+00   0.00000E+00   0.00000E+00   0.00000E+00   0.00000E+00
 -1.000  -1.000    0.00000E+00   0.00000E+00   0.00000E+00   0.00000E+00   0.00000E+00   0.00000E+00
 -1.000  -1.000    0.00000E+00   0.00000E+00   0.00000E+00   0.00000E+00   0.00000E+00   0.00000E+00
 -1.000  -1.000    0.00000E+00   0.00000E+00   0.00000E+00   0.00000E+00   0.00000E+00   0.00000E+00
 -1.000  -1.000    0.00000E+00   0.00000E+00   0.00000E+00   0.00000E+00   0.00000E+00   0.00000E+00
 -1.000  -1.000    0.00000E+00   0.00000E+00   0.00000E+00   0.00000E+00   0.00000E+00   0.00000E+00
 -1.000  -1.000    0.00000E+00   0.00000E+00   0.00000E+00   0.00000E+00   0.00000E+00   0.00000E+00
 -1.000  -1.000    0.00000E+00   0.00000E+00   0.00000E+00   0.00000E+00   0.00000E+00   0.00000E+00
 -1.000  -1.000    0.00000E+00   0.00000E+00   0.00000E+00   0.00000E+00   0.00000E+00   0.00000E+00
 -1.000  -1.000    0.00000E+00   0.00000E+00   0.00000E+00   0.00000E+00   0.00000E+00   0.00000E+00
 -1.000  -1.000    0.00000E+00   0.00000E+00   0.00000E+00   0.00000E+00   0.00000E+00   0.00000E+00
 -1.000  -1.000    0.00000E+00   0.00000E+00   0.00000E+00   0.00000E+00   0.00000E+00   0.00000E+00
 -1.000  -1.000    0.00000E+00   0.00000E+00   0.00000E+00   0.00000E+00   0.00000E+00   0.00000E+00
 -1.000  -1.000    0.00000E+00   0.00000E+00   0.00000E+00   0.00000E+00   0.00000E+00   0.00000E+00
 -1.000  -1.000    0.00000E+00   0.00000E+00   0.00000E+00   0.00000E+00   0.00000E+00   0.00000E+00
 -1.000  -1.000    0.00000E+00   0.00000E+00   0.00000E+00   0.00000E+00   0.00000E+00   0.00000E+00
 -1.000  -1.000    0.00000E+00   0.00000E+00   0.00000E+00   0.00000E+00   0.00000E+00   0.00000E+00
 -1.000  -1.000    0.00000E+00   0.00000E+00   0.00000E+00   0.00000E+00   0.00000E+00   0.00000E+00
 -1.000  -1.000    0.00000E+00   0.00000E+00   0.00000E+00   0.00000E+00   0.00000E+00   0.00000E+00
 -1.000  -1.000    0.00000E+00   0.00000E+00   0.00000E+00   0.00000E+00   0.00000E+00   0.00000E+00
  0.067   0.200   -0.50479E-09  -0.20801E-06   0.58282E-05   0.11149E-07  -0.24718E-10  -0.17031E-11
  0.067   0.200   -0.21552E-09  -0.20229E-06   0.50618E-05   0.10849E-07  -0.95259E-11  -0.15025E-11
  0.067   0.200    0.71883E-10  -0.20245E-06   0.43007E-05   0.10859E-07   0.58351E-11  -0.13417E-11
  0.067   0.200    0.21799E-12  -0.20885E-06   0.35327E-05   0.11198E-07   0.16170E-11  -0.11581E-11
  0.067   0.200    0.10536E-08  -0.21620E-06   0.50570E-05   0.11584E-07   0.58506E-10  -0.15397E-11
  0.067   0.200   -0.21323E-09  -0.20140E-06   0.71395E-05   0.10792E-07  -0.85770E-11  -0.20165E-11
  0.067   0.200    0.72997E-10  -0.19599E-06   0.63969E-05   0.10508E-07   0.64602E-11  -0.18223E-11
  0.067   0.200    0.35038E-09  -0.19630E-06   0.56590E-05   0.10526E-07   0.21285E-10  -0.16665E-11
  0.067   0.200    0.27433E-09  -0.20266E-06   0.49138E-05   0.10863E-07   0.16846E-10  -0.14885E-11
  0.067   0.200    0.15026E-08  -0.20947E-06   0.63894E-05   0.11221E-07   0.83094E-10  -0.18577E-11
  0.067   0.200    0.60338E-10  -0.20041E-06   0.79770E-05   0.10737E-07   0.64114E-11  -0.22209E-11
  0.067   0.200    0.35028E-09  -0.19512E-06   0.72378E-05   0.10460E-07   0.21647E-10  -0.20277E-11
  0.067   0.200    0.62577E-09  -0.19553E-06   0.65028E-05   0.10483E-07   0.36372E-10  -0.18726E-11
  0.067   0.200    0.54445E-09  -0.20196E-06   0.57602E-05   0.10824E-07   0.31653E-10  -0.16954E-11
  0.067   0.200    0.18528E-08  -0.20854E-06   0.72277E-05   0.11169E-07   0.10219E-09  -0.20624E-11
  0.067   0.200   -0.22668E-10  -0.20546E-06   0.87972E-05   0.11006E-07   0.22919E-11  -0.24288E-11
  0.067   0.200    0.27428E-09  -0.20011E-06   0.80391E-05   0.10726E-07   0.17896E-10  -0.22307E-11
  0.067   0.200    0.55598E-09  -0.20062E-06   0.72851E-05   0.10755E-07   0.32953E-10  -0.20717E-11
  0.067   0.200    0.47258E-09  -0.20729E-06   0.65229E-05   0.11109E-07   0.28112E-10  -0.18899E-11
  0.067   0.200    0.18543E-08  -0.21387E-06   0.80293E-05   0.11453E-07   0.10259E-09  -0.22664E-11
  0.067   0.200   -0.14355E-08  -0.21497E-06   0.67083E-05   0.11520E-07  -0.74223E-10  -0.19277E-11
  0.067   0.200   -0.10611E-08  -0.20914E-06   0.59159E-05   0.11215E-07  -0.54473E-10  -0.17205E-11
  0.067   0.200   -0.67741E-09  -0.20939E-06   0.51288E-05   0.11230E-07  -0.33959E-10  -0.15543E-11
  0.067   0.200   -0.65627E-09  -0.21610E-06   0.43342E-05   0.11586E-07  -0.33223E-10  -0.13645E-11
  0.067   0.200    0.32823E-09  -0.22371E-06   0.59172E-05   0.11985E-07   0.19988E-10  -0.17608E-11
  0.130   0.385   -0.34149E-08  -0.14973E-05   0.12725E-04   0.80305E-07  -0.17782E-09  -0.50876E-11
  0.130   0.385   -0.13382E-08  -0.14552E-05   0.72175E-05   0.78096E-07  -0.68777E-10  -0.36437E-11
  0.130   0.385    0.74974E-09  -0.14539E-05   0.17548E-05   0.78039E-07   0.42795E-10  -0.24903E-11
  0.130   0.385    0.25435E-09  -0.14963E-05  -0.37458E-05   0.80283E-07   0.13522E-10  -0.11704E-11
  0.130   0.385    0.76653E-08  -0.15542E-05   0.71844E-05   0.83330E-07   0.41382E-09  -0.39110E-11
  0.130   0.385   -0.11393E-08  -0.14490E-05   0.17933E-04   0.77703E-07  -0.53834E-10  -0.63046E-11
  0.130   0.385    0.93232E-09  -0.14106E-05   0.12598E-04   0.75690E-07   0.54997E-10  -0.49086E-11
  0.130   0.385    0.29376E-08  -0.14119E-05   0.72975E-05   0.75774E-07   0.16215E-09  -0.37912E-11
  0.130   0.385    0.23905E-08  -0.14555E-05   0.19502E-05   0.78085E-07   0.13020E-09  -0.25117E-11
  0.130   0.385    0.11461E-07  -0.15065E-05   0.12543E-04   0.80761E-07   0.61932E-09  -0.51625E-11
  0.130   0.385    0.98027E-09  -0.14395E-05   0.22780E-04   0.77184E-07   0.61645E-10  -0.74835E-11
  0.130   0.385    0.30926E-08  -0.14035E-05   0.17475E-04   0.75301E-07   0.17266E-09  -0.60980E-11
  0.130   0.385    0.50675E-08  -0.14072E-05   0.12196E-04   0.75511E-07   0.27818E-09  -0.49869E-11
  0.130   0.385    0.44573E-08  -0.14529E-05   0.68611E-05   0.77935E-07   0.24288E-09  -0.37138E-11
  0.130   0.385    0.14933E-07  -0.14989E-05   0.17398E-04   0.80344E-07   0.80727E-09  -0.63457E-11
  0.130   0.385    0.47448E-09  -0.14722E-05   0.27404E-04   0.78928E-07   0.36407E-10  -0.86612E-11
  0.130   0.385    0.26473E-08  -0.14373E-05   0.21974E-04   0.77109E-07   0.15062E-09  -0.72457E-11
  0.130   0.385    0.46503E-08  -0.14433E-05   0.16563E-04   0.77440E-07   0.25764E-09  -0.61084E-11
  0.130   0.385    0.40047E-08  -0.14923E-05   0.11087E-04   0.80038E-07   0.22037E-09  -0.48046E-11
  0.130   0.385    0.15500E-07  -0.15350E-05   0.21898E-04   0.82271E-07   0.83950E-09  -0.74997E-11
  0.130   0.385   -0.11626E-07  -0.15455E-05   0.17216E-04   0.82880E-07  -0.61583E-09  -0.62496E-11
  0.130   0.385   -0.72387E-08  -0.15040E-05   0.11527E-04   0.80708E-07  -0.38306E-09  -0.47627E-11
  0.130   0.385   -0.27456E-08  -0.15049E-05   0.58759E-05   0.80767E-07  -0.14269E-09  -0.35728E-11
  0.130   0.385   -0.93796E-09  -0.15509E-05   0.17776E-06   0.83204E-07  -0.48708E-10  -0.22101E-11
  0.130   0.385    0.29002E-08  -0.16114E-05   0.11535E-04   0.86390E-07   0.16031E-09  -0.50565E-11
  0.193   0.570   -0.11726E-07  -0.49270E-05   0.22578E-04   0.26426E-06  -0.61886E-09  -0.12009E-10
  0.193   0.570   -0.49158E-08  -0.47831E-05   0.44915E-05   0.25671E-06  -0.26141E-09  -0.72550E-11
  0.193   0.570    0.20662E-08  -0.47659E-05  -0.13414E-04   0.25582E-06   0.11152E-09  -0.34759E-11
  0.193   0.570    0.54771E-09  -0.48854E-05  -0.31381E-04   0.26214E-06   0.21144E-10   0.86143E-12
  0.193   0.570    0.24090E-07  -0.51036E-05   0.43865E-05   0.27364E-06   0.12931E-08  -0.81313E-11
  0.193   0.570   -0.34958E-08  -0.47630E-05   0.36894E-04   0.25544E-06  -0.17225E-09  -0.15317E-10
  0.193   0.570    0.33903E-08  -0.46391E-05   0.19380E-04   0.24895E-06   0.18948E-09  -0.10731E-10
  0.193   0.570    0.10043E-07  -0.46389E-05   0.19802E-05   0.24898E-06   0.54477E-09  -0.70715E-11
  0.193   0.570    0.82425E-08  -0.47711E-05  -0.15540E-04   0.25597E-06   0.43961E-09  -0.28653E-11
  0.193   0.570    0.39410E-07  -0.49495E-05   0.19191E-04   0.26535E-06   0.21198E-08  -0.11561E-10
  0.193   0.570    0.42479E-08  -0.47190E-05   0.51951E-04   0.25304E-06   0.24860E-09  -0.18963E-10
  0.193   0.570    0.11344E-07  -0.46113E-05   0.34570E-04   0.24743E-06   0.62161E-09  -0.14430E-10
  0.193   0.570    0.17805E-07  -0.46277E-05   0.17241E-04   0.24834E-06   0.96667E-09  -0.10798E-10
  0.193   0.570    0.15660E-07  -0.47753E-05  -0.26959E-06   0.25617E-06   0.84310E-09  -0.66179E-11
  0.193   0.570    0.55843E-07  -0.49195E-05   0.34292E-04   0.26371E-06   0.30063E-08  -0.15235E-10
  0.193   0.570    0.30193E-08  -0.48068E-05   0.66198E-04   0.25772E-06   0.18856E-09  -0.22578E-10
  0.193   0.570    0.10369E-07  -0.47115E-05   0.48466E-04   0.25278E-06   0.57509E-09  -0.17971E-10
  0.193   0.570    0.16832E-07  -0.47438E-05   0.30729E-04   0.25455E-06   0.92019E-09  -0.14265E-10
  0.193   0.570    0.14459E-07  -0.49100E-05   0.12749E-04   0.26337E-06   0.78422E-09  -0.99950E-11
  0.193   0.570    0.60609E-07  -0.50260E-05   0.48179E-04   0.26939E-06   0.32673E-08  -0.18791E-10
  0.193   0.570   -0.47010E-07  -0.50749E-05   0.36077E-04   0.27217E-06  -0.25033E-08  -0.15510E-10
  0.193   0.570   -0.23402E-07  -0.49412E-05   0.17420E-04   0.26517E-06  -0.12461E-08  -0.10638E-10
  0.193   0.570    0.77041E-09  -0.49389E-05  -0.11086E-05   0.26508E-06   0.47352E-10  -0.67523E-11
  0.193   0.570    0.15662E-07  -0.50778E-05  -0.19758E-04   0.27243E-06   0.83565E-09  -0.22823E-11
  0.193   0.570    0.10769E-07  -0.53089E-05   0.17442E-04   0.28462E-06   0.58497E-09  -0.11625E-10
  0.256   0.755   -0.30031E-07  -0.11663E-04   0.37130E-04   0.62549E-06  -0.15928E-08  -0.24412E-10
  0.256   0.755   -0.13983E-07  -0.11305E-04  -0.55971E-05   0.60671E-06  -0.75095E-09  -0.13140E-10
  0.256   0.755    0.29253E-08  -0.11221E-04  -0.47788E-04   0.60229E-06   0.15172E-09  -0.42412E-11
  0.256   0.755   -0.28684E-09  -0.11438E-04  -0.89913E-04   0.61370E-06  -0.41853E-10   0.60153E-11
  0.256   0.755    0.53146E-07  -0.12045E-04  -0.58335E-05   0.64579E-06   0.28461E-08  -0.15204E-10
  0.256   0.755   -0.81018E-08  -0.11258E-04   0.68463E-04   0.60370E-06  -0.40556E-09  -0.31601E-10
  0.256   0.755    0.84359E-08  -0.10973E-04   0.27106E-04   0.58881E-06   0.46310E-09  -0.20763E-10
  0.256   0.755    0.24371E-07  -0.10957E-04  -0.13972E-04   0.58805E-06   0.13137E-08  -0.12150E-10
  0.256   0.755    0.20114E-07  -0.11232E-04  -0.55232E-04   0.60259E-06   0.10648E-08  -0.21988E-11
  0.256   0.755    0.98476E-07  -0.11690E-04   0.26636E-04   0.62668E-06   0.52877E-08  -0.22708E-10
  0.256   0.755    0.12832E-07  -0.11111E-04   0.10313E-03   0.59574E-06   0.72971E-09  -0.39946E-10
  0.256   0.755    0.30120E-07  -0.10892E-04   0.62193E-04   0.58440E-06   0.16388E-08  -0.29293E-10
  0.256   0.755    0.45297E-07  -0.10945E-04   0.21285E-04   0.58731E-06   0.24488E-08  -0.20768E-10
  0.256   0.755    0.39757E-07  -0.11285E-04  -0.20057E-04   0.60533E-06   0.21314E-08  -0.10894E-10
  0.256   0.755    0.15377E-06  -0.11602E-04   0.61455E-04   0.62189E-06   0.82636E-08  -0.31163E-10
  0.256   0.755    0.11399E-07  -0.11253E-04   0.13572E-03   0.60331E-06   0.66635E-09  -0.48144E-10
  0.256   0.755    0.29470E-07  -0.11092E-04   0.94144E-04   0.59506E-06   0.16173E-08  -0.37399E-10
  0.256   0.755    0.44347E-07  -0.11210E-04   0.52360E-04   0.60149E-06   0.24111E-08  -0.28743E-10
  0.256   0.755    0.37895E-07  -0.11620E-04   0.98926E-05   0.62328E-06   0.20444E-08  -0.18691E-10
  0.256   0.755    0.17446E-06  -0.11813E-04   0.93352E-04   0.63314E-06   0.93854E-08  -0.39290E-10
  0.256   0.755   -0.14100E-06  -0.11978E-04   0.67780E-04   0.64232E-06  -0.75233E-08  -0.32350E-10
  0.256   0.755   -0.54600E-07  -0.11670E-04   0.23787E-04   0.62624E-06  -0.29137E-08  -0.20875E-10
  0.256   0.755    0.33857E-07  -0.11648E-04  -0.19890E-04   0.62512E-06   0.18200E-08  -0.11767E-10
  0.256   0.755    0.98740E-07  -0.11935E-04  -0.63739E-04   0.64030E-06   0.52729E-08  -0.12240E-11
  0.256   0.755    0.29123E-07  -0.12588E-04   0.23821E-04   0.67483E-06   0.15721E-08  -0.23280E-10
  0.321   0.940   -0.65705E-07  -0.23044E-04   0.58290E-04   0.12357E-05  -0.34931E-08  -0.44507E-10
  0.321   0.940   -0.34180E-07  -0.22293E-04  -0.25919E-04   0.11963E-05  -0.18405E-08  -0.22190E-10
  0.321   0.940    0.22377E-09  -0.22017E-04  -0.10879E-03   0.11816E-05  -0.49212E-11  -0.47198E-11
  0.321   0.940   -0.51084E-08  -0.22277E-04  -0.19100E-03   0.11951E-05  -0.33342E-09   0.15521E-10
  0.321   0.940    0.95340E-07  -0.23709E-04  -0.26356E-04   0.12710E-05   0.50982E-08  -0.26238E-10
  0.321   0.940   -0.15963E-07  -0.22201E-04   0.11762E-03   0.11904E-05  -0.80493E-09  -0.58041E-10
  0.321   0.940    0.17343E-07  -0.21660E-04   0.36152E-04   0.11621E-05   0.94442E-09  -0.36672E-10
  0.321   0.940    0.49322E-07  -0.21589E-04  -0.44742E-04   0.11585E-05   0.26502E-08  -0.19778E-10
  0.321   0.940    0.40925E-07  -0.22037E-04  -0.12573E-03   0.11821E-05   0.21588E-08  -0.12486E-12
  0.321   0.940    0.20775E-06  -0.23032E-04   0.35168E-04   0.12345E-05   0.11145E-07  -0.40466E-10
  0.321   0.940    0.32268E-07  -0.21800E-04   0.18473E-03   0.11687E-05   0.18056E-08  -0.74069E-10
  0.321   0.940    0.67715E-07  -0.21461E-04   0.10438E-03   0.11513E-05   0.36704E-08  -0.53221E-10
  0.321   0.940    0.97403E-07  -0.21601E-04   0.23826E-04   0.11590E-05   0.52533E-08  -0.36560E-10
  0.321   0.940    0.85243E-07  -0.22248E-04  -0.57593E-04   0.11933E-05   0.45608E-08  -0.17100E-10
  0.321   0.940    0.35828E-06  -0.22815E-04   0.10271E-03   0.12228E-05   0.19235E-07  -0.56826E-10
  0.321   0.940    0.33369E-07  -0.21914E-04   0.24752E-03   0.11747E-05   0.18907E-08  -0.89675E-10
  0.321   0.940    0.70829E-07  -0.21760E-04   0.16641E-03   0.11672E-05   0.38636E-08  -0.68854E-10
  0.321   0.940    0.99133E-07  -0.22101E-04   0.84356E-04   0.11857E-05   0.53722E-08  -0.52043E-10
  0.321   0.940    0.84191E-07  -0.22955E-04   0.67867E-06   0.12311E-05   0.45298E-08  -0.32327E-10
  0.321   0.940    0.42327E-06  -0.23126E-04   0.16456E-03   0.12393E-05   0.22743E-07  -0.72459E-10
  0.321   0.940   -0.35542E-06  -0.23576E-04   0.11738E-03   0.12641E-05  -0.18983E-07  -0.59754E-10
  0.321   0.940   -0.10624E-06  -0.22992E-04   0.30887E-04   0.12336E-05  -0.56743E-08  -0.37233E-10
  0.321   0.940    0.14887E-06  -0.22904E-04  -0.54957E-04   0.12291E-05   0.79769E-08  -0.19463E-10
  0.321   0.940    0.35284E-06  -0.23366E-04  -0.14084E-03   0.12534E-05   0.18856E-07   0.12775E-11
  0.321   0.940    0.66915E-07  -0.24928E-04   0.30907E-04   0.13362E-05   0.36012E-08  -0.42156E-10
