  0.000   0.000   0.000000E+00  0.000000E+00
  0.000   0.000   0.000000E+00  0.000000E+00
  0.000   0.000   0.000000E+00  0.000000E+00
  0.000   0.000   0.000000E+00  0.000000E+00
  0.000   0.000   0.000000E+00  0.000000E+00
 -1.000  -1.000            NaN           NaN
 -1.000  -1.000            NaN           NaN
 -1.000  -1.000            NaN           NaN
 -1.000  -1.000            NaN           NaN
 -1.000  -1.000            NaN           NaN
  0.067   0.200   0.154491E+00 -0.503854E+03
  0.067   0.200  -0.133277E+02 -0.503649E+03
  0.067   0.200  -0.266828E+02 -0.503125E+03
  0.067   0.200  -0.401239E+02 -0.502271E+03
  0.067   0.200  -0.133599E+02 -0.503701E+03
  0.130   0.385   0.807092E-01 -0.502489E+03
  0.130   0.385  -0.258654E+02 -0.501729E+03
  0.130   0.385  -0.515191E+02 -0.499787E+03
  0.130   0.385  -0.772507E+02 -0.496625E+03
  0.130   0.385  -0.259364E+02 -0.501924E+03
  0.193   0.570  -0.179175E+00 -0.500430E+03
  0.193   0.570  -0.385753E+02 -0.498761E+03
  0.193   0.570  -0.764212E+02 -0.494499E+03
  0.193   0.570  -0.114169E+03 -0.487574E+03
  0.193   0.570  -0.387019E+02 -0.499190E+03
  0.256   0.755  -0.612414E+00 -0.497721E+03
  0.256   0.755  -0.514366E+02 -0.494784E+03
  0.256   0.755  -0.101313E+03 -0.487295E+03
  0.256   0.755  -0.150664E+03 -0.475158E+03
  0.256   0.755  -0.516428E+02 -0.495541E+03
  0.321   0.940  -0.121015E+01 -0.494388E+03
  0.321   0.940  -0.644326E+02 -0.489815E+03
  0.321   0.940  -0.126120E+03 -0.478182E+03
  0.321   0.940  -0.186513E+03 -0.459392E+03
  0.321   0.940  -0.647496E+02 -0.490997E+03
  0.386   1.125  -0.196743E+01 -0.490446E+03
  0.386   1.125  -0.775495E+02 -0.483861E+03
  0.386   1.125  -0.150766E+03 -0.467155E+03
  0.386   1.125  -0.221482E+03 -0.440286E+03
  0.386   1.125  -0.780156E+02 -0.485568E+03
  0.453   1.310  -0.288240E+01 -0.485906E+03
  0.453   1.310  -0.907751E+02 -0.476920E+03
  0.453   1.310  -0.175167E+03 -0.454198E+03
  0.453   1.310  -0.255318E+03 -0.417839E+03
  0.453   1.310  -0.914362E+02 -0.479254E+03
  0.521   1.495  -0.395598E+01 -0.480775E+03
  0.521   1.495  -0.104099E+03 -0.468982E+03
  0.521   1.495  -0.199236E+03 -0.439285E+03
  0.521   1.495  -0.287748E+03 -0.392055E+03
  0.521   1.495  -0.105008E+03 -0.472051E+03
  0.591   1.680  -0.519172E+01 -0.475055E+03
  0.591   1.680  -0.117511E+03 -0.460036E+03
  0.591   1.680  -0.222876E+03 -0.422386E+03
  0.591   1.680  -0.318468E+03 -0.362940E+03
  0.591   1.680  -0.118728E+03 -0.463948E+03
  0.663   1.865  -0.659586E+01 -0.468750E+03
  0.663   1.865  -0.131001E+03 -0.450061E+03
  0.663   1.865  -0.245978E+03 -0.403462E+03
  0.663   1.865  -0.347141E+03 -0.330509E+03
  0.663   1.865  -0.132595E+03 -0.454931E+03
  0.738   2.050  -0.817736E+01 -0.461860E+03
  0.738   2.050  -0.144559E+03 -0.439036E+03
  0.738   2.050  -0.268415E+03 -0.382473E+03
  0.738   2.050  -0.373388E+03 -0.294798E+03
  0.738   2.050  -0.146605E+03 -0.444980E+03
  0.815   2.235  -0.994800E+01 -0.454389E+03
  0.815   2.235  -0.158173E+03 -0.426935E+03
  0.815   2.235  -0.290045E+03 -0.359377E+03
  0.815   2.235  -0.396781E+03 -0.255867E+03
  0.815   2.235  -0.160754E+03 -0.434073E+03
  0.895   2.420  -0.119230E+02 -0.446337E+03
  0.895   2.420  -0.171829E+03 -0.413728E+03
  0.895   2.420  -0.310699E+03 -0.334130E+03
  0.895   2.420  -0.416837E+03 -0.213817E+03
  0.895   2.420  -0.175036E+03 -0.422183E+03
  0.979   2.605  -0.141186E+02 -0.437714E+03
  0.979   2.605  -0.185507E+03 -0.399390E+03
  0.979   2.605  -0.330182E+03 -0.306703E+03
  0.979   2.605  -0.433011E+03 -0.168808E+03
  0.979   2.605  -0.189438E+03 -0.409283E+03
  1.067   2.790  -0.165568E+02 -0.428525E+03
  1.067   2.790  -0.199188E+03 -0.383887E+03
  1.067   2.790  -0.348264E+03 -0.277066E+03
  1.067   2.790  -0.444688E+03 -0.121072E+03
  1.067   2.790  -0.203943E+03 -0.395340E+03
  1.159   2.975  -0.192607E+02 -0.418787E+03
  1.159   2.975  -0.212839E+03 -0.367191E+03
  1.159   2.975  -0.364674E+03 -0.245217E+03
  1.159   2.975  -0.451186E+03 -0.709474E+02
  1.159   2.975  -0.218525E+03 -0.380324E+03
  1.255   3.160  -0.222553E+02 -0.408525E+03
  1.255   3.160  -0.226424E+03 -0.349283E+03
  1.255   3.160  -0.379098E+03 -0.211183E+03
  1.255   3.160  -0.451757E+03 -0.189083E+02
  1.255   3.160  -0.233143E+03 -0.364205E+03
  1.358   3.345  -0.255655E+02 -0.397771E+03
  1.358   3.345  -0.239888E+03 -0.330145E+03
  1.358   3.345  -0.391166E+03 -0.175034E+03
  1.358   3.345  -0.445599E+03  0.343968E+02
  1.358   3.345  -0.247739E+03 -0.346955E+03
  1.466   3.530  -0.292135E+02 -0.386578E+03
  1.466   3.530  -0.253167E+03 -0.309785E+03
  1.466   3.530  -0.400460E+03 -0.136905E+03
  1.466   3.530  -0.431887E+03  0.880996E+02
  1.466   3.530  -0.262230E+03 -0.328558E+03
  1.581   3.715  -0.332181E+02 -0.375011E+03
  1.581   3.715  -0.266171E+03 -0.288221E+03
  1.581   3.715  -0.406504E+03 -0.970141E+02
  1.581   3.715  -0.409820E+03  0.141071E+03
  1.581   3.715  -0.276502E+03 -0.309003E+03
  1.703   3.900  -0.375806E+02 -0.363168E+03
  1.703   3.900  -0.278788E+03 -0.265521E+03
  1.703   3.900  -0.408781E+03 -0.557008E+02
  1.703   3.900  -0.378692E+03  0.191875E+03
  1.703   3.900  -0.290402E+03 -0.288311E+03
  1.832   4.085  -0.422888E+02 -0.351156E+03
  1.832   4.085  -0.290873E+03 -0.241777E+03
  1.832   4.085  -0.406732E+03 -0.134358E+02
  1.832   4.085  -0.337993E+03  0.238753E+03
  1.832   4.085  -0.303722E+03 -0.266513E+03
  1.970   4.270  -0.472979E+02 -0.339111E+03
  1.970   4.270  -0.302244E+03 -0.217145E+03
  1.970   4.270  -0.399789E+03  0.291349E+02
  1.970   4.270  -0.287541E+03  0.279624E+03
  1.970   4.270  -0.316193E+03 -0.243677E+03
  2.116   4.455  -0.525264E+02 -0.327181E+03
  2.116   4.455  -0.312674E+03 -0.191837E+03
  2.116   4.455  -0.387402E+03  0.711761E+02
  2.116   4.455  -0.227638E+03  0.312148E+03
  2.116   4.455  -0.327472E+03 -0.219898E+03
  2.270   4.640  -0.578403E+02 -0.315529E+03
  2.270   4.640  -0.321881E+03 -0.166143E+03
  2.270   4.640  -0.369085E+03  0.111653E+03
  2.270   4.640  -0.159234E+03  0.333854E+03
  2.270   4.640  -0.337128E+03 -0.195304E+03
  2.434   4.825  -0.630613E+02 -0.304276E+03
  2.434   4.825  -0.329519E+03 -0.140394E+03
  2.434   4.825  -0.344446E+03  0.149363E+03
  2.434   4.825  -0.840610E+02  0.342351E+03
  2.434   4.825  -0.344647E+03 -0.170014E+03
  2.607   5.010  -0.679643E+02 -0.293505E+03
  2.607   5.010  -0.335174E+03 -0.114961E+03
  2.607   5.010  -0.313251E+03  0.182984E+03
  2.607   5.010  -0.474086E+01  0.335624E+03
  2.607   5.010  -0.349442E+03 -0.144119E+03
  2.789   5.195  -0.723137E+02 -0.283207E+03
  2.789   5.195  -0.338372E+03 -0.901946E+02
  2.789   5.195  -0.275476E+03  0.211182E+03
  2.789   5.195   0.751989E+02  0.312378E+03
  2.789   5.195  -0.350906E+03 -0.117625E+03
  2.979   5.380  -0.759176E+02 -0.273276E+03
  2.979   5.380  -0.338624E+03 -0.663664E+02
  2.979   5.380  -0.231388E+03  0.232742E+03
  2.979   5.380   0.151408E+03  0.272389E+03
  2.979   5.380  -0.348510E+03 -0.904233E+02
  3.179   5.565  -0.787091E+02 -0.263513E+03
  3.179   5.565  -0.335514E+03 -0.436077E+02
  3.179   5.565  -0.181642E+03  0.246709E+03
  3.179   5.565   0.218938E+03  0.216753E+03
  3.179   5.565  -0.341934E+03 -0.623045E+02
  3.387   5.750  -0.807953E+02 -0.253725E+03
  3.387   5.750  -0.328821E+03 -0.219252E+02
  3.387   5.750  -0.127395E+03  0.252458E+03
  3.387   5.750   0.272646E+03  0.148002E+03
  3.387   5.750  -0.331177E+03 -0.330771E+02
  3.603   5.935  -0.824461E+02 -0.243828E+03
  3.603   5.935  -0.318605E+03 -0.128727E+01
  3.603   5.935  -0.703388E+02  0.249691E+03
  3.603   5.935   0.307782E+03  0.700492E+02
  3.603   5.935  -0.316559E+03 -0.272986E+01
  3.827   6.120  -0.839798E+02 -0.233952E+03
  3.827   6.120  -0.305207E+03  0.182256E+02
  3.827   6.120  -0.126349E+02  0.238402E+03
  3.827   6.120   0.320701E+03 -0.119591E+02
  3.827   6.120  -0.298599E+03  0.284381E+02
  4.059   6.305  -0.856537E+02 -0.224379E+03
  4.059   6.305  -0.289114E+03  0.363486E+02
  4.059   6.305   0.433021E+02  0.218808E+03
  4.059   6.305   0.309517E+03 -0.919807E+02
  4.059   6.305  -0.277810E+03  0.598479E+02
  4.299   6.490  -0.875420E+02 -0.215536E+03
  4.299   6.490  -0.270828E+03  0.526125E+02
  4.299   6.490   0.950198E+02  0.191462E+03
  4.299   6.490   0.274612E+03 -0.163448E+03
  4.299   6.490  -0.254614E+03  0.907626E+02
  4.546   6.675  -0.895596E+02 -0.207813E+03
  4.546   6.675  -0.250743E+03  0.664379E+02
  4.546   6.675   0.140234E+03  0.157270E+03
  4.546   6.675   0.218831E+03 -0.219961E+03
  4.546   6.675  -0.229321E+03  0.120487E+03
  4.800   6.860  -0.914590E+02 -0.201569E+03
  4.800   6.860  -0.229083E+03  0.772163E+02
  4.800   6.860   0.176982E+03  0.117552E+03
  4.800   6.860   0.147448E+03 -0.256060E+03
  4.800   6.860  -0.202267E+03  0.148467E+03
  5.062   7.045  -0.928604E+02 -0.197092E+03
  5.062   7.045  -0.205869E+03  0.843931E+02
  5.062   7.045   0.203799E+03  0.740063E+02
  5.062   7.045   0.678488E+02 -0.268059E+03
  5.062   7.045  -0.173983E+03  0.174314E+03
  5.331   7.230  -0.931961E+02 -0.194595E+03
  5.331   7.230  -0.180831E+03  0.875528E+02
  5.331   7.230   0.219922E+03  0.287050E+02
  5.331   7.230  -0.111012E+02 -0.254705E+03
  5.331   7.230  -0.145384E+03  0.197680E+03
  5.607   7.415  -0.915815E+02 -0.194079E+03
  5.607   7.415  -0.153307E+03  0.866370E+02
  5.607   7.415   0.225421E+03 -0.157549E+02
  5.607   7.415  -0.800589E+02 -0.217530E+03
  5.607   7.415  -0.117883E+03  0.217901E+03
  5.890   7.600  -0.868486E+02 -0.194917E+03
  5.890   7.600  -0.122293E+03  0.824558E+02
  5.890   7.600   0.220938E+03 -0.560197E+02
  5.890   7.600  -0.130628E+03 -0.160912E+03
  5.890   7.600  -0.931055E+02  0.233437E+03
  6.180   7.785  -0.781904E+02 -0.195403E+03
  6.180   7.785  -0.872559E+02  0.773323E+02
  6.180   7.785   0.206811E+03 -0.881799E+02
  6.180   7.785  -0.156873E+03 -0.920743E+02
  6.180   7.785  -0.718327E+02  0.241511E+03
  6.477   7.970  -0.663505E+02 -0.193325E+03
  6.477   7.970  -0.499038E+02  0.745353E+02
  6.477   7.970   0.182337E+03 -0.109250E+03
  6.477   7.970  -0.156171E+03 -0.209411E+02
  6.477   7.970  -0.525282E+02  0.239195E+03
  6.781   8.155  -0.534908E+02 -0.187816E+03
  6.781   8.155  -0.147057E+02  0.755148E+02
  6.781   8.155   0.146901E+03 -0.119067E+03
  6.781   8.155  -0.128762E+03  0.411632E+02
  6.781   8.155  -0.316136E+02  0.225967E+03
  7.092   8.340  -0.410180E+02 -0.179703E+03
  7.092   8.340   0.140229E+02  0.777371E+02
  7.092   8.340   0.102410E+03 -0.120056E+03
  7.092   8.340  -0.775227E+02  0.849001E+02
  7.092   8.340  -0.632304E+01  0.204760E+03
  7.411   8.525  -0.291111E+02 -0.169368E+03
  7.411   8.525   0.358152E+02  0.765639E+02
  7.411   8.525   0.540569E+02 -0.114720E+03
  7.411   8.525  -0.992047E+01  0.106026E+03
  7.411   8.525   0.229952E+02  0.180004E+03
  7.736   8.710  -0.187432E+02 -0.156591E+03
  7.736   8.710   0.539774E+02  0.696938E+02
  7.736   8.710   0.829528E+01 -0.103495E+03
  7.736   8.710   0.603825E+02  0.104105E+03
  7.736   8.710   0.531331E+02  0.154699E+03
  8.068   8.895  -0.113165E+02 -0.142602E+03
  8.068   8.895   0.714544E+02  0.587328E+02
  8.068   8.895  -0.302115E+02 -0.853834E+02
  8.068   8.895   0.117895E+03  0.796629E+02
  8.068   8.895   0.806532E+02  0.128978E+03
  8.407   9.080  -0.657796E+01 -0.129438E+03
  8.407   9.080   0.885633E+02  0.462250E+02
  8.407   9.080  -0.591532E+02 -0.604492E+02
  8.407   9.080   0.151334E+03  0.362199E+02
  8.407   9.080   0.104149E+03  0.101680E+03
  8.753   9.265  -0.292692E+01 -0.118167E+03
  8.753   9.265   0.104606E+03  0.335977E+02
  8.753   9.265  -0.771156E+02 -0.304116E+02
  8.753   9.265   0.154809E+03 -0.172713E+02
  8.753   9.265   0.123943E+03  0.723397E+02
  9.106   9.450   0.157812E+01 -0.108506E+03
  9.106   9.450   0.119286E+03  0.218977E+02
  9.106   9.450  -0.830044E+02  0.228350E+01
  9.106   9.450   0.127194E+03 -0.682451E+02
  9.106   9.450   0.141187E+03  0.417176E+02
  9.466   9.635   0.870868E+01 -0.985237E+02
  9.466   9.635   0.132362E+03  0.130820E+02
  9.466   9.635  -0.763400E+02  0.354772E+02
  9.466   9.635   0.721540E+02 -0.104426E+03
  9.466   9.635   0.157376E+03  0.123933E+02
  9.833   9.820   0.181535E+02 -0.838295E+02
  9.833   9.820   0.141392E+03  0.102271E+02
  9.833   9.820  -0.584048E+02  0.682083E+02
  9.833   9.820  -0.139196E+01 -0.118344E+03
  9.833   9.820   0.172202E+03 -0.101019E+02
 10.207  10.005   0.231769E+02 -0.611335E+02
 10.207  10.005   0.139589E+03  0.127633E+02
 10.207  10.005  -0.345143E+02  0.992392E+02
 10.207  10.005  -0.771418E+02 -0.109278E+03
 10.207  10.005   0.178315E+03 -0.209268E+02
 10.588  10.190   0.164355E+02 -0.378550E+02
 10.588  10.190   0.124781E+03  0.113728E+02
 10.588  10.190  -0.109332E+02  0.122393E+03
 10.588  10.190  -0.134298E+03 -0.774079E+02
 10.588  10.190   0.167196E+03 -0.273157E+02
 10.976  10.375   0.313742E+01 -0.229156E+02
 10.976  10.375   0.105764E+03  0.133930E+01
 10.976  10.375   0.120334E+02  0.131531E+03
 10.976  10.375  -0.161110E+03 -0.247630E+02
 10.976  10.375   0.144820E+03 -0.390679E+02
 11.371  10.560  -0.970221E+01 -0.152656E+02
 11.371  10.560   0.884127E+02 -0.129396E+02
 11.371  10.560   0.348115E+02  0.126700E+03
 11.371  10.560  -0.155456E+03  0.363603E+02
 11.371  10.560   0.120248E+03 -0.543134E+02
 11.773  10.745  -0.204396E+02 -0.116625E+02
 11.773  10.745   0.733504E+02 -0.275182E+02
 11.773  10.745   0.552757E+02  0.110274E+03
 11.773  10.745  -0.119990E+03  0.889043E+02
 11.773  10.745   0.963164E+02 -0.679653E+02
 12.182  10.930  -0.291674E+02 -0.107680E+02
 12.182  10.930   0.602684E+02 -0.404641E+02
 12.182  10.930   0.706720E+02  0.846854E+02
 12.182  10.930  -0.627962E+02  0.118253E+03
 12.182  10.930   0.727762E+02 -0.768927E+02
 12.597  11.115  -0.355954E+02 -0.120152E+02
 12.597  11.115   0.490255E+02 -0.504400E+02
 12.597  11.115   0.794166E+02  0.529895E+02
 12.597  11.115   0.265177E+01  0.116801E+03
 12.597  11.115   0.488253E+02 -0.800624E+02
 13.020  11.300  -0.392079E+02 -0.145135E+02
 13.020  11.300   0.391141E+02 -0.564651E+02
 13.020  11.300   0.811769E+02  0.193011E+02
 13.020  11.300   0.601780E+02  0.855964E+02
 13.020  11.300   0.240840E+02 -0.781134E+02
 13.450  11.485  -0.400576E+02 -0.169056E+02
 13.450  11.485   0.296918E+02 -0.583940E+02
 13.450  11.485   0.760686E+02 -0.115286E+02
 13.450  11.485   0.952328E+02  0.335357E+02
 13.450  11.485  -0.676142E+00 -0.725539E+02
 13.887  11.670  -0.392428E+02 -0.183423E+02
 13.887  11.670   0.205458E+02 -0.571751E+02
 13.887  11.670   0.646528E+02 -0.352389E+02
 13.887  11.670   0.100242E+03 -0.249989E+02
 13.887  11.670  -0.233611E+02 -0.651623E+02
 14.331  11.855  -0.380610E+02 -0.193750E+02
 14.331  11.855   0.121490E+02 -0.539277E+02
 14.331  11.855   0.480783E+02 -0.497799E+02
 14.331  11.855   0.776105E+02 -0.742479E+02
 14.331  11.855  -0.412055E+02 -0.567232E+02
 14.781  12.040  -0.367776E+02 -0.218801E+02
 14.781  12.040   0.497912E+01 -0.500028E+02
 14.781  12.040   0.289410E+02 -0.558713E+02
 14.781  12.040   0.390698E+02 -0.101241E+03
 14.781  12.040  -0.521462E+02 -0.472001E+02
 15.239  12.225  -0.344795E+02 -0.281698E+02
 15.239  12.225  -0.680751E+00 -0.482259E+02
 15.239  12.225   0.111275E+02 -0.571485E+02
 15.239  12.225   0.493081E-01 -0.102311E+03
 15.239  12.225  -0.565044E+02 -0.379689E+02
 15.704  12.410  -0.294617E+02 -0.421651E+02
 15.704  12.410  -0.426094E+01 -0.533856E+02
 15.704  12.410  -0.251415E+01 -0.601137E+02
 15.704  12.410  -0.268075E+02 -0.880860E+02
 15.704  12.410  -0.549993E+02 -0.353887E+02
 16.176  12.595  -0.168348E+02 -0.717910E+02
 16.176  12.595  -0.662872E+01 -0.733419E+02
 16.176  12.595  -0.140972E+02 -0.765422E+02
 16.176  12.595  -0.416459E+02 -0.808687E+02
 16.176  12.595  -0.460304E+02 -0.521281E+02
 16.654  12.780   0.204271E+02 -0.129170E+03
 16.654  12.780  -0.130183E+02 -0.124904E+03
 16.654  12.780  -0.314001E+02 -0.127068E+03
 16.654  12.780  -0.735301E+02 -0.106360E+03
 16.654  12.780  -0.196090E+02 -0.109191E+03
 17.140  12.965   0.127688E+03 -0.200714E+03
 17.140  12.965  -0.199339E+02 -0.256840E+03
 17.140  12.965  -0.526559E+02 -0.225989E+03
 17.140  12.965  -0.182479E+03 -0.209034E+03
 17.140  12.965   0.612283E+02 -0.212571E+03
 17.633  13.150   0.291038E+03 -0.195432E+03
 17.633  13.150   0.115674E+03 -0.486814E+03
 17.633  13.150  -0.110883E+03 -0.361280E+03
 17.633  13.150  -0.281593E+03 -0.443982E+03
 17.633  13.150   0.224830E+03 -0.316051E+03
 18.132  13.335   0.401520E+03 -0.993337E+02
 18.132  13.335   0.385880E+03 -0.467723E+03
 18.132  13.335  -0.764492E+02 -0.534028E+03
 18.132  13.335  -0.217383E+03 -0.504187E+03
 18.132  13.335   0.409044E+03 -0.236523E+03
 18.639  13.520   0.384627E+03  0.222943E+02
 18.639  13.520   0.393872E+03 -0.283137E+03
 18.639  13.520  -0.299585E+02 -0.469548E+03
 18.639  13.520  -0.260220E+03 -0.308848E+03
 18.639  13.520   0.374729E+03 -0.146188E+03
 19.152  13.705   0.300546E+03  0.832720E+02
 19.152  13.705   0.282613E+03 -0.190312E+03
 19.152  13.705  -0.770709E+02 -0.356718E+03
 19.152  13.705  -0.322024E+03 -0.132904E+03
 19.152  13.705   0.316486E+03 -0.115571E+03
 19.673  13.890   0.214164E+03  0.112233E+03
 19.673  13.890   0.195758E+03 -0.148036E+03
 19.673  13.890  -0.111825E+03 -0.263512E+03
 19.673  13.890  -0.295212E+03 -0.682588E+00
 19.673  13.890   0.256268E+03 -0.947468E+02
 20.200  14.075   0.140920E+03  0.126474E+03
 20.200  14.075   0.147000E+03 -0.122512E+03
 20.200  14.075  -0.124878E+03 -0.188048E+03
 20.200  14.075  -0.214153E+03  0.959025E+02
 20.200  14.075   0.203963E+03 -0.846249E+02
 20.735  14.260   0.862520E+02  0.132371E+03
 20.735  14.260   0.122422E+03 -0.107252E+03
 20.735  14.260  -0.131951E+03 -0.126128E+03
 20.735  14.260  -0.115916E+03  0.151298E+03
 20.735  14.260   0.163486E+03 -0.839756E+02
 21.276  14.445   0.494065E+02  0.132703E+03
 21.276  14.445   0.106877E+03 -0.101289E+03
 21.276  14.445  -0.138314E+03 -0.709448E+02
 21.276  14.445  -0.172608E+02  0.161718E+03
 21.276  14.445   0.131973E+03 -0.896039E+02
 21.825  14.630   0.266935E+02  0.129299E+03
 21.825  14.630   0.911672E+02 -0.102104E+03
 21.825  14.630  -0.138406E+03 -0.177149E+02
 21.825  14.630   0.667712E+02  0.127688E+03
 21.825  14.630   0.104790E+03 -0.976601E+02
 22.380  14.815   0.137376E+02  0.123566E+03
 22.380  14.815   0.719049E+02 -0.105632E+03
 22.380  14.815  -0.124812E+03  0.323141E+02
 22.380  14.815   0.116969E+03  0.594115E+02
 22.380  14.815   0.786592E+02 -0.104760E+03
