  0.000   0.000   0.000000E+00  0.000000E+00
  0.000   0.000   0.000000E+00  0.000000E+00
  0.000   0.000   0.000000E+00  0.000000E+00
  0.000   0.000   0.000000E+00  0.000000E+00
  0.000   0.000   0.000000E+00  0.000000E+00
 -1.000  -1.000            NaN           NaN
 -1.000  -1.000            NaN           NaN
 -1.000  -1.000            NaN           NaN
 -1.000  -1.000            NaN           NaN
 -1.000  -1.000            NaN           NaN
  0.067   0.200  -0.564725E-02  0.357519E-02
  0.067   0.200  -0.856642E-03  0.281956E-02
  0.067   0.200   0.416328E-02  0.334316E-02
  0.067   0.200   0.330762E-02  0.435356E-02
  0.067   0.200   0.315097E-02  0.147242E-01
  0.130   0.385  -0.111651E-01 -0.301941E-02
  0.130   0.385  -0.198412E-02 -0.583704E-02
  0.130   0.385   0.782776E-02 -0.389320E-02
  0.130   0.385   0.631935E-02 -0.134114E-03
  0.130   0.385   0.749924E-02  0.388405E-01
  0.193   0.570  -0.172107E-01 -0.140954E-01
  0.193   0.570  -0.371215E-02 -0.203263E-01
  0.193   0.570   0.111841E-01 -0.160489E-01
  0.193   0.570   0.929754E-02 -0.774720E-02
  0.193   0.570   0.142766E-01  0.793610E-01
  0.256   0.755  -0.239438E-01 -0.300735E-01
  0.256   0.755  -0.625253E-02 -0.411301E-01
  0.256   0.755   0.141682E-01 -0.335829E-01
  0.256   0.755   0.123324E-01 -0.188523E-01
  0.256   0.755   0.242891E-01  0.137674E+00
  0.321   0.940  -0.314853E-01 -0.515299E-01
  0.321   0.940  -0.975919E-02 -0.689188E-01
  0.321   0.940   0.168030E-01 -0.571287E-01
  0.321   0.940   0.156237E-01 -0.339466E-01
  0.321   0.940   0.382049E-01  0.215525E+00
