  0.000   0.000   0.000000E+00  0.000000E+00
  0.000   0.000   0.000000E+00  0.000000E+00
  0.000   0.000   0.000000E+00  0.000000E+00
  0.000   0.000   0.000000E+00  0.000000E+00
  0.000   0.000   0.000000E+00  0.000000E+00
 -1.000  -1.000            NaN           NaN
 -1.000  -1.000            NaN           NaN
 -1.000  -1.000            NaN           NaN
 -1.000  -1.000            NaN           NaN
 -1.000  -1.000            NaN           NaN
  0.067   0.200  -0.366670E+01 -0.446657E-02
  0.067   0.200  -0.355800E+01  0.764193E-01
  0.067   0.200  -0.355137E+01  0.163212E+00
  0.067   0.200  -0.365390E+01  0.253363E+00
  0.067   0.200  -0.380416E+01  0.815669E-01
  0.130   0.385  -0.706478E+01  0.363562E-01
  0.130   0.385  -0.684766E+01  0.336658E+00
  0.130   0.385  -0.681674E+01  0.658198E+00
  0.130   0.385  -0.698636E+01  0.991412E+00
  0.130   0.385  -0.732545E+01  0.355972E+00
  0.193   0.570  -0.104774E+02  0.103365E+00
  0.193   0.570  -0.101366E+02  0.763867E+00
  0.193   0.570  -0.100464E+02  0.146862E+01
  0.193   0.570  -0.102298E+02  0.219617E+01
  0.193   0.570  -0.108537E+02  0.807119E+00
  0.256   0.755  -0.139018E+02  0.197120E+00
  0.256   0.755  -0.134143E+02  0.136065E+01
  0.256   0.755  -0.132119E+02  0.259620E+01
  0.256   0.755  -0.133286E+02  0.386464E+01
  0.256   0.755  -0.143815E+02  0.143876E+01
  0.321   0.940  -0.173467E+02  0.318355E+00
  0.321   0.940  -0.166810E+02  0.213153E+01
  0.321   0.940  -0.162942E+02  0.404494E+01
  0.321   0.940  -0.162353E+02  0.599483E+01
  0.321   0.940  -0.179129E+02  0.225714E+01
