  0.000   0.000   0.000000E+00  0.000000E+00
  0.000   0.000   0.000000E+00  0.000000E+00
  0.000   0.000   0.000000E+00  0.000000E+00
  0.000   0.000   0.000000E+00  0.000000E+00
  0.000   0.000   0.000000E+00  0.000000E+00
 -1.000  -1.000            NaN           NaN
 -1.000  -1.000            NaN           NaN
 -1.000  -1.000            NaN           NaN
 -1.000  -1.000            NaN           NaN
 -1.000  -1.000            NaN           NaN
  0.067   0.200  -0.636792E-05  0.123770E-03
  0.067   0.200  -0.280108E-05  0.123846E-03
  0.067   0.200   0.479398E-06  0.123855E-03
  0.067   0.200   0.354517E-05  0.123786E-03
  0.067   0.200  -0.338318E-05  0.123869E-03
  0.130   0.385  -0.122725E-04  0.123829E-03
  0.130   0.385  -0.538647E-05  0.124110E-03
  0.130   0.385   0.951107E-06  0.124140E-03
  0.130   0.385   0.686621E-05  0.123882E-03
  0.130   0.385  -0.651656E-05  0.124196E-03
  0.193   0.570  -0.182124E-04  0.123929E-03
  0.193   0.570  -0.796607E-05  0.124546E-03
  0.193   0.570   0.147345E-05  0.124609E-03
  0.193   0.570   0.102605E-04  0.124038E-03
  0.193   0.570  -0.966384E-05  0.124738E-03
  0.256   0.755  -0.241907E-04  0.124068E-03
  0.256   0.755  -0.105188E-04  0.125154E-03
  0.256   0.755   0.208810E-05  0.125251E-03
  0.256   0.755   0.137853E-04  0.124242E-03
  0.256   0.755  -0.128087E-04  0.125497E-03
  0.321   0.940  -0.302171E-04  0.124231E-03
  0.321   0.940  -0.130360E-04  0.125946E-03
  0.321   0.940   0.283455E-05  0.126074E-03
  0.321   0.940   0.175016E-04  0.124456E-03
  0.321   0.940  -0.159551E-04  0.126487E-03
  0.386   1.125  -0.362890E-04  0.124494E-03
  0.386   1.125  -0.155341E-04  0.126956E-03
  0.386   1.125   0.371245E-05  0.127108E-03
  0.386   1.125   0.214063E-04  0.124748E-03
  0.386   1.125  -0.191380E-04  0.127770E-03
  0.453   1.310  -0.424539E-04  0.124836E-03
  0.453   1.310  -0.179349E-04  0.128099E-03
  0.453   1.310   0.484391E-05  0.128236E-03
  0.453   1.310   0.256351E-04  0.124955E-03
  0.453   1.310  -0.223075E-04  0.129250E-03
  0.521   1.495  -0.487228E-04  0.125078E-03
  0.521   1.495  -0.203374E-04  0.129431E-03
  0.521   1.495   0.614257E-05  0.129516E-03
  0.521   1.495   0.301585E-04  0.125118E-03
  0.521   1.495  -0.255220E-04  0.131016E-03
  0.591   1.680  -0.551338E-04  0.125461E-03
  0.591   1.680  -0.225873E-04  0.131093E-03
  0.591   1.680   0.780672E-05  0.131082E-03
  0.591   1.680   0.351600E-04  0.125235E-03
  0.591   1.680  -0.286809E-04  0.133137E-03
  0.663   1.865  -0.615169E-04  0.125995E-03
  0.663   1.865  -0.247730E-04  0.132944E-03
  0.663   1.865   0.980800E-05  0.132688E-03
  0.663   1.865   0.406014E-04  0.125236E-03
  0.663   1.865  -0.318186E-04  0.135550E-03
  0.738   2.050  -0.681497E-04  0.126607E-03
  0.738   2.050  -0.267200E-04  0.134984E-03
  0.738   2.050   0.122658E-04  0.134263E-03
  0.738   2.050   0.466715E-04  0.124802E-03
  0.738   2.050  -0.350123E-04  0.138327E-03
  0.815   2.235  -0.749176E-04  0.127378E-03
  0.815   2.235  -0.286550E-04  0.137163E-03
  0.815   2.235   0.152248E-04  0.136194E-03
  0.815   2.235   0.535058E-04  0.124392E-03
  0.815   2.235  -0.381192E-04  0.141690E-03
  0.895   2.420  -0.819511E-04  0.128050E-03
  0.895   2.420  -0.303565E-04  0.139899E-03
  0.895   2.420   0.187171E-04  0.137996E-03
  0.895   2.420   0.609537E-04  0.123313E-03
  0.895   2.420  -0.412180E-04  0.145490E-03
  0.979   2.605  -0.891482E-04  0.128719E-03
  0.979   2.605  -0.316387E-04  0.142581E-03
  0.979   2.605   0.230369E-04  0.139684E-03
  0.979   2.605   0.695038E-04  0.121820E-03
  0.979   2.605  -0.442332E-04  0.149929E-03
  1.067   2.790  -0.962649E-04  0.129286E-03
  1.067   2.790  -0.328455E-04  0.145956E-03
  1.067   2.790   0.281704E-04  0.141844E-03
  1.067   2.790   0.789790E-04  0.119317E-03
  1.067   2.790  -0.476626E-04  0.155706E-03
  1.159   2.975  -0.104125E-03  0.131039E-03
  1.159   2.975  -0.335198E-04  0.149634E-03
  1.159   2.975   0.342767E-04  0.143312E-03
  1.159   2.975   0.897079E-04  0.116023E-03
  1.159   2.975  -0.501213E-04  0.160466E-03
  1.255   3.160  -0.111954E-03  0.132346E-03
  1.255   3.160  -0.337059E-04  0.153478E-03
  1.255   3.160   0.415846E-04  0.144624E-03
  1.255   3.160   0.101726E-03  0.111298E-03
  1.255   3.160  -0.528172E-04  0.167112E-03
  1.358   3.345  -0.120293E-03  0.135075E-03
  1.358   3.345  -0.324132E-04  0.156539E-03
  1.358   3.345   0.507424E-04  0.144401E-03
  1.358   3.345   0.115476E-03  0.105036E-03
  1.358   3.345  -0.540493E-04  0.172923E-03
  1.466   3.530  -0.127289E-03  0.133046E-03
  1.466   3.530  -0.317454E-04  0.160174E-03
  1.466   3.530   0.605833E-04  0.144502E-03
  1.466   3.530   0.130173E-03  0.961301E-04
  1.466   3.530  -0.569185E-04  0.181470E-03
  1.581   3.715  -0.137137E-03  0.138931E-03
  1.581   3.715  -0.300874E-04  0.169685E-03
  1.581   3.715   0.730204E-04  0.146228E-03
  1.581   3.715   0.146823E-03  0.852284E-04
  1.581   3.715  -0.583627E-04  0.192091E-03
  1.703   3.900  -0.145121E-03  0.138883E-03
  1.703   3.900  -0.271469E-04  0.174871E-03
  1.703   3.900   0.868665E-04  0.143255E-03
  1.703   3.900   0.164366E-03  0.704448E-04
  1.703   3.900  -0.591064E-04  0.202629E-03
  1.832   4.085  -0.154843E-03  0.142160E-03
  1.832   4.085  -0.221436E-04  0.177881E-03
  1.832   4.085   0.102801E-03  0.137839E-03
  1.832   4.085   0.183039E-03  0.518435E-04
  1.832   4.085  -0.607678E-04  0.217016E-03
  1.970   4.270  -0.164195E-03  0.144042E-03
  1.970   4.270  -0.162498E-04  0.184507E-03
  1.970   4.270   0.122082E-03  0.133205E-03
  1.970   4.270   0.202270E-03  0.288154E-04
  1.970   4.270  -0.591254E-04  0.229384E-03
  2.116   4.455  -0.174323E-03  0.147627E-03
  2.116   4.455  -0.847600E-05  0.190320E-03
  2.116   4.455   0.142757E-03  0.123464E-03
  2.116   4.455   0.221080E-03  0.951372E-06
  2.116   4.455  -0.576976E-04  0.245318E-03
  2.270   4.640  -0.185656E-03  0.151928E-03
  2.270   4.640   0.102883E-05  0.197955E-03
  2.270   4.640   0.167326E-03  0.112653E-03
  2.270   4.640   0.238255E-03 -0.328462E-04
  2.270   4.640  -0.558733E-04  0.264633E-03
  2.434   4.825  -0.196788E-03  0.155263E-03
  2.434   4.825   0.130741E-04  0.203661E-03
  2.434   4.825   0.193375E-03  0.969864E-04
  2.434   4.825   0.251993E-03 -0.716407E-04
  2.434   4.825  -0.511815E-04  0.282986E-03
  2.607   5.010  -0.210525E-03  0.160415E-03
  2.607   5.010   0.274648E-04  0.210386E-03
  2.607   5.010   0.221697E-03  0.769903E-04
  2.607   5.010   0.259175E-03 -0.114922E-03
  2.607   5.010  -0.457335E-04  0.304342E-03
  2.789   5.195  -0.224217E-03  0.164732E-03
  2.789   5.195   0.447624E-04  0.214834E-03
  2.789   5.195   0.250580E-03  0.518168E-04
  2.789   5.195   0.257170E-03 -0.160748E-03
  2.789   5.195  -0.382054E-04  0.327604E-03
  2.979   5.380  -0.236969E-03  0.166026E-03
  2.979   5.380   0.649863E-04  0.221211E-03
  2.979   5.380   0.279364E-03  0.215710E-04
  2.979   5.380   0.243271E-03 -0.206248E-03
  2.979   5.380  -0.281162E-04  0.349655E-03
  3.179   5.565  -0.254525E-03  0.171103E-03
  3.179   5.565   0.892242E-04  0.226619E-03
  3.179   5.565   0.309479E-03 -0.151602E-04
  3.179   5.565   0.215584E-03 -0.253485E-03
  3.179   5.565  -0.190407E-04  0.380177E-03
  3.387   5.750  -0.269285E-03  0.172680E-03
  3.387   5.750   0.116644E-03  0.227945E-03
  3.387   5.750   0.332505E-03 -0.563338E-04
  3.387   5.750   0.168350E-03 -0.291338E-03
  3.387   5.750  -0.122413E-05  0.404487E-03
  3.603   5.935  -0.286176E-03  0.174169E-03
  3.603   5.935   0.148591E-03  0.228742E-03
  3.603   5.935   0.351220E-03 -0.102158E-03
  3.603   5.935   0.101992E-03 -0.316706E-03
  3.603   5.935   0.168976E-04  0.432499E-03
  3.827   6.120  -0.303175E-03  0.175392E-03
  3.827   6.120   0.183103E-03  0.227161E-03
  3.827   6.120   0.358951E-03 -0.150154E-03
  3.827   6.120   0.157408E-04 -0.326238E-03
  3.827   6.120   0.371008E-04  0.460111E-03
  4.059   6.305  -0.319350E-03  0.174199E-03
  4.059   6.305   0.225350E-03  0.226553E-03
  4.059   6.305   0.360348E-03 -0.209268E-03
  4.059   6.305  -0.858185E-04 -0.313883E-03
  4.059   6.305   0.571145E-04  0.487956E-03
  4.299   6.490  -0.337447E-03  0.173573E-03
  4.299   6.490   0.269173E-03  0.223483E-03
  4.299   6.490   0.346000E-03 -0.264894E-03
  4.299   6.490  -0.196856E-03 -0.276225E-03
  4.299   6.490   0.863523E-04  0.509015E-03
  4.546   6.675  -0.358664E-03  0.172208E-03
  4.546   6.675   0.322293E-03  0.221330E-03
  4.546   6.675   0.321131E-03 -0.327002E-03
  4.546   6.675  -0.307290E-03 -0.199399E-03
  4.546   6.675   0.111117E-03  0.529380E-03
  4.800   6.860  -0.381232E-03  0.167833E-03
  4.800   6.860   0.373927E-03  0.219725E-03
  4.800   6.860   0.275895E-03 -0.380852E-03
  4.800   6.860  -0.404170E-03 -0.911281E-04
  4.800   6.860   0.138068E-03  0.546183E-03
  5.062   7.045  -0.409381E-03  0.163243E-03
  5.062   7.045   0.437409E-03  0.217653E-03
  5.062   7.045   0.215228E-03 -0.440648E-03
  5.062   7.045  -0.474487E-03  0.516906E-04
  5.062   7.045   0.168009E-03  0.546994E-03
  5.331   7.230  -0.443606E-03  0.152937E-03
  5.331   7.230   0.501525E-03  0.221565E-03
  5.331   7.230   0.136739E-03 -0.481317E-03
  5.331   7.230  -0.504296E-03  0.226104E-03
  5.331   7.230   0.205880E-03  0.542017E-03
  5.607   7.415  -0.480957E-03  0.133092E-03
  5.607   7.415   0.570836E-03  0.230411E-03
  5.607   7.415   0.359623E-04 -0.520971E-03
  5.607   7.415  -0.481239E-03  0.421078E-03
  5.607   7.415   0.244528E-03  0.523615E-03
  5.890   7.600  -0.523527E-03  0.978524E-04
  5.890   7.600   0.642712E-03  0.255471E-03
  5.890   7.600  -0.830915E-04 -0.544130E-03
  5.890   7.600  -0.400347E-03  0.629878E-03
  5.890   7.600   0.295779E-03  0.491274E-03
  6.180   7.785  -0.560936E-03  0.420923E-04
  6.180   7.785   0.701139E-03  0.292913E-03
  6.180   7.785  -0.220821E-03 -0.557648E-03
  6.180   7.785  -0.257231E-03  0.824490E-03
  6.180   7.785   0.356578E-03  0.448386E-03
  6.477   7.970  -0.584385E-03 -0.285898E-04
  6.477   7.970   0.749694E-03  0.343959E-03
  6.477   7.970  -0.370395E-03 -0.566119E-03
  6.477   7.970  -0.615380E-04  0.980897E-03
  6.477   7.970   0.433867E-03  0.400325E-03
  6.781   8.155  -0.575539E-03 -0.127331E-03
  6.781   8.155   0.770772E-03  0.421511E-03
  6.781   8.155  -0.520585E-03 -0.583355E-03
  6.781   8.155   0.176850E-03  0.108410E-02
  6.781   8.155   0.518305E-03  0.349522E-03
  7.092   8.340  -0.548143E-03 -0.211944E-03
  7.092   8.340   0.771043E-03  0.477523E-03
  7.092   8.340  -0.644816E-03 -0.592618E-03
  7.092   8.340   0.421977E-03  0.111270E-02
  7.092   8.340   0.612808E-03  0.301116E-03
  7.411   8.525  -0.490968E-03 -0.279755E-03
  7.411   8.525   0.688053E-03  0.548314E-03
  7.411   8.525  -0.685318E-03 -0.614427E-03
  7.411   8.525   0.640002E-03  0.106617E-02
  7.411   8.525   0.698011E-03  0.255733E-03
  7.736   8.710  -0.408900E-03 -0.326016E-03
  7.736   8.710   0.615983E-03  0.562780E-03
  7.736   8.710  -0.700249E-03 -0.554747E-03
  7.736   8.710   0.807070E-03  0.894188E-03
  7.736   8.710   0.781317E-03  0.226986E-03
  8.068   8.895  -0.330873E-03 -0.343541E-03
  8.068   8.895   0.528394E-03  0.528849E-03
  8.068   8.895  -0.674158E-03 -0.422247E-03
  8.068   8.895   0.869422E-03  0.619780E-03
  8.068   8.895   0.826483E-03  0.222792E-03
  8.407   9.080  -0.258647E-03 -0.358297E-03
  8.407   9.080   0.455799E-03  0.487131E-03
  8.407   9.080  -0.648435E-03 -0.272025E-03
  8.407   9.080   0.836634E-03  0.275958E-03
  8.407   9.080   0.828284E-03  0.192065E-03
  8.753   9.265  -0.231547E-03 -0.323118E-03
  8.753   9.265   0.398320E-03  0.437272E-03
  8.753   9.265  -0.614836E-03 -0.104045E-03
  8.753   9.265   0.695131E-03 -0.925687E-04
  8.753   9.265   0.791334E-03  0.136625E-03
  9.106   9.450  -0.202506E-03 -0.324339E-03
  9.106   9.450   0.357501E-03  0.372919E-03
  9.106   9.450  -0.575297E-03  0.872268E-04
  9.106   9.450   0.445733E-03 -0.429400E-03
  9.106   9.450   0.726514E-03  0.408521E-04
  9.466   9.635  -0.168641E-03 -0.345624E-03
  9.466   9.635   0.311859E-03  0.319317E-03
  9.466   9.635  -0.527131E-03  0.260685E-03
  9.466   9.635   0.116328E-03 -0.684848E-03
  9.466   9.635   0.654360E-03 -0.100070E-03
  9.833   9.820  -0.100097E-03 -0.378934E-03
  9.833   9.820   0.247309E-03  0.279588E-03
  9.833   9.820  -0.506103E-03  0.379194E-03
  9.833   9.820  -0.226662E-03 -0.843639E-03
  9.833   9.820   0.601003E-03 -0.278596E-03
 10.207  10.005   0.746762E-05 -0.371805E-03
 10.207  10.005   0.156763E-03  0.244566E-03
 10.207  10.005  -0.478274E-03  0.405989E-03
 10.207  10.005  -0.494027E-03 -0.854305E-03
 10.207  10.005   0.578062E-03 -0.450496E-03
 10.588  10.190   0.936085E-04 -0.281783E-03
 10.588  10.190   0.870338E-04  0.156321E-03
 10.588  10.190  -0.409285E-03  0.337436E-03
 10.588  10.190  -0.665485E-03 -0.649053E-03
 10.588  10.190   0.537249E-03 -0.541448E-03
 10.976  10.375   0.146041E-03 -0.200898E-03
 10.976  10.375   0.384705E-04  0.763480E-04
 10.976  10.375  -0.321348E-03  0.216874E-03
 10.976  10.375  -0.650878E-03 -0.356673E-03
 10.976  10.375   0.456278E-03 -0.619071E-03
 11.371  10.560   0.256772E-03 -0.164888E-03
 11.371  10.560   0.280859E-04  0.990612E-04
 11.371  10.560  -0.340643E-03  0.461316E-04
 11.371  10.560  -0.472093E-03 -0.149614E-03
 11.371  10.560   0.327442E-03 -0.697278E-03
 11.773  10.745   0.122745E-03 -0.467254E-04
 11.773  10.745  -0.209932E-04 -0.409909E-04
 11.773  10.745  -0.581088E-04 -0.262848E-04
 11.773  10.745  -0.223010E-03  0.262508E-03
 11.773  10.745   0.169221E-03 -0.780077E-03
 12.182  10.930   0.946310E-04 -0.120302E-05
 12.182  10.930  -0.471059E-04 -0.688294E-04
 12.182  10.930   0.379890E-04 -0.156528E-03
 12.182  10.930   0.176663E-03  0.404713E-03
 12.182  10.930   0.134281E-04 -0.844751E-03
 12.597  11.115   0.714720E-04  0.363042E-04
 12.597  11.115  -0.690411E-04 -0.747236E-04
 12.597  11.115   0.933968E-04 -0.270283E-03
 12.597  11.115   0.596807E-03  0.339628E-03
 12.597  11.115  -0.133636E-03 -0.897760E-03
 13.020  11.300   0.387851E-04  0.563392E-04
 13.020  11.300  -0.103776E-03 -0.605220E-04
 13.020  11.300   0.962313E-04 -0.347937E-03
 13.020  11.300   0.904977E-03  0.863124E-04
 13.020  11.300  -0.281439E-03 -0.908290E-03
 13.450  11.485   0.183314E-04  0.893815E-04
 13.450  11.485  -0.150854E-03 -0.235729E-04
 13.450  11.485   0.329992E-04 -0.388056E-03
 13.450  11.485   0.101181E-02 -0.323523E-03
 13.450  11.485  -0.427411E-03 -0.860293E-03
 13.887  11.670  -0.216601E-04  0.123972E-03
 13.887  11.670  -0.230134E-03  0.183144E-04
 13.887  11.670  -0.990108E-04 -0.376919E-03
 13.887  11.670   0.855621E-03 -0.777325E-03
 13.887  11.670  -0.597261E-03 -0.748941E-03
 14.331  11.855  -0.806078E-04  0.170573E-03
 14.331  11.855  -0.327311E-03  0.649012E-04
 14.331  11.855  -0.281284E-03 -0.312502E-03
 14.331  11.855   0.453471E-03 -0.112014E-02
 14.331  11.855  -0.778031E-03 -0.584223E-03
 14.781  12.040  -0.196140E-03  0.209305E-03
 14.781  12.040  -0.471402E-03  0.114429E-03
 14.781  12.040  -0.522329E-03 -0.205734E-03
 14.781  12.040  -0.152878E-03 -0.119853E-02
 14.781  12.040  -0.101690E-02 -0.376395E-03
 15.239  12.225  -0.402448E-03  0.257597E-03
 15.239  12.225  -0.685480E-03  0.177215E-03
 15.239  12.225  -0.826923E-03 -0.308242E-04
 15.239  12.225  -0.867823E-03 -0.922827E-03
 15.239  12.225  -0.132030E-02 -0.143024E-03
 15.704  12.410  -0.792757E-03  0.289988E-03
 15.704  12.410  -0.106163E-02  0.259961E-03
 15.704  12.410  -0.122805E-02  0.231410E-03
 15.704  12.410  -0.153740E-02 -0.248977E-03
 15.704  12.410  -0.169345E-02  0.107321E-03
 16.176  12.595  -0.150724E-02  0.340643E-03
 16.176  12.595  -0.163885E-02  0.449242E-03
 16.176  12.595  -0.171194E-02  0.716555E-03
 16.176  12.595  -0.194835E-02  0.791013E-03
 16.176  12.595  -0.224079E-02  0.472011E-03
 16.654  12.780  -0.277601E-02  0.372629E-03
 16.654  12.780  -0.245817E-02  0.959055E-03
 16.654  12.780  -0.207604E-02  0.170084E-02
 16.654  12.780  -0.165133E-02  0.218174E-02
 16.654  12.780  -0.289618E-02  0.100125E-02
 17.140  12.965  -0.497786E-02  0.411536E-03
 17.140  12.965  -0.359080E-02  0.277577E-02
 17.140  12.965  -0.180402E-02  0.391386E-02
 17.140  12.965   0.422180E-03  0.384552E-02
 17.140  12.965  -0.380696E-02  0.229801E-02
 17.633  13.150  -0.831829E-02  0.250116E-03
 17.633  13.150  -0.514080E-02  0.582799E-02
 17.633  13.150  -0.951006E-03  0.806433E-02
 17.633  13.150   0.424056E-02  0.643658E-02
 17.633  13.150  -0.492946E-02  0.337367E-02
 18.132  13.335  -0.114102E-01 -0.773340E-03
 18.132  13.335  -0.776892E-02  0.915266E-02
 18.132  13.335  -0.371834E-03  0.116308E-01
 18.132  13.335   0.708293E-02  0.732432E-02
 18.132  13.335  -0.529817E-02  0.493337E-02
 18.639  13.520  -0.126224E-01 -0.103953E-02
 18.639  13.520  -0.821525E-02  0.107229E-01
 18.639  13.520   0.211816E-02  0.109203E-01
 18.639  13.520   0.827088E-02  0.314837E-02
 18.639  13.520  -0.468746E-02  0.686278E-02
 19.152  13.705  -0.126222E-01 -0.253552E-03
 19.152  13.705  -0.579092E-02  0.111181E-01
 19.152  13.705   0.629046E-02  0.734204E-02
 19.152  13.705   0.787310E-02 -0.311689E-02
 19.152  13.705  -0.326831E-02  0.829250E-02
 19.673  13.890  -0.121002E-01  0.920302E-03
 19.673  13.890  -0.194215E-02  0.112510E-01
 19.673  13.890   0.963952E-02  0.274856E-02
 19.673  13.890   0.432091E-02 -0.782552E-02
 19.673  13.890  -0.123412E-02  0.920465E-02
 20.200  14.075  -0.115782E-01  0.151162E-02
 20.200  14.075   0.133030E-02  0.110038E-01
 20.200  14.075   0.103865E-01 -0.180778E-02
 20.200  14.075  -0.156814E-02 -0.947035E-02
 20.200  14.075   0.105694E-02  0.973849E-02
 20.735  14.260  -0.113632E-01  0.155077E-02
 20.735  14.260   0.382055E-02  0.104841E-01
 20.735  14.260   0.907723E-02 -0.601525E-02
 20.735  14.260  -0.741585E-02 -0.720206E-02
 20.735  14.260   0.334190E-02  0.981242E-02
 21.276  14.445  -0.113328E-01  0.135494E-02
 21.276  14.445   0.589604E-02  0.960524E-02
 21.276  14.445   0.608693E-02 -0.933316E-02
 21.276  14.445  -0.107105E-01 -0.156920E-02
 21.276  14.445   0.552259E-02  0.930082E-02
 21.825  14.630  -0.113700E-01  0.114225E-02
 21.825  14.630   0.773831E-02  0.831029E-02
 21.825  14.630   0.186358E-02 -0.111546E-01
 21.825  14.630  -0.982903E-02  0.521739E-02
 21.825  14.630   0.750755E-02  0.818634E-02
 22.380  14.815  -0.114209E-01  0.968336E-03
 22.380  14.815   0.931666E-02  0.660678E-02
 22.380  14.815  -0.287526E-02 -0.110372E-01
 22.380  14.815  -0.484633E-02  0.102368E-01
 22.380  14.815   0.919109E-02  0.656062E-02
