  0.000   0.000   0.000000E+00  0.000000E+00
  0.000   0.000   0.000000E+00  0.000000E+00
  0.000   0.000   0.000000E+00  0.000000E+00
  0.000   0.000   0.000000E+00  0.000000E+00
  0.000   0.000   0.000000E+00  0.000000E+00
 -1.000  -1.000            NaN           NaN
 -1.000  -1.000            NaN           NaN
 -1.000  -1.000            NaN           NaN
 -1.000  -1.000            NaN           NaN
 -1.000  -1.000            NaN           NaN
  0.067   0.200  -0.287095E-03 -0.138653E-04
  0.067   0.200  -0.345101E-04 -0.548068E-04
  0.067   0.200   0.229634E-03 -0.270798E-04
  0.067   0.200   0.182007E-03  0.269729E-04
  0.067   0.200   0.180567E-03  0.581322E-03
  0.130   0.385  -0.565502E-03 -0.377287E-03
  0.130   0.385  -0.817301E-04 -0.529915E-03
  0.130   0.385   0.434357E-03 -0.426955E-03
  0.130   0.385   0.349926E-03 -0.225819E-03
  0.130   0.385   0.426829E-03  0.185734E-02
  0.193   0.570  -0.869542E-03 -0.984888E-03
  0.193   0.570  -0.158956E-03 -0.132238E-02
  0.193   0.570   0.624102E-03 -0.109574E-02
  0.193   0.570   0.517167E-03 -0.651464E-03
  0.193   0.570   0.804925E-03  0.400379E-02
  0.256   0.755  -0.120783E-02 -0.185853E-02
  0.256   0.755  -0.277817E-03 -0.245714E-02
  0.256   0.755   0.794697E-03 -0.205706E-02
  0.256   0.755   0.687456E-03 -0.126845E-02
  0.256   0.755   0.135748E-02  0.709504E-02
  0.321   0.940  -0.158671E-02 -0.302870E-02
  0.321   0.940  -0.446907E-03 -0.396960E-02
  0.321   0.940   0.946938E-03 -0.334435E-02
  0.321   0.940   0.871361E-03 -0.210322E-02
  0.321   0.940   0.211976E-02  0.112240E-01
  0.386   1.125  -0.200943E-02 -0.453065E-02
  0.386   1.125  -0.673206E-03 -0.590141E-02
  0.386   1.125   0.108360E-02 -0.499612E-02
  0.386   1.125   0.108152E-02 -0.318365E-02
  0.386   1.125   0.311910E-02  0.165061E-01
  0.453   1.310  -0.247567E-02 -0.640977E-02
  0.453   1.310  -0.959755E-03 -0.830892E-02
  0.453   1.310   0.121442E-02 -0.706399E-02
  0.453   1.310   0.134099E-02 -0.454841E-02
  0.453   1.310   0.437623E-02  0.230788E-01
  0.521   1.495  -0.298264E-02 -0.872292E-02
  0.521   1.495  -0.130745E-02 -0.112583E-01
  0.521   1.495   0.135213E-02 -0.961006E-02
  0.521   1.495   0.167731E-02 -0.624079E-02
  0.521   1.495   0.590505E-02  0.311028E-01
  0.591   1.680  -0.352265E-02 -0.115400E-01
  0.591   1.680  -0.171306E-02 -0.148271E-01
  0.591   1.680   0.151816E-02 -0.127054E-01
  0.591   1.680   0.213037E-02 -0.831221E-02
  0.591   1.680   0.771145E-02  0.407719E-01
  0.663   1.865  -0.407705E-02 -0.149390E-01
  0.663   1.865  -0.216773E-02 -0.191248E-01
  0.663   1.865   0.174133E-02 -0.164468E-01
  0.663   1.865   0.275246E-02 -0.108243E-01
  0.663   1.865   0.978857E-02  0.523123E-01
  0.738   2.050  -0.463107E-02 -0.190148E-01
  0.738   2.050  -0.265520E-02 -0.242608E-01
  0.738   2.050   0.206476E-02 -0.209414E-01
  0.738   2.050   0.361249E-02 -0.138441E-01
  0.738   2.050   0.121173E-01  0.659869E-01
  0.815   2.235  -0.514284E-02 -0.238921E-01
  0.815   2.235  -0.314723E-02 -0.303902E-01
  0.815   2.235   0.254855E-02 -0.263182E-01
  0.815   2.235   0.480432E-02 -0.174562E-01
  0.815   2.235   0.146622E-01  0.820973E-01
  0.895   2.420  -0.554848E-02 -0.297479E-01
  0.895   2.420  -0.359462E-02 -0.377340E-01
  0.895   2.420   0.327704E-02 -0.327883E-01
  0.895   2.420   0.645100E-02 -0.217990E-01
  0.895   2.420   0.173646E-01  0.100988E+00
  0.979   2.605  -0.581368E-02 -0.366562E-01
  0.979   2.605  -0.395418E-02 -0.463738E-01
  0.979   2.605   0.435638E-02 -0.404081E-01
  0.979   2.605   0.870676E-02 -0.268327E-01
  0.979   2.605   0.200716E-01  0.123132E+00
  1.067   2.790  -0.578375E-02 -0.449247E-01
  1.067   2.790  -0.410277E-02 -0.567178E-01
  1.067   2.790   0.595536E-02 -0.495320E-01
  1.067   2.790   0.118020E-01 -0.328247E-01
  1.067   2.790   0.226639E-01  0.148932E+00
  1.159   2.975  -0.532808E-02 -0.547522E-01
  1.159   2.975  -0.389432E-02 -0.690459E-01
  1.159   2.975   0.829895E-02 -0.603993E-01
  1.159   2.975   0.160192E-01 -0.398347E-01
  1.159   2.975   0.248882E-01  0.178929E+00
  1.255   3.160  -0.421208E-02 -0.664359E-01
  1.255   3.160  -0.312081E-02 -0.836936E-01
  1.255   3.160   0.117034E-01 -0.733227E-01
  1.255   3.160   0.217432E-01 -0.479703E-01
  1.255   3.160   0.263832E-01  0.213714E+00
  1.358   3.345  -0.209379E-02 -0.803492E-01
  1.358   3.345  -0.144557E-02 -0.101173E+00
  1.358   3.345   0.166063E-01 -0.886613E-01
  1.358   3.345   0.294792E-01 -0.573141E-01
  1.358   3.345   0.266397E-01  0.253856E+00
  1.466   3.530   0.142227E-02 -0.967561E-01
  1.466   3.530   0.159720E-02 -0.121998E+00
  1.466   3.530   0.236081E-01 -0.106792E+00
  1.466   3.530   0.398854E-01 -0.679021E-01
  1.466   3.530   0.249459E-01  0.300025E+00
  1.581   3.715   0.697798E-02 -0.115991E+00
  1.581   3.715   0.667445E-02 -0.146516E+00
  1.581   3.715   0.336016E-01 -0.128040E+00
  1.581   3.715   0.538825E-01 -0.795577E-01
  1.581   3.715   0.202762E-01  0.352820E+00
  1.703   3.900   0.155670E-01 -0.138696E+00
  1.703   3.900   0.147731E-01 -0.175787E+00
  1.703   3.900   0.476167E-01 -0.152932E+00
  1.703   3.900   0.723977E-01 -0.920674E-01
  1.703   3.900   0.113029E-01  0.412315E+00
  1.832   4.085   0.282512E-01 -0.164795E+00
  1.832   4.085   0.271957E-01 -0.209877E+00
  1.832   4.085   0.672734E-01 -0.181435E+00
  1.832   4.085   0.968771E-01 -0.104678E+00
  1.832   4.085  -0.385890E-02  0.478772E+00
  1.970   4.270   0.466000E-01 -0.194330E+00
  1.970   4.270   0.457856E-01 -0.249292E+00
  1.970   4.270   0.945244E-01 -0.213387E+00
  1.970   4.270   0.128755E+00 -0.116192E+00
  1.970   4.270  -0.274662E-01  0.551320E+00
  2.116   4.455   0.725080E-01 -0.226685E+00
  2.116   4.455   0.728503E-01 -0.293715E+00
  2.116   4.455   0.131783E+00 -0.247972E+00
  2.116   4.455   0.169612E+00 -0.124588E+00
  2.116   4.455  -0.623590E-01  0.628244E+00
  2.270   4.640   0.108295E+00 -0.260854E+00
  2.270   4.640   0.111166E+00 -0.342390E+00
  2.270   4.640   0.181660E+00 -0.283393E+00
  2.270   4.640   0.220550E+00 -0.126716E+00
  2.270   4.640  -0.111527E+00  0.705815E+00
  2.434   4.825   0.155940E+00 -0.294041E+00
  2.434   4.825   0.163765E+00 -0.392816E+00
  2.434   4.825   0.246909E+00 -0.316366E+00
  2.434   4.825   0.282041E+00 -0.118367E+00
  2.434   4.825  -0.177498E+00  0.778399E+00
  2.607   5.010   0.216914E+00 -0.322576E+00
  2.607   5.010   0.233125E+00 -0.441017E+00
  2.607   5.010   0.329249E+00 -0.341985E+00
  2.607   5.010   0.352723E+00 -0.942090E-01
  2.607   5.010  -0.261102E+00  0.837325E+00
  2.789   5.195   0.291114E+00 -0.341519E+00
  2.789   5.195   0.320311E+00 -0.481585E+00
  2.789   5.195   0.428531E+00 -0.353904E+00
  2.789   5.195   0.428656E+00 -0.486227E-01
  2.789   5.195  -0.359433E+00  0.871598E+00
  2.979   5.380   0.375763E+00 -0.345561E+00
  2.979   5.380   0.423600E+00 -0.507988E+00
  2.979   5.380   0.541539E+00 -0.345357E+00
  2.979   5.380   0.502905E+00  0.227486E-01
  2.979   5.380  -0.463908E+00  0.869778E+00
  3.179   5.565   0.465679E+00 -0.331329E+00
  3.179   5.565   0.537929E+00 -0.514893E+00
  3.179   5.565   0.661619E+00 -0.311152E+00
  3.179   5.565   0.566036E+00  0.121474E+00
  3.179   5.565  -0.559350E+00  0.823440E+00
  3.387   5.750   0.553582E+00 -0.298291E+00
  3.387   5.750   0.655821E+00 -0.500216E+00
  3.387   5.750   0.780331E+00 -0.249824E+00
  3.387   5.750   0.608550E+00  0.244358E+00
  3.387   5.750  -0.626081E+00  0.731802E+00
  3.603   5.935   0.633835E+00 -0.250612E+00
  3.603   5.935   0.770043E+00 -0.466622E+00
  3.603   5.935   0.889875E+00 -0.164179E+00
  3.603   5.935   0.623220E+00  0.384868E+00
  3.603   5.935  -0.644976E+00  0.603707E+00
  3.827   6.120   0.704591E+00 -0.194639E+00
  3.827   6.120   0.877041E+00 -0.420177E+00
  3.827   6.120   0.986307E+00 -0.603538E-01
  3.827   6.120   0.606426E+00  0.534851E+00
  3.827   6.120  -0.602626E+00  0.455612E+00
  4.059   6.305   0.769427E+00 -0.136446E+00
  4.059   6.305   0.978212E+00 -0.367752E+00
  4.059   6.305   0.106962E+01  0.566060E-01
  4.059   6.305   0.557615E+00  0.687754E+00
  4.059   6.305  -0.493807E+00  0.307180E+00
  4.299   6.490   0.835770E+00 -0.783331E-01
  4.299   6.490   0.107961E+01 -0.313456E+00
  4.299   6.490   0.114291E+01  0.184106E+00
  4.299   6.490   0.477075E+00  0.839378E+00
  4.299   6.490  -0.319614E+00  0.175941E+00
  4.546   6.675   0.912558E+00 -0.163232E-01
  4.546   6.675   0.119021E+01 -0.256570E+00
  4.546   6.675   0.121050E+01  0.323243E+00
  4.546   6.675   0.363996E+00  0.986158E+00
  4.546   6.675  -0.826362E-01  0.788607E-01
  4.800   6.860   0.100762E+01  0.601795E-01
  4.800   6.860   0.131951E+01 -0.190676E+00
  4.800   6.860   0.127553E+01  0.479544E+00
  4.800   6.860   0.215991E+00  0.112566E+01
  4.800   6.860   0.214006E+00  0.342875E-01
  5.062   7.045   0.112403E+01  0.169378E+00
  5.062   7.045   0.147617E+01 -0.101702E+00
  5.062   7.045   0.133878E+01  0.663849E+00
  5.062   7.045   0.274573E-01  0.125497E+01
  5.062   7.045   0.565993E+00  0.686761E-01
  5.331   7.230   0.125342E+01  0.338149E+00
  5.331   7.230   0.166328E+01  0.352779E-01
  5.331   7.230   0.139365E+01  0.893789E+00
  5.331   7.230  -0.213444E+00  0.136791E+01
  5.331   7.230   0.956934E+00  0.223872E+00
  5.607   7.415   0.136516E+01  0.596071E+00
  5.607   7.415   0.186666E+01  0.257228E+00
  5.607   7.415   0.141565E+01  0.119071E+01
  5.607   7.415  -0.525629E+00  0.144450E+01
  5.607   7.415   0.133627E+01  0.554366E+00
  5.890   7.600   0.139446E+01  0.954547E+00
  5.890   7.600   0.203596E+01  0.600859E+00
  5.890   7.600   0.135077E+01  0.156262E+01
  5.890   7.600  -0.921651E+00  0.143569E+01
  5.890   7.600   0.158959E+01  0.109572E+01
  6.180   7.785   0.125773E+01  0.136435E+01
  6.180   7.785   0.207751E+01  0.105955E+01
  6.180   7.785   0.112645E+01  0.196394E+01
  6.180   7.785  -0.136780E+01  0.126418E+01
  6.180   7.785   0.154556E+01  0.178902E+01
  6.477   7.970   0.925660E+00  0.169791E+01
  6.477   7.970   0.190900E+01  0.153502E+01
  6.477   7.970   0.717426E+00  0.227811E+01
  6.477   7.970  -0.175057E+01  0.884322E+00
  6.477   7.970   0.108734E+01  0.241425E+01
  6.781   8.155   0.495370E+00  0.183173E+01
  6.781   8.155   0.155844E+01  0.187402E+01
  6.781   8.155   0.214060E+00  0.238876E+01
  6.781   8.155  -0.193440E+01  0.366722E+00
  6.781   8.155   0.312238E+00  0.268757E+01
  7.092   8.340   0.131682E+00  0.177199E+01
  7.092   8.340   0.117419E+01  0.200182E+01
  7.092   8.340  -0.226528E+00  0.229762E+01
  7.092   8.340  -0.189077E+01 -0.129141E+00
  7.092   8.340  -0.490598E+00  0.248829E+01
  7.411   8.525  -0.795038E-01  0.164872E+01
  7.411   8.525   0.896781E+00  0.198970E+01
  7.411   8.525  -0.518264E+00  0.212445E+01
  7.411   8.525  -0.172112E+01 -0.497027E+00
  7.411   8.525  -0.105921E+01  0.193998E+01
  7.736   8.710  -0.189238E+00  0.158513E+01
  7.736   8.710   0.747421E+00  0.197019E+01
  7.736   8.710  -0.702504E+00  0.198404E+01
  7.736   8.710  -0.153606E+01 -0.755058E+00
  7.736   8.710  -0.132896E+01  0.127189E+01
  8.068   8.895  -0.295157E+00  0.160226E+01
  8.068   8.895   0.656761E+00  0.201268E+01
  8.068   8.895  -0.857962E+00  0.189771E+01
  8.068   8.895  -0.136499E+01 -0.963806E+00
  8.068   8.895  -0.139765E+01  0.615121E+00
  8.407   9.080  -0.446673E+00  0.166307E+01
  8.407   9.080   0.569587E+00  0.211670E+01
  8.407   9.080  -0.102026E+01  0.184411E+01
  8.407   9.080  -0.120093E+01 -0.115181E+01
  8.407   9.080  -0.135305E+01 -0.427138E-01
  8.753   9.265  -0.657840E+00  0.174319E+01
  8.753   9.265   0.465536E+00  0.227760E+01
  8.753   9.265  -0.120529E+01  0.182059E+01
  8.753   9.265  -0.104455E+01 -0.134092E+01
  8.753   9.265  -0.119101E+01 -0.761454E+00
  9.106   9.450  -0.955063E+00  0.183229E+01
  9.106   9.450   0.317103E+00  0.251790E+01
  9.106   9.450  -0.145442E+01  0.182733E+01
  9.106   9.450  -0.879154E+00 -0.157415E+01
  9.106   9.450  -0.816571E+00 -0.157816E+01
  9.466   9.635  -0.140424E+01  0.189001E+01
  9.466   9.635   0.370184E-01  0.286068E+01
  9.466   9.635  -0.184298E+01  0.181881E+01
  9.466   9.635  -0.624100E+00 -0.189227E+01
  9.466   9.635  -0.347377E-01 -0.242796E+01
  9.833   9.820  -0.205880E+01  0.175171E+01
  9.833   9.820  -0.547620E+00  0.321943E+01
  9.833   9.820  -0.241668E+01  0.162578E+01
  9.833   9.820  -0.117003E+00 -0.222824E+01
  9.833   9.820   0.135182E+01 -0.294125E+01
 10.207  10.005  -0.271590E+01  0.116271E+01
 10.207  10.005  -0.147579E+01  0.323835E+01
 10.207  10.005  -0.296444E+01  0.101856E+01
 10.207  10.005   0.684159E+00 -0.227023E+01
 10.207  10.005   0.296764E+01 -0.244657E+01
 10.588  10.190  -0.293672E+01  0.264815E+00
 10.588  10.190  -0.229397E+01  0.268832E+01
 10.588  10.190  -0.308380E+01  0.164279E+00
 10.588  10.190   0.138592E+01 -0.181749E+01
 10.588  10.190   0.373905E+01 -0.111685E+01
 10.976  10.375  -0.273844E+01 -0.492191E+00
 10.976  10.375  -0.266386E+01  0.193927E+01
 10.976  10.375  -0.282742E+01 -0.516576E+00
 10.976  10.375   0.169414E+01 -0.118820E+01
 10.976  10.375   0.355252E+01 -0.331029E-01
 11.371  10.560  -0.240789E+01 -0.101845E+01
 11.371  10.560  -0.274137E+01  0.129837E+01
 11.371  10.560  -0.247554E+01 -0.962018E+00
 11.371  10.560   0.173979E+01 -0.644681E+00
 11.371  10.560   0.310742E+01  0.462820E+00
 11.773  10.745  -0.205271E+01 -0.141755E+01
 11.773  10.745  -0.270721E+01  0.777770E+00
 11.773  10.745  -0.212216E+01 -0.128101E+01
 11.773  10.745   0.166161E+01 -0.201160E+00
 11.773  10.745   0.280302E+01  0.615806E+00
 12.182  10.930  -0.165298E+01 -0.174311E+01
 12.182  10.930  -0.261347E+01  0.320696E+00
 12.182  10.930  -0.174606E+01 -0.152446E+01
 12.182  10.930   0.149188E+01  0.159663E+00
 12.182  10.930   0.269267E+01  0.707315E+00
 12.597  11.115  -0.118381E+01 -0.197195E+01
 12.597  11.115  -0.244373E+01 -0.967211E-01
 12.597  11.115  -0.132900E+01 -0.166348E+01
 12.597  11.115   0.124872E+01  0.406822E+00
 12.597  11.115   0.265900E+01  0.909954E+00
 13.020  11.300  -0.676963E+00 -0.204975E+01
 13.020  11.300  -0.217870E+01 -0.438890E+00
 13.020  11.300  -0.922799E+00 -0.165262E+01
 13.020  11.300   0.100928E+01  0.511394E+00
 13.020  11.300   0.252104E+01  0.123776E+01
 13.450  11.485  -0.220598E+00 -0.196512E+01
 13.450  11.485  -0.185463E+01 -0.646583E+00
 13.450  11.485  -0.622231E+00 -0.151407E+01
 13.450  11.485   0.862566E+00  0.526678E+00
 13.450  11.485   0.216449E+01  0.155219E+01
 13.887  11.670   0.118896E+00 -0.179558E+01
 13.887  11.670  -0.156780E+01 -0.713558E+00
 13.887  11.670  -0.474180E+00 -0.135615E+01
 13.887  11.670   0.819810E+00  0.564212E+00
 13.887  11.670   0.164245E+01  0.167976E+01
 14.331  11.855   0.374320E+00 -0.162124E+01
 14.331  11.855  -0.137365E+01 -0.725484E+00
 14.331  11.855  -0.406703E+00 -0.127528E+01
 14.331  11.855   0.790225E+00  0.690824E+00
 14.331  11.855   0.112644E+01  0.155704E+01
 14.781  12.040   0.605389E+00 -0.142994E+01
 14.781  12.040  -0.121624E+01 -0.762640E+00
 14.781  12.040  -0.311144E+00 -0.123906E+01
 14.781  12.040   0.671177E+00  0.850088E+00
 14.781  12.040   0.767040E+00  0.130208E+01
 15.239  12.225   0.800624E+00 -0.118435E+01
 15.239  12.225  -0.101839E+01 -0.797639E+00
 15.239  12.225  -0.200009E+00 -0.114788E+01
 15.239  12.225   0.482282E+00  0.931293E+00
 15.239  12.225   0.497138E+00  0.110002E+01
 15.704  12.410   0.962504E+00 -0.875846E+00
 15.704  12.410  -0.768818E+00 -0.793516E+00
 15.704  12.410  -0.138059E+00 -0.987607E+00
 15.704  12.410   0.307030E+00  0.908198E+00
 15.704  12.410   0.108464E+00  0.931859E+00
 16.176  12.595   0.111528E+01 -0.384430E+00
 16.176  12.595  -0.385868E+00 -0.766206E+00
 16.176  12.595  -0.125297E+00 -0.720231E+00
 16.176  12.595   0.193483E+00  0.759153E+00
 16.176  12.595  -0.507303E+00  0.554340E+00
 16.654  12.780   0.102953E+01  0.626373E+00
 16.654  12.780   0.450837E+00 -0.531022E+00
 16.654  12.780  -0.307777E+00 -0.937441E-01
 16.654  12.780   0.353676E+00  0.385090E+00
 16.654  12.780  -0.109559E+01 -0.448895E+00
 17.140  12.965  -0.493129E+00  0.199518E+01
 17.140  12.965   0.165614E+01  0.111403E+01
 17.140  12.965  -0.174566E+01  0.776396E+00
 17.140  12.965   0.149544E+01  0.303276E+00
 17.140  12.965  -0.547713E+00 -0.161874E+01
 17.633  13.150  -0.343762E+01  0.120394E+01
 17.633  13.150   0.515151E+00  0.414030E+01
 17.633  13.150  -0.420181E+01 -0.632514E+00
 17.633  13.150   0.236794E+01  0.225592E+01
 17.633  13.150  -0.446323E+00 -0.220985E+01
 18.132  13.335  -0.389871E+01 -0.242616E+01
 18.132  13.335  -0.336623E+01  0.432221E+01
 18.132  13.335  -0.366294E+01 -0.404303E+01
 18.132  13.335   0.156483E+00  0.409980E+01
 18.132  13.335   0.245721E+01 -0.223104E+01
 18.639  13.520  -0.118298E+01 -0.370810E+01
 18.639  13.520  -0.460065E+01  0.120189E+01
 18.639  13.520  -0.635710E+00 -0.451122E+01
 18.639  13.520  -0.205752E+01  0.262308E+01
 18.639  13.520   0.182716E+01  0.842609E+00
 19.152  13.705   0.638767E+00 -0.262197E+01
 19.152  13.705  -0.317129E+01 -0.857386E+00
 19.152  13.705   0.101788E+01 -0.280706E+01
 19.152  13.705  -0.201515E+01  0.623156E+00
 19.152  13.705   0.372170E+00  0.817986E+00
 19.673  13.890   0.103937E+01 -0.127871E+01
 19.673  13.890  -0.152221E+01 -0.123147E+01
 19.673  13.890   0.113921E+01 -0.120429E+01
 19.673  13.890  -0.106382E+01 -0.249329E+00
 19.673  13.890   0.158637E+00  0.432408E+00
 20.200  14.075   0.812284E+00 -0.439217E+00
 20.200  14.075  -0.545504E+00 -0.913202E+00
 20.200  14.075   0.741663E+00 -0.356843E+00
 20.200  14.075  -0.366687E+00 -0.315739E+00
 20.200  14.075   0.150555E+00  0.330801E+00
 20.735  14.260   0.482179E+00 -0.648201E-01
 20.735  14.260  -0.120560E+00 -0.527218E+00
 20.735  14.260   0.373206E+00 -0.400021E-01
 20.735  14.260  -0.748378E-01 -0.175692E+00
 20.735  14.260   0.824144E-01  0.287490E+00
 21.276  14.445   0.240312E+00  0.487838E-01
 21.276  14.445   0.148851E-01 -0.260942E+00
 21.276  14.445   0.156796E+00  0.372668E-01
 21.276  14.445   0.148397E-02 -0.687455E-01
 21.276  14.445   0.524113E-02  0.215196E+00
 21.825  14.630   0.104070E+00  0.573588E-01
 21.825  14.630   0.366903E-01 -0.113670E+00
 21.825  14.630   0.578595E-01  0.358492E-01
 21.825  14.630   0.464443E-02 -0.214362E-01
 21.825  14.630  -0.360426E-01  0.134394E+00
 22.380  14.815   0.392461E-01  0.380093E-01
 22.380  14.815   0.266790E-01 -0.426350E-01
 22.380  14.815   0.207146E-01  0.192485E-01
 22.380  14.815  -0.496825E-02 -0.640518E-02
 22.380  14.815  -0.436496E-01  0.716505E-01
