  0.000   0.000   0.000000E+00  0.000000E+00
  0.000   0.000   0.000000E+00  0.000000E+00
  0.000   0.000   0.000000E+00  0.000000E+00
  0.000   0.000   0.000000E+00  0.000000E+00
  0.000   0.000   0.000000E+00  0.000000E+00
 -1.000  -1.000            NaN           NaN
 -1.000  -1.000            NaN           NaN
 -1.000  -1.000            NaN           NaN
 -1.000  -1.000            NaN           NaN
 -1.000  -1.000            NaN           NaN
  0.067   0.200   0.196486E+00  0.128101E-02
  0.067   0.200   0.190803E+00 -0.306019E-02
  0.067   0.200   0.190474E+00 -0.771599E-02
  0.067   0.200   0.195867E+00 -0.125462E-01
  0.067   0.200   0.203744E+00 -0.333057E-02
  0.130   0.385   0.378551E+00 -0.878753E-03
  0.130   0.385   0.367191E+00 -0.169951E-01
  0.130   0.385   0.365583E+00 -0.342425E-01
  0.130   0.385   0.374476E+00 -0.520944E-01
  0.130   0.385   0.392309E+00 -0.180096E-01
  0.193   0.570   0.561342E+00 -0.442696E-02
  0.193   0.570   0.543488E+00 -0.398698E-01
  0.193   0.570   0.538724E+00 -0.776688E-01
  0.193   0.570   0.548260E+00 -0.116642E+00
  0.193   0.570   0.581190E+00 -0.421423E-01
  0.256   0.755   0.744715E+00 -0.939371E-02
  0.256   0.755   0.719141E+00 -0.718217E-01
  0.256   0.755   0.708387E+00 -0.138082E+00
  0.256   0.755   0.714250E+00 -0.206020E+00
  0.256   0.755   0.769995E+00 -0.759268E-01
  0.321   0.940   0.929106E+00 -0.158180E-01
  0.321   0.940   0.894128E+00 -0.113087E+00
  0.321   0.940   0.873520E+00 -0.215686E+00
  0.321   0.940   0.869871E+00 -0.320103E+00
  0.321   0.940   0.958915E+00 -0.119690E+00
  0.386   1.125   0.111479E+01 -0.237500E-01
  0.386   1.125   0.106823E+01 -0.163964E+00
  0.386   1.125   0.103279E+01 -0.310715E+00
  0.386   1.125   0.101216E+01 -0.458656E+00
  0.386   1.125   0.114794E+01 -0.173852E+00
  0.453   1.310   0.130205E+01 -0.332481E-01
  0.453   1.310   0.124116E+01 -0.224822E+00
  0.453   1.310   0.118469E+01 -0.423441E+00
  0.453   1.310   0.113784E+01 -0.621305E+00
  0.453   1.310   0.133700E+01 -0.238941E+00
  0.521   1.495   0.149117E+01 -0.443870E-01
  0.521   1.495   0.141258E+01 -0.296117E+00
  0.521   1.495   0.132752E+01 -0.554163E+00
  0.521   1.495   0.124331E+01 -0.807495E+00
  0.521   1.495   0.152599E+01 -0.315609E+00
  0.591   1.680   0.168246E+01 -0.572495E-01
  0.591   1.680   0.158210E+01 -0.378378E+00
  0.591   1.680   0.145934E+01 -0.703189E+00
  0.591   1.680   0.132455E+01 -0.101639E+01
  0.591   1.680   0.171477E+01 -0.404639E+00
  0.663   1.865   0.187625E+01 -0.719402E-01
  0.663   1.865   0.174919E+01 -0.472236E+00
  0.663   1.865   0.157790E+01 -0.870812E+00
  0.663   1.865   0.137702E+01 -0.124679E+01
  0.663   1.865   0.190307E+01 -0.506968E+00
  0.738   2.050   0.207287E+01 -0.885793E-01
  0.738   2.050   0.191323E+01 -0.578418E+00
  0.738   2.050   0.168060E+01 -0.105726E+01
  0.738   2.050   0.139566E+01 -0.149695E+01
  0.738   2.050   0.209056E+01 -0.623709E+00
  0.815   2.235   0.227267E+01 -0.107310E+00
  0.815   2.235   0.207342E+01 -0.697735E+00
  0.815   2.235   0.176438E+01 -0.126265E+01
  0.815   2.235   0.137477E+01 -0.176444E+01
  0.815   2.235   0.227673E+01 -0.756135E+00
  0.895   2.420   0.247601E+01 -0.128294E+00
  0.895   2.420   0.222880E+01 -0.831152E+00
  0.895   2.420   0.182568E+01 -0.148696E+01
  0.895   2.420   0.130797E+01 -0.204586E+01
  0.895   2.420   0.246093E+01 -0.905756E+00
  0.979   2.605   0.268326E+01 -0.151724E+00
  0.979   2.605   0.237809E+01 -0.979639E+00
  0.979   2.605   0.186027E+01 -0.172974E+01
  0.979   2.605   0.118822E+01 -0.233652E+01
  0.979   2.605   0.264228E+01 -0.107434E+01
  1.067   2.790   0.289480E+01 -0.177861E+00
  1.067   2.790   0.251981E+01 -0.114438E+01
  1.067   2.790   0.186329E+01 -0.199031E+01
  1.067   2.790   0.100788E+01 -0.263020E+01
  1.067   2.790   0.281957E+01 -0.126383E+01
  1.159   2.975   0.311104E+01 -0.206962E+00
  1.159   2.975   0.265206E+01 -0.132658E+01
  1.159   2.975   0.182907E+01 -0.226725E+01
  1.159   2.975   0.758866E+00 -0.291848E+01
  1.159   2.975   0.299131E+01 -0.147650E+01
  1.255   3.160   0.333227E+01 -0.239362E+00
  1.255   3.160   0.277242E+01 -0.152746E+01
  1.255   3.160   0.175100E+01 -0.255828E+01
  1.255   3.160   0.432964E+00 -0.319030E+01
  1.255   3.160   0.315542E+01 -0.171482E+01
  1.358   3.345   0.355924E+01 -0.275447E+00
  1.358   3.345   0.287832E+01 -0.174849E+01
  1.358   3.345   0.162184E+01 -0.286033E+01
  1.358   3.345   0.224576E-01 -0.343178E+01
  1.358   3.345   0.330968E+01 -0.198174E+01
  1.466   3.530   0.379221E+01 -0.315579E+00
  1.466   3.530   0.296619E+01 -0.199075E+01
  1.466   3.530   0.143328E+01 -0.316829E+01
  1.466   3.530  -0.479074E+00 -0.362482E+01
  1.466   3.530   0.345085E+01 -0.228010E+01
  1.581   3.715   0.403181E+01 -0.360207E+00
  1.581   3.715   0.303209E+01 -0.225552E+01
  1.581   3.715   0.117650E+01 -0.347556E+01
  1.581   3.715  -0.107534E+01 -0.374745E+01
  1.581   3.715   0.357514E+01 -0.261306E+01
  1.703   3.900   0.427862E+01 -0.409718E+00
  1.703   3.900   0.307119E+01 -0.254339E+01
  1.703   3.900   0.842322E+00 -0.377286E+01
  1.703   3.900  -0.176546E+01 -0.377322E+01
  1.703   3.900   0.367793E+01 -0.298360E+01
  1.832   4.085   0.453344E+01 -0.464331E+00
  1.832   4.085   0.307815E+01 -0.285463E+01
  1.832   4.085   0.421956E+00 -0.404825E+01
  1.832   4.085  -0.254167E+01 -0.367205E+01
  1.832   4.085   0.375383E+01 -0.339450E+01
  1.970   4.270   0.479703E+01 -0.523805E+00
  1.970   4.270   0.304698E+01 -0.318874E+01
  1.970   4.270  -0.921739E-01 -0.428649E+01
  1.970   4.270  -0.338628E+01 -0.341135E+01
  1.970   4.270   0.379649E+01 -0.384782E+01
  2.116   4.455   0.507054E+01 -0.587741E+00
  2.116   4.455   0.297116E+01 -0.354407E+01
  2.116   4.455  -0.705170E+00 -0.446894E+01
  2.116   4.455  -0.426872E+01 -0.295894E+01
  2.116   4.455   0.379881E+01 -0.434457E+01
  2.270   4.640   0.535493E+01 -0.654641E+00
  2.270   4.640   0.284379E+01 -0.391755E+01
  2.270   4.640  -0.141818E+01 -0.457386E+01
  2.270   4.640  -0.514260E+01 -0.228724E+01
  2.270   4.640   0.375278E+01 -0.488416E+01
  2.434   4.825   0.565089E+01 -0.721905E+00
  2.434   4.825   0.265781E+01 -0.430437E+01
  2.434   4.825  -0.222659E+01 -0.457708E+01
  2.434   4.825  -0.594391E+01 -0.137920E+01
  2.434   4.825   0.364967E+01 -0.546427E+01
  2.607   5.010   0.595839E+01 -0.785949E+00
  2.607   5.010   0.240601E+01 -0.469784E+01
  2.607   5.010  -0.311803E+01 -0.445316E+01
  2.607   5.010  -0.659083E+01 -0.235499E+00
  2.607   5.010   0.348014E+01 -0.608036E+01
  2.789   5.195   0.627588E+01 -0.842142E+00
  2.789   5.195   0.208109E+01 -0.508941E+01
  2.789   5.195  -0.407077E+01 -0.417730E+01
  2.789   5.195  -0.698705E+01  0.111860E+01
  2.789   5.195   0.323444E+01 -0.672606E+01
  2.979   5.380   0.659992E+01 -0.885981E+00
  2.979   5.380   0.167567E+01 -0.546937E+01
  2.979   5.380  -0.505222E+01 -0.372712E+01
  2.979   5.380  -0.702823E+01  0.262719E+01
  2.979   5.380   0.290325E+01 -0.739359E+01
  3.179   5.565   0.692534E+01 -0.914440E+00
  3.179   5.565   0.118255E+01 -0.582745E+01
  3.179   5.565  -0.601872E+01 -0.308483E+01
  3.179   5.565  -0.661424E+01  0.420141E+01
  3.179   5.565   0.247899E+01 -0.807435E+01
  3.387   5.750   0.724671E+01 -0.927399E+00
  3.387   5.750   0.595255E+00 -0.615425E+01
  3.387   5.750  -0.691660E+01 -0.223918E+01
  3.387   5.750  -0.566578E+01  0.571962E+01
  3.387   5.750   0.195774E+01 -0.875881E+01
  3.603   5.935   0.756077E+01 -0.927606E+00
  3.603   5.935  -0.908413E-01 -0.644209E+01
  3.603   5.935  -0.768488E+01 -0.118796E+01
  3.603   5.935  -0.414428E+01  0.703222E+01
  3.603   5.935   0.134100E+01 -0.943531E+01
  3.827   6.120   0.786883E+01 -0.919122E+00
  3.827   6.120  -0.877331E+00 -0.668484E+01
  3.827   6.120  -0.825901E+01  0.584579E-01
  3.827   6.120  -0.207097E+01  0.796930E+01
  3.827   6.120   0.636327E+00 -0.100883E+02
  4.059   6.305   0.817702E+01 -0.903802E+00
  4.059   6.305  -0.176285E+01 -0.687867E+01
  4.059   6.305  -0.857554E+01  0.147584E+01
  4.059   6.305   0.459945E+00  0.835558E+01
  4.059   6.305  -0.143217E+00 -0.106967E+02
  4.299   6.490   0.849436E+01 -0.878641E+00
  4.299   6.490  -0.274185E+01 -0.702073E+01
  4.299   6.490  -0.857346E+01  0.302065E+01
  4.299   6.490   0.327572E+01  0.803070E+01
  4.299   6.490  -0.982615E+00 -0.112316E+02
  4.546   6.675   0.883081E+01 -0.835577E+00
  4.546   6.675  -0.380689E+01 -0.711022E+01
  4.546   6.675  -0.819923E+01  0.463380E+01
  4.546   6.675   0.612894E+01  0.687638E+01
  4.546   6.675  -0.186470E+01 -0.116595E+02
  4.800   6.860   0.919457E+01 -0.759975E+00
  4.800   6.860  -0.494807E+01 -0.714889E+01
  4.800   6.860  -0.740923E+01  0.624107E+01
  4.800   6.860   0.871137E+01  0.484462E+01
  4.800   6.860  -0.277537E+01 -0.119410E+02
  5.062   7.045   0.959113E+01 -0.631940E+00
  5.062   7.045  -0.615431E+01 -0.714294E+01
  5.062   7.045  -0.617463E+01  0.775981E+01
  5.062   7.045   0.106817E+02  0.198135E+01
  5.062   7.045  -0.370376E+01 -0.120354E+02
  5.331   7.230   0.100213E+02 -0.423325E+00
  5.331   7.230  -0.741388E+01 -0.710620E+01
  5.331   7.230  -0.448563E+01  0.910571E+01
  5.331   7.230   0.117076E+02 -0.155863E+01
  5.331   7.230  -0.464318E+01 -0.119039E+02
  5.607   7.415   0.104743E+02 -0.936245E-01
  5.607   7.415  -0.870939E+01 -0.706744E+01
  5.607   7.415  -0.235696E+01  0.102016E+02
  5.607   7.415   0.115206E+02 -0.550528E+01
  5.607   7.415  -0.559123E+01 -0.115106E+02
  5.890   7.600   0.109087E+02  0.405952E+00
  5.890   7.600  -0.100047E+02 -0.707233E+01
  5.890   7.600   0.168281E+00  0.109939E+02
  5.890   7.600   0.997215E+01 -0.947834E+01
  5.890   7.600  -0.655440E+01 -0.108225E+02
  6.180   7.785   0.112379E+02  0.110150E+01
  6.180   7.785  -0.112253E+02 -0.716996E+01
  6.180   7.785   0.300308E+01  0.114684E+02
  6.180   7.785   0.706960E+01 -0.130131E+02
  6.180   7.785  -0.755837E+01 -0.982341E+01
  6.477   7.970   0.113595E+02  0.195165E+01
  6.477   7.970  -0.122593E+02 -0.738183E+01
  6.477   7.970   0.598447E+01  0.116604E+02
  6.477   7.970   0.299380E+01 -0.156324E+02
  6.477   7.970  -0.863811E+01 -0.853828E+01
  6.781   8.155   0.112226E+02  0.286426E+01
  6.781   8.155  -0.129788E+02 -0.768555E+01
  6.781   8.155   0.883152E+01  0.116158E+02
  6.781   8.155  -0.186513E+01 -0.169551E+02
  6.781   8.155  -0.980278E+01 -0.703517E+01
  7.092   8.340   0.108131E+02  0.376588E+01
  7.092   8.340  -0.132378E+02 -0.800263E+01
  7.092   8.340   0.111525E+02  0.112902E+02
  7.092   8.340  -0.684773E+01 -0.167436E+02
  7.092   8.340  -0.110318E+02 -0.539606E+01
  7.411   8.525   0.101016E+02  0.455407E+01
  7.411   8.525  -0.129238E+02 -0.811698E+01
  7.411   8.525   0.126013E+02  0.104289E+02
  7.411   8.525  -0.111056E+02 -0.148174E+02
  7.411   8.525  -0.122886E+02 -0.373398E+01
  7.736   8.710   0.915539E+01  0.505590E+01
  7.736   8.710  -0.121644E+02 -0.773275E+01
  7.736   8.710   0.131772E+02  0.869700E+01
  7.736   8.710  -0.139420E+02 -0.110778E+02
  7.736   8.710  -0.134518E+02 -0.219570E+01
  8.068   8.895   0.819222E+01  0.520910E+01
  8.068   8.895  -0.113035E+02 -0.679355E+01
  8.068   8.895   0.131812E+02  0.609054E+01
  8.068   8.895  -0.150200E+02 -0.582746E+01
  8.068   8.895  -0.143052E+02 -0.833624E+00
  8.407   9.080   0.737608E+01  0.514284E+01
  8.407   9.080  -0.105649E+02 -0.551258E+01
  8.407   9.080   0.128127E+02  0.295897E+01
  8.407   9.080  -0.141957E+02  0.131863E+00
  8.407   9.080  -0.146839E+02  0.428404E+00
  8.753   9.265   0.671366E+01  0.502378E+01
  8.753   9.265  -0.996119E+01 -0.412803E+01
  8.753   9.265   0.120871E+02 -0.305844E+00
  8.753   9.265  -0.114725E+02  0.579914E+01
  8.753   9.265  -0.145366E+02  0.169234E+01
  9.106   9.450   0.610301E+01  0.496011E+01
  9.106   9.450  -0.941864E+01 -0.279085E+01
  9.106   9.450   0.110176E+02 -0.339680E+01
  9.106   9.450  -0.716032E+01  0.102483E+02
  9.106   9.450  -0.138817E+02  0.302477E+01
  9.466   9.635   0.537046E+01  0.495136E+01
  9.466   9.635  -0.884255E+01 -0.158886E+01
  9.466   9.635   0.972480E+01 -0.601351E+01
  9.466   9.635  -0.197735E+01  0.127734E+02
  9.466   9.635  -0.127811E+02  0.446877E+01
  9.833   9.820   0.434373E+01  0.477848E+01
  9.833   9.820  -0.811727E+01 -0.551454E+00
  9.833   9.820   0.836365E+01 -0.770677E+01
  9.833   9.820   0.300623E+01  0.129143E+02
  9.833   9.820  -0.113708E+02  0.604103E+01
 10.207  10.005   0.321850E+01  0.400472E+01
 10.207  10.005  -0.715733E+01  0.405551E+00
 10.207  10.005   0.672784E+01 -0.795918E+01
 10.207  10.005   0.676868E+01  0.104323E+02
 10.207  10.005  -0.986485E+01  0.762043E+01
 10.588  10.190   0.266786E+01  0.269843E+01
 10.588  10.190  -0.606180E+01  0.139391E+01
 10.588  10.190   0.431081E+01 -0.697166E+01
 10.588  10.190   0.885164E+01  0.575794E+01
 10.588  10.190  -0.831496E+01  0.891058E+01
 10.976  10.375   0.280829E+01  0.152931E+01
 10.976  10.375  -0.498121E+01  0.233543E+01
 10.976  10.375   0.138143E+01 -0.549089E+01
 10.976  10.375   0.894190E+01  0.273539E+00
 10.976  10.375  -0.656766E+01  0.978990E+01
 11.371  10.560   0.325039E+01  0.748636E+00
 11.371  10.560  -0.392232E+01  0.311394E+01
 11.371  10.560  -0.137503E+01 -0.375535E+01
 11.371  10.560   0.678498E+01 -0.457412E+01
 11.371  10.560  -0.459476E+01  0.103107E+02
 11.773  10.745   0.375999E+01  0.294921E+00
 11.773  10.745  -0.286868E+01  0.368541E+01
 11.773  10.745  -0.355273E+01 -0.177818E+01
 11.773  10.745   0.272817E+01 -0.768954E+01
 11.773  10.745  -0.246601E+01  0.104921E+02
 12.182  10.930   0.425517E+01  0.105148E+00
 12.182  10.930  -0.182397E+01  0.404536E+01
 12.182  10.930  -0.498336E+01  0.299761E+00
 12.182  10.930  -0.221954E+01 -0.842049E+01
 12.182  10.930  -0.252715E+00  0.103461E+02
 12.597  11.115   0.464718E+01  0.148889E+00
 12.597  11.115  -0.815818E+00  0.417747E+01
 12.597  11.115  -0.554133E+01  0.222835E+01
 12.597  11.115  -0.668711E+01 -0.664886E+01
 12.597  11.115   0.194406E+01  0.991739E+01
 13.020  11.300   0.483690E+01  0.340289E+00
 13.020  11.300   0.140869E+00  0.406070E+01
 13.020  11.300  -0.514098E+01  0.378241E+01
 13.020  11.300  -0.936816E+01 -0.288432E+01
 13.020  11.300   0.397200E+01  0.923064E+01
 13.450  11.485   0.480911E+01  0.527658E+00
 13.450  11.485   0.105361E+01  0.370575E+01
 13.450  11.485  -0.383829E+01  0.485123E+01
 13.450  11.485  -0.943754E+01  0.177260E+01
 13.450  11.485   0.569421E+01  0.825720E+01
 13.887  11.670   0.465224E+01  0.591734E+00
 13.887  11.670   0.191387E+01  0.314167E+01
 13.887  11.670  -0.190218E+01  0.537189E+01
 13.887  11.670  -0.682019E+01  0.585533E+01
 13.887  11.670   0.704412E+01  0.698248E+01
 14.331  11.855   0.450425E+01  0.522181E+00
 14.331  11.855   0.270336E+01  0.241094E+01
 14.331  11.855   0.259196E+00  0.523805E+01
 14.331  11.855  -0.221050E+01  0.794458E+01
 14.331  11.855   0.796042E+01  0.544700E+01
 14.781  12.040   0.445008E+01  0.374615E+00
 14.781  12.040   0.341487E+01  0.154920E+01
 14.781  12.040   0.229505E+01  0.433123E+01
 14.781  12.040   0.307818E+01  0.724475E+01
 14.781  12.040   0.837369E+01  0.366941E+01
 15.239  12.225   0.453610E+01  0.185663E+00
 15.239  12.225   0.404646E+01  0.599638E+00
 15.239  12.225   0.396751E+01  0.269618E+01
 15.239  12.225   0.732974E+01  0.393850E+01
 15.239  12.225   0.831411E+01  0.164871E+01
 15.704  12.410   0.485366E+01 -0.324073E-01
 15.704  12.410   0.458460E+01 -0.397883E+00
 15.704  12.410   0.500990E+01  0.572913E+00
 15.704  12.410   0.895088E+01 -0.858696E+00
 15.704  12.410   0.789338E+01 -0.494298E+00
 16.176  12.595   0.553364E+01 -0.245097E+00
 16.176  12.595   0.493645E+01 -0.142845E+01
 16.176  12.595   0.508370E+01 -0.173417E+01
 16.176  12.595   0.715047E+01 -0.522028E+01
 16.176  12.595   0.720792E+01 -0.253723E+01
 16.654  12.780   0.664589E+01 -0.433153E+00
 16.654  12.780   0.469033E+01 -0.260801E+01
 16.654  12.780   0.370666E+01 -0.382707E+01
 16.654  12.780   0.210472E+01 -0.677740E+01
 16.654  12.780   0.636762E+01 -0.412679E+01
 17.140  12.965   0.812517E+01 -0.115062E+01
 17.140  12.965   0.292076E+01 -0.507267E+01
 17.140  12.965  -0.261273E+00 -0.556685E+01
 17.140  12.965  -0.584303E+01 -0.477075E+01
 17.140  12.965   0.536828E+01 -0.488387E+01
 17.633  13.150   0.123617E+02 -0.268723E+01
 17.633  13.150   0.138601E+01 -0.115832E+02
 17.633  13.150  -0.655578E+01 -0.958865E+01
 17.633  13.150  -0.123689E+02 -0.374887E+01
 17.633  13.150   0.515611E+01 -0.383010E+01
 18.132  13.335   0.172910E+02  0.146106E+01
 18.132  13.335   0.616348E+01 -0.172999E+02
 18.132  13.335  -0.710021E+01 -0.150502E+02
 18.132  13.335  -0.900455E+01 -0.429892E+01
 18.132  13.335   0.296291E+01  0.717690E+00
 18.639  13.520   0.140310E+02  0.716929E+01
 18.639  13.520   0.110965E+02 -0.131561E+02
 18.639  13.520  -0.101097E+01 -0.128969E+02
 18.639  13.520   0.898199E+00 -0.282312E+01
 18.639  13.520  -0.116238E+00  0.430290E+01
 19.152  13.705   0.593002E+01  0.950365E+01
 19.152  13.705   0.107725E+02 -0.349595E+01
 19.152  13.705   0.482783E+01 -0.609630E+01
 19.152  13.705   0.616818E+01 -0.398695E+01
 19.152  13.705  -0.102680E+01  0.800318E+01
 19.673  13.890  -0.333271E+01  0.867622E+01
 19.673  13.890   0.775955E+01  0.563585E+01
 19.673  13.890   0.951514E+01 -0.264928E+01
 19.673  13.890   0.446472E+01 -0.101351E+02
 19.673  13.890   0.188445E-03  0.120658E+02
 20.200  14.075  -0.109282E+02  0.626549E+01
 20.200  14.075   0.616221E+01  0.120218E+02
 20.200  14.075   0.133962E+02 -0.461696E+01
 20.200  14.075  -0.289651E+01 -0.151734E+02
 20.200  14.075   0.236918E+01  0.156967E+02
 20.735  14.260  -0.162324E+02  0.390695E+01
 20.735  14.260   0.720362E+01  0.158442E+02
 20.735  14.260   0.146955E+02 -0.102140E+02
 20.735  14.260  -0.130093E+02 -0.135615E+02
 20.735  14.260   0.574542E+01  0.180299E+02
 21.276  14.445  -0.197455E+02  0.222262E+01
 21.276  14.445   0.102657E+02  0.174428E+02
 21.276  14.445   0.118959E+02 -0.168655E+02
 21.276  14.445  -0.206449E+02 -0.429074E+01
 21.276  14.445   0.986722E+01  0.187288E+02
 21.825  14.630  -0.221162E+02  0.119765E+01
 21.825  14.630   0.143514E+02  0.170599E+02
 21.825  14.630   0.501554E+01 -0.219909E+02
 21.825  14.630  -0.208221E+02  0.927304E+01
 21.825  14.630   0.143356E+02  0.177832E+02
 22.380  14.815  -0.238099E+02  0.626445E+00
 22.380  14.815   0.186144E+02  0.149244E+02
 22.380  14.815  -0.457680E+01 -0.235401E+02
 22.380  14.815  -0.118058E+02  0.210332E+02
 22.380  14.815   0.186952E+02  0.153105E+02
