  0.000   0.000    0.95220E-13   0.89688E-05   0.20009E-11   0.39151E-04  -0.44370E-12   0.13930E-05
  0.000   0.000    0.31183E-03  -0.50101E-03  -0.36580E-04  -0.24069E-02  -0.14973E-02   0.89657E-10
  0.000   0.000   -0.31183E-03  -0.50101E-03   0.36580E-04  -0.24069E-02   0.14973E-02   0.89657E-10
  0.000   0.000   -0.30643E-03   0.53155E-03  -0.35991E-04   0.25505E-02   0.14740E-02   0.89655E-10
  0.000   0.000    0.76751E-05  -0.44844E-05  -0.58381E-05  -0.19488E-04  -0.33409E-04   0.13930E-05
  0.000   0.000   -0.58832E-03   0.10632E-04   0.55808E-06   0.51733E-04   0.28231E-02  -0.17331E-09
  0.000   0.000    0.30643E-03   0.53155E-03   0.35991E-04   0.25505E-02  -0.14740E-02   0.89655E-10
  0.000   0.000    0.58832E-03   0.10632E-04  -0.55808E-06   0.51733E-04  -0.28231E-02  -0.17331E-09
  0.000   0.000   -0.76751E-05  -0.44844E-05   0.58381E-05  -0.19488E-04   0.33409E-04   0.13930E-05
 -1.000  -1.000    0.16684E-13   0.56237E-05   0.91625E-12   0.34853E-04  -0.10613E-12   0.13261E-05
 -1.000  -1.000    0.20661E-03  -0.27983E-03  -0.38260E-04  -0.17101E-02  -0.12436E-02   0.60387E-10
 -1.000  -1.000   -0.20661E-03  -0.27983E-03   0.38260E-04  -0.17101E-02   0.12436E-02   0.60387E-10
 -1.000  -1.000   -0.20429E-03   0.28816E-03  -0.38542E-04   0.17625E-02   0.12293E-02   0.60388E-10
 -1.000  -1.000    0.48653E-05  -0.28302E-05  -0.26096E-05  -0.17537E-04  -0.30148E-04   0.13261E-05
 -1.000  -1.000   -0.28825E-03   0.21721E-05  -0.29134E-06   0.13914E-04   0.17820E-02  -0.11664E-09
 -1.000  -1.000    0.20429E-03   0.28816E-03   0.38542E-04   0.17625E-02  -0.12293E-02   0.60388E-10
 -1.000  -1.000    0.28825E-03   0.21721E-05   0.29134E-06   0.13914E-04  -0.17820E-02  -0.11664E-09
 -1.000  -1.000   -0.48653E-05  -0.28302E-05   0.26096E-05  -0.17537E-04   0.30148E-04   0.13261E-05
  0.013   0.333   -0.40974E-08   0.74527E-05   0.16222E-07   0.31147E-04   0.24766E-07   0.13947E-05
  0.013   0.333    0.31450E-03  -0.51228E-03  -0.35968E-04  -0.24439E-02  -0.15019E-02   0.90537E-10
  0.013   0.333   -0.31446E-03  -0.51225E-03   0.35934E-04  -0.24438E-02   0.15017E-02   0.90537E-10
  0.013   0.333   -0.30994E-03   0.54431E-03  -0.35139E-04   0.25928E-02   0.14831E-02   0.90536E-10
  0.013   0.333    0.63129E-05  -0.36741E-05  -0.63278E-05  -0.15349E-04  -0.26223E-04   0.13947E-05
  0.013   0.333   -0.60610E-03   0.12123E-04   0.77645E-06   0.58469E-04   0.28851E-02  -0.17498E-09
  0.013   0.333    0.30989E-03   0.54428E-03   0.35104E-04   0.25927E-02  -0.14829E-02   0.90536E-10
  0.013   0.333    0.60610E-03   0.12071E-04  -0.81133E-06   0.58215E-04  -0.28851E-02  -0.17498E-09
  0.013   0.333   -0.63112E-05  -0.37717E-05   0.63217E-05  -0.15554E-04   0.26216E-04   0.13947E-05
  0.025   0.494    0.29128E-08   0.45072E-05   0.55756E-08   0.16343E-04  -0.19434E-07   0.14226E-05
  0.025   0.494    0.31838E-03  -0.52912E-03  -0.34863E-04  -0.25022E-02  -0.15102E-02   0.92421E-10
  0.025   0.494   -0.31838E-03  -0.52912E-03   0.34863E-04  -0.25022E-02   0.15102E-02   0.92422E-10
  0.025   0.494   -0.31553E-03   0.56317E-03  -0.33732E-04   0.26583E-02   0.15003E-02   0.92420E-10
  0.025   0.494    0.37687E-05  -0.22357E-05  -0.72026E-05  -0.83095E-05  -0.13638E-04   0.14226E-05
  0.025   0.494   -0.63240E-03   0.14599E-04   0.10874E-05   0.69618E-04   0.29799E-02  -0.17855E-09
  0.025   0.494    0.31551E-03   0.56318E-03   0.33717E-04   0.26583E-02  -0.15002E-02   0.92420E-10
  0.025   0.494    0.63240E-03   0.14579E-04  -0.11064E-05   0.69475E-04  -0.29799E-02  -0.17855E-09
  0.025   0.494   -0.37688E-05  -0.22703E-05   0.71601E-05  -0.77620E-05   0.13639E-04   0.14226E-05
  0.038   0.606    0.55620E-08   0.15430E-05   0.14464E-06   0.21202E-05  -0.31021E-07   0.14272E-05
  0.038   0.606    0.32139E-03  -0.54538E-03  -0.33905E-04  -0.25562E-02  -0.15145E-02   0.93601E-10
  0.038   0.606   -0.32161E-03  -0.54551E-03   0.33969E-04  -0.25569E-02   0.15156E-02   0.93603E-10
  0.038   0.606   -0.31993E-03   0.58211E-03  -0.32556E-04   0.27224E-02   0.15115E-02   0.93599E-10
  0.038   0.606    0.93759E-06  -0.95687E-06  -0.78659E-05  -0.19267E-05   0.36846E-06   0.14272E-05
  0.038   0.606   -0.65928E-03   0.17012E-04   0.13300E-05   0.79972E-04   0.30748E-02  -0.18079E-09
  0.038   0.606    0.32012E-03   0.58222E-03   0.32610E-04   0.27229E-02  -0.15124E-02   0.93600E-10
  0.038   0.606    0.65928E-03   0.17243E-04  -0.12742E-05   0.81078E-04  -0.30748E-02  -0.18079E-09
  0.038   0.606   -0.94432E-06  -0.60783E-06   0.81441E-05   0.13635E-07  -0.33869E-06   0.14272E-05
  0.050   0.700    0.18137E-07  -0.33936E-06   0.15453E-06  -0.63308E-05  -0.11790E-06   0.14326E-05
  0.050   0.700    0.32458E-03  -0.56211E-03  -0.33362E-04  -0.26094E-02  -0.15193E-02   0.94893E-10
  0.050   0.700   -0.32476E-03  -0.56223E-03   0.33397E-04  -0.26100E-02   0.15202E-02   0.94895E-10
  0.050   0.700   -0.32293E-03   0.60311E-03  -0.31889E-04   0.27927E-02   0.15153E-02   0.94890E-10
  0.050   0.700   -0.18109E-06   0.43029E-06  -0.82240E-05   0.43604E-05   0.43906E-05   0.14326E-05
  0.050   0.700   -0.68893E-03   0.18999E-04   0.14468E-05   0.87775E-04   0.31777E-02  -0.18320E-09
  0.050   0.700    0.32332E-03   0.60330E-03   0.31954E-04   0.27936E-02  -0.15172E-02   0.94893E-10
  0.050   0.700    0.68893E-03   0.19456E-04  -0.13723E-05   0.90013E-04  -0.31776E-02  -0.18320E-09
  0.050   0.700    0.16608E-06  -0.11714E-06   0.88471E-05   0.21670E-05  -0.43227E-05   0.14326E-05
  0.062   0.783    0.54829E-07   0.10240E-06   0.14937E-07  -0.35847E-05  -0.22457E-06   0.14365E-05
  0.062   0.783    0.32732E-03  -0.57811E-03  -0.33372E-04  -0.26561E-02  -0.15216E-02   0.96196E-10
  0.062   0.783   -0.32826E-03  -0.57874E-03   0.33376E-04  -0.26589E-02   0.15258E-02   0.96201E-10
  0.062   0.783   -0.32353E-03   0.62597E-03  -0.31935E-04   0.28676E-02   0.15076E-02   0.96196E-10
  0.062   0.783   -0.38431E-06  -0.18922E-05  -0.85912E-05  -0.41593E-05   0.61902E-05   0.14365E-05
  0.062   0.783   -0.72122E-03   0.20266E-04   0.13586E-05   0.91832E-04   0.32869E-02  -0.18563E-09
  0.062   0.783    0.32350E-03   0.62623E-03   0.31885E-04   0.28688E-02  -0.15075E-02   0.96192E-10
  0.062   0.783    0.72122E-03   0.20196E-04  -0.14532E-05   0.91668E-04  -0.32869E-02  -0.18563E-09
  0.062   0.783    0.36930E-06   0.19066E-05   0.85738E-05   0.85710E-05  -0.61213E-05   0.14365E-05
  0.075   0.858   -0.17124E-07   0.38780E-05  -0.10779E-06   0.14168E-04   0.94184E-07   0.14333E-05
  0.075   0.858    0.33073E-03  -0.59349E-03  -0.33992E-04  -0.26959E-02  -0.15258E-02   0.97420E-10
  0.075   0.858   -0.33051E-03  -0.59333E-03   0.33995E-04  -0.26951E-02   0.15248E-02   0.97420E-10
  0.075   0.858   -0.32011E-03   0.65061E-03  -0.32677E-04   0.29450E-02   0.14812E-02   0.97419E-10
  0.075   0.858    0.32455E-05  -0.10024E-05  -0.85868E-05  -0.22113E-05  -0.13476E-04   0.14333E-05
  0.075   0.858   -0.75575E-03   0.19566E-04   0.12750E-05   0.86856E-04   0.33986E-02  -0.18787E-09
  0.075   0.858    0.32001E-03   0.65055E-03   0.32682E-04   0.29447E-02  -0.14807E-02   0.97418E-10
  0.075   0.858    0.75575E-03   0.19441E-04  -0.12751E-05   0.86208E-04  -0.33987E-02  -0.18787E-09
  0.075   0.858   -0.32353E-05  -0.22486E-05   0.75813E-05  -0.89376E-05   0.13431E-04   0.14333E-05
  0.088   0.926   -0.56482E-07   0.11540E-04  -0.47008E-06   0.48317E-04   0.26748E-06   0.14370E-05
  0.088   0.926    0.33346E-03  -0.60762E-03  -0.35170E-04  -0.27282E-02  -0.15272E-02   0.98890E-10
  0.088   0.926   -0.33311E-03  -0.60736E-03   0.35203E-04  -0.27271E-02   0.15257E-02   0.98884E-10
  0.088   0.926   -0.31231E-03   0.67703E-03  -0.34142E-04   0.30266E-02   0.14369E-02   0.98889E-10
  0.088   0.926    0.91526E-05  -0.44377E-05  -0.75722E-05  -0.19987E-04  -0.39220E-04   0.14370E-05
  0.088   0.926   -0.79351E-03   0.16678E-04   0.10056E-05   0.72276E-04   0.35191E-02  -0.19051E-09
  0.088   0.926    0.31212E-03   0.67692E-03   0.34165E-04   0.30261E-02  -0.14360E-02   0.98888E-10
  0.088   0.926    0.79353E-03   0.16491E-04  -0.98266E-06   0.71379E-04  -0.35192E-02  -0.19051E-09
  0.088   0.926   -0.91244E-05  -0.52635E-05   0.66735E-05  -0.20183E-04   0.39096E-04   0.14370E-05
  0.100   0.990   -0.14926E-06   0.23105E-04  -0.27928E-06   0.97748E-04   0.69650E-06   0.14469E-05
  0.100   0.990    0.33577E-03  -0.62149E-03  -0.36737E-04  -0.27580E-02  -0.15269E-02   0.10060E-09
  0.100   0.990   -0.33508E-03  -0.62090E-03   0.36820E-04  -0.27553E-02   0.15238E-02   0.10059E-09
  0.100   0.990   -0.30002E-03   0.70539E-03  -0.36186E-04   0.31126E-02   0.13755E-02   0.10060E-09
  0.100   0.990    0.19020E-04  -0.90084E-05  -0.59578E-05  -0.37386E-04  -0.81010E-04   0.14469E-05
  0.100   0.990   -0.83506E-03   0.11517E-04   0.57537E-06   0.48554E-04   0.36499E-02  -0.19370E-09
  0.100   0.990    0.29945E-03   0.70513E-03   0.36286E-04   0.31114E-02  -0.13730E-02   0.10059E-09
  0.100   0.990    0.83514E-03   0.10943E-04  -0.47491E-06   0.45960E-04  -0.36503E-02  -0.19370E-09
  0.100   0.990   -0.18920E-04  -0.99864E-05   0.58418E-05  -0.42812E-04   0.80579E-04   0.14469E-05
  0.113   1.050    0.71857E-07   0.38074E-04   0.11597E-06   0.15908E-03  -0.25985E-06   0.14441E-05
  0.113   1.050    0.33596E-03  -0.63440E-03  -0.38667E-04  -0.27796E-02  -0.15165E-02   0.10209E-09
  0.113   1.050   -0.33632E-03  -0.63477E-03   0.38565E-04  -0.27811E-02   0.15179E-02   0.10209E-09
  0.113   1.050   -0.28251E-03   0.73410E-03  -0.38813E-04   0.31929E-02   0.12940E-02   0.10208E-09
  0.113   1.050    0.31469E-04  -0.15904E-04  -0.46732E-05  -0.65805E-04  -0.12842E-03   0.14441E-05
  0.113   1.050   -0.88012E-03   0.37105E-05  -0.21889E-06   0.14611E-04   0.37854E-02  -0.19638E-09
  0.113   1.050    0.28241E-03   0.73413E-03   0.38759E-04   0.31930E-02  -0.12936E-02   0.10208E-09
  0.113   1.050    0.88011E-03   0.33933E-05   0.16237E-06   0.13385E-04  -0.37854E-02  -0.19638E-09
  0.113   1.050   -0.31469E-04  -0.14706E-04   0.46788E-05  -0.62276E-04   0.12842E-03   0.14441E-05
  0.125   1.107   -0.10748E-06   0.55802E-04   0.71144E-06   0.22880E-03   0.35972E-06   0.14537E-05
  0.125   1.107    0.33539E-03  -0.64991E-03  -0.40390E-04  -0.28114E-02  -0.15039E-02   0.10404E-09
  0.125   1.107   -0.33487E-03  -0.64936E-03   0.40640E-04  -0.28092E-02   0.15019E-02   0.10403E-09
  0.125   1.107   -0.26282E-03   0.76393E-03  -0.41637E-04   0.32744E-02   0.12082E-02   0.10404E-09
  0.125   1.107    0.43752E-04  -0.22634E-04  -0.34367E-05  -0.92486E-04  -0.17807E-03   0.14537E-05
  0.125   1.107   -0.92930E-03  -0.52998E-05  -0.11182E-05  -0.22429E-04   0.39317E-02  -0.19990E-09
  0.125   1.107    0.26212E-03   0.76373E-03   0.41870E-04   0.32735E-02  -0.12052E-02   0.10403E-09
  0.125   1.107    0.92949E-03  -0.59272E-05   0.13482E-05  -0.25143E-04  -0.39324E-02  -0.19990E-09
  0.125   1.107   -0.43602E-04  -0.22190E-04   0.40213E-05  -0.91850E-04   0.17745E-03   0.14537E-05
  0.138   1.161    0.29248E-07   0.75664E-04   0.36678E-06   0.30335E-03  -0.21944E-06   0.14429E-05
  0.138   1.161    0.33143E-03  -0.66596E-03  -0.42384E-04  -0.28406E-02  -0.14771E-02   0.10548E-09
  0.138   1.161   -0.33139E-03  -0.66582E-03   0.42452E-04  -0.28400E-02   0.14768E-02   0.10548E-09
  0.138   1.161   -0.24240E-03   0.79154E-03  -0.45013E-04   0.33389E-02   0.11225E-02   0.10547E-09
  0.138   1.161    0.63219E-04  -0.31171E-04  -0.29610E-05  -0.12399E-03  -0.25504E-03   0.14429E-05
  0.138   1.161   -0.97958E-03  -0.14199E-04  -0.25944E-05  -0.57398E-04   0.40700E-02  -0.20250E-09
  0.138   1.161    0.24242E-03   0.79160E-03   0.45128E-04   0.33392E-02  -0.11226E-02   0.10547E-09
  0.138   1.161    0.97961E-03  -0.14101E-04   0.27037E-05  -0.56968E-04  -0.40701E-02  -0.20250E-09
  0.138   1.161   -0.63234E-04  -0.32733E-04   0.35665E-05  -0.13304E-03   0.25509E-03   0.14429E-05
  0.150   1.213    0.17432E-07   0.97541E-04  -0.54939E-07   0.38225E-03  -0.11104E-06   0.14596E-05
  0.150   1.213    0.32543E-03  -0.68615E-03  -0.44230E-04  -0.28868E-02  -0.14450E-02   0.10785E-09
  0.150   1.213   -0.32545E-03  -0.68614E-03   0.44239E-04  -0.28867E-02   0.14450E-02   0.10785E-09
  0.150   1.213   -0.22825E-03   0.81697E-03  -0.48591E-04   0.33943E-02   0.10670E-02   0.10784E-09
  0.150   1.213    0.82245E-04  -0.46912E-04  -0.35705E-05  -0.18584E-03  -0.32103E-03   0.14596E-05
  0.150   1.213   -0.10294E-02  -0.18421E-04  -0.43524E-05  -0.72214E-04   0.42024E-02  -0.20691E-09
  0.150   1.213    0.22831E-03   0.81698E-03   0.48578E-04   0.33943E-02  -0.10671E-02   0.10784E-09
  0.150   1.213    0.10294E-02  -0.18286E-04   0.43375E-05  -0.71876E-04  -0.42023E-02  -0.20691E-09
  0.150   1.213   -0.82268E-04  -0.45980E-04   0.30617E-05  -0.17905E-03   0.32111E-03   0.14596E-05
  0.163   1.262    0.17600E-06   0.12142E-03  -0.94046E-06   0.46409E-03  -0.42117E-06   0.14547E-05
  0.163   1.262    0.31632E-03  -0.70862E-03  -0.45936E-04  -0.29344E-02  -0.14005E-02   0.10971E-09
  0.163   1.262   -0.31674E-03  -0.70900E-03   0.45949E-04  -0.29355E-02   0.14017E-02   0.10971E-09
  0.163   1.262   -0.22649E-03   0.83555E-03  -0.51896E-04   0.34146E-02   0.10600E-02   0.10973E-09
  0.163   1.262    0.11434E-03  -0.71893E-04  -0.40585E-05  -0.26885E-03  -0.42706E-03   0.14547E-05
  0.163   1.262   -0.10706E-02  -0.14451E-04  -0.59322E-05  -0.55064E-04   0.42876E-02  -0.21031E-09
  0.163   1.262    0.22715E-03   0.83578E-03   0.51982E-04   0.34154E-02  -0.10623E-02   0.10972E-09
  0.163   1.262    0.10705E-02  -0.13866E-04   0.60127E-05  -0.53083E-04  -0.42870E-02  -0.21030E-09
  0.163   1.262   -0.11460E-03  -0.64895E-04   0.31735E-05  -0.25437E-03   0.42805E-03   0.14547E-05
  0.175   1.310   -0.75459E-07   0.14803E-03   0.10794E-06   0.55226E-03   0.44239E-06   0.14596E-05
  0.175   1.310    0.30710E-03  -0.73581E-03  -0.47571E-04  -0.30005E-02  -0.13598E-02   0.11198E-09
  0.175   1.310   -0.30703E-03  -0.73574E-03   0.47541E-04  -0.30002E-02   0.13594E-02   0.11198E-09
  0.175   1.310   -0.24083E-03   0.84698E-03  -0.54618E-04   0.34113E-02   0.11150E-02   0.11198E-09
  0.175   1.310    0.14098E-03  -0.96695E-04  -0.38448E-05  -0.36269E-03  -0.52658E-03   0.14596E-05
  0.175   1.310   -0.11016E-02  -0.13037E-05  -0.70395E-05  -0.46511E-05   0.43351E-02  -0.21464E-09
  0.175   1.310    0.24114E-03   0.84694E-03   0.54606E-04   0.34110E-02  -0.11158E-02   0.11197E-09
  0.175   1.310    0.11015E-02  -0.12949E-05   0.70155E-05  -0.51002E-05  -0.43347E-02  -0.21464E-09
  0.175   1.310   -0.14112E-03  -0.96391E-04   0.35639E-05  -0.35726E-03   0.52710E-03   0.14596E-05
  0.188   1.356   -0.25802E-06   0.17749E-03  -0.45920E-06   0.64534E-03   0.10754E-05   0.14567E-05
  0.188   1.356    0.29935E-03  -0.76651E-03  -0.49071E-04  -0.30720E-02  -0.13249E-02   0.11413E-09
  0.188   1.356   -0.29881E-03  -0.76602E-03   0.49000E-04  -0.30701E-02   0.13229E-02   0.11414E-09
  0.188   1.356   -0.27015E-03   0.84948E-03  -0.56531E-04   0.33711E-02   0.12205E-02   0.11409E-09
  0.188   1.356    0.17317E-03  -0.12357E-03  -0.43177E-05  -0.45338E-03  -0.63505E-03   0.14567E-05
  0.188   1.356   -0.11196E-02   0.16966E-04  -0.74484E-05   0.61894E-04   0.43265E-02  -0.21877E-09
  0.188   1.356    0.26619E-03   0.84893E-03   0.56097E-04   0.33688E-02  -0.12055E-02   0.11413E-09
  0.188   1.356    0.11206E-02   0.13718E-04   0.69710E-05   0.49261E-04  -0.43303E-02  -0.21878E-09
  0.188   1.356   -0.17183E-03  -0.12536E-03   0.22399E-05  -0.45051E-03   0.63019E-03   0.14567E-05
  0.200   1.400   -0.11552E-06   0.20914E-03   0.16567E-07   0.74102E-03   0.40757E-06   0.14632E-05
  0.200   1.400    0.29725E-03  -0.80129E-03  -0.50390E-04  -0.31536E-02  -0.13120E-02   0.11685E-09
  0.200   1.400   -0.29697E-03  -0.80102E-03   0.50400E-04  -0.31528E-02   0.13112E-02   0.11685E-09
  0.200   1.400   -0.30558E-03   0.84481E-03  -0.57040E-04   0.33067E-02   0.13419E-02   0.11683E-09
  0.200   1.400    0.20357E-03  -0.14521E-03  -0.22154E-05  -0.51457E-03  -0.72455E-03   0.14632E-05
  0.200   1.400   -0.11295E-02   0.29360E-04  -0.66114E-05   0.10367E-03   0.42888E-02  -0.22389E-09
  0.200   1.400    0.30394E-03   0.84442E-03   0.56973E-04   0.33054E-02  -0.13362E-02   0.11685E-09
  0.200   1.400    0.11298E-02   0.27824E-04   0.65406E-05   0.98339E-04  -0.42900E-02  -0.22390E-09
  0.200   1.400   -0.20308E-03  -0.14319E-03   0.24545E-05  -0.50558E-03   0.72283E-03   0.14632E-05
  0.213   1.444   -0.97952E-07   0.23996E-03   0.68905E-06   0.82889E-03   0.40051E-06   0.14682E-05
  0.213   1.444    0.30631E-03  -0.83952E-03  -0.51581E-04  -0.32438E-02  -0.13388E-02   0.11983E-09
  0.213   1.444   -0.30599E-03  -0.83927E-03   0.51651E-04  -0.32432E-02   0.13380E-02   0.11984E-09
  0.213   1.444   -0.34809E-03   0.83528E-03  -0.57055E-04   0.32298E-02   0.14825E-02   0.11981E-09
  0.213   1.444    0.22735E-03  -0.14991E-03  -0.38070E-06  -0.52091E-03  -0.78551E-03   0.14682E-05
  0.213   1.444   -0.11292E-02   0.34280E-04  -0.54164E-05   0.11805E-03   0.42186E-02  -0.22929E-09
  0.213   1.444    0.34775E-03   0.83530E-03   0.57108E-04   0.32300E-02  -0.14816E-02   0.11982E-09
  0.213   1.444    0.11293E-02   0.34124E-04   0.54711E-05   0.11781E-03  -0.42189E-02  -0.22929E-09
  0.213   1.444   -0.22726E-03  -0.15197E-03   0.18577E-05  -0.52027E-03   0.78520E-03   0.14682E-05
  0.225   1.485   -0.28107E-06   0.26429E-03   0.62662E-06   0.88966E-03   0.95104E-06   0.14700E-05
  0.225   1.485    0.33300E-03  -0.88055E-03  -0.52692E-04  -0.33368E-02  -0.14229E-02   0.12264E-09
  0.225   1.485   -0.33172E-03  -0.87943E-03   0.52712E-04  -0.33333E-02   0.14189E-02   0.12266E-09
  0.225   1.485   -0.39937E-03   0.82639E-03  -0.56834E-04   0.31570E-02   0.16451E-02   0.12260E-09
  0.225   1.485    0.23446E-03  -0.14530E-03   0.50399E-06  -0.49212E-03  -0.78230E-03   0.14700E-05
  0.225   1.485   -0.11176E-02   0.30895E-04  -0.40789E-05   0.10404E-03   0.41110E-02  -0.23508E-09
  0.225   1.485    0.39900E-03   0.82554E-03   0.56826E-04   0.31541E-02  -0.16438E-02   0.12260E-09
  0.225   1.485    0.11176E-02   0.30796E-04   0.41013E-05   0.10376E-03  -0.41110E-02  -0.23508E-09
  0.225   1.485   -0.23453E-03  -0.14161E-03   0.13313E-06  -0.47275E-03   0.78253E-03   0.14700E-05
  0.238   1.526   -0.19742E-07   0.27434E-03   0.22304E-05   0.90021E-03  -0.12415E-06   0.14739E-05
  0.238   1.526    0.38320E-03  -0.92345E-03  -0.53548E-04  -0.34303E-02  -0.15793E-02   0.12719E-09
  0.238   1.526   -0.38260E-03  -0.92301E-03   0.53819E-04  -0.34297E-02   0.15787E-02   0.12722E-09
  0.238   1.526   -0.46366E-03   0.82266E-03  -0.56274E-04   0.31040E-02   0.18413E-02   0.12718E-09
  0.238   1.526    0.23000E-03  -0.12068E-03   0.34711E-05  -0.39453E-03  -0.75862E-03   0.14739E-05
  0.238   1.526   -0.10956E-02   0.19498E-04  -0.25551E-05   0.63641E-04   0.39738E-02  -0.24104E-09
  0.238   1.526    0.46211E-03   0.82218E-03   0.56525E-04   0.31031E-02  -0.18376E-02   0.12722E-09
  0.238   1.526    0.10957E-02   0.18037E-04   0.28235E-05   0.60588E-04  -0.39741E-02  -0.24104E-09
  0.238   1.526   -0.22985E-03  -0.12327E-03   0.47351E-06  -0.40610E-03   0.75816E-03   0.14739E-05
  0.250   1.566    0.72539E-07   0.26060E-03  -0.59035E-06   0.83392E-03  -0.61163E-06   0.14788E-05
  0.250   1.566    0.46353E-03  -0.96906E-03  -0.54590E-04  -0.35274E-02  -0.18247E-02   0.13223E-09
  0.250   1.566   -0.46339E-03  -0.96895E-03   0.54491E-04  -0.35268E-02   0.18238E-02   0.13223E-09
  0.250   1.566   -0.54440E-03   0.83039E-03  -0.55966E-04   0.30900E-02   0.20809E-02   0.13222E-09
  0.250   1.566    0.20097E-03  -0.87881E-04   0.25076E-05  -0.28133E-03  -0.64160E-03   0.14788E-05
  0.250   1.566   -0.10617E-02   0.28079E-06  -0.13864E-05   0.21796E-05   0.38043E-02  -0.24763E-09
  0.250   1.566    0.54372E-03   0.83016E-03   0.55893E-04   0.30891E-02  -0.20785E-02   0.13223E-09
  0.250   1.566    0.10617E-02  -0.41756E-06   0.13109E-05  -0.32230E-06  -0.38043E-02  -0.24763E-09
  0.250   1.566   -0.20095E-03  -0.87149E-04  -0.30502E-05  -0.28032E-03   0.64155E-03   0.14788E-05
  0.263   1.604    0.14644E-06   0.21394E-03   0.10835E-05   0.66806E-03  -0.23885E-06   0.14779E-05
  0.263   1.604    0.57841E-03  -0.10196E-02  -0.55277E-04  -0.36309E-02  -0.21620E-02   0.13813E-09
  0.263   1.604   -0.57706E-03  -0.10192E-02   0.55349E-04  -0.36300E-02   0.21582E-02   0.13816E-09
  0.263   1.604   -0.64896E-03   0.85357E-03  -0.55491E-04   0.31218E-02   0.23797E-02   0.13814E-09
  0.263   1.604    0.14742E-03  -0.40494E-04   0.49811E-05  -0.13104E-03  -0.45829E-03   0.14779E-05
  0.263   1.604   -0.10169E-02  -0.21883E-04  -0.11474E-06  -0.66407E-04   0.36061E-02  -0.25420E-09
  0.263   1.604    0.64824E-03   0.85290E-03   0.55504E-04   0.31197E-02  -0.23774E-02   0.13816E-09
  0.263   1.604    0.10168E-02  -0.23277E-04   0.13293E-06  -0.70592E-04  -0.36060E-02  -0.25420E-09
  0.263   1.604   -0.14747E-03  -0.40030E-04  -0.30282E-05  -0.12389E-03   0.45845E-03   0.14779E-05
  0.275   1.642   -0.25528E-07   0.12613E-03   0.20407E-05   0.38657E-03   0.31493E-06   0.14864E-05
  0.275   1.642    0.72795E-03  -0.10831E-02  -0.55771E-04  -0.37701E-02  -0.25880E-02   0.14592E-09
  0.275   1.642   -0.72826E-03  -0.10833E-02   0.56237E-04  -0.37722E-02   0.25912E-02   0.14594E-09
  0.275   1.642   -0.78606E-03   0.89563E-03  -0.54871E-04   0.32104E-02   0.27620E-02   0.14590E-09
  0.275   1.642    0.64153E-04   0.21095E-04   0.69450E-05   0.58849E-04  -0.20830E-03   0.14864E-05
  0.275   1.642   -0.96568E-03  -0.44213E-04   0.11942E-05  -0.13323E-03   0.34009E-02  -0.26165E-09
  0.275   1.642    0.78509E-03   0.89530E-03   0.55314E-04   0.32106E-02  -0.27615E-02   0.14596E-09
  0.275   1.642    0.96550E-03  -0.45650E-04  -0.73710E-06  -0.13466E-03  -0.34003E-02  -0.26165E-09
  0.275   1.642   -0.64341E-04   0.19785E-04  -0.33716E-05   0.58505E-04   0.20891E-03   0.14864E-05
  0.288   1.679    0.99992E-07  -0.76413E-05   0.18059E-05  -0.16517E-04  -0.26948E-06   0.14840E-05
  0.288   1.679    0.90873E-03  -0.11665E-02  -0.56452E-04  -0.39571E-02  -0.30825E-02   0.15492E-09
  0.288   1.679   -0.90846E-03  -0.11664E-02   0.56641E-04  -0.39575E-02   0.30825E-02   0.15493E-09
  0.288   1.679   -0.96192E-03   0.95576E-03  -0.54645E-04   0.33447E-02   0.32374E-02   0.15490E-09
  0.288   1.679   -0.58392E-04   0.95670E-04   0.73244E-05   0.27481E-03   0.16067E-03   0.14840E-05
  0.288   1.679   -0.91205E-03  -0.60752E-04   0.19606E-05  -0.17692E-03   0.31948E-02  -0.26872E-09
  0.288   1.679    0.96059E-03   0.95493E-03   0.54769E-04   0.33427E-02  -0.32340E-02   0.15495E-09
  0.288   1.679    0.91178E-03  -0.62685E-04  -0.18536E-05  -0.18205E-03  -0.31940E-02  -0.26872E-09
  0.288   1.679    0.58031E-04   0.94146E-04  -0.50216E-05   0.27673E-03  -0.15960E-03   0.14840E-05
  0.300   1.715    0.12535E-07  -0.18980E-03  -0.15784E-05  -0.53791E-03  -0.25225E-07   0.14908E-05
  0.300   1.715    0.11129E-02  -0.12814E-02  -0.57006E-04  -0.42279E-02  -0.36218E-02   0.16616E-09
  0.300   1.715   -0.11128E-02  -0.12812E-02   0.56821E-04  -0.42270E-02   0.36205E-02   0.16616E-09
  0.300   1.715   -0.11810E-02   0.10293E-02  -0.54270E-04   0.35131E-02   0.38140E-02   0.16616E-09
  0.300   1.715   -0.21260E-03   0.18178E-03   0.61089E-05   0.52020E-03   0.59619E-03   0.14908E-05
  0.300   1.715   -0.86410E-03  -0.68850E-04   0.26536E-05  -0.19496E-03   0.30180E-02  -0.27719E-09
  0.300   1.715    0.11812E-02   0.10295E-02   0.54200E-04   0.35134E-02  -0.38145E-02   0.16615E-09
  0.300   1.715    0.86417E-03  -0.68454E-04  -0.27407E-05  -0.19426E-03  -0.30182E-02  -0.27719E-09
  0.300   1.715    0.21269E-03   0.18169E-03  -0.77827E-05   0.51492E-03  -0.59645E-03   0.14908E-05
  0.313   1.751   -0.49230E-07  -0.41723E-03  -0.12919E-05  -0.11591E-02   0.26297E-07   0.14932E-05
  0.313   1.751    0.13286E-02  -0.14307E-02  -0.56935E-04  -0.45764E-02  -0.41613E-02   0.17888E-09
  0.313   1.751   -0.13287E-02  -0.14308E-02   0.56823E-04  -0.45763E-02   0.41611E-02   0.17887E-09
  0.313   1.751   -0.14429E-02   0.11082E-02  -0.53627E-04   0.36842E-02   0.44777E-02   0.17889E-09
  0.313   1.751   -0.40023E-03   0.27304E-03   0.66224E-05   0.75788E-03   0.11168E-02   0.14932E-05
  0.313   1.751   -0.82381E-03  -0.64948E-04   0.32700E-05  -0.17874E-03   0.28686E-02  -0.28615E-09
  0.313   1.751    0.14435E-02   0.11087E-02   0.53520E-04   0.36855E-02  -0.44788E-02   0.17886E-09
  0.313   1.751    0.82402E-03  -0.63922E-04  -0.33907E-05  -0.17647E-03  -0.28692E-02  -0.28615E-09
  0.313   1.751    0.40052E-03   0.27584E-03  -0.80554E-05   0.76830E-03  -0.11176E-02   0.14932E-05
  0.325   1.785    0.66817E-07  -0.67666E-03  -0.74094E-06  -0.18359E-02  -0.20797E-06   0.14959E-05
  0.325   1.785    0.15436E-02  -0.16066E-02  -0.56329E-04  -0.49805E-02  -0.46721E-02   0.19384E-09
  0.325   1.785   -0.15435E-02  -0.16065E-02   0.56293E-04  -0.49802E-02   0.46716E-02   0.19384E-09
  0.325   1.785   -0.17329E-02   0.11774E-02  -0.52551E-04   0.38214E-02   0.51846E-02   0.19386E-09
  0.325   1.785   -0.59921E-03   0.36036E-03   0.66110E-05   0.98298E-03   0.16219E-02   0.14959E-05
  0.325   1.785   -0.78348E-03  -0.53672E-04   0.37948E-05  -0.14376E-03   0.27274E-02  -0.29686E-09
  0.325   1.785    0.17333E-02   0.11777E-02   0.52552E-04   0.38222E-02  -0.51858E-02   0.19385E-09
  0.325   1.785    0.78361E-03  -0.52734E-04  -0.37749E-05  -0.14094E-03  -0.27277E-02  -0.29686E-09
  0.325   1.785    0.59937E-03   0.35881E-03  -0.77940E-05   0.96830E-03  -0.16223E-02   0.14959E-05
  0.338   1.819   -0.38491E-06  -0.93721E-03  -0.88324E-06  -0.24807E-02   0.12220E-05   0.14983E-05
  0.338   1.819    0.17448E-02  -0.17773E-02  -0.55052E-04  -0.53480E-02  -0.51183E-02   0.21065E-09
  0.338   1.819   -0.17456E-02  -0.17775E-02   0.54930E-04  -0.53480E-02   0.51200E-02   0.21059E-09
  0.338   1.819   -0.20204E-02   0.12155E-02  -0.51080E-04   0.38673E-02   0.58470E-02   0.21069E-09
  0.338   1.819   -0.78443E-03   0.41866E-03   0.52713E-05   0.11072E-02   0.20739E-02   0.14983E-05
  0.338   1.819   -0.72007E-03  -0.44703E-04   0.39063E-05  -0.11542E-03   0.25307E-02  -0.30962E-09
  0.338   1.819    0.20205E-02   0.12158E-02   0.50888E-04   0.38676E-02  -0.58465E-02   0.21064E-09
  0.338   1.819    0.72022E-03  -0.44663E-04  -0.41168E-05  -0.11650E-03  -0.25311E-02  -0.30962E-09
  0.338   1.819    0.78462E-03   0.41976E-03  -0.76426E-05   0.11110E-02  -0.20744E-02   0.14983E-05
  0.350   1.853   -0.78877E-08  -0.11519E-02   0.12902E-05  -0.29745E-02  -0.24571E-06   0.15025E-05
  0.350   1.853    0.19230E-02  -0.18957E-02  -0.52747E-04  -0.55613E-02  -0.54822E-02   0.22968E-09
  0.350   1.853   -0.19233E-02  -0.18959E-02   0.52887E-04  -0.55622E-02   0.54836E-02   0.22967E-09
  0.350   1.853   -0.22677E-02   0.12020E-02  -0.48801E-04   0.37767E-02   0.63712E-02   0.22968E-09
  0.350   1.853   -0.91968E-03   0.43947E-03   0.55453E-05   0.11355E-02   0.23697E-02   0.15024E-05
  0.350   1.853   -0.59611E-03  -0.49741E-04   0.40117E-05  -0.12640E-03   0.21872E-02  -0.32542E-09
  0.350   1.853    0.22677E-02   0.12018E-02   0.48907E-04   0.37765E-02  -0.63718E-02   0.22969E-09
  0.350   1.853    0.59607E-03  -0.50154E-04  -0.39035E-05  -0.12675E-03  -0.21871E-02  -0.32542E-09
  0.350   1.853    0.91962E-03   0.43868E-03  -0.47944E-05   0.11302E-02  -0.23696E-02   0.15024E-05
  0.363   1.885   -0.10203E-06  -0.12683E-02  -0.12910E-05  -0.31923E-02   0.54860E-06   0.15015E-05
  0.363   1.885    0.20723E-02  -0.19108E-02  -0.49974E-04  -0.54990E-02  -0.57508E-02   0.25025E-09
  0.363   1.885   -0.20723E-02  -0.19108E-02   0.49793E-04  -0.54984E-02   0.57498E-02   0.25023E-09
  0.363   1.885   -0.24418E-02   0.11229E-02  -0.46430E-04   0.35232E-02   0.66801E-02   0.25026E-09
  0.363   1.885   -0.97622E-03   0.41771E-03   0.21784E-05   0.10417E-02   0.24653E-02   0.15015E-05
  0.363   1.885   -0.37644E-03  -0.73708E-04   0.34088E-05  -0.18202E-03   0.16182E-02  -0.34376E-09
  0.363   1.885    0.24415E-02   0.11226E-02   0.46070E-04   0.35214E-02  -0.66772E-02   0.25025E-09
  0.363   1.885    0.37644E-03  -0.74393E-04  -0.37816E-05  -0.18607E-03  -0.16182E-02  -0.34376E-09
  0.363   1.885    0.97621E-03   0.41853E-03  -0.49413E-05   0.10604E-02  -0.24653E-02   0.15015E-05
  0.375   1.918   -0.10620E-06  -0.12510E-02  -0.77107E-07  -0.30727E-02   0.73453E-07   0.15081E-05
  0.375   1.918    0.21926E-02  -0.17907E-02  -0.46546E-04  -0.51099E-02  -0.59384E-02   0.27311E-09
  0.375   1.918   -0.21929E-02  -0.17909E-02   0.46421E-04  -0.51099E-02   0.59383E-02   0.27309E-09
  0.375   1.918   -0.25294E-02   0.97932E-03  -0.43616E-04   0.31247E-02   0.67638E-02   0.27312E-09
  0.375   1.918   -0.93619E-03   0.36856E-03   0.68132E-06   0.89680E-03   0.23013E-02   0.15080E-05
  0.375   1.918   -0.40910E-04  -0.11236E-03   0.28102E-05  -0.27290E-03   0.79227E-03  -0.36644E-09
  0.375   1.918    0.25289E-02   0.97886E-03   0.43356E-04   0.31229E-02  -0.67612E-02   0.27308E-09
  0.375   1.918    0.40846E-04  -0.11281E-03  -0.30823E-05  -0.27585E-03  -0.79213E-03  -0.36645E-09
  0.375   1.918    0.93612E-03   0.37096E-03  -0.30904E-05   0.91602E-03  -0.23012E-02   0.15080E-05
  0.388   1.949    0.16163E-06  -0.10872E-02   0.59199E-06  -0.26035E-02  -0.94259E-06   0.15109E-05
  0.388   1.949    0.22800E-02  -0.15214E-02  -0.42718E-04  -0.43763E-02  -0.60321E-02   0.29597E-09
  0.388   1.949   -0.22801E-02  -0.15214E-02   0.42954E-04  -0.43771E-02   0.60335E-02   0.29598E-09
  0.388   1.949   -0.25258E-02   0.77920E-03  -0.40675E-04   0.26073E-02   0.66185E-02   0.29596E-09
  0.388   1.949   -0.81064E-03   0.30884E-03   0.96562E-07   0.72366E-03   0.19647E-02   0.15108E-05
  0.388   1.949    0.41076E-03  -0.15402E-03   0.20478E-05  -0.36699E-03  -0.27281E-03  -0.39219E-09
  0.388   1.949    0.25260E-02   0.77937E-03   0.40576E-04   0.26073E-02  -0.66183E-02   0.29595E-09
  0.388   1.949   -0.41068E-03  -0.15419E-03  -0.21194E-05  -0.36759E-03   0.27259E-03  -0.39220E-09
  0.388   1.949    0.81076E-03   0.31303E-03  -0.57732E-06   0.76157E-03  -0.19650E-02   0.15108E-05
  0.400   1.981    0.83693E-07  -0.78773E-03   0.25123E-05  -0.18375E-02  -0.83052E-06   0.15137E-05
  0.400   1.981    0.23250E-02  -0.11015E-02  -0.38986E-04  -0.33241E-02  -0.60212E-02   0.31763E-09
  0.400   1.981   -0.23254E-02  -0.11016E-02   0.39326E-04  -0.33255E-02   0.60238E-02   0.31766E-09
  0.400   1.981   -0.24317E-02   0.53651E-03  -0.37893E-04   0.20149E-02   0.62664E-02   0.31763E-09
  0.400   1.981   -0.59981E-03   0.25201E-03   0.88818E-06   0.58492E-03   0.13999E-02   0.15136E-05
  0.400   1.981    0.96301E-03  -0.18545E-03   0.12221E-05  -0.43248E-03  -0.15228E-02  -0.42149E-09
  0.400   1.981    0.24321E-02   0.53672E-03   0.38121E-04   0.20160E-02  -0.62685E-02   0.31765E-09
  0.400   1.981   -0.96297E-03  -0.18534E-03  -0.97922E-06  -0.43070E-03   0.15227E-02  -0.42149E-09
  0.400   1.981    0.59987E-03   0.25151E-03   0.29273E-05   0.58609E-03  -0.14000E-02   0.15136E-05
  0.413   2.011   -0.31473E-06  -0.38257E-03  -0.25270E-05  -0.86456E-03   0.28616E-05   0.15162E-05
  0.413   2.011    0.23127E-02  -0.53767E-03  -0.35735E-04  -0.19925E-02  -0.58792E-02   0.33604E-09
  0.413   2.011   -0.23123E-02  -0.53748E-03   0.35435E-04  -0.19910E-02   0.58768E-02   0.33605E-09
  0.413   2.011   -0.22403E-02   0.26269E-03  -0.35615E-04   0.13798E-02   0.57081E-02   0.33611E-09
  0.413   2.011   -0.33100E-03   0.18863E-03  -0.47676E-05   0.42800E-03   0.76019E-03   0.15161E-05
  0.413   2.011    0.15890E-02  -0.19375E-03  -0.63992E-07  -0.43914E-03  -0.28812E-02  -0.45390E-09
  0.413   2.011    0.22399E-02   0.26225E-03   0.35295E-04   0.13779E-02  -0.57055E-02   0.33609E-09
  0.413   2.011   -0.15891E-02  -0.19472E-03  -0.25824E-06  -0.44332E-03   0.28815E-02  -0.45390E-09
  0.413   2.011    0.33092E-03   0.19082E-03  -0.39881E-06   0.43009E-03  -0.76005E-03   0.15161E-05
  0.425   2.042   -0.50681E-07   0.82593E-04  -0.69760E-06   0.19671E-03   0.54384E-06   0.15186E-05
  0.425   2.042    0.22189E-02   0.15655E-03  -0.32264E-04  -0.42980E-03  -0.55582E-02   0.34924E-09
  0.425   2.042   -0.22188E-02   0.15653E-03   0.32393E-04  -0.43032E-03   0.55588E-02   0.34926E-09
  0.425   2.042   -0.19434E-02  -0.31820E-04  -0.33074E-04   0.72726E-03   0.49358E-02   0.34927E-09
  0.425   2.042   -0.14362E-04   0.11203E-03  -0.40007E-05   0.24573E-03   0.17863E-04   0.15186E-05
  0.425   2.042    0.22514E-02  -0.17018E-03  -0.77379E-06  -0.37710E-03  -0.42559E-02  -0.48900E-09
  0.425   2.042    0.19435E-02  -0.32050E-04   0.33192E-04   0.72716E-03  -0.49368E-02   0.34931E-09
  0.425   2.042   -0.22516E-02  -0.17107E-03   0.89332E-06  -0.37821E-03   0.42563E-02  -0.48901E-09
  0.425   2.042    0.14248E-04   0.11301E-03   0.23513E-05   0.24582E-03  -0.17592E-04   0.15186E-05
  0.438   2.071   -0.12270E-06   0.54930E-03   0.23704E-05   0.12127E-02   0.10838E-05   0.15223E-05
  0.438   2.071    0.20237E-02   0.94694E-03  -0.29390E-04   0.12700E-02  -0.50307E-02   0.35523E-09
  0.438   2.071   -0.20237E-02   0.94693E-03   0.29562E-04   0.12695E-02   0.50314E-02   0.35525E-09
  0.438   2.071   -0.15410E-02  -0.33711E-03  -0.30950E-04   0.81935E-04   0.39695E-02   0.35527E-09
  0.438   2.071    0.31709E-03   0.59973E-05  -0.16774E-05   0.14894E-04  -0.72309E-03   0.15222E-05
  0.438   2.071    0.29024E-02  -0.10803E-03  -0.14673E-05  -0.23264E-03  -0.55417E-02  -0.52712E-09
  0.438   2.071    0.15417E-02  -0.33670E-03   0.31236E-04   0.83686E-04  -0.39725E-02   0.35528E-09
  0.438   2.071   -0.29023E-02  -0.10770E-03   0.17464E-05  -0.23020E-03   0.55414E-02  -0.52713E-09
  0.438   2.071   -0.31697E-03   0.51627E-05   0.62952E-05  -0.29592E-05   0.72285E-03   0.15222E-05
  0.450   2.101    0.37198E-07   0.95779E-03   0.86067E-06   0.20578E-02  -0.18318E-06   0.15251E-05
  0.450   2.101    0.17133E-02   0.17767E-02  -0.27164E-04   0.29755E-02  -0.42802E-02   0.35152E-09
  0.450   2.101   -0.17133E-02   0.17767E-02   0.27290E-04   0.29751E-02   0.42810E-02   0.35154E-09
  0.450   2.101   -0.10510E-02  -0.64318E-03  -0.29283E-04  -0.53552E-03   0.28594E-02   0.35145E-09
  0.450   2.101    0.63052E-03  -0.13797E-03  -0.52807E-05  -0.29607E-03  -0.13567E-02   0.15251E-05
  0.450   2.101    0.34861E-02  -0.85354E-05  -0.20831E-05  -0.14236E-04  -0.66229E-02  -0.56960E-09
  0.450   2.101    0.10516E-02  -0.64199E-03   0.29433E-04  -0.53225E-03  -0.28618E-02   0.35131E-09
  0.450   2.101   -0.34852E-02  -0.33167E-05   0.22228E-05  -0.19964E-05   0.66211E-02  -0.56962E-09
  0.450   2.101   -0.62956E-03  -0.13768E-03   0.38707E-05  -0.30557E-03   0.13546E-02   0.15251E-05
  0.463   2.130    0.20999E-07   0.12638E-02   0.10975E-05   0.26503E-02  -0.39725E-06   0.15280E-05
  0.463   2.130    0.12995E-02   0.25646E-02  -0.25614E-04   0.45154E-02  -0.33466E-02   0.33531E-09
  0.463   2.130   -0.12995E-02   0.25645E-02   0.25743E-04   0.45149E-02   0.33474E-02   0.33530E-09
  0.463   2.130   -0.50727E-03  -0.94462E-03  -0.28156E-04  -0.11138E-02   0.16879E-02   0.33538E-09
  0.463   2.130    0.90709E-03  -0.31334E-03  -0.47289E-05  -0.67392E-03  -0.19028E-02   0.15280E-05
  0.463   2.130    0.39508E-02   0.12540E-03  -0.24671E-05   0.26667E-03  -0.74042E-02  -0.62141E-09
  0.463   2.130    0.50733E-03  -0.94463E-03   0.28114E-04  -0.11140E-02  -0.16876E-02   0.33538E-09
  0.463   2.130   -0.39508E-02   0.12509E-03   0.24141E-05   0.26554E-03   0.74042E-02  -0.62141E-09
  0.463   2.130   -0.90708E-03  -0.30794E-03   0.51115E-05  -0.63610E-03   0.19028E-02   0.15280E-05
  0.475   2.158   -0.10560E-06   0.14523E-02  -0.18354E-05   0.29764E-02   0.75067E-07   0.15309E-05
  0.475   2.158    0.79442E-03   0.32367E-02  -0.25028E-04   0.57488E-02  -0.22696E-02   0.30406E-09
  0.475   2.158   -0.79435E-03   0.32367E-02   0.24792E-04   0.57495E-02   0.22681E-02   0.30403E-09
  0.475   2.158    0.48381E-04  -0.12413E-02  -0.27377E-04  -0.16566E-02   0.54290E-03   0.30417E-09
  0.475   2.158    0.11231E-02  -0.49290E-03  -0.51196E-05  -0.10157E-02  -0.23080E-02   0.15310E-05
  0.475   2.158    0.42595E-02   0.26762E-03  -0.24333E-05   0.55072E-03  -0.78313E-02  -0.68869E-09
  0.475   2.158   -0.47818E-04  -0.12409E-02   0.27438E-04  -0.16558E-02  -0.54440E-03   0.30412E-09
  0.475   2.158   -0.42595E-02   0.26786E-03   0.25034E-05   0.55164E-03   0.78313E-02  -0.68870E-09
  0.475   2.158   -0.11230E-02  -0.49324E-03   0.48812E-05  -0.10102E-02   0.23078E-02   0.15310E-05
  0.488   2.186    0.27706E-05   0.15358E-02  -0.19026E-05   0.30781E-02  -0.52532E-05   0.15334E-05
  0.488   2.186    0.22571E-03   0.37300E-02  -0.24898E-04   0.65698E-02  -0.11112E-02   0.25496E-09
  0.488   2.186   -0.22089E-03   0.37333E-02   0.24693E-04   0.65768E-02   0.11008E-02   0.25525E-09
  0.488   2.186    0.57809E-03  -0.15362E-02  -0.27125E-04  -0.21714E-02  -0.49912E-03   0.25521E-09
  0.488   2.186    0.12711E-02  -0.65783E-03  -0.56422E-05  -0.13197E-02  -0.25621E-02   0.15335E-05
  0.488   2.186    0.43945E-02   0.39745E-03  -0.22924E-05   0.79819E-03  -0.78906E-02  -0.77922E-09
  0.488   2.186   -0.57937E-03  -0.15369E-02   0.27137E-04  -0.21724E-02   0.50147E-03   0.25519E-09
  0.488   2.186   -0.43931E-02   0.40024E-03   0.22671E-05   0.80346E-03   0.78879E-02  -0.77923E-09
  0.488   2.186   -0.12702E-02  -0.66168E-03   0.40609E-05  -0.13272E-02   0.25605E-02   0.15335E-05
  0.500   2.214   -0.13342E-06   0.15437E-02  -0.33697E-06   0.30270E-02   0.77419E-06   0.15360E-05
  0.500   2.214   -0.39089E-03   0.40161E-02  -0.25190E-04   0.69486E-02   0.90558E-04   0.18634E-09
  0.500   2.214    0.39035E-03   0.40160E-02   0.25177E-04   0.69483E-02  -0.89032E-04   0.18666E-09
  0.500   2.214    0.10668E-02  -0.18415E-02  -0.27161E-04  -0.26828E-02  -0.14155E-02   0.18634E-09
  0.500   2.214    0.13366E-02  -0.79036E-03  -0.48979E-05  -0.15525E-02  -0.26245E-02   0.15361E-05
  0.500   2.214    0.43539E-02   0.49822E-03  -0.19455E-05   0.97751E-03  -0.76019E-02  -0.90017E-09
  0.500   2.214   -0.10666E-02  -0.18414E-02   0.27134E-04  -0.26828E-02   0.14153E-02   0.18685E-09
  0.500   2.214   -0.43539E-02   0.49846E-03   0.19286E-05   0.97789E-03   0.76018E-02  -0.90032E-09
  0.500   2.214   -0.13364E-02  -0.78674E-03   0.41618E-05  -0.15397E-02   0.26242E-02   0.15361E-05
  0.512   2.242   -0.36427E-06   0.15038E-02  -0.56751E-06   0.28872E-02   0.28728E-06   0.15400E-05
  0.512   2.242   -0.10335E-02   0.40908E-02  -0.26073E-04   0.69080E-02   0.12885E-02   0.98649E-10
  0.512   2.242    0.10338E-02   0.40908E-02   0.25787E-04   0.69090E-02  -0.12908E-02   0.98621E-10
  0.512   2.242    0.15045E-02  -0.21595E-02  -0.27577E-04  -0.31968E-02  -0.21951E-02   0.98754E-10
  0.512   2.242    0.13690E-02  -0.86296E-03  -0.49112E-05  -0.16405E-02  -0.26411E-02   0.15402E-05
  0.512   2.242    0.41549E-02   0.55372E-03  -0.16108E-05   0.10636E-02  -0.70243E-02  -0.10606E-08
  0.512   2.242   -0.15063E-02  -0.21608E-02   0.27411E-04  -0.31995E-02   0.21993E-02   0.98935E-10
  0.512   2.242   -0.41551E-02   0.55128E-03   0.14272E-05   0.10579E-02   0.70248E-02  -0.10606E-08
  0.512   2.242   -0.13696E-02  -0.86664E-03   0.33090E-05  -0.16782E-02   0.26423E-02   0.15402E-05
  0.525   2.269    0.57058E-07   0.14281E-02   0.93758E-06   0.26854E-02  -0.63630E-06   0.15432E-05
  0.525   2.269   -0.16924E-02   0.39769E-02  -0.26760E-04   0.65152E-02   0.24689E-02  -0.78664E-11
  0.525   2.269    0.16920E-02   0.39766E-02   0.26923E-04   0.65139E-02  -0.24669E-02  -0.78502E-11
  0.525   2.269    0.19020E-02  -0.24925E-02  -0.27968E-04  -0.37165E-02  -0.28669E-02  -0.76945E-11
  0.525   2.269    0.13325E-02  -0.88987E-03  -0.35835E-05  -0.17090E-02  -0.24910E-02   0.15434E-05
  0.525   2.269    0.38185E-02   0.55614E-03  -0.11226E-05   0.10454E-02  -0.62113E-02  -0.12591E-08
  0.525   2.269   -0.19022E-02  -0.24927E-02   0.27862E-04  -0.37172E-02   0.28678E-02  -0.76639E-11
  0.525   2.269   -0.38185E-02   0.55610E-03   0.10492E-05   0.10453E-02   0.62114E-02  -0.12591E-08
  0.525   2.269   -0.13325E-02  -0.87792E-03   0.36997E-05  -0.16117E-02   0.24911E-02   0.15434E-05
  0.537   2.296    0.66267E-06   0.13143E-02   0.93468E-06   0.24220E-02  -0.12233E-05   0.15465E-05
  0.537   2.296   -0.23513E-02   0.37150E-02  -0.27599E-04   0.58660E-02   0.35985E-02  -0.13012E-09
  0.537   2.296    0.23523E-02   0.37161E-02   0.28091E-04   0.58659E-02  -0.35972E-02  -0.13001E-09
  0.537   2.296    0.22700E-02  -0.28332E-02  -0.28298E-04  -0.42279E-02  -0.34568E-02  -0.12956E-09
  0.537   2.296    0.12494E-02  -0.85114E-03  -0.12616E-05  -0.15721E-02  -0.22916E-02   0.15467E-05
  0.537   2.296    0.33757E-02   0.50832E-03  -0.48833E-06   0.93498E-03  -0.52358E-02  -0.14954E-08
  0.537   2.296   -0.22667E-02  -0.28313E-02   0.28696E-04  -0.42232E-02   0.34484E-02  -0.13022E-09
  0.537   2.296   -0.33757E-02   0.51251E-03   0.89961E-06   0.94547E-03   0.52359E-02  -0.14954E-08
  0.537   2.296   -0.12490E-02  -0.84638E-03   0.50934E-05  -0.15516E-02   0.22910E-02   0.15467E-05
  0.550   2.322   -0.11914E-06   0.11453E-02  -0.11561E-05   0.20701E-02   0.51289E-07   0.15497E-05
  0.550   2.322   -0.29977E-02   0.33571E-02  -0.28904E-04   0.50683E-02   0.46563E-02  -0.26418E-09
  0.550   2.322    0.29977E-02   0.33569E-02   0.28608E-04   0.50689E-02  -0.46580E-02  -0.26403E-09
  0.550   2.322    0.26157E-02  -0.31654E-02  -0.29195E-04  -0.47009E-02  -0.39786E-02  -0.26397E-09
  0.550   2.322    0.10994E-02  -0.76826E-03  -0.26579E-05  -0.13957E-02  -0.19687E-02   0.15500E-05
  0.550   2.322    0.28594E-02   0.42338E-03  -0.50587E-06   0.76626E-03  -0.41678E-02  -0.17600E-08
  0.550   2.322   -0.26166E-02  -0.31659E-02   0.28973E-04  -0.47026E-02   0.39819E-02  -0.26395E-09
  0.550   2.322   -0.28594E-02   0.42271E-03   0.24719E-06   0.76282E-03   0.41677E-02  -0.17600E-08
  0.550   2.322   -0.10995E-02  -0.76767E-03   0.28300E-05  -0.13747E-02   0.19688E-02   0.15500E-05
  0.562   2.349    0.15427E-06   0.90170E-03  -0.13002E-05   0.16010E-02  -0.96084E-06   0.15530E-05
  0.562   2.349   -0.36162E-02   0.29504E-02  -0.29643E-04   0.42182E-02   0.56241E-02  -0.40488E-09
  0.562   2.349    0.36165E-02   0.29507E-02   0.29608E-04   0.42187E-02  -0.56250E-02  -0.40467E-09
  0.562   2.349    0.29573E-02  -0.34772E-02  -0.29633E-04  -0.51195E-02  -0.44748E-02  -0.40477E-09
  0.562   2.349    0.89973E-03  -0.64909E-03  -0.20417E-05  -0.11380E-02  -0.16181E-02   0.15533E-05
  0.562   2.349    0.22996E-02   0.30527E-03   0.33515E-07   0.54111E-03  -0.30660E-02  -0.20342E-08
  0.562   2.349   -0.29569E-02  -0.34769E-02   0.29995E-04  -0.51177E-02   0.44715E-02  -0.40452E-09
  0.562   2.349   -0.22996E-02   0.30555E-03   0.33145E-06   0.54436E-03   0.30660E-02  -0.20342E-08
  0.562   2.349   -0.89969E-03  -0.65209E-03   0.26734E-05  -0.11647E-02   0.16181E-02   0.15533E-05
  0.575   2.375    0.24183E-07   0.57082E-03  -0.24626E-06   0.10004E-02  -0.21639E-06   0.15564E-05
  0.575   2.375   -0.42015E-02   0.25401E-02  -0.30326E-04   0.33951E-02   0.64965E-02  -0.54507E-09
  0.575   2.375    0.42018E-02   0.25403E-02   0.30380E-04   0.33954E-02  -0.64967E-02  -0.54490E-09
  0.575   2.375    0.33031E-02  -0.37527E-02  -0.30461E-04  -0.54576E-02  -0.49553E-02  -0.54485E-09
  0.575   2.375    0.62044E-03  -0.50224E-03  -0.31710E-05  -0.87113E-03  -0.10877E-02   0.15567E-05
  0.575   2.375    0.17191E-02   0.17013E-03  -0.68437E-07   0.29981E-03  -0.19718E-02  -0.22908E-08
  0.575   2.375   -0.33029E-02  -0.37526E-02   0.30355E-04  -0.54577E-02   0.49557E-02  -0.54483E-09
  0.575   2.375   -0.17191E-02   0.17027E-03  -0.56695E-07   0.29908E-03   0.19719E-02  -0.22908E-08
  0.575   2.375   -0.62047E-03  -0.50224E-03   0.86074E-06  -0.87573E-03   0.10877E-02   0.15567E-05
  0.588   2.400    0.10609E-06   0.15099E-03   0.70690E-06   0.27291E-03  -0.35862E-06   0.15592E-05
  0.588   2.400   -0.47518E-02   0.21599E-02  -0.30913E-04   0.26538E-02   0.72728E-02  -0.67269E-09
  0.588   2.400    0.47510E-02   0.21591E-02   0.31144E-04   0.26517E-02  -0.72702E-02  -0.67271E-09
  0.588   2.400    0.36675E-02  -0.39796E-02  -0.30799E-04  -0.57000E-02  -0.54502E-02  -0.67264E-09
  0.588   2.400    0.27563E-03  -0.32158E-03  -0.13968E-05  -0.54691E-03  -0.48894E-03   0.15596E-05
  0.588   2.400    0.11300E-02   0.27315E-04   0.20772E-06   0.51740E-04  -0.90493E-03  -0.24931E-08
  0.588   2.400   -0.36676E-02  -0.39798E-02   0.31067E-04  -0.56994E-02   0.54486E-02  -0.67257E-09
  0.588   2.400   -0.11299E-02   0.27898E-04   0.62236E-07   0.54590E-04   0.90476E-03  -0.24931E-08
  0.588   2.400   -0.27562E-03  -0.32291E-03   0.20356E-05  -0.55874E-03   0.48894E-03   0.15596E-05
  0.600   2.426    0.68169E-07  -0.34672E-03   0.15661E-05  -0.55551E-03  -0.61354E-06   0.15625E-05
  0.600   2.426   -0.52689E-02   0.18332E-02  -0.31490E-04   0.20294E-02   0.79641E-02  -0.77257E-09
  0.600   2.426    0.52683E-02   0.18327E-02   0.31640E-04   0.20282E-02  -0.79622E-02  -0.77254E-09
  0.600   2.426    0.40684E-02  -0.41467E-02  -0.31350E-04  -0.58330E-02  -0.59846E-02  -0.77271E-09
  0.600   2.426   -0.13603E-03  -0.98584E-04  -0.11445E-05  -0.14709E-03   0.18742E-03   0.15629E-05
  0.600   2.426    0.53371E-03  -0.11944E-03   0.26298E-06  -0.19233E-03   0.13238E-03  -0.26031E-08
  0.600   2.426   -0.40691E-02  -0.41471E-02   0.31619E-04  -0.58328E-02   0.59833E-02  -0.77242E-09
  0.600   2.426   -0.53346E-03  -0.11945E-03   0.43145E-07  -0.18967E-03  -0.13276E-03  -0.26031E-08
  0.600   2.426    0.13632E-03  -0.10521E-03   0.17520E-05  -0.20843E-03  -0.18786E-03   0.15629E-05
  0.613   2.451    0.10215E-06  -0.90072E-03   0.18863E-05  -0.14436E-02  -0.26439E-06   0.15656E-05
  0.613   2.451   -0.57514E-02   0.15748E-02  -0.31861E-04   0.15400E-02   0.85734E-02  -0.82214E-09
  0.613   2.451    0.57505E-02   0.15741E-02   0.32203E-04   0.15374E-02  -0.85698E-02  -0.82218E-09
  0.613   2.451    0.45346E-02  -0.42409E-02  -0.31816E-04  -0.58424E-02  -0.66040E-02  -0.82203E-09
  0.613   2.451   -0.61880E-03   0.17516E-03  -0.87954E-06   0.27684E-03   0.97854E-03   0.15660E-05
  0.613   2.451   -0.83495E-04  -0.27994E-03   0.25092E-06  -0.44854E-03   0.11645E-02  -0.25793E-08
  0.613   2.451   -0.45343E-02  -0.42408E-02   0.32042E-04  -0.58416E-02   0.66021E-02  -0.82221E-09
  0.613   2.451    0.83473E-04  -0.27942E-03  -0.14077E-07  -0.44586E-03  -0.11644E-02  -0.25793E-08
  0.613   2.451    0.61874E-03   0.17617E-03   0.15307E-05   0.27485E-03  -0.97840E-03   0.15660E-05
  0.625   2.476    0.62212E-07  -0.14786E-02   0.87231E-06  -0.23365E-02  -0.46459E-06   0.15706E-05
  0.625   2.476   -0.61910E-02   0.13894E-02  -0.32500E-04   0.11831E-02   0.90882E-02  -0.79739E-09
  0.625   2.476    0.61916E-02   0.13899E-02   0.32369E-04   0.11847E-02  -0.90901E-02  -0.79768E-09
  0.625   2.476    0.50917E-02  -0.42436E-02  -0.32308E-04  -0.57047E-02  -0.73440E-02  -0.79731E-09
  0.625   2.476   -0.11622E-02   0.53261E-03  -0.86357E-06   0.84656E-03   0.18475E-02   0.15708E-05
  0.625   2.476   -0.74117E-03  -0.47303E-03   0.77739E-07  -0.74573E-03   0.22230E-02  -0.23938E-08
  0.625   2.476   -0.50914E-02  -0.42433E-02   0.32132E-04  -0.57047E-02   0.73447E-02  -0.79753E-09
  0.625   2.476    0.74108E-03  -0.47401E-03  -0.27110E-06  -0.74899E-03  -0.22229E-02  -0.23938E-08
  0.625   2.476    0.11620E-02   0.53076E-03   0.10878E-05   0.82847E-03  -0.18472E-02   0.15708E-05
  0.637   2.500    0.98977E-07  -0.20386E-02  -0.19129E-05  -0.31684E-02   0.12334E-06   0.15744E-05
  0.637   2.500   -0.65717E-02   0.12751E-02  -0.33189E-04   0.95063E-03   0.94907E-02  -0.67280E-09
  0.637   2.500    0.65721E-02   0.12752E-02   0.32425E-04   0.95355E-03  -0.94964E-02  -0.67288E-09
  0.637   2.500    0.57663E-02  -0.41305E-02  -0.32587E-04  -0.53908E-02  -0.82408E-02  -0.67390E-09
  0.637   2.500   -0.17457E-02   0.99007E-03  -0.57429E-06   0.15488E-02   0.27065E-02   0.15744E-05
  0.637   2.500   -0.14667E-02  -0.73260E-03   0.21181E-06  -0.11381E-02   0.33481E-02  -0.20235E-08
  0.637   2.500   -0.57676E-02  -0.41314E-02   0.32512E-04  -0.53924E-02   0.82431E-02  -0.67340E-09
  0.637   2.500    0.14670E-02  -0.73158E-03  -0.29287E-06  -0.11371E-02  -0.33486E-02  -0.20236E-08
  0.637   2.500    0.17463E-02   0.98606E-03   0.95008E-06   0.15218E-02  -0.27075E-02   0.15745E-05
  0.650   2.525    0.24043E-06  -0.25290E-02  -0.23647E-06  -0.38630E-02  -0.74633E-06   0.15785E-05
  0.650   2.525   -0.68580E-02   0.12168E-02  -0.32953E-04   0.81581E-03   0.97393E-02  -0.43637E-09
  0.650   2.525    0.68573E-02   0.12162E-02   0.33320E-04   0.81334E-03  -0.97359E-02  -0.43645E-09
  0.650   2.525    0.65731E-02  -0.38803E-02  -0.32708E-04  -0.48778E-02  -0.93077E-02  -0.43632E-09
  0.650   2.525   -0.23583E-02   0.15535E-02  -0.84591E-06   0.23728E-02   0.36022E-02   0.15782E-05
  0.650   2.525   -0.22830E-02  -0.10834E-02   0.49711E-06  -0.16570E-02   0.45713E-02  -0.14746E-08
  0.650   2.525   -0.65728E-02  -0.38801E-02   0.32966E-04  -0.48766E-02   0.93054E-02  -0.43651E-09
  0.650   2.525    0.22830E-02  -0.10830E-02  -0.22180E-06  -0.16542E-02  -0.45713E-02  -0.14746E-08
  0.650   2.525    0.23583E-02   0.15525E-02   0.32879E-06   0.23759E-02  -0.36021E-02   0.15782E-05
  0.662   2.549   -0.12882E-06  -0.28939E-02   0.29917E-06  -0.43432E-02   0.78368E-06   0.15827E-05
  0.662   2.549   -0.70108E-02   0.11936E-02  -0.33451E-04   0.73546E-03   0.97719E-02  -0.91020E-10
  0.662   2.549    0.70107E-02   0.11935E-02   0.33672E-04   0.73436E-03  -0.97702E-02  -0.91027E-10
  0.662   2.549    0.74495E-02  -0.34637E-02  -0.32814E-04  -0.41316E-02  -0.10442E-01  -0.91275E-10
  0.662   2.549   -0.29301E-02   0.21846E-02   0.14249E-05   0.32900E-02   0.43740E-02   0.15821E-05
  0.662   2.549   -0.31806E-02  -0.15127E-02   0.76636E-06  -0.22754E-02   0.58740E-02  -0.77824E-09
  0.662   2.549   -0.74487E-02  -0.34633E-02   0.33371E-04  -0.41289E-02   0.10436E-01  -0.91264E-10
  0.662   2.549    0.31805E-02  -0.15118E-02  -0.19561E-06  -0.22697E-02  -0.58738E-02  -0.77824E-09
  0.662   2.549    0.29302E-02   0.21837E-02   0.23617E-05   0.32760E-02  -0.43741E-02   0.15821E-05
  0.675   2.573   -0.47406E-07  -0.30778E-02   0.18911E-06  -0.45386E-02  -0.36161E-06   0.15870E-05
  0.675   2.573   -0.69839E-02   0.11789E-02  -0.33903E-04   0.67076E-03   0.95379E-02   0.33506E-09
  0.675   2.573    0.69842E-02   0.11791E-02   0.33867E-04   0.67144E-03  -0.95386E-02   0.33504E-09
  0.675   2.573    0.82043E-02  -0.28664E-02  -0.33347E-04  -0.31430E-02  -0.11352E-01   0.33461E-09
  0.675   2.573   -0.33580E-02   0.27337E-02  -0.14906E-06   0.40584E-02   0.49666E-02   0.15860E-05
  0.675   2.573   -0.40773E-02  -0.18984E-02   0.56080E-06  -0.28042E-02   0.71288E-02   0.21014E-10
  0.675   2.573   -0.82045E-02  -0.28663E-02   0.33416E-04  -0.31428E-02   0.11352E-01   0.33453E-09
  0.675   2.573    0.40774E-02  -0.18987E-02  -0.50019E-06  -0.28045E-02  -0.71289E-02   0.20888E-10
  0.675   2.573    0.33582E-02   0.27280E-02   0.82967E-06   0.40105E-02  -0.49668E-02   0.15860E-05
  0.688   2.597    0.66270E-07  -0.30362E-02  -0.18963E-05  -0.43986E-02  -0.54903E-07   0.15913E-05
  0.688   2.597   -0.67352E-02   0.11441E-02  -0.34687E-04   0.57774E-03   0.89861E-02   0.79234E-09
  0.688   2.597    0.67361E-02   0.11445E-02   0.33935E-04   0.58165E-03  -0.89924E-02   0.79307E-09
  0.688   2.597    0.84670E-02  -0.20900E-02  -0.34318E-04  -0.19273E-02  -0.11513E-01   0.79265E-09
  0.688   2.597   -0.34314E-02   0.28965E-02  -0.44174E-05   0.41913E-02   0.49864E-02   0.15900E-05
  0.688   2.597   -0.47892E-02  -0.19700E-02  -0.13707E-06  -0.28549E-02   0.80714E-02   0.90969E-09
  0.688   2.597   -0.84684E-02  -0.20907E-02   0.33304E-04  -0.19314E-02   0.11522E-01   0.79285E-09
  0.688   2.597    0.47892E-02  -0.19713E-02  -0.99059E-06  -0.28655E-02  -0.80715E-02   0.91044E-09
  0.688   2.597    0.34314E-02   0.28976E-02  -0.29874E-05   0.42207E-02  -0.49865E-02   0.15900E-05
  0.700   2.620   -0.86186E-07  -0.27470E-02  -0.20182E-04  -0.39091E-02   0.98861E-06   0.15958E-05
  0.700   2.620   -0.62355E-02   0.10635E-02  -0.38314E-04   0.40993E-03   0.80736E-02   0.12230E-08
  0.700   2.620    0.62425E-02   0.10684E-02   0.31623E-04   0.44581E-03  -0.81263E-02   0.12218E-08
  0.700   2.620    0.78565E-02  -0.11554E-02  -0.37599E-04  -0.51905E-03  -0.10407E-01   0.12224E-08
  0.700   2.620   -0.29656E-02   0.23897E-02  -0.22762E-04   0.34056E-02   0.42254E-02   0.15941E-05
  0.700   2.620   -0.51158E-02  -0.14453E-02  -0.34939E-05  -0.20311E-02   0.84328E-02   0.19660E-08
  0.700   2.620   -0.78639E-02  -0.11589E-02   0.30997E-04  -0.54488E-03   0.10461E-01   0.12218E-08
  0.700   2.620    0.51159E-02  -0.14551E-02  -0.37601E-05  -0.21022E-02  -0.84335E-02   0.19658E-08
  0.700   2.620    0.29657E-02   0.23927E-02  -0.20446E-04   0.34149E-02  -0.42265E-02   0.15941E-05
  0.713   2.643    0.58489E-07  -0.22131E-02  -0.12239E-05  -0.30916E-02  -0.43284E-06   0.15996E-05
  0.713   2.643   -0.54842E-02   0.92526E-03  -0.35507E-04   0.19409E-03   0.68812E-02   0.15665E-08
  0.713   2.643    0.54849E-02   0.92557E-03   0.34782E-04   0.19730E-03  -0.68864E-02   0.15678E-08
  0.713   2.643    0.63979E-02  -0.11305E-03  -0.35458E-04   0.97629E-03  -0.81772E-02   0.15655E-08
  0.713   2.643   -0.20018E-02   0.12687E-02  -0.50485E-06   0.17937E-02   0.27647E-02   0.15976E-05
  0.713   2.643   -0.50360E-02  -0.38824E-03  -0.29583E-06  -0.53810E-03   0.82070E-02   0.33192E-08
  0.713   2.643   -0.63975E-02  -0.11288E-03   0.35479E-04   0.97683E-03   0.81762E-02   0.15668E-08
  0.713   2.643    0.50359E-02  -0.38767E-03   0.28271E-06  -0.53726E-03  -0.82068E-02   0.33193E-08
  0.713   2.643    0.20016E-02   0.12626E-02   0.29855E-05   0.17454E-02  -0.27645E-02   0.15976E-05
  0.725   2.666    0.18340E-06  -0.14651E-02   0.11018E-05  -0.20057E-02  -0.96194E-06   0.16033E-05
  0.725   2.666   -0.44826E-02   0.71222E-03  -0.35360E-04  -0.12992E-03   0.53658E-02   0.17866E-08
  0.725   2.666    0.44825E-02   0.71207E-03   0.35578E-04  -0.13095E-03  -0.53645E-02   0.17869E-08
  0.725   2.666    0.45245E-02   0.98293E-03  -0.36012E-04   0.25037E-02  -0.54306E-02   0.17869E-08
  0.725   2.666   -0.81106E-03  -0.56252E-04   0.56399E-06  -0.88305E-04   0.11071E-02   0.16010E-05
  0.725   2.666   -0.47345E-02   0.80746E-03  -0.48773E-06   0.11238E-02   0.76813E-02   0.50366E-08
  0.725   2.666   -0.45252E-02   0.98277E-03   0.36259E-04   0.25041E-02   0.54303E-02   0.17867E-08
  0.725   2.666    0.47348E-02   0.80725E-03   0.74098E-06   0.11249E-02  -0.76819E-02   0.50366E-08
  0.725   2.666    0.81134E-03  -0.59277E-04   0.49975E-05  -0.92158E-04  -0.11074E-02   0.16010E-05
  0.738   2.689   -0.31647E-07  -0.55173E-03  -0.18538E-05  -0.72983E-03  -0.34086E-06   0.16065E-05
  0.738   2.689   -0.32556E-02   0.41906E-03  -0.36005E-04  -0.55506E-03   0.35870E-02   0.18658E-08
  0.738   2.689    0.32559E-02   0.41954E-03   0.35776E-04  -0.55340E-03  -0.35888E-02   0.18655E-08
  0.738   2.689    0.26694E-02   0.20711E-02  -0.36850E-04   0.39721E-02  -0.27975E-02   0.18658E-08
  0.738   2.689    0.35832E-03  -0.11767E-02  -0.46791E-05  -0.16117E-02  -0.47411E-03   0.16040E-05
  0.738   2.689   -0.43932E-02   0.17520E-02  -0.99979E-06   0.23925E-02   0.71201E-02   0.70782E-08
  0.738   2.689   -0.26702E-02   0.20707E-02   0.36390E-04   0.39696E-02   0.28013E-02   0.18657E-08
  0.738   2.689    0.43932E-02   0.17513E-02   0.57248E-06   0.23883E-02  -0.71199E-02   0.70784E-08
  0.738   2.689   -0.35810E-03  -0.11762E-02   0.35354E-06  -0.16093E-02   0.47358E-03   0.16040E-05
  0.750   2.712   -0.26997E-06   0.46789E-03   0.22723E-05   0.64725E-03   0.13823E-05   0.16088E-05
  0.750   2.712   -0.18351E-02   0.39425E-04  -0.36093E-04  -0.10805E-02   0.16097E-02   0.18058E-08
  0.750   2.712    0.18350E-02   0.39885E-04   0.36405E-04  -0.10809E-02  -0.16079E-02   0.18064E-08
  0.750   2.712    0.99176E-03   0.31014E-02  -0.37100E-04   0.53150E-02  -0.48857E-03   0.18061E-08
  0.750   2.712    0.13798E-02  -0.19290E-02  -0.12331E-05  -0.25946E-02  -0.18443E-02   0.16065E-05
  0.750   2.712   -0.40693E-02   0.23025E-02  -0.88293E-06   0.30894E-02   0.66008E-02   0.93624E-08
  0.750   2.712   -0.99387E-03   0.31008E-02   0.37001E-04   0.53134E-02   0.49254E-03   0.18064E-08
  0.750   2.712    0.40698E-02   0.23016E-02   0.81704E-06   0.30875E-02  -0.66015E-02   0.93614E-08
  0.750   2.712   -0.13792E-02  -0.19318E-02   0.41424E-05  -0.25925E-02   0.18434E-02   0.16065E-05
  0.762   2.735   -0.19461E-06   0.15319E-02  -0.17935E-05   0.20388E-02   0.12321E-05   0.16110E-05
  0.762   2.735   -0.25104E-03  -0.43837E-03  -0.36828E-04  -0.17215E-02  -0.52502E-03   0.16261E-08
  0.762   2.735    0.25159E-03  -0.43775E-03   0.36450E-04  -0.17189E-02   0.52173E-03   0.16257E-08
  0.762   2.735   -0.53026E-03   0.40393E-02  -0.37559E-04   0.64941E-02   0.15442E-02   0.16266E-08
  0.762   2.735    0.22280E-02  -0.23341E-02  -0.44241E-05  -0.30862E-02  -0.29494E-02   0.16093E-05
  0.762   2.735   -0.37472E-02   0.24839E-02  -0.96937E-06   0.32799E-02   0.60999E-02   0.11813E-07
  0.762   2.735    0.52951E-03   0.40390E-02   0.37201E-04   0.64924E-02  -0.15409E-02   0.16259E-08
  0.762   2.735    0.37471E-02   0.24831E-02   0.58815E-06   0.32759E-02  -0.60996E-02   0.11813E-07
  0.762   2.735   -0.22277E-02  -0.23316E-02   0.99022E-06  -0.30783E-02   0.29488E-02   0.16093E-05
  0.775   2.757   -0.18334E-06   0.25788E-02  -0.13507E-05   0.33649E-02   0.33989E-06   0.16119E-05
  0.775   2.757    0.14646E-02  -0.10289E-02  -0.37162E-04  -0.24872E-02  -0.27602E-02   0.13445E-08
  0.775   2.757   -0.14640E-02  -0.10286E-02   0.36846E-04  -0.24861E-02   0.27577E-02   0.13433E-08
  0.775   2.757   -0.19814E-02   0.48692E-02  -0.37607E-04   0.74966E-02   0.34194E-02   0.13459E-08
  0.775   2.757    0.29012E-02  -0.24601E-02  -0.31083E-05  -0.31999E-02  -0.37653E-02   0.16112E-05
  0.775   2.757   -0.33990E-02   0.23773E-02  -0.61944E-06   0.30884E-02   0.55822E-02   0.14323E-07
  0.775   2.757    0.19803E-02   0.48688E-02   0.37586E-04   0.74960E-02  -0.34176E-02   0.13432E-08
  0.775   2.757    0.33993E-02   0.23769E-02   0.61153E-06   0.30881E-02  -0.55828E-02   0.14321E-07
  0.775   2.757   -0.29011E-02  -0.24580E-02   0.21621E-05  -0.31954E-02   0.37655E-02   0.16112E-05
  0.787   2.779    0.37344E-06   0.35446E-02  -0.18232E-05   0.45469E-02   0.19676E-06   0.16126E-05
  0.787   2.779    0.32773E-02  -0.17496E-02  -0.37862E-04  -0.33990E-02  -0.50539E-02   0.98435E-09
  0.787   2.779   -0.32780E-02  -0.17490E-02   0.37210E-04  -0.33954E-02   0.50520E-02   0.98253E-09
  0.787   2.779   -0.34478E-02   0.55867E-02  -0.38163E-04   0.83276E-02   0.52600E-02   0.98146E-09
  0.787   2.779    0.34239E-02  -0.23923E-02  -0.37899E-05  -0.30630E-02  -0.43710E-02   0.16132E-05
  0.787   2.779   -0.30100E-02   0.20765E-02  -0.64642E-06   0.26580E-02   0.50292E-02   0.16768E-07
  0.787   2.779    0.34444E-02   0.55848E-02   0.37458E-04   0.83229E-02  -0.52512E-02   0.98796E-09
  0.787   2.779    0.30106E-02   0.20746E-02  -0.11491E-06   0.26502E-02  -0.50311E-02   0.16766E-07
  0.787   2.779   -0.34239E-02  -0.24073E-02   0.99742E-06  -0.30812E-02   0.43723E-02   0.16132E-05
  0.800   2.801   -0.24349E-06   0.43520E-02  -0.24974E-06   0.54862E-02   0.58505E-06   0.16141E-05
  0.800   2.801    0.51387E-02  -0.26102E-02  -0.38192E-04  -0.44562E-02  -0.73308E-02   0.56523E-09
  0.800   2.801   -0.51390E-02  -0.26106E-02   0.38728E-04  -0.44596E-02   0.73365E-02   0.56642E-09
  0.800   2.801   -0.50637E-02   0.61898E-02  -0.37431E-04   0.89792E-02   0.72173E-02   0.57270E-09
  0.800   2.801    0.38465E-02  -0.23042E-02   0.60200E-06  -0.28708E-02  -0.48861E-02   0.16163E-05
  0.800   2.801   -0.25462E-02   0.17386E-02   0.11367E-05   0.21762E-02   0.44007E-02   0.18977E-07
  0.800   2.801    0.50659E-02   0.61911E-02   0.38519E-04   0.89848E-02  -0.72283E-02   0.56701E-09
  0.800   2.801    0.25465E-02   0.17404E-02   0.28403E-07   0.21886E-02  -0.44016E-02   0.18978E-07
  0.800   2.801   -0.38472E-02  -0.23108E-02   0.42466E-05  -0.29328E-02   0.48882E-02   0.16163E-05
  0.812   2.823    0.26318E-04   0.18064E-02   0.19068E-05   0.23785E-02  -0.34917E-04   0.16209E-05
  0.812   2.823    0.65265E-02  -0.59469E-02  -0.17103E-04  -0.84242E-02  -0.89314E-02   0.56016E-09
  0.812   2.823   -0.65750E-02  -0.59447E-02   0.16870E-04  -0.84208E-02   0.90519E-02   0.73567E-09
  0.812   2.823   -0.60713E-02   0.64860E-02  -0.29038E-04   0.92436E-02   0.84032E-02   0.46045E-09
  0.812   2.823    0.15913E-02  -0.95478E-03  -0.11072E-04  -0.12618E-02  -0.20719E-02   0.16223E-05
  0.812   2.823   -0.44992E-02  -0.13999E-03  -0.11942E-04  -0.88822E-04   0.66595E-02   0.17458E-07
  0.812   2.823    0.60740E-02   0.64893E-02   0.28859E-04   0.92467E-02  -0.84045E-02   0.80947E-09
  0.812   2.823    0.44980E-02  -0.14090E-03   0.11787E-04  -0.91240E-04  -0.66596E-02   0.17471E-07
  0.812   2.823   -0.16020E-02  -0.94256E-03   0.13774E-04  -0.12471E-02   0.20905E-02   0.16223E-05
  0.825   2.844    0.33025E-06   0.47712E-02   0.45397E-05   0.58644E-02  -0.80889E-06   0.16154E-05
  0.825   2.844    0.87127E-02  -0.50817E-02  -0.34587E-04  -0.73616E-02  -0.11513E-01  -0.22436E-09
  0.825   2.844   -0.87146E-02  -0.50820E-02   0.34786E-04  -0.73627E-02   0.11518E-01  -0.22459E-09
  0.825   2.844   -0.74954E-02   0.69524E-02  -0.36949E-04   0.96995E-02   0.10023E-01  -0.23292E-09
  0.825   2.844    0.33828E-02  -0.10832E-02   0.17827E-05  -0.13398E-02  -0.41787E-02   0.16220E-05
  0.825   2.844   -0.23615E-02  -0.11711E-03  -0.22060E-05  -0.12202E-03   0.40694E-02   0.21418E-07
  0.825   2.844    0.74955E-02   0.69523E-02   0.37417E-04   0.97010E-02  -0.10026E-01  -0.22684E-09
  0.825   2.844    0.23613E-02  -0.11727E-03   0.26750E-05  -0.11895E-03  -0.40690E-02   0.21418E-07
  0.825   2.844   -0.33831E-02  -0.10781E-02   0.94996E-05  -0.13399E-02   0.41792E-02   0.16220E-05
  0.838   2.866    0.87085E-07   0.46281E-02  -0.21997E-05   0.55992E-02  -0.49168E-06   0.16173E-05
  0.838   2.866    0.10263E-01  -0.62432E-02  -0.36327E-04  -0.86858E-02  -0.13227E-01  -0.64322E-09
  0.838   2.866   -0.10259E-01  -0.62431E-02   0.36050E-04  -0.86849E-02   0.13224E-01  -0.64035E-09
  0.838   2.866   -0.90389E-02   0.71711E-02  -0.37929E-04   0.98469E-02   0.11751E-01  -0.64062E-09
  0.838   2.866    0.31477E-02  -0.82366E-03  -0.73549E-05  -0.99893E-03  -0.37983E-02   0.16250E-05
  0.838   2.866   -0.20176E-02  -0.59570E-03  -0.16975E-05  -0.69908E-03   0.36293E-02   0.21348E-07
  0.838   2.866    0.90382E-02   0.71708E-02   0.37501E-04   0.98451E-02  -0.11747E-01  -0.64869E-09
  0.838   2.866    0.20178E-02  -0.59573E-03   0.12897E-05  -0.70155E-03  -0.36295E-02   0.21348E-07
  0.838   2.866   -0.31474E-02  -0.82779E-03  -0.96977E-06  -0.10202E-02   0.37983E-02   0.16250E-05
  0.850   2.887    0.32996E-06   0.39285E-02   0.19835E-05   0.46876E-02  -0.14898E-05   0.16205E-05
  0.850   2.887    0.11488E-01  -0.74524E-02  -0.36813E-04  -0.10022E-01  -0.14509E-01  -0.10025E-08
  0.850   2.887   -0.11488E-01  -0.74525E-02   0.36816E-04  -0.10022E-01   0.14509E-01  -0.99276E-09
  0.850   2.887   -0.10409E-01   0.72304E-02  -0.37680E-04   0.97994E-02   0.13219E-01  -0.10038E-08
  0.850   2.887    0.25979E-02  -0.54744E-03  -0.88308E-06  -0.63595E-03  -0.31464E-02   0.16287E-05
  0.850   2.887   -0.18237E-02  -0.10521E-02  -0.88245E-06  -0.12350E-02   0.33751E-02   0.19917E-07
  0.850   2.887    0.10410E-01   0.72305E-02   0.38165E-04   0.98011E-02  -0.13223E-01  -0.99450E-09
  0.850   2.887    0.18236E-02  -0.10520E-02   0.13736E-05  -0.12315E-02  -0.33750E-02   0.19917E-07
  0.850   2.887   -0.25980E-02  -0.55530E-03   0.49550E-05  -0.70108E-03   0.31466E-02   0.16287E-05
  0.863   2.908    0.13042E-06   0.27693E-02  -0.26948E-05   0.32662E-02  -0.17746E-06   0.16254E-05
  0.863   2.908    0.12326E-01  -0.85431E-02  -0.37150E-04  -0.11179E-01  -0.15300E-01  -0.13295E-08
  0.863   2.908   -0.12328E-01  -0.85432E-02   0.36882E-04  -0.11178E-01   0.15300E-01  -0.13331E-08
  0.863   2.908   -0.11565E-01   0.71333E-02  -0.37963E-04   0.95719E-02   0.14400E-01  -0.13333E-08
  0.863   2.908    0.17858E-02  -0.31271E-03  -0.54809E-05  -0.36848E-03  -0.20983E-02   0.16330E-05
  0.863   2.908   -0.16944E-02  -0.13785E-02  -0.95904E-06  -0.15984E-02   0.32028E-02   0.17006E-07
  0.863   2.908    0.11564E-01   0.71330E-02   0.37786E-04   0.95710E-02  -0.14399E-01  -0.13313E-08
  0.863   2.908    0.16941E-02  -0.13794E-02   0.84187E-06  -0.15993E-02  -0.32025E-02   0.17007E-07
  0.863   2.908   -0.17859E-02  -0.31567E-03  -0.25821E-07  -0.39391E-03   0.20983E-02   0.16330E-05
  0.875   2.929    0.44201E-06   0.12687E-02   0.19803E-05   0.14913E-02  -0.30348E-05   0.16319E-05
  0.875   2.929    0.12759E-01  -0.94059E-02  -0.37013E-04  -0.12040E-01  -0.15600E-01  -0.17244E-08
  0.875   2.929   -0.12758E-01  -0.94059E-02   0.37369E-04  -0.12041E-01   0.15603E-01  -0.17236E-08
  0.875   2.929   -0.12453E-01   0.68883E-02  -0.38113E-04   0.91805E-02   0.15240E-01  -0.17256E-08
  0.875   2.929    0.80182E-03  -0.11663E-03  -0.56223E-05  -0.16881E-03  -0.95075E-03   0.16377E-05
  0.875   2.929   -0.15737E-02  -0.15421E-02  -0.10431E-05  -0.17623E-02   0.30446E-02   0.12580E-07
  0.875   2.929    0.12452E-01   0.68878E-02   0.37582E-04   0.91781E-02  -0.15235E-01  -0.17252E-08
  0.875   2.929    0.15737E-02  -0.15429E-02   0.43596E-06  -0.17694E-02  -0.30444E-02   0.12580E-07
  0.875   2.929   -0.80193E-03  -0.10651E-03  -0.45837E-06  -0.11491E-03   0.95053E-03   0.16377E-05
  0.887   2.950    0.66823E-07  -0.41021E-03   0.14493E-05  -0.43700E-03  -0.61874E-06   0.16397E-05
  0.887   2.950    0.12816E-01  -0.99715E-02  -0.37022E-04  -0.12539E-01  -0.15465E-01  -0.23064E-08
  0.887   2.950   -0.12816E-01  -0.99720E-02   0.37633E-04  -0.12543E-01   0.15471E-01  -0.23054E-08
  0.887   2.950   -0.13051E-01   0.65083E-02  -0.37507E-04   0.86441E-02   0.15721E-01  -0.23064E-08
  0.887   2.950   -0.28037E-03   0.86563E-04  -0.38952E-06   0.98318E-04   0.28287E-03   0.16426E-05
  0.887   2.950   -0.14092E-02  -0.15491E-02  -0.20932E-06  -0.17528E-02   0.28405E-02   0.67179E-08
  0.887   2.950    0.13052E-01   0.65087E-02   0.38296E-04   0.86473E-02  -0.15728E-01  -0.23066E-08
  0.887   2.950    0.14091E-02  -0.15482E-02   0.10493E-05  -0.17448E-02  -0.28402E-02   0.67178E-08
  0.887   2.950    0.28029E-03   0.82350E-04   0.45583E-05   0.67331E-04  -0.28275E-03   0.16426E-05
  0.900   2.971    0.67401E-07  -0.20935E-02   0.35416E-05  -0.23173E-02  -0.79059E-06   0.16484E-05
  0.900   2.971    0.12568E-01  -0.10220E-01  -0.37184E-04  -0.12672E-01  -0.14995E-01  -0.32300E-08
  0.900   2.971   -0.12568E-01  -0.10220E-01   0.37743E-04  -0.12674E-01   0.15000E-01  -0.32303E-08
  0.900   2.971   -0.13369E-01   0.60135E-02  -0.38022E-04   0.79977E-02   0.15883E-01  -0.32308E-08
  0.900   2.971   -0.13852E-02   0.30907E-03  -0.18628E-05   0.33029E-03   0.15157E-02   0.16474E-05
  0.900   2.971   -0.11602E-02  -0.14309E-02  -0.75798E-06  -0.15912E-02   0.25480E-02  -0.39868E-09
  0.900   2.971    0.13368E-01   0.60132E-02   0.37640E-04   0.79958E-02  -0.15879E-01  -0.32305E-08
  0.900   2.971    0.11602E-02  -0.14315E-02   0.31652E-06  -0.15964E-02  -0.25480E-02  -0.39854E-09
  0.900   2.971    0.13850E-02   0.31343E-03   0.28871E-05   0.34154E-03  -0.15156E-02   0.16474E-05
  0.912   2.991    0.39553E-07  -0.36306E-02  -0.14527E-05  -0.39851E-02  -0.21402E-07   0.16570E-05
  0.912   2.991    0.12095E-01  -0.10167E-01  -0.37556E-04  -0.12467E-01  -0.14290E-01  -0.46376E-08
  0.912   2.991   -0.12094E-01  -0.10167E-01   0.37234E-04  -0.12465E-01   0.14285E-01  -0.46364E-08
  0.912   2.991   -0.13432E-01   0.54221E-02  -0.38186E-04   0.72601E-02   0.15757E-01  -0.46383E-08
  0.912   2.991   -0.24451E-02   0.59876E-03  -0.40812E-05   0.63724E-03   0.26823E-02   0.16518E-05
  0.912   2.991   -0.80353E-03  -0.12332E-02  -0.80928E-06  -0.13507E-02   0.21430E-02  -0.85106E-08
  0.912   2.991    0.13432E-01   0.54215E-02   0.37572E-04   0.72572E-02  -0.15752E-01  -0.46375E-08
  0.912   2.991    0.80362E-03  -0.12357E-02   0.12840E-06  -0.13598E-02  -0.21434E-02  -0.85105E-08
  0.912   2.991    0.24447E-02   0.60065E-03   0.50483E-06   0.66345E-03  -0.26817E-02   0.16518E-05
  0.925   3.012    0.80375E-06  -0.49091E-02  -0.67197E-06  -0.53271E-02  -0.57404E-06   0.16647E-05
  0.925   3.012    0.11461E-01  -0.98359E-02  -0.37427E-04  -0.11963E-01  -0.13423E-01  -0.66102E-08
  0.925   3.012   -0.11459E-01  -0.98361E-02   0.37443E-04  -0.11963E-01   0.13420E-01  -0.65995E-08
  0.925   3.012   -0.13265E-01   0.47519E-02  -0.38076E-04   0.64552E-02   0.15382E-01  -0.66161E-08
  0.925   3.012   -0.33994E-02   0.96371E-03  -0.36156E-05   0.10056E-02   0.36888E-02   0.16553E-05
  0.925   3.012   -0.33097E-03  -0.99800E-03  -0.74725E-06  -0.10769E-02   0.16233E-02  -0.17283E-07
  0.925   3.012    0.13265E-01   0.47512E-02   0.37499E-04   0.64530E-02  -0.15377E-01  -0.66063E-08
  0.925   3.012    0.33134E-03  -0.10022E-02   0.69109E-07  -0.10870E-02  -0.16239E-02  -0.17283E-07
  0.925   3.012    0.33994E-02   0.96802E-03   0.81542E-06   0.10765E-02  -0.36887E-02   0.16553E-05
  0.938   3.032    0.75593E-07  -0.58488E-02   0.43317E-06  -0.62687E-02   0.17608E-06   0.16709E-05
  0.938   3.032    0.10707E-01  -0.92413E-02  -0.36992E-04  -0.11186E-01  -0.12449E-01  -0.91271E-08
  0.938   3.032   -0.10708E-01  -0.92421E-02   0.37972E-04  -0.11191E-01   0.12457E-01  -0.91254E-08
  0.938   3.032   -0.12867E-01   0.40144E-02  -0.37274E-04   0.55976E-02   0.14760E-01  -0.91291E-08
  0.938   3.032   -0.41870E-02   0.14105E-02  -0.20869E-05   0.15443E-02   0.44413E-02   0.16580E-05
  0.938   3.032    0.25739E-03  -0.75715E-03   0.21265E-06  -0.81114E-03   0.99215E-03  -0.26293E-07
  0.938   3.032    0.12868E-01   0.40149E-02   0.38326E-04   0.56015E-02  -0.14770E-01  -0.91270E-08
  0.938   3.032   -0.25740E-03  -0.75569E-03   0.93284E-06  -0.80012E-03  -0.99198E-03  -0.26293E-07
  0.938   3.032    0.41872E-02   0.14010E-02   0.22131E-05   0.14573E-02  -0.44415E-02   0.16580E-05
  0.950   3.052    0.41482E-07  -0.63852E-02  -0.27296E-05  -0.67573E-02   0.10841E-05   0.16751E-05
  0.950   3.052    0.98424E-02  -0.83573E-02  -0.37543E-04  -0.10127E-01  -0.11388E-01  -0.12045E-07
  0.950   3.052   -0.98414E-02  -0.83569E-02   0.37383E-04  -0.10126E-01   0.11386E-01  -0.12043E-07
  0.950   3.052   -0.12211E-01   0.32274E-02  -0.37578E-04   0.47125E-02   0.13890E-01  -0.12045E-07
  0.950   3.052   -0.47835E-02   0.18921E-02  -0.23112E-05   0.20001E-02   0.50389E-02   0.16596E-05
  0.950   3.052    0.95747E-03  -0.51987E-03  -0.19075E-06  -0.54508E-03   0.25954E-03  -0.35004E-07
  0.950   3.052    0.12211E-01   0.32274E-02   0.37826E-04   0.47134E-02  -0.13892E-01  -0.12045E-07
  0.950   3.052   -0.95748E-03  -0.51883E-03   0.44570E-06  -0.54187E-03  -0.25947E-03  -0.35004E-07
  0.950   3.052    0.47833E-02   0.18939E-02   0.18713E-05   0.19977E-02  -0.50387E-02   0.16596E-05
  0.963   3.072    0.48338E-07  -0.64618E-02  -0.17354E-05  -0.67509E-02   0.31457E-06   0.16763E-05
  0.963   3.072    0.88373E-02  -0.71135E-02  -0.37536E-04  -0.87149E-02  -0.10203E-01  -0.15059E-07
  0.963   3.072   -0.88371E-02  -0.71134E-02   0.37260E-04  -0.87143E-02   0.10202E-01  -0.15058E-07
  0.963   3.072   -0.11225E-01   0.23966E-02  -0.37755E-04   0.38039E-02   0.12696E-01  -0.15061E-07
  0.963   3.072   -0.51118E-02   0.23758E-02  -0.41518E-05   0.24654E-02   0.53503E-02   0.16598E-05
  0.963   3.072    0.17760E-02  -0.29020E-03  -0.45122E-06  -0.29504E-03  -0.57900E-03  -0.42751E-07
  0.963   3.072    0.11225E-01   0.23963E-02   0.37433E-04   0.38019E-02  -0.12693E-01  -0.15059E-07
  0.963   3.072   -0.17760E-02  -0.29044E-03   0.11984E-06  -0.29784E-03   0.57908E-03  -0.42751E-07
  0.963   3.072    0.51118E-02   0.23794E-02  -0.65913E-07   0.24974E-02  -0.53506E-02   0.16598E-05
  0.975   3.092   -0.37597E-06  -0.60248E-02  -0.13775E-05  -0.62131E-02  -0.22380E-06   0.16738E-05
  0.975   3.092    0.76378E-02  -0.53935E-02  -0.37611E-04  -0.68469E-02  -0.88480E-02  -0.17716E-07
  0.975   3.092   -0.76379E-02  -0.53930E-02   0.36932E-04  -0.68428E-02   0.88430E-02  -0.17721E-07
  0.975   3.092   -0.97910E-02   0.15220E-02  -0.38117E-04   0.28733E-02   0.11069E-01  -0.17717E-07
  0.975   3.092   -0.50961E-02   0.27809E-02  -0.41036E-05   0.28459E-02   0.52857E-02   0.16584E-05
  0.975   3.092    0.27279E-02  -0.59518E-04  -0.88822E-06  -0.48032E-04  -0.15346E-02  -0.48771E-07
  0.975   3.092    0.97896E-02   0.15215E-02   0.36941E-04   0.28687E-02  -0.11058E-01  -0.17720E-07
  0.975   3.092   -0.27280E-02  -0.61616E-04  -0.36117E-06  -0.61418E-04   0.15345E-02  -0.48771E-07
  0.975   3.092    0.50960E-02   0.27830E-02  -0.60764E-07   0.28909E-02  -0.52854E-02   0.16584E-05
  0.988   3.112    0.99370E-07  -0.50319E-02  -0.32076E-07  -0.51207E-02  -0.95457E-06   0.16670E-05
  0.988   3.112    0.61543E-02  -0.30470E-02  -0.37572E-04  -0.43836E-02  -0.72364E-02  -0.19436E-07
  0.988   3.112   -0.61535E-02  -0.30465E-02   0.37007E-04  -0.43799E-02   0.72312E-02  -0.19436E-07
  0.988   3.112   -0.77558E-02   0.59404E-03  -0.37628E-04   0.19107E-02   0.88604E-02  -0.19437E-07
  0.988   3.112   -0.46332E-02   0.30014E-02  -0.27963E-06   0.30737E-02   0.46919E-02   0.16551E-05
  0.988   3.112    0.38300E-02   0.18330E-03  -0.34016E-06   0.19611E-03  -0.26188E-02  -0.52277E-07
  0.988   3.112    0.77553E-02   0.59398E-03   0.37430E-04   0.19096E-02  -0.88583E-02  -0.19437E-07
  0.988   3.112   -0.38300E-02   0.18338E-03   0.15645E-06   0.19464E-03   0.26188E-02  -0.52277E-07
  0.988   3.112    0.46331E-02   0.29952E-02   0.37115E-05   0.30322E-02  -0.46918E-02   0.16551E-05
  1.000   3.132    0.12434E-06  -0.35089E-02   0.18386E-05  -0.35196E-02  -0.10521E-05   0.16338E-05
  1.000   3.132    0.43085E-02   0.52717E-04  -0.36839E-04  -0.12162E-02  -0.52904E-02  -0.19434E-07
  1.000   3.132   -0.43091E-02   0.52253E-04   0.37356E-04  -0.12194E-02   0.52950E-02  -0.19434E-07
  1.000   3.132   -0.50002E-02  -0.41459E-03  -0.37210E-04   0.88665E-03   0.59792E-02  -0.19434E-07
  1.000   3.132   -0.37080E-02   0.29133E-02   0.22035E-06   0.29308E-02   0.37286E-02   0.16278E-05
  1.000   3.132    0.51156E-02   0.45580E-03  -0.40774E-07   0.46613E-03  -0.38624E-02  -0.52299E-07
  1.000   3.132    0.50015E-02  -0.41443E-03   0.37552E-04   0.88783E-03  -0.59840E-02  -0.19436E-07
  1.000   3.132   -0.51156E-02   0.45630E-03   0.45062E-06   0.47089E-03   0.38627E-02  -0.52299E-07
  1.000   3.132    0.37080E-02   0.29152E-02   0.42189E-05   0.29285E-02  -0.37285E-02   0.16278E-05
  1.012   3.151   -0.25965E-06  -0.14873E-02  -0.40866E-05  -0.14618E-02   0.11449E-05   0.16200E-05
  1.012   3.151    0.19483E-02   0.39209E-02  -0.37268E-04   0.26317E-02  -0.28923E-02  -0.17394E-07
  1.012   3.151   -0.19484E-02   0.39212E-02   0.36808E-04   0.26341E-02   0.28901E-02  -0.17396E-07
  1.012   3.151   -0.13702E-02  -0.15231E-02  -0.37285E-04  -0.20646E-03   0.23030E-02  -0.17396E-07
  1.012   3.151   -0.22155E-02   0.23733E-02  -0.65930E-05   0.23947E-02   0.21520E-02   0.16216E-05
  1.012   3.151    0.64567E-02   0.75052E-03  -0.24468E-06   0.75661E-03  -0.51310E-02  -0.49342E-07
  1.012   3.151    0.13706E-02  -0.15228E-02   0.37293E-04  -0.20584E-03  -0.23046E-02  -0.17396E-07
  1.012   3.151   -0.64568E-02   0.75040E-03   0.26032E-06   0.75718E-03   0.51316E-02  -0.49341E-07
  1.012   3.151    0.22156E-02   0.23565E-02  -0.24859E-05   0.22973E-02  -0.21520E-02   0.16216E-05
  1.025   3.170   -0.76265E-07   0.77560E-03   0.17155E-05   0.78595E-03  -0.30652E-06   0.16043E-05
  1.025   3.170   -0.88809E-03   0.82603E-02  -0.36738E-04   0.68535E-02  -0.75843E-04  -0.12869E-07
  1.025   3.170    0.88828E-03   0.82601E-02   0.36908E-04   0.68526E-02   0.76259E-04  -0.12869E-07
  1.025   3.170    0.29431E-02  -0.27373E-02  -0.36884E-04  -0.13794E-02  -0.19593E-02  -0.12870E-07
  1.025   3.170   -0.30530E-03   0.13223E-02  -0.86943E-06   0.12960E-02   0.27100E-03   0.16139E-05
  1.025   3.170    0.77051E-02   0.10402E-02  -0.11288E-06   0.10320E-02  -0.62745E-02  -0.43552E-07
  1.025   3.170   -0.29428E-02  -0.27373E-02   0.37129E-04  -0.13788E-02   0.19574E-02  -0.12870E-07
  1.025   3.170   -0.77052E-02   0.10408E-02   0.41900E-06   0.10353E-02   0.62743E-02  -0.43552E-07
  1.025   3.170    0.30519E-03   0.13235E-02   0.33788E-05   0.12851E-02  -0.27072E-03   0.16139E-05
  1.038   3.190   -0.20138E-06   0.29350E-02  -0.35773E-05   0.28773E-02   0.66877E-06   0.15897E-05
  1.038   3.190   -0.40560E-02   0.12449E-01  -0.36890E-04   0.10824E-01   0.29903E-02  -0.59942E-08
  1.038   3.190    0.40568E-02   0.12450E-01   0.36350E-04   0.10827E-01  -0.29952E-02  -0.59955E-08
  1.038   3.190    0.75026E-02  -0.40308E-02  -0.37000E-04  -0.25988E-02  -0.63561E-02  -0.59929E-08
  1.038   3.190    0.17581E-02  -0.10350E-03  -0.29398E-05  -0.11033E-03  -0.17182E-02   0.16057E-05
  1.038   3.190    0.85855E-02   0.12753E-02  -0.40694E-06   0.12513E-02  -0.70325E-02  -0.36164E-07
  1.038   3.190   -0.75019E-02  -0.40304E-02   0.36774E-04  -0.25983E-02   0.63558E-02  -0.59970E-08
  1.038   3.190   -0.85854E-02   0.12747E-02   0.15962E-06   0.12488E-02   0.70323E-02  -0.36164E-07
  1.038   3.190   -0.17579E-02  -0.10152E-03   0.15113E-05  -0.11443E-03   0.17179E-02   0.16057E-05
  1.050   3.209   -0.26899E-06   0.46418E-02   0.24335E-05   0.44837E-02   0.71880E-06   0.15793E-05
  1.050   3.209   -0.72753E-02   0.15671E-01  -0.36326E-04   0.13768E-01   0.60372E-02   0.25973E-08
  1.050   3.209    0.72736E-02   0.15671E-01   0.36575E-04   0.13766E-01  -0.60325E-02   0.25893E-08
  1.050   3.209    0.11651E-01  -0.53395E-02  -0.36685E-04  -0.38037E-02  -0.10249E-01   0.25941E-08
  1.050   3.209    0.36186E-02  -0.16334E-02   0.64394E-06  -0.15800E-02  -0.34920E-02   0.15985E-05
  1.050   3.209    0.88019E-02   0.13976E-02  -0.23098E-06   0.13523E-02  -0.71335E-02  -0.28707E-07
  1.050   3.209   -0.11652E-01  -0.53395E-02   0.36855E-04  -0.38025E-02   0.10248E-01   0.25946E-08
  1.050   3.209   -0.88022E-02   0.13990E-02   0.36823E-06   0.13551E-02   0.71341E-02  -0.28705E-07
  1.050   3.209   -0.36186E-02  -0.16325E-02   0.53260E-05  -0.15850E-02   0.34918E-02   0.15985E-05
  1.062   3.228    0.10505E-06   0.56874E-02   0.28956E-06   0.54239E-02  -0.85118E-06   0.15746E-05
  1.062   3.228   -0.10217E-01   0.17269E-01  -0.36132E-04   0.15103E-01   0.87435E-02   0.12008E-07
  1.062   3.228    0.10218E-01   0.17269E-01   0.36595E-04   0.15100E-01  -0.87406E-02   0.12010E-07
  1.062   3.228    0.14781E-01  -0.65803E-02  -0.36394E-04  -0.49150E-02  -0.13087E-01   0.12009E-07
  1.062   3.228    0.49635E-02  -0.29216E-02  -0.30225E-05  -0.27999E-02  -0.47171E-02   0.15933E-05
  1.062   3.228    0.81908E-02   0.13815E-02  -0.43331E-07   0.13201E-02  -0.64459E-02  -0.22167E-07
  1.062   3.228   -0.14780E-01  -0.65800E-02   0.36804E-04  -0.49136E-02   0.13084E-01   0.12010E-07
  1.062   3.228   -0.81909E-02   0.13820E-02   0.53702E-06   0.13254E-02   0.64461E-02  -0.22168E-07
  1.062   3.228   -0.49636E-02  -0.29212E-02   0.18518E-05  -0.27756E-02   0.47174E-02   0.15933E-05
  1.075   3.247   -0.55605E-06   0.60699E-02   0.66491E-05   0.57215E-02   0.36480E-06   0.15749E-05
  1.075   3.247   -0.12643E-01   0.17056E-01  -0.36053E-04   0.14707E-01   0.10902E-01   0.21417E-07
  1.075   3.247    0.12642E-01   0.17055E-01   0.36624E-04   0.14705E-01  -0.10900E-01   0.21407E-07
  1.075   3.247    0.16584E-01  -0.76753E-02  -0.36479E-04  -0.58645E-02  -0.14612E-01   0.21412E-07
  1.075   3.247    0.56415E-02  -0.37195E-02   0.33318E-05  -0.35298E-02  -0.53182E-02   0.15905E-05
  1.075   3.247    0.68109E-02   0.12358E-02  -0.12037E-06   0.11701E-02  -0.50550E-02  -0.16518E-07
  1.075   3.247   -0.16584E-01  -0.76752E-02   0.36790E-04  -0.58627E-02   0.14610E-01   0.21414E-07
  1.075   3.247   -0.68108E-02   0.12355E-02   0.43704E-06   0.11713E-02   0.50549E-02  -0.16518E-07
  1.075   3.247   -0.56419E-02  -0.37078E-02   0.83686E-05  -0.34694E-02   0.53191E-02   0.15905E-05
  1.087   3.266   -0.16965E-06   0.59182E-02   0.32793E-05   0.55197E-02  -0.61254E-07   0.15779E-05
  1.087   3.266   -0.14426E-01   0.15316E-01  -0.36196E-04   0.12905E-01   0.12421E-01   0.30144E-07
  1.087   3.266    0.14425E-01   0.15315E-01   0.36612E-04   0.12904E-01  -0.12417E-01   0.30139E-07
  1.087   3.266    0.17112E-01  -0.85578E-02  -0.36620E-04  -0.65979E-02  -0.14920E-01   0.30145E-07
  1.087   3.266    0.56811E-02  -0.39406E-02  -0.14029E-05  -0.36712E-02  -0.52808E-02   0.15893E-05
  1.087   3.266    0.49010E-02   0.99519E-03  -0.29281E-06   0.93510E-03  -0.32069E-02  -0.10885E-07
  1.087   3.266   -0.17113E-01  -0.85579E-02   0.36598E-04  -0.65971E-02   0.14921E-01   0.30146E-07
  1.087   3.266   -0.49010E-02   0.99525E-03   0.24504E-06   0.93461E-03   0.32069E-02  -0.10884E-07
  1.087   3.266   -0.56811E-02  -0.39359E-02   0.37713E-05  -0.36665E-02   0.52809E-02   0.15893E-05
  1.100   3.284    0.10751E-07   0.53811E-02   0.61064E-06   0.49706E-02  -0.10990E-05   0.15813E-05
  1.100   3.284   -0.15539E-01   0.12613E-01  -0.36465E-04   0.10269E-01   0.13297E-01   0.37647E-07
  1.100   3.284    0.15539E-01   0.12612E-01   0.36534E-04   0.10269E-01  -0.13295E-01   0.37644E-07
  1.100   3.284    0.16650E-01  -0.91755E-02  -0.36763E-04  -0.70760E-02  -0.14325E-01   0.37649E-07
  1.100   3.284    0.52261E-02  -0.36822E-02  -0.12894E-05  -0.33918E-02  -0.48080E-02   0.15888E-05
  1.100   3.284    0.27696E-02   0.69889E-03  -0.27443E-06   0.65378E-03  -0.11975E-02  -0.41892E-08
  1.100   3.284   -0.16651E-01  -0.91759E-02   0.36744E-04  -0.70759E-02   0.14326E-01   0.37651E-07
  1.100   3.284   -0.27695E-02   0.69840E-03   0.23619E-06   0.65273E-03   0.11973E-02  -0.41898E-08
  1.100   3.284   -0.52261E-02  -0.36832E-02   0.39717E-05  -0.34007E-02   0.48080E-02   0.15888E-05
  1.113   3.303   -0.37834E-07   0.45687E-02  -0.13653E-05   0.41770E-02   0.16405E-06   0.15824E-05
  1.113   3.303   -0.15999E-01   0.95180E-02  -0.36887E-04   0.73174E-02   0.13538E-01   0.43391E-07
  1.113   3.303    0.16000E-01   0.95181E-02   0.36326E-04   0.73203E-02  -0.13542E-01   0.43391E-07
  1.113   3.303    0.15532E-01  -0.94817E-02  -0.37175E-04  -0.72474E-02  -0.13121E-01   0.43397E-07
  1.113   3.303    0.44270E-02  -0.30981E-02  -0.51778E-05  -0.28130E-02  -0.40365E-02   0.15869E-05
  1.113   3.303    0.69634E-03   0.37597E-03  -0.58290E-06   0.35537E-03   0.71726E-03   0.43161E-08
  1.113   3.303   -0.15532E-01  -0.94824E-02   0.36525E-04  -0.72497E-02   0.13125E-01   0.43397E-07
  1.113   3.303   -0.69639E-03   0.37601E-03  -0.89654E-07   0.35128E-03  -0.71739E-03   0.43156E-08
  1.113   3.303   -0.44269E-02  -0.31089E-02   0.15577E-06  -0.28485E-02   0.40365E-02   0.15869E-05
  1.125   3.322    0.89539E-08   0.35621E-02  -0.76140E-06   0.32229E-02  -0.12837E-07   0.15858E-05
  1.125   3.322   -0.15854E-01   0.64931E-02  -0.36856E-04   0.44920E-02   0.13211E-01   0.46907E-07
  1.125   3.322    0.15854E-01   0.64914E-02   0.36664E-04   0.44890E-02  -0.13211E-01   0.46907E-07
  1.125   3.322    0.14049E-01  -0.94505E-02  -0.37105E-04  -0.70982E-02  -0.11602E-01   0.46913E-07
  1.125   3.322    0.34183E-02  -0.23580E-02  -0.28997E-05  -0.21307E-02  -0.30918E-02   0.15879E-05
  1.125   3.322   -0.11215E-02   0.51577E-04  -0.33064E-06   0.60341E-04   0.23575E-02   0.14791E-07
  1.125   3.322   -0.14050E-01  -0.94524E-02   0.36971E-04  -0.71026E-02   0.11606E-01   0.46914E-07
  1.125   3.322    0.11216E-02   0.50702E-04   0.17007E-06   0.56896E-04  -0.23575E-02   0.14790E-07
  1.125   3.322   -0.34181E-02  -0.23572E-02   0.24782E-05  -0.21222E-02   0.30913E-02   0.15879E-05
  1.137   3.340   -0.45112E-06   0.24340E-02  -0.40549E-05   0.21878E-02   0.15227E-05   0.15866E-05
  1.137   3.340   -0.15185E-01   0.38329E-02  -0.37203E-04   0.20589E-02   0.12428E-01   0.47846E-07
  1.137   3.340    0.15184E-01   0.38328E-02   0.36699E-04   0.20623E-02  -0.12430E-01   0.47842E-07
  1.137   3.340    0.12426E-01  -0.90853E-02  -0.37500E-04  -0.66615E-02  -0.99991E-02   0.47849E-07
  1.137   3.340    0.23093E-02  -0.15650E-02  -0.68103E-05  -0.13995E-02  -0.20497E-02   0.15868E-05
  1.137   3.340   -0.25819E-02  -0.25318E-03  -0.63982E-06  -0.20717E-03   0.36393E-02   0.26790E-07
  1.137   3.340   -0.12427E-01  -0.90861E-02   0.36762E-04  -0.66637E-02   0.10005E-01   0.47849E-07
  1.137   3.340    0.25823E-02  -0.25493E-03  -0.10848E-06  -0.21455E-03  -0.36397E-02   0.26788E-07
  1.137   3.340   -0.23093E-02  -0.15625E-02  -0.13511E-05  -0.13979E-02   0.20497E-02   0.15868E-05
  1.150   3.358   -0.18940E-05   0.12659E-02   0.22525E-05   0.11468E-02   0.19300E-05   0.15867E-05
  1.150   3.358   -0.14117E-01   0.16930E-02  -0.37032E-04   0.15088E-03   0.11343E-01   0.46028E-07
  1.150   3.358    0.14111E-01   0.16840E-02   0.37188E-04   0.13543E-03  -0.11333E-01   0.46035E-07
  1.150   3.358    0.10819E-01  -0.84287E-02  -0.37404E-04  -0.59969E-02  -0.84626E-02   0.46059E-07
  1.150   3.358    0.11863E-02  -0.79014E-03  -0.47916E-05  -0.73163E-03  -0.10347E-02   0.15847E-05
  1.150   3.358   -0.36626E-02  -0.51825E-03  -0.46927E-06  -0.43526E-03   0.45586E-02   0.39382E-07
  1.150   3.358   -0.10820E-01  -0.84314E-02   0.37137E-04  -0.60028E-02   0.84669E-02   0.46052E-07
  1.150   3.358    0.36624E-02  -0.52335E-03   0.11004E-06  -0.44529E-03  -0.45597E-02   0.39389E-07
  1.150   3.358   -0.11858E-02  -0.80428E-03   0.69537E-06  -0.69627E-03   0.10343E-02   0.15847E-05
  1.163   3.376   -0.20458E-07   0.11698E-03  -0.54337E-06   0.14246E-03  -0.49702E-06   0.15863E-05
  1.163   3.376   -0.12658E-01   0.86234E-04  -0.37546E-04  -0.12624E-02   0.99126E-02   0.41587E-07
  1.163   3.376    0.12659E-01   0.86317E-04   0.36901E-04  -0.12595E-02  -0.99189E-02   0.41588E-07
  1.163   3.376    0.92594E-02  -0.74583E-02  -0.37786E-04  -0.50523E-02  -0.69858E-02   0.41595E-07
  1.163   3.376    0.11903E-03  -0.92254E-04  -0.16713E-05  -0.12770E-03  -0.11294E-03   0.15819E-05
  1.163   3.376   -0.43773E-02  -0.73340E-03  -0.60184E-06  -0.61383E-03   0.51354E-02   0.51475E-07
  1.163   3.376   -0.92602E-02  -0.74589E-02   0.37293E-04  -0.50552E-02   0.69909E-02   0.41595E-07
  1.163   3.376    0.43772E-02  -0.73511E-03   0.82977E-07  -0.62062E-03  -0.51353E-02   0.51475E-07
  1.163   3.376   -0.11909E-03  -0.85249E-04   0.38849E-05  -0.63411E-04   0.11288E-03   0.15819E-05
  1.175   3.395    0.13072E-06  -0.93952E-03   0.61104E-06  -0.75703E-03  -0.93858E-06   0.15850E-05
  1.175   3.395   -0.10992E-01  -0.99896E-03  -0.37253E-04  -0.21899E-02   0.83569E-02   0.34669E-07
  1.175   3.395    0.10992E-01  -0.99841E-03   0.37570E-04  -0.21898E-02  -0.83547E-02   0.34669E-07
  1.175   3.395    0.78348E-02  -0.62824E-02  -0.37702E-04  -0.39671E-02  -0.56749E-02   0.34673E-07
  1.175   3.395   -0.84353E-03   0.53729E-03  -0.43049E-05   0.43757E-03   0.65459E-03   0.15777E-05
  1.175   3.395   -0.47919E-02  -0.89131E-03  -0.37066E-06  -0.74248E-03   0.54458E-02   0.61821E-07
  1.175   3.395   -0.78346E-02  -0.62820E-02   0.37741E-04  -0.39666E-02   0.56744E-02   0.34674E-07
  1.175   3.395    0.47918E-02  -0.89074E-03   0.41691E-06  -0.74167E-03  -0.54457E-02   0.61821E-07
  1.175   3.395    0.84350E-03   0.53707E-03   0.12656E-05   0.43695E-03  -0.65463E-03   0.15777E-05
  1.188   3.413   -0.54851E-07  -0.18610E-02  -0.32464E-05  -0.15170E-02  -0.18084E-06   0.15826E-05
  1.188   3.413   -0.91568E-02  -0.16392E-02  -0.37645E-04  -0.27204E-02   0.66788E-02   0.25678E-07
  1.188   3.413    0.91575E-02  -0.16388E-02   0.37378E-04  -0.27197E-02  -0.66803E-02   0.25676E-07
  1.188   3.413    0.65379E-02  -0.49299E-02  -0.38159E-04  -0.27500E-02  -0.44834E-02   0.25675E-07
  1.188   3.413   -0.16905E-02   0.10752E-02  -0.73104E-05   0.87862E-03   0.13906E-02   0.15721E-05
  1.188   3.413   -0.49555E-02  -0.99503E-03  -0.71329E-06  -0.81488E-03   0.55285E-02   0.69400E-07
  1.188   3.413   -0.65388E-02  -0.49308E-02   0.37669E-04  -0.27535E-02   0.44880E-02   0.25677E-07
  1.188   3.413    0.49555E-02  -0.99419E-03   0.23063E-06  -0.81895E-03  -0.55287E-02   0.69401E-07
  1.188   3.413    0.16906E-02   0.10699E-02  -0.17014E-05   0.87876E-03  -0.13908E-02   0.15721E-05
  1.200   3.430   -0.24443E-06  -0.26159E-02  -0.44737E-05  -0.21156E-02   0.65677E-06   0.15781E-05
  1.200   3.430   -0.72357E-02  -0.19292E-02  -0.37207E-04  -0.29422E-02   0.49730E-02   0.15142E-07
  1.200   3.430    0.72355E-02  -0.19293E-02   0.37984E-04  -0.29459E-02  -0.49678E-02   0.15142E-07
  1.200   3.430    0.53589E-02  -0.34682E-02  -0.37880E-04  -0.14772E-02  -0.34250E-02   0.15141E-07
  1.200   3.430   -0.23777E-02   0.15134E-02  -0.80502E-05   0.12262E-02   0.19050E-02   0.15647E-05
  1.200   3.430   -0.49300E-02  -0.10551E-02  -0.14432E-06  -0.85836E-03   0.54444E-02   0.73451E-07
  1.200   3.430   -0.53581E-02  -0.34687E-02   0.38677E-04  -0.14768E-02   0.34189E-02   0.15144E-07
  1.200   3.430    0.49300E-02  -0.10517E-02   0.10300E-05  -0.84386E-03  -0.54441E-02   0.73453E-07
  1.200   3.430    0.23775E-02   0.15065E-02  -0.23657E-05   0.12237E-02  -0.19046E-02   0.15647E-05
  1.213   3.448    0.29812E-06  -0.31708E-02   0.26461E-05  -0.25332E-02  -0.12669E-05   0.15714E-05
  1.213   3.448   -0.52895E-02  -0.19643E-02  -0.37674E-04  -0.29527E-02   0.32929E-02   0.37430E-08
  1.213   3.448    0.52895E-02  -0.19632E-02   0.37824E-04  -0.29522E-02  -0.32915E-02   0.37435E-08
  1.213   3.448    0.42852E-02  -0.19722E-02  -0.38410E-04  -0.21189E-03  -0.24776E-02   0.37388E-08
  1.213   3.448   -0.28960E-02   0.18408E-02  -0.95595E-06   0.14888E-02   0.23280E-02   0.15556E-05
  1.213   3.448   -0.47564E-02  -0.10790E-02  -0.67631E-06  -0.85828E-03   0.52444E-02   0.73587E-07
  1.213   3.448   -0.42851E-02  -0.19719E-02   0.38426E-04  -0.21178E-03   0.24772E-02   0.37434E-08
  1.213   3.448    0.47564E-02  -0.10781E-02   0.72036E-06  -0.85638E-03  -0.52444E-02   0.73586E-07
  1.213   3.448    0.28963E-02   0.18430E-02   0.46848E-05   0.14620E-02  -0.23284E-02   0.15556E-05
  1.225   3.466    0.29327E-06  -0.34895E-02  -0.46911E-05  -0.27347E-02  -0.13761E-05   0.15618E-05
  1.225   3.466   -0.33942E-02  -0.18353E-02  -0.37774E-04  -0.28216E-02   0.16903E-02  -0.77695E-08
  1.225   3.466    0.33926E-02  -0.18373E-02   0.38005E-04  -0.28244E-02  -0.16866E-02  -0.77688E-08
  1.225   3.466    0.32838E-02  -0.52807E-03  -0.38823E-04   0.97361E-03  -0.15931E-02  -0.77689E-08
  1.225   3.466   -0.31981E-02   0.20498E-02  -0.92376E-05   0.15876E-02   0.25012E-02   0.15449E-05
  1.225   3.466   -0.44597E-02  -0.10696E-02  -0.10391E-05  -0.82553E-03   0.49314E-02   0.69844E-07
  1.225   3.466   -0.32837E-02  -0.52737E-03   0.38550E-04   0.97658E-03   0.15942E-02  -0.77761E-08
  1.225   3.466    0.44599E-02  -0.10728E-02   0.74483E-06  -0.83252E-03  -0.49316E-02   0.69843E-07
  1.225   3.466    0.31984E-02   0.20557E-02  -0.35801E-05   0.16275E-02  -0.25020E-02   0.15449E-05
  1.238   3.484    0.41806E-06  -0.35360E-02   0.33279E-05  -0.27054E-02  -0.39344E-06   0.15492E-05
  1.238   3.484   -0.16380E-02  -0.16281E-02  -0.37616E-04  -0.26295E-02   0.25458E-03  -0.18674E-07
  1.238   3.484    0.16374E-02  -0.16289E-02   0.38339E-04  -0.26342E-02  -0.25094E-03  -0.18672E-07
  1.238   3.484    0.23356E-02   0.76089E-03  -0.38847E-04   0.19902E-02  -0.78408E-03  -0.18679E-07
  1.238   3.484   -0.32746E-02   0.21247E-02  -0.12679E-05   0.16054E-02   0.25215E-02   0.15328E-05
  1.238   3.484   -0.40523E-02  -0.10265E-02  -0.86582E-06  -0.77175E-03   0.45288E-02   0.62629E-07
  1.238   3.484   -0.23354E-02   0.76145E-03   0.39266E-04   0.19913E-02   0.78094E-03  -0.18678E-07
  1.238   3.484    0.40523E-02  -0.10264E-02   0.13355E-05  -0.76967E-03  -0.45291E-02   0.62628E-07
  1.238   3.484    0.32746E-02   0.21304E-02   0.43043E-05   0.16418E-02  -0.25206E-02   0.15328E-05
  1.250   3.501   -0.10164E-05  -0.32423E-02  -0.36858E-06  -0.23998E-02   0.17607E-05   0.15339E-05
  1.250   3.501   -0.12145E-03  -0.13883E-02  -0.37945E-04  -0.24137E-02  -0.93355E-03  -0.28377E-07
  1.250   3.501    0.12120E-03  -0.13885E-02   0.38300E-04  -0.24172E-02   0.93574E-03  -0.28375E-07
  1.250   3.501    0.14051E-02   0.17605E-02  -0.39248E-04   0.27275E-02  -0.91105E-05  -0.28381E-07
  1.250   3.501   -0.30424E-02   0.20191E-02  -0.69308E-06   0.14743E-02   0.22566E-02   0.15198E-05
  1.250   3.501   -0.34964E-02  -0.91510E-03  -0.11502E-05  -0.65263E-03   0.40167E-02   0.52660E-07
  1.250   3.501   -0.14034E-02   0.17607E-02   0.39723E-04   0.27279E-02   0.32743E-05  -0.28383E-07
  1.250   3.501    0.34971E-02  -0.91907E-03   0.15562E-05  -0.66274E-03  -0.40194E-02   0.52659E-07
  1.250   3.501    0.30411E-02   0.20230E-02   0.46288E-05   0.14934E-02  -0.22515E-02   0.15198E-05
