  0.000   0.000    0.31949E+03  -0.44764E-11   0.57614E+05  -0.33651E-10  -0.15513E+04   0.19924E-11
  0.000   0.000   -0.48846E+04   0.28488E+04   0.63332E+04   0.15507E+05   0.26629E+05  -0.33163E-04
  0.000   0.000   -0.48846E+04  -0.28488E+04   0.63332E+04  -0.15507E+05   0.26629E+05   0.33163E-04
  0.000   0.000    0.49111E+04  -0.28027E+04   0.63332E+04  -0.15290E+05  -0.26753E+05  -0.33720E-04
  0.000   0.000   -0.15975E+03   0.27692E+03   0.57614E+05   0.13446E+04   0.77568E+03  -0.54334E-05
  0.000   0.000   -0.26848E+02  -0.56579E+04   0.63360E+04  -0.30836E+05   0.12611E+03  -0.52764E-06
  0.000   0.000    0.49111E+04   0.28027E+04   0.63332E+04   0.15290E+05  -0.26753E+05   0.33720E-04
  0.000   0.000   -0.26848E+02   0.56579E+04   0.63360E+04   0.30836E+05   0.12611E+03   0.52763E-06
  0.000   0.000   -0.15975E+03  -0.27692E+03   0.57614E+05  -0.13446E+04   0.77568E+03   0.54334E-05
 -1.000  -1.000    0.11527E+03  -0.14211E-12   0.52913E+05  -0.60538E-11  -0.74778E+03   0.90940E-12
 -1.000  -1.000   -0.22066E+04   0.13058E+04   0.22626E+04   0.88799E+04   0.15021E+05  -0.35508E-04
 -1.000  -1.000   -0.22066E+04  -0.13058E+04   0.22626E+04  -0.88799E+04   0.15021E+05   0.35508E-04
 -1.000  -1.000    0.22349E+04  -0.12567E+04   0.22626E+04  -0.85589E+04  -0.15206E+05  -0.35246E-04
 -1.000  -1.000   -0.57638E+02   0.99988E+02   0.52913E+05   0.64861E+03   0.37390E+03  -0.24031E-05
 -1.000  -1.000   -0.28347E+02  -0.25669E+04   0.22649E+04  -0.17470E+05   0.18544E+03   0.27147E-06
 -1.000  -1.000    0.22349E+04   0.12567E+04   0.22626E+04   0.85589E+04  -0.15206E+05   0.35246E-04
 -1.000  -1.000   -0.28347E+02   0.25669E+04   0.22649E+04   0.17470E+05   0.18544E+03  -0.27147E-06
 -1.000  -1.000   -0.57638E+02  -0.99988E+02   0.52913E+05  -0.64861E+03   0.37390E+03   0.24031E-05
  0.013   0.333    0.31944E+03   0.83412E-03   0.57542E+05   0.58915E-02  -0.15178E+04   0.12649E-06
  0.013   0.333   -0.53940E+04   0.31179E+04   0.61069E+04   0.16718E+05   0.28952E+05  -0.32364E-04
  0.013   0.333   -0.53940E+04  -0.31179E+04   0.61069E+04  -0.16718E+05   0.28952E+05   0.32364E-04
  0.013   0.333    0.53990E+04  -0.31090E+04   0.61069E+04  -0.16696E+05  -0.28964E+05  -0.33146E-04
  0.013   0.333   -0.15976E+03   0.27686E+03   0.57542E+05   0.13155E+04   0.75925E+03  -0.57837E-05
  0.013   0.333   -0.53657E+01  -0.62334E+04   0.61098E+04  -0.33453E+05   0.13879E+02  -0.74961E-06
  0.013   0.333    0.53990E+04   0.31090E+04   0.61069E+04   0.16696E+05  -0.28964E+05   0.33145E-04
  0.013   0.333   -0.53608E+01   0.62334E+04   0.61098E+04   0.33453E+05   0.13853E+02   0.74975E-06
  0.013   0.333   -0.15969E+03  -0.27686E+03   0.57542E+05  -0.13155E+04   0.75861E+03   0.59999E-05
  0.025   0.494    0.33365E+03  -0.10728E-02   0.56386E+05  -0.76692E-02  -0.15491E+04   0.15432E-06
  0.025   0.494   -0.62208E+04   0.35604E+04   0.45724E+04   0.18703E+05   0.32689E+05  -0.31386E-04
  0.025   0.494   -0.62208E+04  -0.35604E+04   0.45724E+04  -0.18703E+05   0.32689E+05   0.31385E-04
  0.025   0.494    0.61958E+04  -0.36032E+04   0.45724E+04  -0.18938E+05  -0.32553E+05  -0.32469E-04
  0.025   0.494   -0.16674E+03   0.28914E+03   0.56386E+05   0.13426E+04   0.77389E+03  -0.65100E-05
  0.025   0.494    0.24481E+02  -0.71704E+04   0.45755E+04  -0.37681E+05  -0.13413E+03  -0.10456E-05
  0.025   0.494    0.61958E+04   0.36032E+04   0.45724E+04   0.18938E+05  -0.32553E+05   0.32467E-04
  0.025   0.494    0.24471E+02   0.71704E+04   0.45755E+04   0.37681E+05  -0.13409E+03   0.10443E-05
  0.025   0.494   -0.16691E+03  -0.28914E+03   0.56386E+05  -0.13426E+04   0.77521E+03   0.70056E-05
  0.038   0.606    0.40929E+03   0.17327E-03   0.54786E+05  -0.60725E-03  -0.18870E+04  -0.12515E-06
  0.038   0.606   -0.68893E+04   0.39459E+04   0.28281E+04   0.20334E+05   0.35504E+05  -0.30348E-04
  0.038   0.606   -0.68893E+04  -0.39459E+04   0.28281E+04  -0.20333E+05   0.35504E+05   0.30346E-04
  0.038   0.606    0.68642E+04  -0.39890E+04   0.28281E+04  -0.20558E+05  -0.35373E+05  -0.31636E-04
  0.038   0.606   -0.20445E+03   0.35457E+03   0.54786E+05   0.16345E+04   0.94184E+03  -0.76701E-05
  0.038   0.606    0.24541E+02  -0.79421E+04   0.28313E+04  -0.40933E+05  -0.12834E+03  -0.12446E-05
  0.038   0.606    0.68642E+04   0.39890E+04   0.28281E+04   0.20559E+05  -0.35373E+05   0.31638E-04
  0.038   0.606    0.24513E+02   0.79421E+04   0.28313E+04   0.40933E+05  -0.12819E+03   0.12445E-05
  0.038   0.606   -0.20486E+03  -0.35457E+03   0.54786E+05  -0.16345E+04   0.94518E+03   0.74241E-05
  0.050   0.700    0.58901E+03  -0.41479E-02   0.53493E+05  -0.29694E-01  -0.27123E+04  -0.44117E-06
  0.050   0.700   -0.72232E+04   0.42057E+04   0.15447E+04   0.21290E+05   0.36595E+05  -0.29757E-04
  0.050   0.700   -0.72232E+04  -0.42057E+04   0.15447E+04  -0.21290E+05   0.36595E+05   0.29758E-04
  0.050   0.700    0.72561E+04  -0.41481E+04   0.15447E+04  -0.21024E+05  -0.36747E+05  -0.31156E-04
  0.050   0.700   -0.29450E+03   0.50980E+03   0.53493E+05   0.23466E+04   0.13561E+04  -0.88340E-05
  0.050   0.700   -0.33644E+02  -0.83613E+04   0.15479E+04  -0.42357E+05   0.15539E+03  -0.13499E-05
  0.050   0.700    0.72561E+04   0.41482E+04   0.15447E+04   0.21024E+05  -0.36747E+05   0.31158E-04
  0.050   0.700   -0.33661E+02   0.83613E+04   0.15479E+04   0.42357E+05   0.15548E+03   0.13552E-05
  0.050   0.700   -0.29451E+03  -0.50980E+03   0.53493E+05  -0.23466E+04   0.13562E+04   0.72944E-05
  0.062   0.783    0.88558E+03   0.28517E-02   0.52509E+05   0.21899E-01  -0.40499E+04  -0.67481E-06
  0.062   0.783   -0.71103E+04   0.42952E+04   0.71877E+03   0.21406E+05   0.35548E+05  -0.29779E-04
  0.062   0.783   -0.71103E+04  -0.42952E+04   0.71877E+03  -0.21406E+05   0.35548E+05   0.29767E-04
  0.062   0.783    0.72774E+04  -0.40057E+04   0.71879E+03  -0.20060E+05  -0.36324E+05  -0.31181E-04
  0.062   0.783   -0.44279E+03   0.76750E+03   0.52509E+05   0.35118E+04   0.20249E+04  -0.84544E-05
  0.062   0.783   -0.16769E+03  -0.83091E+04   0.72180E+03  -0.41512E+05   0.77928E+03  -0.13636E-05
  0.062   0.783    0.72774E+04   0.40058E+04   0.71879E+03   0.20061E+05  -0.36325E+05   0.31181E-04
  0.062   0.783   -0.16772E+03   0.83091E+04   0.72180E+03   0.41512E+05   0.77944E+03   0.13468E-05
  0.062   0.783   -0.44287E+03  -0.76750E+03   0.52509E+05  -0.35118E+04   0.20254E+04   0.77855E-05
  0.075   0.858    0.12506E+04  -0.53973E-03   0.51781E+05   0.81046E-02  -0.56391E+04   0.38588E-06
  0.075   0.858   -0.65386E+04   0.41942E+04   0.25527E+03   0.20633E+05   0.32435E+05  -0.30359E-04
  0.075   0.858   -0.65386E+04  -0.41942E+04   0.25527E+03  -0.20633E+05   0.32435E+05   0.30367E-04
  0.075   0.858    0.69038E+04  -0.35614E+04   0.25527E+03  -0.17753E+05  -0.34098E+05  -0.31638E-04
  0.075   0.858   -0.62545E+03   0.10830E+04   0.51782E+05   0.48840E+04   0.28203E+04  -0.79625E-05
  0.075   0.858   -0.36597E+03  -0.77641E+04   0.25803E+03  -0.38432E+05   0.16655E+04  -0.12310E-05
  0.075   0.858    0.69038E+04   0.35614E+04   0.25527E+03   0.17753E+05  -0.34098E+05   0.31639E-04
  0.075   0.858   -0.36595E+03   0.77641E+04   0.25803E+03   0.38432E+05   0.16654E+04   0.12392E-05
  0.075   0.858   -0.62522E+03  -0.10830E+04   0.51782E+05  -0.48840E+04   0.28192E+04   0.73250E-05
  0.088   0.926    0.15745E+04   0.33248E-02   0.51266E+05   0.28482E-01  -0.69751E+04  -0.35706E-06
  0.088   0.926   -0.55913E+04   0.38984E+04   0.48318E+02   0.19033E+05   0.27804E+05  -0.31808E-04
  0.088   0.926   -0.55912E+04  -0.38984E+04   0.48316E+02  -0.19033E+05   0.27804E+05   0.31809E-04
  0.088   0.926    0.61740E+04  -0.28895E+04   0.48316E+02  -0.14545E+05  -0.30397E+05  -0.32819E-04
  0.088   0.926   -0.78773E+03   0.13640E+04   0.51266E+05   0.60435E+04   0.34905E+04  -0.70085E-05
  0.088   0.926   -0.58309E+03  -0.67969E+04   0.50800E+02  -0.33627E+05   0.25939E+04  -0.97014E-06
  0.088   0.926    0.61740E+04   0.28895E+04   0.48309E+02   0.14545E+05  -0.30397E+05   0.32815E-04
  0.088   0.926   -0.58307E+03   0.67969E+04   0.50800E+02   0.33627E+05   0.25939E+04   0.97465E-06
  0.088   0.926   -0.78694E+03  -0.13640E+04   0.51266E+05  -0.60435E+04   0.34853E+04   0.64661E-05
  0.100   0.990    0.17141E+04   0.69818E-02   0.50930E+05   0.55735E-01  -0.74517E+04   0.15337E-05
  0.100   0.990   -0.43841E+04   0.33940E+04   0.70683E+01   0.16605E+05   0.22263E+05  -0.33947E-04
  0.100   0.990   -0.43841E+04  -0.33940E+04   0.70715E+01  -0.16605E+05   0.22264E+05   0.33969E-04
  0.100   0.990    0.51333E+04  -0.20970E+04   0.70770E+01  -0.10964E+05  -0.25522E+05  -0.34501E-04
  0.100   0.990   -0.85694E+03   0.14854E+04   0.50930E+05   0.64589E+04   0.37255E+04  -0.43056E-05
  0.100   0.990   -0.74911E+03  -0.55003E+04   0.93218E+01  -0.27619E+05   0.32581E+04  -0.51842E-06
  0.100   0.990    0.51333E+04   0.20970E+04   0.70774E+01   0.10964E+05  -0.25522E+05   0.34517E-04
  0.100   0.990   -0.74909E+03   0.55003E+04   0.93221E+01   0.27619E+05   0.32581E+04   0.53351E-06
  0.100   0.990   -0.85726E+03  -0.14854E+04   0.50930E+05  -0.64589E+04   0.37270E+04   0.68781E-05
  0.113   1.050    0.15292E+04   0.63138E-02   0.50744E+05   0.33712E-01  -0.65290E+04  -0.14791E-06
  0.113   1.050   -0.30215E+04   0.26504E+04   0.66008E+02   0.13267E+05   0.16307E+05  -0.36346E-04
  0.113   1.050   -0.30215E+04  -0.26504E+04   0.66008E+02  -0.13267E+05   0.16307E+05   0.36344E-04
  0.113   1.050    0.38076E+04  -0.12897E+04   0.66015E+02  -0.74796E+04  -0.19651E+05  -0.36183E-04
  0.113   1.050   -0.76481E+03   0.13256E+04   0.50745E+05   0.56590E+04   0.32660E+04  -0.44833E-05
  0.113   1.050   -0.78544E+03  -0.39494E+04   0.68050E+02  -0.20795E+05   0.33407E+04   0.16816E-06
  0.113   1.050    0.38076E+04   0.12897E+04   0.66013E+02   0.74795E+04  -0.19651E+05   0.36181E-04
  0.113   1.050   -0.78543E+03   0.39494E+04   0.68050E+02   0.20795E+05   0.33406E+04  -0.16225E-06
  0.113   1.050   -0.76452E+03  -0.13256E+04   0.50745E+05  -0.56590E+04   0.32636E+04   0.43738E-05
  0.125   1.107    0.93387E+03  -0.18777E-01   0.50682E+05  -0.11424E+00  -0.39600E+04   0.14400E-05
  0.125   1.107   -0.15985E+04   0.16512E+04   0.18593E+03   0.90425E+04   0.10398E+05  -0.39313E-04
  0.125   1.107   -0.15985E+04  -0.16512E+04   0.18593E+03  -0.90424E+04   0.10398E+05   0.39339E-04
  0.125   1.107    0.22304E+04  -0.55803E+03   0.18593E+03  -0.44782E+04  -0.13036E+05  -0.38140E-04
  0.125   1.107   -0.46662E+03   0.81070E+03   0.50682E+05   0.34363E+04   0.19777E+04  -0.17763E-05
  0.125   1.107   -0.63038E+03  -0.22185E+04   0.18781E+03  -0.13569E+05   0.26319E+04   0.11828E-05
  0.125   1.107    0.22304E+04   0.55806E+03   0.18594E+03   0.44783E+04  -0.13036E+05   0.38158E-04
  0.125   1.107   -0.63038E+03   0.22185E+04   0.18781E+03   0.13569E+05   0.26319E+04  -0.11606E-05
  0.125   1.107   -0.46707E+03  -0.81071E+03   0.50682E+05  -0.34364E+04   0.19814E+04   0.52999E-05
  0.138   1.161   -0.55745E+02  -0.18047E-01   0.50727E+05  -0.12341E+00   0.72536E+02   0.10010E-05
  0.138   1.161   -0.19080E+03   0.42142E+03   0.34873E+03   0.40916E+04   0.48316E+04  -0.42330E-04
  0.138   1.161   -0.19079E+03  -0.42142E+03   0.34873E+03  -0.40916E+04   0.48316E+04   0.42344E-04
  0.138   1.161    0.46110E+03   0.45044E+02   0.34873E+03  -0.21377E+04  -0.59637E+04  -0.39794E-04
  0.138   1.161    0.27870E+02  -0.44595E+02   0.50727E+05  -0.45518E+02  -0.35985E+02  -0.25330E-05
  0.138   1.161   -0.26796E+03  -0.38532E+03   0.35049E+03  -0.62757E+04   0.11226E+04   0.25426E-05
  0.138   1.161    0.46107E+03  -0.45061E+02   0.34873E+03   0.21376E+04  -0.59635E+04   0.39809E-04
  0.138   1.161   -0.26796E+03   0.38532E+03   0.35049E+03   0.62757E+04   0.11226E+04  -0.25350E-05
  0.138   1.161    0.28137E+02   0.44600E+02   0.50727E+05   0.45536E+02  -0.37886E+02   0.36557E-05
  0.150   1.213   -0.12400E+04  -0.35076E-02   0.50863E+05  -0.25849E-01   0.46724E+04   0.15531E-06
  0.150   1.213    0.10774E+04  -0.87887E+03   0.54711E+03  -0.88470E+03   0.97642E+02  -0.46001E-04
  0.150   1.213    0.10774E+04   0.87887E+03   0.54712E+03   0.88470E+03   0.97712E+02   0.46010E-04
  0.150   1.213   -0.12999E+04   0.49245E+03   0.54712E+03  -0.52870E+03   0.71639E+03  -0.41783E-04
  0.150   1.213    0.62082E+03  -0.10716E+04   0.50863E+05  -0.40420E+04  -0.23415E+04  -0.28356E-05
  0.150   1.213    0.22500E+03   0.13634E+04   0.54878E+03   0.31424E+03  -0.82349E+03   0.42134E-05
  0.150   1.213   -0.12998E+04  -0.49237E+03   0.54712E+03   0.52905E+03   0.71573E+03   0.41790E-04
  0.150   1.213    0.22502E+03  -0.13634E+04   0.54878E+03  -0.31421E+03  -0.82359E+03  -0.42005E-05
  0.150   1.213    0.61955E+03   0.10716E+04   0.50863E+05   0.40419E+04  -0.23324E+04   0.35290E-05
  0.163   1.262   -0.22339E+04   0.23251E-01   0.51067E+05   0.20846E+00   0.83142E+04   0.13678E-05
  0.163   1.262    0.20311E+04  -0.19471E+04   0.76958E+03  -0.47227E+04  -0.31907E+04  -0.49130E-04
  0.163   1.262    0.20310E+04   0.19471E+04   0.76959E+03   0.47226E+04  -0.31903E+04   0.49201E-04
  0.163   1.262   -0.27025E+04   0.78386E+03   0.76959E+03   0.39881E+03   0.56861E+04  -0.43381E-04
  0.163   1.262    0.11176E+04  -0.19318E+04   0.51067E+05  -0.71884E+04  -0.41611E+04  -0.19750E-05
  0.163   1.262    0.67357E+03   0.27243E+04   0.77123E+03   0.50843E+04  -0.25039E+04   0.58298E-05
  0.163   1.262   -0.27025E+04  -0.78386E+03   0.76959E+03  -0.39873E+03   0.56861E+04   0.43423E-04
  0.163   1.262    0.67368E+03  -0.27243E+04   0.77123E+03  -0.50844E+04  -0.25043E+04  -0.57497E-05
  0.163   1.262    0.11166E+04   0.19318E+04   0.51067E+05   0.71884E+04  -0.41535E+04   0.49764E-05
  0.175   1.310   -0.26746E+04   0.27781E-01   0.51292E+05   0.18327E+00   0.97296E+04   0.58359E-06
  0.175   1.310    0.25210E+04  -0.24936E+04   0.99028E+03  -0.64332E+04  -0.45886E+04  -0.51852E-04
  0.175   1.310    0.25209E+04   0.24935E+04   0.99029E+03   0.64332E+04  -0.45882E+04   0.51868E-04
  0.175   1.310   -0.34210E+04   0.93505E+03   0.99029E+03   0.75494E+03   0.78676E+04  -0.45003E-04
  0.175   1.310    0.13377E+04  -0.23139E+04   0.51292E+05  -0.84134E+04  -0.48672E+04  -0.23536E-05
  0.175   1.310    0.90139E+03   0.34233E+04   0.99193E+03   0.71564E+04  -0.32843E+04   0.68395E-05
  0.175   1.310   -0.34210E+04  -0.93505E+03   0.99028E+03  -0.75491E+03   0.78676E+04   0.45006E-04
  0.175   1.310    0.90145E+03  -0.34233E+04   0.99193E+03  -0.71564E+04  -0.32845E+04  -0.68339E-05
  0.175   1.310    0.13371E+04   0.23139E+04   0.51292E+05   0.84135E+04  -0.48627E+04   0.48250E-05
  0.188   1.356   -0.25024E+04   0.17720E-01   0.51508E+05   0.11981E+00   0.88433E+04  -0.43415E-06
  0.188   1.356    0.25582E+04  -0.24814E+04   0.11814E+04  -0.60192E+04  -0.42561E+04  -0.53461E-04
  0.188   1.356    0.25582E+04   0.24814E+04   0.11814E+04   0.60191E+04  -0.42558E+04   0.53451E-04
  0.188   1.356   -0.34292E+04   0.97381E+03   0.11814E+04   0.67577E+03   0.73428E+04  -0.46425E-04
  0.188   1.356    0.12514E+04  -0.21668E+04   0.51508E+05  -0.76543E+04  -0.44216E+04  -0.35843E-05
  0.188   1.356    0.87137E+03   0.34513E+04   0.11831E+04   0.66682E+04  -0.30885E+04   0.69921E-05
  0.188   1.356   -0.34292E+04  -0.97384E+03   0.11814E+04  -0.67589E+03   0.73430E+04   0.46418E-04
  0.188   1.356    0.87142E+03  -0.34513E+04   0.11831E+04  -0.66683E+04  -0.30887E+04  -0.70144E-05
  0.188   1.356    0.12511E+04   0.21668E+04   0.51508E+05   0.76543E+04  -0.44215E+04   0.27417E-05
  0.200   1.400   -0.19507E+04  -0.54812E-02   0.51693E+05  -0.19677E-01   0.66596E+04  -0.83139E-06
  0.200   1.400    0.23008E+04  -0.21168E+04   0.13304E+04  -0.43744E+04  -0.28882E+04  -0.54258E-04
  0.200   1.400    0.23009E+04   0.21168E+04   0.13303E+04   0.43744E+04  -0.28885E+04   0.54252E-04
  0.200   1.400   -0.29844E+04   0.93369E+03   0.13303E+04   0.31567E+03   0.52336E+04  -0.47809E-04
  0.200   1.400    0.97516E+03  -0.16920E+04   0.51693E+05  -0.57816E+04  -0.33286E+04  -0.36207E-05
  0.200   1.400    0.68339E+03   0.30474E+04   0.13321E+04   0.46668E+04  -0.23445E+04   0.64126E-05
  0.200   1.400   -0.29844E+04  -0.93368E+03   0.13303E+04  -0.31562E+03   0.52335E+04   0.47806E-04
  0.200   1.400    0.68338E+03  -0.30474E+04   0.13321E+04  -0.46668E+04  -0.23445E+04  -0.64060E-05
  0.200   1.400    0.97530E+03   0.16919E+04   0.51693E+05   0.57816E+04  -0.33301E+04   0.89981E-06
  0.213   1.444   -0.12889E+04   0.65912E-02   0.51845E+05   0.38464E-01   0.42072E+04  -0.90765E-06
  0.213   1.444    0.19158E+04  -0.16298E+04   0.14408E+04  -0.23869E+04  -0.11429E+04  -0.54397E-04
  0.213   1.444    0.19158E+04   0.16298E+04   0.14408E+04   0.23869E+04  -0.11429E+04   0.54375E-04
  0.213   1.444   -0.23703E+04   0.84392E+03   0.14408E+04  -0.20132E+03   0.26398E+04  -0.49058E-04
  0.213   1.444    0.64361E+03  -0.11177E+04   0.51845E+05  -0.36452E+04  -0.20980E+04  -0.11561E-05
  0.213   1.444    0.45375E+03   0.24715E+04   0.14426E+04   0.21648E+04  -0.14943E+04   0.52910E-05
  0.213   1.444   -0.23703E+04  -0.84386E+03   0.14408E+04   0.20144E+03   0.26398E+04   0.49044E-04
  0.213   1.444    0.45360E+03  -0.24715E+04   0.14426E+04  -0.21647E+04  -0.14938E+04  -0.53283E-05
  0.213   1.444    0.64507E+03   0.11176E+04   0.51845E+05   0.36451E+04  -0.21081E+04   0.98501E-06
  0.225   1.485   -0.68372E+03   0.25023E-02   0.51970E+05   0.17673E-01   0.20616E+04  -0.17693E-05
  0.225   1.485    0.15121E+04  -0.11607E+04   0.15229E+04  -0.54800E+03   0.59195E+03  -0.54147E-04
  0.225   1.485    0.15122E+04   0.11607E+04   0.15229E+04   0.54813E+03   0.59174E+03   0.54138E-04
  0.225   1.485   -0.17620E+04   0.72894E+03   0.15229E+04  -0.78384E+03   0.17939E+03  -0.50140E-04
  0.225   1.485    0.34228E+03  -0.59342E+03   0.51970E+05  -0.17846E+04  -0.10343E+04  -0.24946E-06
  0.225   1.485    0.24876E+03   0.18879E+04   0.15247E+04  -0.25526E+03  -0.76738E+03   0.39894E-05
  0.225   1.485   -0.17620E+04  -0.72894E+03   0.15229E+04   0.78397E+03   0.17909E+03   0.50134E-04
  0.225   1.485    0.24889E+03  -0.18880E+04   0.15247E+04   0.25514E+03  -0.76775E+03  -0.39804E-05
  0.225   1.485    0.34119E+03   0.59346E+03   0.51970E+05   0.17847E+04  -0.10264E+04  -0.67003E-06
  0.238   1.526   -0.19895E+03  -0.50200E-02   0.52077E+05  -0.88348E-01   0.41485E+03  -0.29550E-05
  0.238   1.526    0.11424E+04  -0.76362E+03   0.15861E+04   0.96923E+03   0.21378E+04  -0.53810E-04
  0.238   1.526    0.11425E+04   0.76372E+03   0.15861E+04  -0.96883E+03   0.21372E+04   0.53767E-04
  0.238   1.526   -0.12331E+04   0.60730E+03   0.15861E+04  -0.13638E+04  -0.19085E+04  -0.51147E-04
  0.238   1.526    0.99156E+02  -0.17433E+03   0.52077E+05  -0.36310E+03  -0.20530E+03  -0.22171E-05
  0.238   1.526    0.89605E+02   0.13695E+04   0.15880E+04  -0.23516E+04  -0.22580E+03   0.26058E-05
  0.238   1.526   -0.12330E+04  -0.60718E+03   0.15861E+04   0.13643E+04  -0.19090E+04   0.51134E-04
  0.238   1.526    0.89643E+02  -0.13695E+04   0.15880E+04   0.23516E+04  -0.22577E+03  -0.26299E-05
  0.238   1.526    0.99624E+02   0.17435E+03   0.52077E+05   0.36313E+03  -0.20940E+03  -0.52243E-05
  0.250   1.566    0.16002E+03  -0.32133E-01   0.52170E+05  -0.25544E+00  -0.75055E+03   0.68508E-06
  0.250   1.566    0.81746E+03  -0.44206E+03   0.16366E+04   0.21759E+04   0.34724E+04  -0.53386E-04
  0.250   1.566    0.81744E+03   0.44206E+03   0.16366E+04  -0.21760E+04   0.34725E+04   0.53392E-04
  0.250   1.566   -0.79192E+03   0.48646E+03   0.16366E+04  -0.19168E+04  -0.36217E+04  -0.52046E-04
  0.250   1.566   -0.79499E+02   0.13679E+03   0.52170E+05   0.64742E+03   0.37035E+03   0.30405E-05
  0.250   1.566   -0.26508E+02   0.92740E+03   0.16385E+04  -0.41109E+04   0.15239E+03   0.13097E-05
  0.250   1.566   -0.79195E+03  -0.48651E+03   0.16366E+04   0.19167E+04  -0.36217E+04   0.52053E-04
  0.250   1.566   -0.26454E+02  -0.92740E+03   0.16385E+04   0.41109E+04   0.15222E+03  -0.12979E-05
  0.250   1.566   -0.80509E+02  -0.13678E+03   0.52170E+05  -0.64739E+03   0.37915E+03  -0.24990E-05
  0.263   1.604    0.40685E+03   0.10249E-01   0.52251E+05   0.11558E+00  -0.15074E+04   0.61950E-06
  0.263   1.604    0.53489E+03  -0.18491E+03   0.16783E+04   0.31282E+04   0.46185E+04  -0.52933E-04
  0.263   1.604    0.53486E+03   0.18486E+03   0.16783E+04  -0.31283E+04   0.46187E+04   0.52943E-04
  0.263   1.604   -0.42778E+03   0.37026E+03   0.16784E+04  -0.24334E+04  -0.50201E+04  -0.52793E-04
  0.263   1.604   -0.20322E+03   0.35069E+03   0.52251E+05   0.13032E+04   0.75161E+03   0.52643E-05
  0.263   1.604   -0.10793E+03   0.55422E+03   0.16803E+04  -0.55794E+04   0.40406E+03   0.10260E-06
  0.263   1.604   -0.42781E+03  -0.37031E+03   0.16784E+04   0.24332E+04  -0.50200E+04   0.52799E-04
  0.263   1.604   -0.10793E+03  -0.55422E+03   0.16803E+04   0.55794E+04   0.40402E+03  -0.93205E-07
  0.263   1.604   -0.20383E+03  -0.35069E+03   0.52251E+05  -0.13033E+04   0.75697E+03  -0.26938E-05
  0.275   1.642    0.56131E+03   0.40004E-01   0.52323E+05   0.21823E+00  -0.19497E+04  -0.65262E-05
  0.275   1.642    0.28830E+03   0.20952E+02   0.17140E+04   0.38793E+04   0.56006E+04  -0.52662E-04
  0.275   1.642    0.28836E+03  -0.20839E+02   0.17140E+04  -0.38789E+04   0.56002E+04   0.52593E-04
  0.275   1.642   -0.12612E+03   0.25953E+03   0.17139E+04  -0.29081E+04  -0.61614E+04  -0.53573E-04
  0.275   1.642   -0.28101E+03   0.48364E+03   0.52323E+05   0.16782E+04   0.97745E+03  -0.22831E-05
  0.275   1.642   -0.16282E+03   0.23763E+03   0.17159E+04  -0.68052E+04   0.56318E+03  -0.99915E-06
  0.275   1.642   -0.12602E+03  -0.25942E+03   0.17139E+04   0.29085E+04  -0.61618E+04   0.53532E-04
  0.275   1.642   -0.16279E+03  -0.23765E+03   0.17159E+04   0.68052E+04   0.56322E+03   0.94970E-06
  0.275   1.642   -0.28035E+03  -0.48362E+03   0.52323E+05  -0.16782E+04   0.97304E+03  -0.12543E-04
  0.288   1.679    0.63842E+03   0.18055E-02   0.52388E+05   0.42609E-02  -0.21407E+04  -0.63273E-06
  0.288   1.679    0.64482E+02   0.18885E+03   0.17451E+04   0.44859E+04   0.64760E+04  -0.52228E-04
  0.288   1.679    0.64481E+02  -0.18885E+03   0.17451E+04  -0.44859E+04   0.64760E+04   0.52214E-04
  0.288   1.679    0.13128E+03   0.14964E+03   0.17451E+04  -0.33630E+04  -0.71252E+04  -0.54069E-04
  0.288   1.679   -0.31918E+03   0.55153E+03   0.52388E+05   0.18512E+04   0.10703E+04   0.48062E-05
  0.288   1.679   -0.19630E+03  -0.39869E+02   0.17471E+04  -0.78665E+04   0.65084E+03  -0.19072E-05
  0.288   1.679    0.13126E+03  -0.14966E+03   0.17451E+04   0.33629E+04  -0.71251E+04   0.54066E-04
  0.288   1.679   -0.19632E+03   0.39873E+02   0.17471E+04   0.78665E+04   0.65086E+03   0.18901E-05
  0.288   1.679   -0.31916E+03  -0.55153E+03   0.52388E+05  -0.18513E+04   0.10702E+04  -0.74389E-05
  0.300   1.715    0.65119E+03   0.76740E-02   0.52448E+05   0.25238E-01  -0.21388E+04   0.10124E-05
  0.300   1.715   -0.14568E+03   0.32762E+03   0.17728E+04   0.49803E+04   0.72705E+04  -0.51845E-04
  0.300   1.715   -0.14569E+03  -0.32759E+03   0.17728E+04  -0.49803E+04   0.72705E+04   0.51849E-04
  0.300   1.715    0.35667E+03   0.37084E+02   0.17728E+04  -0.38036E+04  -0.79512E+04  -0.54489E-04
  0.300   1.715   -0.32600E+03   0.56238E+03   0.52448E+05   0.18458E+04   0.10740E+04   0.70813E-05
  0.300   1.715   -0.21127E+03  -0.29105E+03   0.17748E+04  -0.88012E+04   0.68151E+03  -0.26825E-05
  0.300   1.715    0.35667E+03  -0.37084E+02   0.17728E+04   0.38035E+04  -0.79511E+04   0.54494E-04
  0.300   1.715   -0.21126E+03   0.29104E+03   0.17748E+04   0.88012E+04   0.68140E+03   0.26819E-05
  0.300   1.715   -0.32500E+03  -0.56238E+03   0.52448E+05  -0.18458E+04   0.10644E+04  -0.67252E-05
  0.313   1.751    0.60863E+03  -0.18697E-01   0.52500E+05  -0.10931E+00  -0.19809E+04  -0.16255E-06
  0.313   1.751   -0.35327E+03   0.44394E+03   0.17973E+04   0.53899E+04   0.80234E+04  -0.51245E-04
  0.313   1.751   -0.35327E+03  -0.44398E+03   0.17973E+04  -0.53900E+04   0.80236E+04   0.51249E-04
  0.313   1.751    0.56130E+03  -0.84279E+02   0.17974E+04  -0.42503E+04  -0.86829E+04  -0.54517E-04
  0.313   1.751   -0.30393E+03   0.52664E+03   0.52500E+05   0.17141E+04   0.98807E+03   0.77062E-05
  0.313   1.751   -0.20820E+03  -0.52852E+03   0.17994E+04  -0.96572E+04   0.65960E+03  -0.33087E-05
  0.313   1.751    0.56118E+03   0.84207E+02   0.17974E+04   0.42501E+04  -0.86826E+04   0.54519E-04
  0.313   1.751   -0.20822E+03   0.52853E+03   0.17994E+04   0.96573E+04   0.65960E+03   0.33078E-05
  0.313   1.751   -0.30459E+03  -0.52665E+03   0.52500E+05  -0.17142E+04   0.99228E+03  -0.68835E-05
  0.325   1.785    0.52275E+03  -0.47705E-02   0.52548E+05   0.16582E-02  -0.17125E+04  -0.71231E-06
  0.325   1.785   -0.56236E+03   0.54124E+03   0.18195E+04   0.57287E+04   0.87458E+04  -0.50229E-04
  0.325   1.785   -0.56235E+03  -0.54127E+03   0.18195E+04  -0.57288E+04   0.87458E+04   0.50226E-04
  0.325   1.785    0.75015E+03  -0.21648E+03   0.18194E+04  -0.47054E+04  -0.93371E+04  -0.53945E-04
  0.325   1.785   -0.26144E+03   0.45135E+03   0.52548E+05   0.14708E+04   0.85771E+03   0.63398E-05
  0.325   1.785   -0.18775E+03  -0.75797E+03   0.18214E+04  -0.10451E+05   0.59146E+03  -0.37556E-05
  0.325   1.785    0.75011E+03   0.21644E+03   0.18194E+04   0.47052E+04  -0.93368E+04   0.53936E-04
  0.325   1.785   -0.18780E+03   0.75797E+03   0.18214E+04   0.10451E+05   0.59156E+03   0.37575E-05
  0.325   1.785   -0.26116E+03  -0.45136E+03   0.52548E+05  -0.14708E+04   0.85428E+03  -0.79869E-05
  0.338   1.819    0.40992E+03   0.10095E-01   0.52592E+05   0.86071E-01  -0.13849E+04   0.42002E-06
  0.338   1.819   -0.77127E+03   0.62150E+03   0.18396E+04   0.60079E+04   0.94365E+04  -0.48699E-04
  0.338   1.819   -0.77126E+03  -0.62150E+03   0.18396E+04  -0.60079E+04   0.94366E+04   0.48713E-04
  0.338   1.819    0.92420E+03  -0.35682E+03   0.18396E+04  -0.51627E+04  -0.99250E+04  -0.52671E-04
  0.338   1.819   -0.20457E+03   0.35675E+03   0.52593E+05   0.12110E+04   0.68935E+03   0.82775E-05
  0.338   1.819   -0.15271E+03  -0.97862E+03   0.18417E+04  -0.11189E+05   0.48770E+03  -0.39757E-05
  0.338   1.819    0.92415E+03   0.35680E+03   0.18397E+04   0.51627E+04  -0.99249E+04   0.52671E-04
  0.338   1.819   -0.15273E+03   0.97863E+03   0.18417E+04   0.11189E+05   0.48775E+03   0.39876E-05
  0.338   1.819   -0.20539E+03  -0.35676E+03   0.52593E+05  -0.12110E+04   0.69612E+03  -0.45907E-05
  0.350   1.853    0.29109E+03  -0.21982E-01   0.52634E+05  -0.16532E+00  -0.10597E+04  -0.12205E-06
  0.350   1.853   -0.97014E+03   0.68568E+03   0.18578E+04   0.62329E+04   0.10069E+05  -0.46628E-04
  0.350   1.853   -0.97017E+03  -0.68569E+03   0.18578E+04  -0.62329E+04   0.10069E+05   0.46614E-04
  0.350   1.853    0.10792E+04  -0.49658E+03   0.18578E+04  -0.55971E+04  -0.10436E+05  -0.50556E-04
  0.350   1.853   -0.14555E+03   0.25281E+03   0.52634E+05   0.91824E+03   0.53005E+03   0.34643E-05
  0.350   1.853   -0.10881E+03  -0.11829E+04   0.18599E+04  -0.11849E+05   0.36615E+03  -0.39324E-05
  0.350   1.853    0.10792E+04   0.49658E+03   0.18578E+04   0.55971E+04  -0.10436E+05   0.50557E-04
  0.350   1.853   -0.10880E+03   0.11829E+04   0.18599E+04   0.11849E+05   0.36616E+03   0.39258E-05
  0.350   1.853   -0.14543E+03  -0.25281E+03   0.52634E+05  -0.91824E+03   0.52873E+03  -0.68748E-05
  0.363   1.885    0.18552E+03   0.25784E-01   0.52674E+05   0.16283E+00  -0.78134E+03   0.21594E-05
  0.363   1.885   -0.11457E+04   0.73565E+03   0.18745E+04   0.64129E+04   0.10616E+05  -0.44068E-04
  0.363   1.885   -0.11457E+04  -0.73563E+03   0.18745E+04  -0.64129E+04   0.10616E+05   0.44097E-04
  0.363   1.885    0.12104E+04  -0.62338E+03   0.18746E+04  -0.59797E+04  -0.10866E+05  -0.47669E-04
  0.363   1.885   -0.92833E+02   0.16167E+03   0.52674E+05   0.67821E+03   0.39159E+03   0.76810E-05
  0.363   1.885   -0.64348E+02  -0.13599E+04   0.18767E+04  -0.12412E+05   0.24901E+03  -0.35594E-05
  0.363   1.885    0.12104E+04   0.62338E+03   0.18746E+04   0.59797E+04  -0.10866E+05   0.47683E-04
  0.363   1.885   -0.64358E+02   0.13599E+04   0.18767E+04   0.12412E+05   0.24900E+03   0.35726E-05
  0.363   1.885   -0.92813E+02  -0.16167E+03   0.52674E+05  -0.67821E+03   0.39069E+03   0.52794E-06
  0.375   1.918    0.10536E+03  -0.65101E-03   0.52705E+05  -0.86585E-01  -0.58185E+03   0.20611E-05
  0.375   1.918   -0.12884E+04   0.77432E+03   0.18894E+04   0.65565E+04   0.11055E+05  -0.41355E-04
  0.375   1.918   -0.12884E+04  -0.77429E+03   0.18894E+04  -0.65565E+04   0.11055E+05   0.41377E-04
  0.375   1.918    0.13152E+04  -0.72749E+03   0.18895E+04  -0.62878E+04  -0.11210E+05  -0.44336E-04
  0.375   1.918   -0.52462E+02   0.93028E+02   0.52706E+05   0.51181E+03   0.28930E+03   0.48015E-05
  0.375   1.918   -0.26532E+02  -0.15031E+04   0.18916E+04  -0.12865E+05   0.15401E+03  -0.29283E-05
  0.375   1.918    0.13152E+04   0.72750E+03   0.18895E+04   0.62878E+04  -0.11210E+05   0.44351E-04
  0.375   1.918   -0.26542E+02   0.15031E+04   0.18916E+04   0.12865E+05   0.15398E+03   0.29306E-05
  0.375   1.918   -0.52868E+02  -0.93027E+02   0.52706E+05  -0.51181E+03   0.29197E+03   0.93503E-06
  0.388   1.949    0.51500E+02  -0.30951E-01   0.52740E+05  -0.29724E+00  -0.45504E+03  -0.41142E-05
  0.388   1.949   -0.13973E+04   0.80548E+03   0.19036E+04   0.66776E+04   0.11395E+05  -0.38631E-04
  0.388   1.949   -0.13972E+04  -0.80545E+03   0.19036E+04  -0.66775E+04   0.11396E+05   0.38616E-04
  0.388   1.949    0.13967E+04  -0.80615E+03   0.19037E+04  -0.65223E+04  -0.11485E+05  -0.40777E-04
  0.388   1.949   -0.23726E+02   0.48527E+02   0.52740E+05   0.42095E+03   0.20909E+03   0.77225E-06
  0.388   1.949    0.84697E+00  -0.16134E+04   0.19059E+04  -0.13223E+05   0.88546E+02  -0.20745E-05
  0.388   1.949    0.13968E+04   0.80620E+03   0.19038E+04   0.65227E+04  -0.11486E+05   0.40762E-04
  0.388   1.949    0.79312E+00   0.16134E+04   0.19059E+04   0.13223E+05   0.88821E+02   0.20791E-05
  0.388   1.949   -0.27600E+02  -0.48535E+02   0.52740E+05  -0.42098E+03   0.24420E+03  -0.38389E-07
  0.400   1.981    0.18859E+02  -0.30394E-01   0.52769E+05  -0.27833E+00  -0.38356E+03  -0.20066E-05
  0.400   1.981   -0.14757E+04   0.83170E+03   0.19165E+04   0.67814E+04   0.11649E+05  -0.35992E-04
  0.400   1.981   -0.14757E+04  -0.83167E+03   0.19165E+04  -0.67812E+04   0.11649E+05   0.35975E-04
  0.400   1.981    0.14588E+04  -0.86110E+03   0.19165E+04  -0.66899E+04  -0.11702E+05  -0.37147E-04
  0.400   1.981   -0.95295E+01   0.16935E+02   0.52769E+05   0.33310E+03   0.19193E+03  -0.30952E-05
  0.400   1.981    0.17273E+02  -0.16946E+04   0.19186E+04  -0.13494E+05   0.52012E+02  -0.10998E-05
  0.400   1.981    0.14587E+04   0.86109E+03   0.19165E+04   0.66899E+04  -0.11702E+05   0.37133E-04
  0.400   1.981    0.17283E+02   0.16946E+04   0.19186E+04   0.13494E+05   0.52107E+02   0.11021E-05
  0.400   1.981   -0.90255E+01  -0.16938E+02   0.52769E+05  -0.33310E+03   0.18940E+03  -0.12245E-05
  0.413   2.011   -0.38409E-01   0.14532E+00   0.52798E+05   0.11933E+01  -0.34012E+03   0.14258E-05
  0.413   2.011   -0.15308E+04   0.85528E+03   0.19286E+04   0.68756E+04   0.11839E+05  -0.33479E-04
  0.413   2.011   -0.15308E+04  -0.85526E+03   0.19286E+04  -0.68755E+04   0.11839E+05   0.33492E-04
  0.413   2.011    0.15068E+04  -0.89723E+03   0.19287E+04  -0.68084E+04  -0.11879E+05  -0.33642E-04
  0.413   2.011   -0.10031E+01   0.52228E+00   0.52799E+05   0.29652E+03   0.17941E+03  -0.57272E-06
  0.413   2.011    0.24335E+02  -0.17549E+04   0.19309E+04  -0.13708E+05   0.38752E+02  -0.10167E-06
  0.413   2.011    0.15068E+04   0.89720E+03   0.19287E+04   0.68082E+04  -0.11879E+05   0.33646E-04
  0.413   2.011    0.24333E+02   0.17549E+04   0.19309E+04   0.13708E+05   0.38785E+02   0.12078E-06
  0.413   2.011    0.15791E+00  -0.52369E+00   0.52799E+05  -0.29652E+03   0.16814E+03   0.35915E-05
  0.425   2.042   -0.71899E+01   0.37512E-01   0.52820E+05   0.25858E+00  -0.33605E+03  -0.34160E-05
  0.425   2.042   -0.15685E+04   0.87695E+03   0.19398E+04   0.69615E+04   0.11982E+05  -0.31209E-04
  0.425   2.042   -0.15685E+04  -0.87694E+03   0.19398E+04  -0.69615E+04   0.11982E+05   0.31183E-04
  0.425   2.042    0.15441E+04  -0.91880E+03   0.19397E+04  -0.68878E+04  -0.12023E+05  -0.30432E-04
  0.425   2.042    0.45888E+01  -0.59396E+01   0.52819E+05   0.29312E+03   0.15852E+03  -0.66788E-05
  0.425   2.042    0.24280E+02  -0.17983E+04   0.19418E+04  -0.13874E+05   0.41997E+02   0.80002E-06
  0.425   2.042    0.15442E+04   0.91884E+03   0.19397E+04   0.68882E+04  -0.12024E+05   0.30411E-04
  0.425   2.042    0.24265E+02   0.17983E+04   0.19418E+04   0.13874E+05   0.42101E+02  -0.81728E-06
  0.425   2.042    0.23322E+01   0.59398E+01   0.52819E+05  -0.29312E+03   0.17920E+03  -0.56070E-06
  0.438   2.071   -0.81193E+01   0.57165E-01   0.52848E+05   0.48228E+00  -0.34073E+03   0.53076E-06
  0.438   2.071   -0.15937E+04   0.89698E+03   0.19504E+04   0.70411E+04   0.12093E+05  -0.29195E-04
  0.438   2.071   -0.15937E+04  -0.89698E+03   0.19504E+04  -0.70412E+04   0.12094E+05   0.29202E-04
  0.438   2.071    0.15741E+04  -0.93062E+03   0.19503E+04  -0.69444E+04  -0.12148E+05  -0.27632E-04
  0.438   2.071    0.39481E+01  -0.68059E+01   0.52847E+05   0.29595E+03   0.17109E+03  -0.45688E-05
  0.438   2.071    0.19440E+02  -0.18304E+04   0.19524E+04  -0.14011E+05   0.55759E+02   0.15680E-05
  0.438   2.071    0.15741E+04   0.93063E+03   0.19503E+04   0.69443E+04  -0.12148E+05   0.27623E-04
  0.438   2.071    0.19487E+02   0.18304E+04   0.19524E+04   0.14011E+05   0.55443E+02  -0.15787E-05
  0.438   2.071    0.38145E+01   0.68127E+01   0.52847E+05  -0.29593E+03   0.17259E+03   0.31494E-05
  0.450   2.101   -0.31855E+01   0.35463E-03   0.52869E+05  -0.44849E-01  -0.36134E+03  -0.10567E-05
  0.450   2.101   -0.16096E+04   0.91472E+03   0.19600E+04   0.71117E+04   0.12178E+05  -0.27546E-04
  0.450   2.101   -0.16096E+04  -0.91470E+03   0.19600E+04  -0.71118E+04   0.12179E+05   0.27538E-04
  0.450   2.101    0.15976E+04  -0.93562E+03   0.19600E+04  -0.69833E+04  -0.12253E+05  -0.25440E-04
  0.450   2.101    0.18232E+01  -0.15841E+01   0.52869E+05   0.32235E+03   0.17950E+03  -0.67496E-05
  0.450   2.101    0.12001E+02  -0.18534E+04   0.19622E+04  -0.14122E+05   0.74296E+02   0.21024E-05
  0.450   2.101    0.15976E+04   0.93564E+03   0.19600E+04   0.69832E+04  -0.12253E+05   0.25425E-04
  0.450   2.101    0.12037E+02   0.18534E+04   0.19621E+04   0.14122E+05   0.74056E+02  -0.21182E-05
  0.450   2.101    0.14099E+01   0.15892E+01   0.52869E+05  -0.32234E+03   0.18142E+03   0.21235E-05
  0.463   2.130    0.50077E+01  -0.19996E-01   0.52893E+05  -0.17788E+00  -0.38632E+03  -0.96096E-06
  0.463   2.130   -0.16214E+04   0.93073E+03   0.19698E+04   0.71788E+04   0.12257E+05  -0.26358E-04
  0.463   2.130   -0.16213E+04  -0.93073E+03   0.19697E+04  -0.71787E+04   0.12257E+05   0.26345E-04
  0.463   2.130    0.16170E+04  -0.93764E+03   0.19695E+04  -0.70164E+04  -0.12348E+05  -0.23938E-04
  0.463   2.130   -0.95581E+00   0.24356E+01   0.52892E+05   0.31776E+03   0.18041E+03  -0.41908E-05
  0.463   2.130    0.40146E+01  -0.18715E+04   0.19717E+04  -0.14221E+05   0.93046E+02   0.23857E-05
  0.463   2.130    0.16171E+04   0.93771E+03   0.19696E+04   0.70170E+04  -0.12348E+05   0.23944E-04
  0.463   2.130    0.39738E+01   0.18715E+04   0.19717E+04   0.14221E+05   0.93369E+02  -0.24032E-05
  0.463   2.130   -0.39422E+01  -0.24306E+01   0.52892E+05  -0.31776E+03   0.20480E+03   0.53621E-05
  0.475   2.158    0.15738E+02  -0.68958E-02   0.52914E+05  -0.64148E-01  -0.41441E+03   0.19931E-05
  0.475   2.158   -0.16297E+04   0.94413E+03   0.19788E+04   0.72371E+04   0.12324E+05  -0.25659E-04
  0.475   2.158   -0.16297E+04  -0.94412E+03   0.19787E+04  -0.72370E+04   0.12324E+05   0.25640E-04
  0.475   2.158    0.16328E+04  -0.93813E+03   0.19786E+04  -0.70453E+04  -0.12432E+05  -0.23200E-04
  0.475   2.158   -0.55180E+01   0.12615E+02   0.52914E+05   0.35058E+03   0.18840E+03  -0.66935E-05
  0.475   2.158   -0.34466E+01  -0.18856E+04   0.19808E+04  -0.14309E+05   0.11013E+03   0.24082E-05
  0.475   2.158    0.16330E+04   0.93827E+03   0.19787E+04   0.70462E+04  -0.12433E+05   0.23227E-04
  0.475   2.158   -0.34721E+01   0.18856E+04   0.19808E+04   0.14309E+05   0.11037E+03  -0.24343E-05
  0.475   2.158   -0.10190E+02  -0.12599E+02   0.52914E+05  -0.35056E+03   0.22558E+03   0.30146E-05
  0.488   2.186    0.27520E+02   0.16775E-01   0.52936E+05   0.13023E+00  -0.44301E+03   0.23485E-05
  0.488   2.186   -0.16369E+04   0.95541E+03   0.19873E+04   0.72895E+04   0.12387E+05  -0.25393E-04
  0.488   2.186   -0.16369E+04  -0.95541E+03   0.19873E+04  -0.72895E+04   0.12387E+05   0.25408E-04
  0.488   2.186    0.16465E+04  -0.93894E+03   0.19873E+04  -0.70750E+04  -0.12511E+05  -0.23133E-04
  0.488   2.186   -0.14166E+02   0.23305E+02   0.52936E+05   0.38031E+03   0.22463E+03  -0.41267E-05
  0.488   2.186   -0.95772E+01  -0.18978E+04   0.19894E+04  -0.14392E+05   0.12396E+03   0.22388E-05
  0.488   2.186    0.16464E+04   0.93893E+03   0.19873E+04   0.70749E+04  -0.12510E+05   0.23152E-04
  0.488   2.186   -0.95624E+01   0.18978E+04   0.19894E+04   0.14392E+05   0.12382E+03  -0.22341E-05
  0.488   2.186   -0.13447E+02  -0.23309E+02   0.52936E+05  -0.38032E+03   0.21917E+03   0.52894E-05
  0.500   2.214    0.39260E+02   0.37659E-01   0.52947E+05   0.28776E+00  -0.47045E+03   0.33654E-07
  0.500   2.214   -0.16436E+04   0.96459E+03   0.19943E+04   0.73333E+04   0.12443E+05  -0.25527E-04
  0.500   2.214   -0.16436E+04  -0.96458E+03   0.19943E+04  -0.73332E+04   0.12443E+05   0.25506E-04
  0.500   2.214    0.16579E+04  -0.94017E+03   0.19944E+04  -0.71017E+04  -0.12577E+05  -0.23610E-04
  0.500   2.214   -0.19911E+02   0.34836E+02   0.52947E+05   0.41480E+03   0.23707E+03  -0.53411E-05
  0.500   2.214   -0.14172E+02  -0.19084E+04   0.19966E+04  -0.14463E+05   0.13390E+03   0.18916E-05
  0.500   2.214    0.16579E+04   0.94017E+03   0.19944E+04   0.71018E+04  -0.12577E+05   0.23605E-04
  0.500   2.214   -0.14198E+02   0.19084E+04   0.19966E+04   0.14463E+05   0.13406E+03  -0.19074E-05
  0.500   2.214   -0.19531E+02  -0.34837E+02   0.52947E+05  -0.41480E+03   0.23501E+03   0.34367E-05
  0.512   2.242    0.50436E+02  -0.24647E-01   0.52961E+05  -0.18282E+00  -0.49870E+03   0.43811E-05
  0.512   2.242   -0.16505E+04   0.97228E+03   0.20013E+04   0.73729E+04   0.12497E+05  -0.25811E-04
  0.512   2.242   -0.16505E+04  -0.97230E+03   0.20013E+04  -0.73730E+04   0.12498E+05   0.25842E-04
  0.512   2.242    0.16680E+04  -0.94225E+03   0.20014E+04  -0.71294E+04  -0.12639E+05  -0.24310E-04
  0.512   2.242   -0.26170E+02   0.44297E+02   0.52961E+05   0.43818E+03   0.25697E+03  -0.15089E-05
  0.512   2.242   -0.17462E+02  -0.19181E+04   0.20035E+04  -0.14530E+05   0.14123E+03   0.15072E-05
  0.512   2.242    0.16679E+04   0.94218E+03   0.20013E+04   0.71289E+04  -0.12639E+05   0.24327E-04
  0.512   2.242   -0.17414E+02   0.19182E+04   0.20035E+04   0.14530E+05   0.14089E+03  -0.14701E-05
  0.512   2.242   -0.24063E+02  -0.44304E+02   0.52961E+05  -0.43818E+03   0.24031E+03   0.64364E-05
  0.525   2.269    0.59688E+02  -0.18410E-01   0.52980E+05  -0.25961E+00  -0.52059E+03  -0.63746E-05
  0.525   2.269   -0.16598E+04   0.98025E+03   0.20090E+04   0.74162E+04   0.12562E+05  -0.26343E-04
  0.525   2.269   -0.16597E+04  -0.98019E+03   0.20090E+04  -0.74158E+04   0.12562E+05   0.26281E-04
  0.525   2.269    0.16792E+04  -0.94608E+03   0.20089E+04  -0.71622E+04  -0.12707E+05  -0.25215E-04
  0.525   2.269   -0.27755E+02   0.52967E+02   0.52980E+05   0.46079E+03   0.24281E+03  -0.52645E-05
  0.525   2.269   -0.19592E+02  -0.19302E+04   0.20112E+04  -0.14607E+05   0.14557E+03   0.10326E-05
  0.525   2.269    0.16794E+04   0.94623E+03   0.20090E+04   0.71632E+04  -0.12708E+05   0.25213E-04
  0.525   2.269   -0.19723E+02   0.19302E+04   0.20112E+04   0.14607E+05   0.14643E+03  -0.11051E-05
  0.525   2.269   -0.31782E+02  -0.52933E+02   0.52980E+05  -0.46073E+03   0.27615E+03   0.17800E-05
  0.537   2.296    0.67179E+02   0.77020E-03   0.52994E+05   0.23990E-01  -0.53637E+03  -0.68040E-05
  0.537   2.296   -0.16681E+04   0.98666E+03   0.20153E+04   0.74509E+04   0.12616E+05  -0.26938E-04
  0.537   2.296   -0.16680E+04  -0.98665E+03   0.20153E+04  -0.74508E+04   0.12616E+05   0.26899E-04
  0.537   2.296    0.16894E+04  -0.95041E+03   0.20155E+04  -0.71940E+04  -0.12767E+05  -0.26286E-04
  0.537   2.296   -0.35570E+02   0.59208E+02   0.52995E+05   0.47507E+03   0.28490E+03  -0.75831E-05
  0.537   2.296   -0.21065E+02  -0.19407E+04   0.20176E+04  -0.14673E+05   0.14916E+03   0.68007E-06
  0.537   2.296    0.16893E+04   0.95032E+03   0.20154E+04   0.71934E+04  -0.12767E+05   0.26248E-04
  0.537   2.296   -0.21069E+02   0.19407E+04   0.20176E+04   0.14673E+05   0.14923E+03  -0.69830E-06
  0.537   2.296   -0.31600E+02  -0.59207E+02   0.52995E+05  -0.47506E+03   0.25165E+03  -0.14542E-05
  0.550   2.322    0.73291E+02  -0.15306E-01   0.53011E+05  -0.13589E+00  -0.55149E+03   0.34845E-05
  0.550   2.322   -0.16783E+04   0.99364E+03   0.20222E+04   0.74893E+04   0.12678E+05  -0.27566E-04
  0.550   2.322   -0.16783E+04  -0.99364E+03   0.20222E+04  -0.74893E+04   0.12678E+05   0.27587E-04
  0.550   2.322    0.17001E+04  -0.95550E+03   0.20220E+04  -0.72264E+04  -0.12828E+05  -0.27193E-04
  0.550   2.322   -0.35171E+02   0.61226E+02   0.53011E+05   0.45841E+03   0.26239E+03   0.94421E-06
  0.550   2.322   -0.21972E+02  -0.19527E+04   0.20242E+04  -0.14743E+05   0.15141E+03   0.38571E-06
  0.550   2.322    0.17002E+04   0.95556E+03   0.20221E+04   0.72269E+04  -0.12829E+05   0.27214E-04
  0.550   2.322   -0.21981E+02   0.19527E+04   0.20242E+04   0.14743E+05   0.15144E+03  -0.38240E-06
  0.550   2.322   -0.38041E+02  -0.61226E+02   0.53011E+05  -0.45841E+03   0.28836E+03   0.62346E-05
  0.562   2.349    0.78055E+02  -0.42757E-01   0.53023E+05  -0.37401E+00  -0.56411E+03   0.27094E-06
  0.562   2.349   -0.16881E+04   0.99992E+03   0.20281E+04   0.75229E+04   0.12734E+05  -0.28263E-04
  0.562   2.349   -0.16882E+04  -0.99996E+03   0.20281E+04  -0.75233E+04   0.12734E+05   0.28251E-04
  0.562   2.349    0.17107E+04  -0.96096E+03   0.20281E+04  -0.72585E+04  -0.12887E+05  -0.28090E-04
  0.562   2.349   -0.40140E+02   0.66159E+02   0.53023E+05   0.47704E+03   0.29126E+03  -0.66784E-05
  0.562   2.349   -0.22591E+02  -0.19645E+04   0.20302E+04  -0.14809E+05   0.15334E+03   0.15624E-06
  0.562   2.349    0.17105E+04   0.96086E+03   0.20280E+04   0.72578E+04  -0.12886E+05   0.28086E-04
  0.562   2.349   -0.22479E+02   0.19645E+04   0.20302E+04   0.14809E+05   0.15253E+03  -0.17778E-06
  0.562   2.349   -0.37662E+02  -0.66167E+02   0.53023E+05  -0.47704E+03   0.27057E+03  -0.21358E-05
  0.575   2.375    0.81268E+02  -0.21905E-01   0.53035E+05  -0.13361E+00  -0.57109E+03  -0.19366E-05
  0.575   2.375   -0.16981E+04   0.10061E+04   0.20337E+04   0.75554E+04   0.12788E+05  -0.28894E-04
  0.575   2.375   -0.16982E+04  -0.10061E+04   0.20337E+04  -0.75556E+04   0.12788E+05   0.28897E-04
  0.575   2.375    0.17209E+04  -0.96645E+03   0.20336E+04  -0.72886E+04  -0.12941E+05  -0.28861E-04
  0.575   2.375   -0.41898E+02   0.68346E+02   0.53035E+05   0.47637E+03   0.29866E+03  -0.17021E-05
  0.575   2.375   -0.22899E+02  -0.19761E+04   0.20358E+04  -0.14871E+05   0.15420E+03   0.41046E-07
  0.575   2.375    0.17207E+04   0.96637E+03   0.20335E+04   0.72880E+04  -0.12940E+05   0.28837E-04
  0.575   2.375   -0.22827E+02   0.19762E+04   0.20358E+04   0.14871E+05   0.15376E+03  -0.27321E-07
  0.575   2.375   -0.39276E+02  -0.68356E+02   0.53035E+05  -0.47638E+03   0.27170E+03   0.21832E-05
  0.588   2.400    0.83652E+02  -0.78664E-02   0.53048E+05  -0.57763E-01  -0.57750E+03  -0.21573E-05
  0.588   2.400   -0.17084E+04   0.10123E+04   0.20392E+04   0.75874E+04   0.12842E+05  -0.29489E-04
  0.588   2.400   -0.17084E+04  -0.10123E+04   0.20392E+04  -0.75874E+04   0.12842E+05   0.29469E-04
  0.588   2.400    0.17315E+04  -0.97231E+03   0.20392E+04  -0.73193E+04  -0.12996E+05  -0.29530E-04
  0.588   2.400   -0.42056E+02   0.71095E+02   0.53047E+05   0.48904E+03   0.29093E+03  -0.55142E-05
  0.588   2.400   -0.23098E+02  -0.19882E+04   0.20413E+04  -0.14934E+05   0.15492E+03  -0.39912E-07
  0.588   2.400    0.17314E+04   0.97229E+03   0.20391E+04   0.73192E+04  -0.12996E+05   0.29518E-04
  0.588   2.400   -0.23070E+02   0.19882E+04   0.20413E+04   0.14934E+05   0.15476E+03   0.29396E-07
  0.588   2.400   -0.41543E+02  -0.71098E+02   0.53047E+05  -0.48904E+03   0.28616E+03  -0.21895E-05
  0.600   2.426    0.85486E+02  -0.31014E-01   0.53065E+05  -0.28091E+00  -0.58430E+03  -0.10831E-05
  0.600   2.426   -0.17196E+04   0.10189E+04   0.20453E+04   0.76223E+04   0.12901E+05  -0.30045E-04
  0.600   2.426   -0.17195E+04  -0.10189E+04   0.20453E+04  -0.76221E+04   0.12900E+05   0.30039E-04
  0.600   2.426    0.17429E+04  -0.97874E+03   0.20454E+04  -0.73533E+04  -0.13056E+05  -0.30115E-04
  0.600   2.426   -0.47375E+02   0.74074E+02   0.53065E+05   0.50579E+03   0.33139E+03  -0.49216E-05
  0.600   2.426   -0.23232E+02  -0.20013E+04   0.20475E+04  -0.15003E+05   0.15560E+03  -0.65960E-07
  0.600   2.426    0.17427E+04   0.97857E+03   0.20452E+04   0.73520E+04  -0.13055E+05   0.30105E-04
  0.600   2.426   -0.23232E+02   0.20013E+04   0.20475E+04   0.15003E+05   0.15564E+03   0.60599E-07
  0.600   2.426   -0.37929E+02  -0.74068E+02   0.53065E+05  -0.50577E+03   0.25125E+03  -0.20916E-05
  0.613   2.451    0.86261E+02  -0.60171E-02   0.53070E+05  -0.51344E-01  -0.58639E+03  -0.27798E-05
  0.613   2.451   -0.17284E+04   0.10240E+04   0.20490E+04   0.76463E+04   0.12941E+05  -0.30503E-04
  0.613   2.451   -0.17284E+04  -0.10240E+04   0.20490E+04  -0.76465E+04   0.12942E+05   0.30484E-04
  0.613   2.451    0.17526E+04  -0.98410E+03   0.20496E+04  -0.73789E+04  -0.13104E+05  -0.30605E-04
  0.613   2.451   -0.43782E+02   0.85852E+02   0.53072E+05   0.60036E+03   0.29854E+03  -0.47673E-05
  0.613   2.451   -0.23321E+02  -0.20125E+04   0.20518E+04  -0.15058E+05   0.15633E+03  -0.86614E-07
  0.613   2.451    0.17524E+04   0.98404E+03   0.20495E+04   0.73785E+04  -0.13103E+05   0.30588E-04
  0.613   2.451   -0.23263E+02   0.20125E+04   0.20518E+04   0.15058E+05   0.15591E+03   0.74589E-07
  0.613   2.451   -0.42520E+02  -0.85852E+02   0.53072E+05  -0.60035E+03   0.28795E+03  -0.23850E-05
  0.625   2.476    0.86973E+02  -0.14101E-01   0.53084E+05  -0.12937E+00  -0.59089E+03   0.23937E-05
  0.625   2.476   -0.17391E+04   0.10303E+04   0.20546E+04   0.76785E+04   0.12996E+05  -0.30881E-04
  0.625   2.476   -0.17392E+04  -0.10303E+04   0.20546E+04  -0.76786E+04   0.12996E+05   0.30906E-04
  0.625   2.476    0.17623E+04  -0.98991E+03   0.20545E+04  -0.74072E+04  -0.13151E+05  -0.31012E-04
  0.625   2.476   -0.44500E+02   0.69883E+02   0.53084E+05   0.46678E+03   0.30313E+03   0.12586E-05
  0.625   2.476   -0.23316E+02  -0.20236E+04   0.20566E+04  -0.15112E+05   0.15675E+03  -0.99892E-07
  0.625   2.476    0.17621E+04   0.98983E+03   0.20545E+04   0.74067E+04  -0.13150E+05   0.31019E-04
  0.625   2.476   -0.23260E+02   0.20236E+04   0.20566E+04   0.15112E+05   0.15633E+03   0.12222E-06
  0.625   2.476   -0.42302E+02  -0.69880E+02   0.53084E+05  -0.46677E+03   0.28644E+03   0.32376E-05
  0.637   2.500    0.86816E+02   0.10232E-01   0.53094E+05   0.81806E-01  -0.59146E+03   0.13271E-04
  0.637   2.500   -0.17489E+04   0.10358E+04   0.20593E+04   0.77062E+04   0.13043E+05  -0.31236E-04
  0.637   2.500   -0.17489E+04  -0.10358E+04   0.20593E+04  -0.77063E+04   0.13043E+05   0.31264E-04
  0.637   2.500    0.17725E+04  -0.99585E+03   0.20596E+04  -0.74363E+04  -0.13203E+05  -0.31387E-04
  0.637   2.500   -0.45462E+02   0.73938E+02   0.53096E+05   0.50026E+03   0.31253E+03   0.15866E-05
  0.637   2.500   -0.23270E+02  -0.20354E+04   0.20617E+04  -0.15171E+05   0.15724E+03  -0.17037E-06
  0.637   2.500    0.17723E+04   0.99576E+03   0.20595E+04   0.74357E+04  -0.13201E+05   0.31474E-04
  0.637   2.500   -0.23170E+02   0.20354E+04   0.20617E+04   0.15171E+05   0.15655E+03   0.17593E-06
  0.637   2.500   -0.41446E+02  -0.73932E+02   0.53096E+05  -0.50024E+03   0.27957E+03   0.32035E-05
  0.650   2.525    0.86703E+02  -0.15878E-01   0.53113E+05  -0.11623E+00  -0.59495E+03  -0.70356E-05
  0.650   2.525   -0.17595E+04   0.10417E+04   0.20649E+04   0.77375E+04   0.13097E+05  -0.31598E-04
  0.650   2.525   -0.17594E+04  -0.10417E+04   0.20649E+04  -0.77372E+04   0.13097E+05   0.31553E-04
  0.650   2.525    0.17823E+04  -0.10017E+04   0.20648E+04  -0.74644E+04  -0.13253E+05  -0.31851E-04
  0.650   2.525   -0.42862E+02   0.76174E+02   0.53112E+05   0.52419E+03   0.29331E+03  -0.59955E-05
  0.650   2.525   -0.22987E+02  -0.20473E+04   0.20671E+04  -0.15231E+05   0.15676E+03  -0.27532E-06
  0.650   2.525    0.17824E+04   0.10017E+04   0.20649E+04   0.74649E+04  -0.13254E+05   0.31816E-04
  0.650   2.525   -0.23078E+02   0.20473E+04   0.20671E+04   0.15231E+05   0.15745E+03   0.25785E-06
  0.650   2.525   -0.43717E+02  -0.76179E+02   0.53112E+05  -0.52420E+03   0.30070E+03  -0.46734E-05
  0.662   2.549    0.85385E+02   0.38254E-01   0.53111E+05   0.32698E+00  -0.59223E+03  -0.35552E-05
  0.662   2.549   -0.17667E+04   0.10454E+04   0.20676E+04   0.77548E+04   0.13128E+05  -0.31851E-04
  0.662   2.549   -0.17667E+04  -0.10454E+04   0.20676E+04  -0.77548E+04   0.13128E+05   0.31831E-04
  0.662   2.549    0.17894E+04  -0.10062E+04   0.20676E+04  -0.74834E+04  -0.13285E+05  -0.32220E-04
  0.662   2.549   -0.43688E+02   0.74770E+02   0.53111E+05   0.52107E+03   0.30490E+03  -0.58582E-05
  0.662   2.549   -0.22640E+02  -0.20554E+04   0.20698E+04  -0.15267E+05   0.15694E+03  -0.37740E-06
  0.662   2.549    0.17893E+04   0.10062E+04   0.20675E+04   0.74831E+04  -0.13284E+05   0.32197E-04
  0.662   2.549   -0.22597E+02   0.20554E+04   0.20698E+04   0.15267E+05   0.15661E+03   0.34200E-06
  0.662   2.549   -0.41946E+02  -0.74770E+02   0.53111E+05  -0.52106E+03   0.28944E+03  -0.46859E-05
  0.675   2.573    0.84591E+02  -0.38346E-01   0.53121E+05  -0.32379E+00  -0.59626E+03   0.84815E-07
  0.675   2.573   -0.17755E+04   0.10498E+04   0.20718E+04   0.77795E+04   0.13171E+05  -0.32179E-04
  0.675   2.573   -0.17755E+04  -0.10498E+04   0.20718E+04  -0.77796E+04   0.13171E+05   0.32196E-04
  0.675   2.573    0.17974E+04  -0.10115E+04   0.20717E+04  -0.75082E+04  -0.13327E+05  -0.32590E-04
  0.675   2.573   -0.42611E+02   0.72641E+02   0.53120E+05   0.51037E+03   0.30161E+03  -0.95676E-06
  0.675   2.573   -0.22057E+02  -0.20652E+04   0.20739E+04  -0.15316E+05   0.15641E+03  -0.39103E-06
  0.675   2.573    0.17974E+04   0.10115E+04   0.20717E+04   0.75081E+04  -0.13326E+05   0.32585E-04
  0.675   2.573   -0.22041E+02   0.20652E+04   0.20739E+04   0.15316E+05   0.15631E+03   0.41474E-06
  0.675   2.573   -0.41784E+02  -0.72638E+02   0.53120E+05  -0.51036E+03   0.29308E+03   0.27803E-06
  0.688   2.597    0.82957E+02   0.14914E-02   0.53135E+05   0.92984E-02  -0.59499E+03   0.84443E-05
  0.688   2.597   -0.17843E+04   0.10541E+04   0.20764E+04   0.78041E+04   0.13215E+05  -0.32662E-04
  0.688   2.597   -0.17843E+04  -0.10541E+04   0.20764E+04  -0.78040E+04   0.13215E+05   0.32739E-04
  0.688   2.597    0.18058E+04  -0.10171E+04   0.20765E+04  -0.75345E+04  -0.13372E+05  -0.33005E-04
  0.688   2.597   -0.40096E+02   0.74790E+02   0.53135E+05   0.53955E+03   0.28612E+03   0.11035E-04
  0.688   2.597   -0.21348E+02  -0.20752E+04   0.20787E+04  -0.15369E+05   0.15567E+03  -0.28665E-06
  0.688   2.597    0.18059E+04   0.10172E+04   0.20765E+04   0.75352E+04  -0.13373E+05   0.33052E-04
  0.688   2.597   -0.21405E+02   0.20752E+04   0.20787E+04   0.15369E+05   0.15608E+03   0.33564E-06
  0.688   2.597   -0.42878E+02  -0.74795E+02   0.53135E+05  -0.53956E+03   0.30884E+03   0.12691E-04
  0.700   2.620    0.81721E+02   0.10208E-01   0.53131E+05  -0.49459E-02  -0.59500E+03   0.71906E-04
  0.700   2.620   -0.17902E+04   0.10568E+04   0.20783E+04   0.78167E+04   0.13238E+05  -0.32931E-04
  0.700   2.620   -0.17911E+04  -0.10572E+04   0.20786E+04  -0.78195E+04   0.13244E+05   0.33535E-04
  0.700   2.620    0.18118E+04  -0.10214E+04   0.20784E+04  -0.75516E+04  -0.13399E+05  -0.33283E-04
  0.700   2.620   -0.42408E+02   0.67414E+02   0.53130E+05   0.48583E+03   0.31053E+03   0.75710E-04
  0.700   2.620   -0.21143E+02  -0.20815E+04   0.20803E+04  -0.15394E+05   0.15803E+03   0.54194E-07
  0.700   2.620    0.18109E+04   0.10210E+04   0.20781E+04   0.75486E+04  -0.13392E+05   0.33597E-04
  0.700   2.620   -0.20424E+02   0.20815E+04   0.20803E+04   0.15393E+05   0.15258E+03   0.17846E-06
  0.700   2.620   -0.39316E+02  -0.67385E+02   0.53130E+05  -0.48573E+03   0.28424E+03   0.78139E-04
  0.713   2.643    0.81551E+02  -0.26356E-01   0.53147E+05  -0.22120E+00  -0.59813E+03   0.77817E-05
  0.713   2.643   -0.18004E+04   0.10625E+04   0.20835E+04   0.78470E+04   0.13290E+05  -0.34040E-04
  0.713   2.643   -0.18005E+04  -0.10625E+04   0.20836E+04  -0.78473E+04   0.13291E+05   0.34086E-04
  0.713   2.643    0.18211E+04  -0.10269E+04   0.20836E+04  -0.75784E+04  -0.13447E+05  -0.33798E-04
  0.713   2.643   -0.43673E+02   0.69556E+02   0.53147E+05   0.50877E+03   0.32248E+03   0.82334E-06
  0.713   2.643   -0.20658E+02  -0.20932E+04   0.20857E+04  -0.15453E+05   0.15610E+03   0.25577E-06
  0.713   2.643    0.18209E+04   0.10268E+04   0.20835E+04   0.75772E+04  -0.13445E+05   0.33832E-04
  0.713   2.643   -0.20525E+02   0.20932E+04   0.20857E+04   0.15453E+05   0.15509E+03  -0.25772E-06
  0.713   2.643   -0.37719E+02  -0.69555E+02   0.53147E+05  -0.50876E+03   0.27434E+03   0.41862E-05
  0.725   2.666    0.82041E+02  -0.46131E-01   0.53154E+05  -0.35924E+00  -0.60146E+03  -0.95967E-06
  0.725   2.666   -0.18082E+04   0.10672E+04   0.20865E+04   0.78668E+04   0.13323E+05  -0.34669E-04
  0.725   2.666   -0.18081E+04  -0.10671E+04   0.20865E+04  -0.78666E+04   0.13322E+05   0.34669E-04
  0.725   2.666    0.18289E+04  -0.10312E+04   0.20865E+04  -0.75962E+04  -0.13479E+05  -0.34144E-04
  0.725   2.666   -0.40471E+02   0.72032E+02   0.53155E+05   0.52720E+03   0.29608E+03  -0.11136E-05
  0.725   2.666   -0.20696E+02  -0.21024E+04   0.20888E+04  -0.15493E+05   0.15595E+03   0.52360E-06
  0.725   2.666    0.18290E+04   0.10313E+04   0.20866E+04   0.75965E+04  -0.13480E+05   0.34138E-04
  0.725   2.666   -0.20753E+02   0.21024E+04   0.20888E+04   0.15493E+05   0.15639E+03  -0.50156E-06
  0.725   2.666   -0.41295E+02  -0.72032E+02   0.53155E+05  -0.52720E+03   0.30318E+03   0.30079E-05
  0.738   2.689    0.82772E+02  -0.11668E-01   0.53163E+05  -0.11987E+00  -0.60367E+03  -0.84848E-06
  0.738   2.689   -0.18169E+04   0.10726E+04   0.20904E+04   0.78904E+04   0.13361E+05  -0.35088E-04
  0.738   2.689   -0.18169E+04  -0.10726E+04   0.20904E+04  -0.78905E+04   0.13361E+05   0.35126E-04
  0.738   2.689    0.18393E+04  -0.10371E+04   0.20915E+04  -0.76253E+04  -0.13528E+05  -0.34520E-04
  0.738   2.689   -0.51557E+02   0.70558E+02   0.53169E+05   0.51211E+03   0.38829E+03   0.35309E-05
  0.738   2.689   -0.21156E+02  -0.21134E+04   0.20934E+04  -0.15543E+05   0.15764E+03   0.64805E-06
  0.738   2.689    0.18388E+04   0.10366E+04   0.20911E+04   0.76219E+04  -0.13525E+05   0.34498E-04
  0.738   2.689   -0.21006E+02   0.21134E+04   0.20934E+04   0.15543E+05   0.15667E+03  -0.64266E-06
  0.738   2.689   -0.31131E+02  -0.70553E+02   0.53169E+05  -0.51207E+03   0.21458E+03   0.81178E-05
  0.750   2.712    0.83233E+02   0.55728E-01   0.53165E+05   0.46372E+00  -0.60257E+03  -0.10525E-05
  0.750   2.712   -0.18244E+04   0.10774E+04   0.20930E+04   0.79087E+04   0.13392E+05  -0.35412E-04
  0.750   2.712   -0.18245E+04  -0.10774E+04   0.20930E+04  -0.79088E+04   0.13392E+05   0.35443E-04
  0.750   2.712    0.18462E+04  -0.10404E+04   0.20932E+04  -0.76368E+04  -0.13552E+05  -0.34775E-04
  0.750   2.712   -0.44008E+02   0.72883E+02   0.53166E+05   0.52906E+03   0.32238E+03   0.13812E-05
  0.750   2.712   -0.21478E+02  -0.21216E+04   0.20954E+04  -0.15574E+05   0.15818E+03   0.69307E-06
  0.750   2.712    0.18460E+04   0.10403E+04   0.20931E+04   0.76357E+04  -0.13551E+05   0.34758E-04
  0.750   2.712   -0.21414E+02   0.21216E+04   0.20953E+04   0.15574E+05   0.15773E+03  -0.66180E-06
  0.750   2.712   -0.39596E+02  -0.72881E+02   0.53166E+05  -0.52904E+03   0.28330E+03   0.61763E-05
  0.762   2.735    0.84200E+02   0.57044E-01   0.53172E+05   0.49277E+00  -0.60584E+03   0.14683E-05
  0.762   2.735   -0.18325E+04   0.10824E+04   0.20963E+04   0.79297E+04   0.13427E+05  -0.35630E-04
  0.762   2.735   -0.18326E+04  -0.10824E+04   0.20963E+04  -0.79298E+04   0.13427E+05   0.35650E-04
  0.762   2.735    0.18544E+04  -0.10448E+04   0.20963E+04  -0.76555E+04  -0.13586E+05  -0.35028E-04
  0.762   2.735   -0.44010E+02   0.71734E+02   0.53172E+05   0.51342E+03   0.31931E+03  -0.23077E-06
  0.762   2.735   -0.21820E+02  -0.21310E+04   0.20985E+04  -0.15613E+05   0.15899E+03   0.63682E-06
  0.762   2.735    0.18543E+04   0.10447E+04   0.20963E+04   0.76549E+04  -0.13586E+05   0.35028E-04
  0.762   2.735   -0.21768E+02   0.21310E+04   0.20985E+04   0.15613E+05   0.15862E+03  -0.65125E-06
  0.762   2.735   -0.40535E+02  -0.71733E+02   0.53172E+05  -0.51341E+03   0.28951E+03   0.45964E-05
  0.775   2.757    0.85394E+02  -0.25287E-02   0.53180E+05  -0.17912E-01  -0.61172E+03   0.68417E-05
  0.775   2.757   -0.18401E+04   0.10871E+04   0.20993E+04   0.79489E+04   0.13459E+05  -0.35767E-04
  0.775   2.757   -0.18400E+04  -0.10870E+04   0.20993E+04  -0.79486E+04   0.13458E+05   0.35766E-04
  0.775   2.757    0.18621E+04  -0.10488E+04   0.20993E+04  -0.76722E+04  -0.13617E+05  -0.35160E-04
  0.775   2.757   -0.41856E+02   0.73826E+02   0.53180E+05   0.52832E+03   0.29977E+03  -0.12834E-05
  0.775   2.757   -0.22044E+02  -0.21398E+04   0.21016E+04  -0.15650E+05   0.15924E+03   0.58688E-06
  0.775   2.757    0.18622E+04   0.10489E+04   0.20994E+04   0.76729E+04  -0.13619E+05   0.35221E-04
  0.775   2.757   -0.22125E+02   0.21398E+04   0.21016E+04   0.15650E+05   0.15984E+03  -0.56122E-06
  0.775   2.757   -0.43529E+02  -0.73826E+02   0.53180E+05  -0.52833E+03   0.31190E+03   0.34577E-05
  0.787   2.779    0.85897E+02   0.45211E-01   0.53184E+05   0.36910E+00  -0.61244E+03   0.69114E-05
  0.787   2.779   -0.18475E+04   0.10917E+04   0.21023E+04   0.79682E+04   0.13490E+05  -0.35763E-04
  0.787   2.779   -0.18475E+04  -0.10917E+04   0.21024E+04  -0.79684E+04   0.13491E+05   0.35844E-04
  0.787   2.779    0.18699E+04  -0.10530E+04   0.21024E+04  -0.76909E+04  -0.13651E+05  -0.35302E-04
  0.787   2.779   -0.44284E+02   0.74299E+02   0.53184E+05   0.52958E+03   0.31771E+03   0.89025E-05
  0.787   2.779   -0.22351E+02  -0.21486E+04   0.21046E+04  -0.15688E+05   0.16040E+03   0.51141E-06
  0.787   2.779    0.18698E+04   0.10530E+04   0.21023E+04   0.76903E+04  -0.13650E+05   0.35327E-04
  0.787   2.779   -0.22296E+02   0.21486E+04   0.21046E+04   0.15688E+05   0.16001E+03  -0.45873E-06
  0.787   2.779   -0.41857E+02  -0.74297E+02   0.53184E+05  -0.52957E+03   0.29673E+03   0.13478E-04
  0.800   2.801    0.86785E+02   0.15912E-01   0.53193E+05   0.13785E+00  -0.61635E+03  -0.96018E-05
  0.800   2.801   -0.18552E+04   0.10963E+04   0.21055E+04   0.79876E+04   0.13524E+05  -0.35709E-04
  0.800   2.801   -0.18551E+04  -0.10962E+04   0.21055E+04  -0.79874E+04   0.13523E+05   0.35624E-04
  0.800   2.801    0.18774E+04  -0.10572E+04   0.21054E+04  -0.77088E+04  -0.13683E+05  -0.35301E-04
  0.800   2.801   -0.46429E+02   0.72310E+02   0.53192E+05   0.51079E+03   0.33415E+03  -0.15904E-04
  0.800   2.801   -0.22527E+02  -0.21572E+04   0.21076E+04  -0.15724E+05   0.16081E+03   0.33462E-06
  0.800   2.801    0.18773E+04   0.10571E+04   0.21053E+04   0.77080E+04  -0.13682E+05   0.35244E-04
  0.800   2.801   -0.22525E+02   0.21572E+04   0.21076E+04   0.15724E+05   0.16084E+03  -0.38219E-06
  0.800   2.801   -0.40444E+02  -0.72308E+02   0.53192E+05  -0.51079E+03   0.28297E+03  -0.11659E-04
  0.812   2.823    0.87701E+02  -0.72112E-01   0.53190E+05  -0.63930E+00  -0.62312E+03   0.10671E-04
  0.812   2.823   -0.18591E+04   0.10991E+04   0.21071E+04   0.79985E+04   0.13540E+05  -0.39748E-04
  0.812   2.823   -0.18592E+04  -0.10991E+04   0.21071E+04  -0.79988E+04   0.13541E+05   0.39870E-04
  0.812   2.823    0.18826E+04  -0.10596E+04   0.21075E+04  -0.77210E+04  -0.13706E+05  -0.39442E-04
  0.812   2.823   -0.42759E+02   0.76799E+02   0.53192E+05   0.54721E+03   0.30234E+03   0.52063E-05
  0.812   2.823   -0.22991E+02  -0.21628E+04   0.21096E+04  -0.15749E+05   0.16194E+03   0.44689E-06
  0.812   2.823    0.18825E+04   0.10596E+04   0.21074E+04   0.77209E+04  -0.13705E+05   0.39586E-04
  0.812   2.823   -0.22911E+02   0.21628E+04   0.21096E+04   0.15749E+05   0.16136E+03  -0.26512E-06
  0.812   2.823   -0.44457E+02  -0.76800E+02   0.53192E+05  -0.54721E+03   0.31675E+03   0.99014E-05
  0.825   2.844    0.87916E+02  -0.24222E-01   0.53197E+05  -0.20037E+00  -0.62237E+03   0.45872E-05
  0.825   2.844   -0.18660E+04   0.11030E+04   0.21098E+04   0.80154E+04   0.13570E+05  -0.36853E-04
  0.825   2.844   -0.18660E+04  -0.11030E+04   0.21098E+04  -0.80156E+04   0.13570E+05   0.36879E-04
  0.825   2.844    0.18887E+04  -0.10632E+04   0.21096E+04  -0.77342E+04  -0.13729E+05  -0.36561E-04
  0.825   2.844   -0.44357E+02   0.75371E+02   0.53196E+05   0.53291E+03   0.31323E+03   0.78149E-06
  0.825   2.844   -0.22941E+02  -0.21700E+04   0.21118E+04  -0.15778E+05   0.16200E+03   0.26662E-06
  0.825   2.844    0.18886E+04   0.10631E+04   0.21096E+04   0.77338E+04  -0.13729E+05   0.36573E-04
  0.825   2.844   -0.22905E+02   0.21700E+04   0.21118E+04   0.15778E+05   0.16172E+03  -0.26770E-06
  0.825   2.844   -0.43413E+02  -0.75371E+02   0.53196E+05  -0.53291E+03   0.30793E+03   0.53271E-05
  0.838   2.866    0.88394E+02  -0.14107E-01   0.53204E+05  -0.12800E+00  -0.62465E+03   0.21140E-05
  0.838   2.866   -0.18726E+04   0.11069E+04   0.21126E+04   0.80324E+04   0.13598E+05  -0.36547E-04
  0.838   2.866   -0.18727E+04  -0.11069E+04   0.21126E+04  -0.80324E+04   0.13598E+05   0.36565E-04
  0.838   2.866    0.18956E+04  -0.10670E+04   0.21125E+04  -0.77507E+04  -0.13760E+05  -0.36328E-04
  0.838   2.866   -0.42898E+02   0.79227E+02   0.53203E+05   0.56374E+03   0.30137E+03  -0.13680E-05
  0.838   2.866   -0.22992E+02  -0.21781E+04   0.21148E+04  -0.15813E+05   0.16228E+03   0.24508E-06
  0.838   2.866    0.18956E+04   0.10671E+04   0.21126E+04   0.77510E+04  -0.13760E+05   0.36339E-04
  0.838   2.866   -0.22998E+02   0.21781E+04   0.21148E+04   0.15813E+05   0.16230E+03  -0.22105E-06
  0.838   2.866   -0.45361E+02  -0.79228E+02   0.53203E+05  -0.56374E+03   0.32205E+03   0.29970E-05
  0.850   2.887    0.89106E+02  -0.61608E-01   0.53210E+05  -0.51695E+00  -0.62878E+03   0.45741E-05
  0.850   2.887   -0.18792E+04   0.11108E+04   0.21155E+04   0.80492E+04   0.13627E+05  -0.36462E-04
  0.850   2.887   -0.18791E+04  -0.11108E+04   0.21155E+04  -0.80492E+04   0.13626E+05   0.36472E-04
  0.850   2.887    0.19021E+04  -0.10708E+04   0.21154E+04  -0.77673E+04  -0.13788E+05  -0.36274E-04
  0.850   2.887   -0.46608E+02   0.74899E+02   0.53209E+05   0.52636E+03   0.33169E+03  -0.45677E-05
  0.850   2.887   -0.23100E+02  -0.21853E+04   0.21175E+04  -0.15844E+05   0.16285E+03   0.20364E-06
  0.850   2.887    0.19019E+04   0.10707E+04   0.21153E+04   0.77667E+04  -0.13787E+05   0.36294E-04
  0.850   2.887   -0.23058E+02   0.21853E+04   0.21175E+04   0.15844E+05   0.16256E+03  -0.20062E-06
  0.850   2.887   -0.42111E+02  -0.74897E+02   0.53209E+05  -0.52635E+03   0.29386E+03  -0.31693E-06
  0.863   2.908    0.89153E+02   0.18287E-03   0.53207E+05   0.20136E-01  -0.62752E+03  -0.11296E-05
  0.863   2.908   -0.18840E+04   0.11136E+04   0.21169E+04   0.80600E+04   0.13644E+05  -0.36352E-04
  0.863   2.908   -0.18840E+04  -0.11137E+04   0.21169E+04  -0.80601E+04   0.13645E+05   0.36352E-04
  0.863   2.908    0.19071E+04  -0.10736E+04   0.21169E+04  -0.77778E+04  -0.13807E+05  -0.36183E-04
  0.863   2.908   -0.43691E+02   0.76321E+02   0.53207E+05   0.53641E+03   0.30673E+03  -0.26734E-05
  0.863   2.908   -0.23136E+02  -0.21912E+04   0.21191E+04  -0.15867E+05   0.16297E+03   0.19136E-06
  0.863   2.908    0.19071E+04   0.10736E+04   0.21169E+04   0.77780E+04  -0.13807E+05   0.36178E-04
  0.863   2.908   -0.23147E+02   0.21912E+04   0.21191E+04   0.15867E+05   0.16302E+03  -0.18023E-06
  0.863   2.908   -0.45416E+02  -0.76321E+02   0.53207E+05  -0.53641E+03   0.32054E+03   0.14960E-05
  0.875   2.929    0.90432E+02  -0.13021E+00   0.53219E+05  -0.11166E+01  -0.63688E+03  -0.51120E-05
  0.875   2.929   -0.18909E+04   0.11177E+04   0.21206E+04   0.80797E+04   0.13677E+05  -0.36302E-04
  0.875   2.929   -0.18910E+04  -0.11178E+04   0.21207E+04  -0.80801E+04   0.13678E+05   0.36326E-04
  0.875   2.929    0.19146E+04  -0.10778E+04   0.21209E+04  -0.77990E+04  -0.13844E+05  -0.36197E-04
  0.875   2.929   -0.49318E+02   0.79796E+02   0.53221E+05   0.56213E+03   0.35351E+03   0.10636E-06
  0.875   2.929   -0.23299E+02  -0.21995E+04   0.21230E+04  -0.15908E+05   0.16397E+03   0.16534E-06
  0.875   2.929    0.19143E+04   0.10776E+04   0.21208E+04   0.77972E+04  -0.13842E+05   0.36140E-04
  0.875   2.929   -0.23162E+02   0.21995E+04   0.21230E+04   0.15908E+05   0.16305E+03  -0.20259E-06
  0.875   2.929   -0.40277E+02  -0.79792E+02   0.53221E+05  -0.56210E+03   0.27620E+03   0.42251E-05
  0.887   2.950    0.90164E+02  -0.31867E-01   0.53227E+05  -0.28733E+00  -0.63311E+03  -0.88560E-05
  0.887   2.950   -0.18972E+04   0.11214E+04   0.21236E+04   0.80971E+04   0.13707E+05  -0.36298E-04
  0.887   2.950   -0.18970E+04  -0.11214E+04   0.21235E+04  -0.80964E+04   0.13706E+05   0.36216E-04
  0.887   2.950    0.19200E+04  -0.10809E+04   0.21234E+04  -0.78116E+04  -0.13867E+05  -0.36104E-04
  0.887   2.950   -0.45216E+02   0.76164E+02   0.53226E+05   0.53210E+03   0.31866E+03  -0.13671E-04
  0.887   2.950   -0.23217E+02  -0.22062E+04   0.21256E+04  -0.15937E+05   0.16327E+03   0.18400E-06
  0.887   2.950    0.19202E+04   0.10809E+04   0.21234E+04   0.78122E+04  -0.13869E+05   0.36081E-04
  0.887   2.950   -0.23376E+02   0.22062E+04   0.21256E+04   0.15937E+05   0.16450E+03  -0.20105E-06
  0.887   2.950   -0.44791E+02  -0.76166E+02   0.53226E+05  -0.53211E+03   0.31300E+03  -0.95849E-05
  0.900   2.971    0.90532E+02  -0.26847E-01   0.53222E+05  -0.23902E+00  -0.63481E+03  -0.40587E-05
  0.900   2.971   -0.19009E+04   0.11236E+04   0.21244E+04   0.81041E+04   0.13719E+05  -0.36108E-04
  0.900   2.971   -0.19010E+04  -0.11237E+04   0.21245E+04  -0.81044E+04   0.13719E+05   0.36150E-04
  0.900   2.971    0.19240E+04  -0.10833E+04   0.21243E+04  -0.78205E+04  -0.13881E+05  -0.36004E-04
  0.900   2.971   -0.50611E+02   0.71714E+02   0.53221E+05   0.49421E+03   0.36286E+03   0.11606E-05
  0.900   2.971   -0.23398E+02  -0.22103E+04   0.21263E+04  -0.15949E+05   0.16450E+03   0.21308E-06
  0.900   2.971    0.19237E+04   0.10830E+04   0.21241E+04   0.78183E+04  -0.13879E+05   0.35943E-04
  0.900   2.971   -0.23266E+02   0.22103E+04   0.21263E+04   0.15949E+05   0.16362E+03  -0.20601E-06
  0.900   2.971   -0.39707E+02  -0.71710E+02   0.53221E+05  -0.49418E+03   0.27009E+03   0.52308E-05
  0.912   2.991    0.90582E+02   0.90348E-02   0.53214E+05   0.54416E-01  -0.63396E+03   0.20418E-05
  0.912   2.991   -0.19046E+04   0.11258E+04   0.21254E+04   0.81114E+04   0.13731E+05  -0.36040E-04
  0.912   2.991   -0.19047E+04  -0.11258E+04   0.21254E+04  -0.81115E+04   0.13731E+05   0.36081E-04
  0.912   2.991    0.19278E+04  -0.10852E+04   0.21253E+04  -0.78261E+04  -0.13894E+05  -0.35815E-04
  0.912   2.991   -0.43741E+02   0.78459E+02   0.53213E+05   0.54696E+03   0.30274E+03   0.50747E-05
  0.912   2.991   -0.23379E+02  -0.22151E+04   0.21276E+04  -0.15967E+05   0.16431E+03   0.23756E-06
  0.912   2.991    0.19279E+04   0.10853E+04   0.21253E+04   0.78265E+04  -0.13894E+05   0.35813E-04
  0.912   2.991   -0.23374E+02   0.22151E+04   0.21276E+04   0.15967E+05   0.16427E+03  -0.22199E-06
  0.912   2.991   -0.46897E+02  -0.78459E+02   0.53213E+05  -0.54696E+03   0.33160E+03   0.91432E-05
  0.925   3.012    0.91007E+02   0.29218E-02   0.53223E+05   0.37438E-01  -0.63595E+03  -0.40545E-05
  0.925   3.012   -0.19104E+04   0.11292E+04   0.21281E+04   0.81272E+04   0.13758E+05  -0.36025E-04
  0.925   3.012   -0.19104E+04  -0.11292E+04   0.21281E+04  -0.81273E+04   0.13758E+05   0.36023E-04
  0.925   3.012    0.19339E+04  -0.10886E+04   0.21282E+04  -0.78420E+04  -0.13923E+05  -0.35817E-04
  0.925   3.012   -0.44554E+02   0.81756E+02   0.53224E+05   0.57571E+03   0.31125E+03   0.75227E-06
  0.925   3.012   -0.23465E+02  -0.22221E+04   0.21305E+04  -0.16001E+05   0.16481E+03   0.23204E-06
  0.925   3.012    0.19340E+04   0.10886E+04   0.21282E+04   0.78423E+04  -0.13923E+05   0.35780E-04
  0.925   3.012   -0.23438E+02   0.22221E+04   0.21305E+04   0.16001E+05   0.16461E+03  -0.26453E-06
  0.925   3.012   -0.46495E+02  -0.81756E+02   0.53224E+05  -0.57571E+03   0.32512E+03   0.48258E-05
  0.938   3.032    0.91299E+02   0.23730E-01   0.53237E+05   0.23238E+00  -0.63694E+03  -0.15075E-04
  0.938   3.032   -0.19166E+04   0.11329E+04   0.21317E+04   0.81455E+04   0.13789E+05  -0.36048E-04
  0.938   3.032   -0.19165E+04  -0.11328E+04   0.21317E+04  -0.81451E+04   0.13788E+05   0.35974E-04
  0.938   3.032    0.19405E+04  -0.10924E+04   0.21319E+04  -0.78613E+04  -0.13956E+05  -0.35844E-04
  0.938   3.032   -0.52504E+02   0.83159E+02   0.53237E+05   0.58688E+03   0.37681E+03  -0.17293E-04
  0.938   3.032   -0.23535E+02  -0.22294E+04   0.21341E+04  -0.16037E+05   0.16511E+03   0.24969E-06
  0.938   3.032    0.19402E+04   0.10921E+04   0.21317E+04   0.78593E+04  -0.13955E+05   0.35750E-04
  0.938   3.032   -0.23533E+02   0.22294E+04   0.21341E+04   0.16037E+05   0.16525E+03  -0.28276E-06
  0.938   3.032   -0.38969E+02  -0.83155E+02   0.53237E+05  -0.58685E+03   0.26172E+03  -0.13204E-04
  0.950   3.052    0.91337E+02   0.62670E-01   0.53226E+05   0.53630E+00  -0.63624E+03  -0.12626E-05
  0.950   3.052   -0.19194E+04   0.11345E+04   0.21320E+04   0.81498E+04   0.13796E+05  -0.35932E-04
  0.950   3.052   -0.19193E+04  -0.11345E+04   0.21319E+04  -0.81497E+04   0.13795E+05   0.35903E-04
  0.950   3.052    0.19433E+04  -0.10940E+04   0.21322E+04  -0.78656E+04  -0.13963E+05  -0.35681E-04
  0.950   3.052   -0.46953E+02   0.80365E+02   0.53228E+05   0.56073E+03   0.32911E+03  -0.53841E-05
  0.950   3.052   -0.23568E+02  -0.22325E+04   0.21344E+04  -0.16045E+05   0.16528E+03   0.27328E-06
  0.950   3.052    0.19433E+04   0.10940E+04   0.21322E+04   0.78653E+04  -0.13963E+05   0.35678E-04
  0.950   3.052   -0.23574E+02   0.22325E+04   0.21344E+04   0.16045E+05   0.16535E+03  -0.29083E-06
  0.950   3.052   -0.44776E+02  -0.80365E+02   0.53228E+05  -0.56073E+03   0.31048E+03  -0.12790E-05
  0.963   3.072    0.91847E+02   0.26217E-01   0.53225E+05   0.22774E+00  -0.63944E+03   0.35495E-05
  0.963   3.072   -0.19230E+04   0.11367E+04   0.21331E+04   0.81581E+04   0.13809E+05  -0.35857E-04
  0.963   3.072   -0.19230E+04  -0.11367E+04   0.21331E+04  -0.81581E+04   0.13809E+05   0.35873E-04
  0.963   3.072    0.19466E+04  -0.10958E+04   0.21331E+04  -0.78714E+04  -0.13975E+05  -0.35572E-04
  0.963   3.072   -0.44728E+02   0.80567E+02   0.53225E+05   0.56286E+03   0.30989E+03   0.17148E-05
  0.963   3.072   -0.23604E+02  -0.22366E+04   0.21354E+04  -0.16059E+05   0.16542E+03   0.30050E-06
  0.963   3.072    0.19467E+04   0.10959E+04   0.21332E+04   0.78718E+04  -0.13975E+05   0.35599E-04
  0.963   3.072   -0.23634E+02   0.22366E+04   0.21354E+04   0.16059E+05   0.16561E+03  -0.29052E-06
  0.963   3.072   -0.47271E+02  -0.80568E+02   0.53225E+05  -0.56287E+03   0.33088E+03   0.58413E-05
  0.975   3.092    0.92563E+02  -0.33501E-01   0.53231E+05  -0.27646E+00  -0.64427E+03   0.80434E-05
  0.975   3.092   -0.19281E+04   0.11398E+04   0.21358E+04   0.81728E+04   0.13834E+05  -0.35831E-04
  0.975   3.092   -0.19281E+04  -0.11398E+04   0.21358E+04  -0.81726E+04   0.13833E+05   0.35895E-04
  0.975   3.092    0.19521E+04  -0.10987E+04   0.21360E+04  -0.78854E+04  -0.14001E+05  -0.35529E-04
  0.975   3.092   -0.42118E+02   0.87043E+02   0.53233E+05   0.61454E+03   0.28821E+03   0.11548E-04
  0.975   3.092   -0.23631E+02  -0.22432E+04   0.21384E+04  -0.16092E+05   0.16547E+03   0.34285E-06
  0.975   3.092    0.19524E+04   0.10989E+04   0.21361E+04   0.78868E+04  -0.14003E+05   0.35589E-04
  0.975   3.092   -0.23766E+02   0.22432E+04   0.21384E+04   0.16092E+05   0.16638E+03  -0.27018E-06
  0.975   3.092   -0.50249E+02  -0.87046E+02   0.53233E+05  -0.61456E+03   0.35444E+03   0.15702E-04
  0.988   3.112    0.92945E+02  -0.49878E-01   0.53229E+05  -0.43929E+00  -0.64660E+03   0.53228E-05
  0.988   3.112   -0.19318E+04   0.11419E+04   0.21371E+04   0.81809E+04   0.13848E+05  -0.35803E-04
  0.988   3.112   -0.19319E+04  -0.11419E+04   0.21371E+04  -0.81811E+04   0.13848E+05   0.35850E-04
  0.988   3.112    0.19560E+04  -0.11010E+04   0.21374E+04  -0.78947E+04  -0.14017E+05  -0.35539E-04
  0.988   3.112   -0.47231E+02   0.85207E+02   0.53230E+05   0.59959E+03   0.32998E+03   0.32752E-05
  0.988   3.112   -0.23784E+02  -0.22472E+04   0.21396E+04  -0.16107E+05   0.16637E+03   0.32745E-06
  0.988   3.112    0.19559E+04   0.11009E+04   0.21373E+04   0.78943E+04  -0.14017E+05   0.35553E-04
  0.988   3.112   -0.23725E+02   0.22472E+04   0.21396E+04   0.16107E+05   0.16596E+03  -0.30209E-06
  0.988   3.112   -0.45411E+02  -0.85206E+02   0.53230E+05  -0.59958E+03   0.31395E+03   0.74597E-05
  1.000   3.132    0.93106E+02  -0.58096E-01   0.53174E+05  -0.49393E+00  -0.64754E+03  -0.47795E-05
  1.000   3.132   -0.19322E+04   0.11422E+04   0.21386E+04   0.81829E+04   0.13851E+05  -0.35601E-04
  1.000   3.132   -0.19321E+04  -0.11421E+04   0.21386E+04  -0.81827E+04   0.13850E+05   0.35581E-04
  1.000   3.132    0.19561E+04  -0.11012E+04   0.21388E+04  -0.78962E+04  -0.14018E+05  -0.35276E-04
  1.000   3.132   -0.48827E+02   0.79640E+02   0.53176E+05   0.55319E+03   0.34273E+03  -0.42561E-05
  1.000   3.132   -0.23760E+02  -0.22473E+04   0.21409E+04  -0.16108E+05   0.16613E+03   0.32124E-06
  1.000   3.132    0.19560E+04   0.11011E+04   0.21387E+04   0.78955E+04  -0.14018E+05   0.35258E-04
  1.000   3.132   -0.23770E+02   0.22473E+04   0.21409E+04   0.16108E+05   0.16625E+03  -0.30582E-06
  1.000   3.132   -0.43908E+02  -0.79639E+02   0.53176E+05  -0.55318E+03   0.30164E+03  -0.86162E-07
  1.012   3.151    0.92721E+02   0.50552E-01   0.53178E+05   0.42808E+00  -0.64307E+03   0.12604E-06
  1.012   3.151   -0.19364E+04   0.11447E+04   0.21405E+04   0.81939E+04   0.13869E+05  -0.35597E-04
  1.012   3.151   -0.19365E+04  -0.11447E+04   0.21405E+04  -0.81942E+04   0.13870E+05   0.35612E-04
  1.012   3.151    0.19606E+04  -0.11038E+04   0.21408E+04  -0.79080E+04  -0.14039E+05  -0.35328E-04
  1.012   3.151   -0.51919E+02   0.78379E+02   0.53179E+05   0.54106E+03   0.36749E+03  -0.79209E-05
  1.012   3.151   -0.23918E+02  -0.22523E+04   0.21428E+04  -0.16130E+05   0.16708E+03   0.30231E-06
  1.012   3.151    0.19603E+04   0.11035E+04   0.21405E+04   0.79060E+04  -0.14036E+05   0.35301E-04
  1.012   3.151   -0.23749E+02   0.22523E+04   0.21428E+04   0.16130E+05   0.16592E+03  -0.32066E-06
  1.012   3.151   -0.41129E+02  -0.78374E+02   0.53179E+05  -0.54103E+03   0.27839E+03  -0.37439E-05
  1.025   3.170    0.93479E+02  -0.11392E-01   0.53187E+05  -0.98772E-01  -0.64835E+03  -0.26225E-06
  1.025   3.170   -0.19414E+04   0.11476E+04   0.21430E+04   0.82080E+04   0.13893E+05  -0.35644E-04
  1.025   3.170   -0.19414E+04  -0.11476E+04   0.21430E+04  -0.82080E+04   0.13893E+05   0.35639E-04
  1.025   3.170    0.19652E+04  -0.11063E+04   0.21430E+04  -0.79194E+04  -0.14060E+05  -0.35364E-04
  1.025   3.170   -0.48023E+02   0.77976E+02   0.53187E+05   0.53448E+03   0.33524E+03  -0.39603E-05
  1.025   3.170   -0.23902E+02  -0.22577E+04   0.21451E+04  -0.16155E+05   0.16681E+03   0.29522E-06
  1.025   3.170    0.19652E+04   0.11062E+04   0.21429E+04   0.79191E+04  -0.14059E+05   0.35357E-04
  1.025   3.170   -0.23915E+02   0.22577E+04   0.21451E+04   0.16155E+05   0.16689E+03  -0.31700E-06
  1.025   3.170   -0.45353E+02  -0.77974E+02   0.53187E+05  -0.53447E+03   0.31226E+03   0.21450E-06
  1.038   3.190    0.93673E+02   0.73894E-02   0.53191E+05   0.38314E-02  -0.64903E+03   0.55090E-05
  1.038   3.190   -0.19449E+04   0.11497E+04   0.21442E+04   0.82163E+04   0.13907E+05  -0.35650E-04
  1.038   3.190   -0.19449E+04  -0.11497E+04   0.21442E+04  -0.82163E+04   0.13907E+05   0.35691E-04
  1.038   3.190    0.19690E+04  -0.11082E+04   0.21443E+04  -0.79271E+04  -0.14075E+05  -0.35369E-04
  1.038   3.190   -0.46177E+02   0.83695E+02   0.53192E+05   0.58445E+03   0.31900E+03   0.35435E-05
  1.038   3.190   -0.23976E+02  -0.22622E+04   0.21466E+04  -0.16174E+05   0.16717E+03   0.30708E-06
  1.038   3.190    0.19690E+04   0.11082E+04   0.21443E+04   0.79272E+04  -0.14075E+05   0.35399E-04
  1.038   3.190   -0.23965E+02   0.22622E+04   0.21466E+04   0.16174E+05   0.16704E+03  -0.28381E-06
  1.038   3.190   -0.47481E+02  -0.83696E+02   0.53192E+05  -0.58445E+03   0.32978E+03   0.76949E-05
  1.050   3.209    0.93854E+02   0.12700E-01   0.53193E+05   0.10278E+00  -0.64935E+03  -0.45519E-06
  1.050   3.209   -0.19484E+04   0.11519E+04   0.21456E+04   0.82252E+04   0.13922E+05  -0.35696E-04
  1.050   3.209   -0.19484E+04  -0.11519E+04   0.21456E+04  -0.82252E+04   0.13922E+05   0.35719E-04
  1.050   3.209    0.19725E+04  -0.11103E+04   0.21457E+04  -0.79360E+04  -0.14090E+05  -0.35456E-04
  1.050   3.209   -0.47885E+02   0.79647E+02   0.53194E+05   0.54817E+03   0.33243E+03   0.48431E-07
  1.050   3.209   -0.24036E+02  -0.22662E+04   0.21479E+04  -0.16190E+05   0.16740E+03   0.29484E-06
  1.050   3.209    0.19725E+04   0.11103E+04   0.21457E+04   0.79356E+04  -0.14089E+05   0.35443E-04
  1.050   3.209   -0.24018E+02   0.22662E+04   0.21479E+04   0.16190E+05   0.16727E+03  -0.27421E-06
  1.050   3.209   -0.46050E+02  -0.79646E+02   0.53194E+05  -0.54817E+03   0.31759E+03   0.41601E-05
  1.062   3.228    0.94411E+02  -0.38947E-01   0.53199E+05  -0.31168E+00  -0.65283E+03  -0.51802E-05
  1.062   3.228   -0.19518E+04   0.11539E+04   0.21470E+04   0.82332E+04   0.13936E+05  -0.35773E-04
  1.062   3.228   -0.19518E+04  -0.11538E+04   0.21470E+04  -0.82330E+04   0.13935E+05   0.35705E-04
  1.062   3.228    0.19752E+04  -0.11118E+04   0.21465E+04  -0.79405E+04  -0.14098E+05  -0.35471E-04
  1.062   3.228   -0.42912E+02   0.74665E+02   0.53197E+05   0.50636E+03   0.29222E+03  -0.97168E-05
  1.062   3.228   -0.24011E+02  -0.22694E+04   0.21488E+04  -0.16201E+05   0.16708E+03   0.25698E-06
  1.062   3.228    0.19754E+04   0.11120E+04   0.21467E+04   0.79421E+04  -0.14100E+05   0.35466E-04
  1.062   3.228   -0.24144E+02   0.22694E+04   0.21488E+04   0.16201E+05   0.16796E+03  -0.29633E-06
  1.062   3.228   -0.51271E+02  -0.74669E+02   0.53197E+05  -0.50639E+03   0.35884E+03  -0.56523E-05
  1.075   3.247    0.94590E+02  -0.10564E-01   0.53205E+05  -0.93042E-01  -0.65330E+03   0.29581E-05
  1.075   3.247   -0.19562E+04   0.11565E+04   0.21491E+04   0.82456E+04   0.13956E+05  -0.35826E-04
  1.075   3.247   -0.19562E+04  -0.11565E+04   0.21491E+04  -0.82456E+04   0.13956E+05   0.35846E-04
  1.075   3.247    0.19803E+04  -0.11146E+04   0.21491E+04  -0.79546E+04  -0.14124E+05  -0.35529E-04
  1.075   3.247   -0.48203E+02   0.82543E+02   0.53205E+05   0.57083E+03   0.33387E+03   0.34036E-05
  1.075   3.247   -0.24162E+02  -0.22752E+04   0.21513E+04  -0.16230E+05   0.16796E+03   0.26159E-06
  1.075   3.247    0.19802E+04   0.11145E+04   0.21490E+04   0.79542E+04  -0.14123E+05   0.35541E-04
  1.075   3.247   -0.24142E+02   0.22752E+04   0.21513E+04   0.16230E+05   0.16782E+03  -0.28405E-06
  1.075   3.247   -0.46318E+02  -0.82543E+02   0.53205E+05  -0.57083E+03   0.31885E+03   0.74292E-05
  1.087   3.266    0.94865E+02  -0.16168E-01   0.53207E+05  -0.13123E+00  -0.65457E+03  -0.49346E-05
  1.087   3.266   -0.19592E+04   0.11583E+04   0.21502E+04   0.82526E+04   0.13968E+05  -0.35832E-04
  1.087   3.266   -0.19592E+04  -0.11583E+04   0.21502E+04  -0.82524E+04   0.13968E+05   0.35820E-04
  1.087   3.266    0.19833E+04  -0.11163E+04   0.21501E+04  -0.79608E+04  -0.14135E+05  -0.35590E-04
  1.087   3.266   -0.46440E+02   0.85936E+02   0.53206E+05   0.59795E+03   0.32024E+03  -0.24648E-05
  1.087   3.266   -0.24167E+02  -0.22788E+04   0.21524E+04  -0.16244E+05   0.16784E+03   0.28348E-06
  1.087   3.266    0.19834E+04   0.11163E+04   0.21501E+04   0.79611E+04  -0.14136E+05   0.35560E-04
  1.087   3.266   -0.24240E+02   0.22788E+04   0.21524E+04   0.16244E+05   0.16835E+03  -0.25985E-06
  1.087   3.266   -0.48335E+02  -0.85937E+02   0.53206E+05  -0.59796E+03   0.33359E+03   0.15263E-05
  1.100   3.284    0.95476E+02  -0.71668E-01   0.53208E+05  -0.54072E+00  -0.65837E+03   0.64664E-06
  1.100   3.284   -0.19621E+04   0.11600E+04   0.21511E+04   0.82590E+04   0.13979E+05  -0.35825E-04
  1.100   3.284   -0.19621E+04  -0.11600E+04   0.21511E+04  -0.82589E+04   0.13978E+05   0.35843E-04
  1.100   3.284    0.19866E+04  -0.11180E+04   0.21513E+04  -0.79679E+04  -0.14149E+05  -0.35602E-04
  1.100   3.284   -0.47021E+02   0.88839E+02   0.53209E+05   0.62453E+03   0.32330E+03   0.93234E-06
  1.100   3.284   -0.24245E+02  -0.22826E+04   0.21537E+04  -0.16260E+05   0.16824E+03   0.28917E-06
  1.100   3.284    0.19867E+04   0.11181E+04   0.21514E+04   0.79681E+04  -0.14149E+05   0.35596E-04
  1.100   3.284   -0.24266E+02   0.22826E+04   0.21537E+04   0.16260E+05   0.16838E+03  -0.25719E-06
  1.100   3.284   -0.48008E+02  -0.88840E+02   0.53209E+05  -0.62453E+03   0.33165E+03   0.48963E-05
  1.113   3.303    0.95285E+02  -0.25579E-02   0.53219E+05  -0.15322E-01  -0.65594E+03   0.61840E-05
  1.113   3.303   -0.19656E+04   0.11620E+04   0.21531E+04   0.82654E+04   0.13990E+05  -0.35810E-04
  1.113   3.303   -0.19656E+04  -0.11620E+04   0.21531E+04  -0.82655E+04   0.13990E+05   0.35872E-04
  1.113   3.303    0.19894E+04  -0.11197E+04   0.21528E+04  -0.79723E+04  -0.14155E+05  -0.35528E-04
  1.113   3.303   -0.46483E+02   0.79842E+02   0.53216E+05   0.54475E+03   0.31916E+03   0.61388E-05
  1.113   3.303   -0.24298E+02  -0.22856E+04   0.21550E+04  -0.16266E+05   0.16845E+03   0.30212E-06
  1.113   3.303    0.19895E+04   0.11198E+04   0.21528E+04   0.79727E+04  -0.14156E+05   0.35558E-04
  1.113   3.303   -0.24308E+02   0.22856E+04   0.21550E+04   0.16266E+05   0.16849E+03  -0.25709E-06
  1.113   3.303   -0.48786E+02  -0.79842E+02   0.53216E+05  -0.54475E+03   0.33670E+03   0.10099E-04
  1.125   3.322    0.95559E+02  -0.44640E-02   0.53224E+05  -0.58456E-01  -0.65752E+03   0.40738E-05
  1.125   3.322   -0.19700E+04   0.11647E+04   0.21551E+04   0.82810E+04   0.14016E+05  -0.35900E-04
  1.125   3.322   -0.19699E+04  -0.11646E+04   0.21550E+04  -0.82807E+04   0.14015E+05   0.35901E-04
  1.125   3.322    0.19946E+04  -0.11226E+04   0.21553E+04  -0.79894E+04  -0.14187E+05  -0.35612E-04
  1.125   3.322   -0.47113E+02   0.86579E+02   0.53226E+05   0.60082E+03   0.32164E+03  -0.10959E-05
  1.125   3.322   -0.24335E+02  -0.22917E+04   0.21576E+04  -0.16302E+05   0.16859E+03   0.29803E-06
  1.125   3.322    0.19948E+04   0.11227E+04   0.21554E+04   0.79901E+04  -0.14188E+05   0.35650E-04
  1.125   3.322   -0.24420E+02   0.22917E+04   0.21576E+04   0.16302E+05   0.16920E+03  -0.27538E-06
  1.125   3.322   -0.48485E+02  -0.86581E+02   0.53226E+05  -0.60083E+03   0.33609E+03   0.28778E-05
  1.137   3.340    0.95462E+02   0.52762E-01   0.53222E+05   0.45249E+00  -0.65564E+03   0.31173E-05
  1.137   3.340   -0.19721E+04   0.11660E+04   0.21552E+04   0.82854E+04   0.14022E+05  -0.35828E-04
  1.137   3.340   -0.19723E+04  -0.11661E+04   0.21552E+04  -0.82858E+04   0.14024E+05   0.35897E-04
  1.137   3.340    0.19969E+04  -0.11239E+04   0.21554E+04  -0.79943E+04  -0.14194E+05  -0.35593E-04
  1.137   3.340   -0.46951E+02   0.81646E+02   0.53224E+05   0.56361E+03   0.32086E+03   0.21489E-05
  1.137   3.340   -0.24452E+02  -0.22940E+04   0.21576E+04  -0.16309E+05   0.16930E+03   0.31344E-06
  1.137   3.340    0.19968E+04   0.11239E+04   0.21554E+04   0.79942E+04  -0.14193E+05   0.35605E-04
  1.137   3.340   -0.24372E+02   0.22940E+04   0.21576E+04   0.16309E+05   0.16872E+03  -0.27170E-06
  1.137   3.340   -0.48841E+02  -0.81646E+02   0.53224E+05  -0.56360E+03   0.33766E+03   0.61265E-05
  1.150   3.358    0.96117E+02  -0.12423E-01   0.53227E+05  -0.10446E+00  -0.66039E+03   0.69997E-06
  1.150   3.358   -0.19757E+04   0.11681E+04   0.21571E+04   0.82945E+04   0.14038E+05  -0.35857E-04
  1.150   3.358   -0.19758E+04  -0.11681E+04   0.21572E+04  -0.82949E+04   0.14040E+05   0.35879E-04
  1.150   3.358    0.20000E+04  -0.11256E+04   0.21569E+04  -0.80010E+04  -0.14206E+05  -0.35617E-04
  1.150   3.358   -0.47143E+02   0.80852E+02   0.53226E+05   0.55256E+03   0.32192E+03   0.83133E-06
  1.150   3.358   -0.24525E+02  -0.22976E+04   0.21591E+04  -0.16323E+05   0.16969E+03   0.29063E-06
  1.150   3.358    0.19998E+04   0.11256E+04   0.21569E+04   0.80007E+04  -0.14205E+05   0.35602E-04
  1.150   3.358   -0.24400E+02   0.22976E+04   0.21591E+04   0.16323E+05   0.16876E+03  -0.29931E-06
  1.150   3.358   -0.48879E+02  -0.80851E+02   0.53226E+05  -0.55255E+03   0.33767E+03   0.48317E-05
  1.163   3.376    0.96431E+02  -0.39019E-01   0.53227E+05  -0.32615E+00  -0.66222E+03   0.10919E-04
  1.163   3.376   -0.19777E+04   0.11693E+04   0.21576E+04   0.82983E+04   0.14045E+05  -0.35840E-04
  1.163   3.376   -0.19779E+04  -0.11693E+04   0.21576E+04  -0.82987E+04   0.14046E+05   0.35884E-04
  1.163   3.376    0.20027E+04  -0.11270E+04   0.21578E+04  -0.80057E+04  -0.14217E+05  -0.35545E-04
  1.163   3.376   -0.43082E+02   0.90979E+02   0.53228E+05   0.63513E+03   0.28851E+03   0.78773E-05
  1.163   3.376   -0.24515E+02  -0.23009E+04   0.21602E+04  -0.16337E+05   0.16951E+03   0.30334E-06
  1.163   3.376    0.20028E+04   0.11272E+04   0.21579E+04   0.80070E+04  -0.14218E+05   0.35620E-04
  1.163   3.376   -0.24501E+02   0.23009E+04   0.21602E+04   0.16337E+05   0.16931E+03  -0.29175E-06
  1.163   3.376   -0.53152E+02  -0.90982E+02   0.53228E+05  -0.63514E+03   0.37204E+03   0.11901E-04
  1.175   3.395    0.96729E+02  -0.42134E-01   0.53232E+05  -0.35458E+00  -0.66387E+03  -0.34391E-05
  1.175   3.395   -0.19815E+04   0.11716E+04   0.21595E+04   0.83092E+04   0.14063E+05  -0.35891E-04
  1.175   3.395   -0.19816E+04  -0.11716E+04   0.21595E+04  -0.83093E+04   0.14063E+05   0.35892E-04
  1.175   3.395    0.20063E+04  -0.11292E+04   0.21596E+04  -0.80163E+04  -0.14234E+05  -0.35641E-04
  1.175   3.395   -0.50538E+02   0.84326E+02   0.53234E+05   0.58067E+03   0.35155E+03  -0.34671E-05
  1.175   3.395   -0.24587E+02  -0.23049E+04   0.21619E+04  -0.16356E+05   0.16981E+03   0.28744E-06
  1.175   3.395    0.20062E+04   0.11291E+04   0.21596E+04   0.80156E+04  -0.14233E+05   0.35612E-04
  1.175   3.395   -0.24537E+02   0.23049E+04   0.21619E+04   0.16356E+05   0.16951E+03  -0.30640E-06
  1.175   3.395   -0.45943E+02  -0.84325E+02   0.53234E+05  -0.58066E+03   0.31023E+03   0.59723E-06
  1.188   3.413    0.96822E+02  -0.23592E-01   0.53238E+05  -0.19318E+00  -0.66385E+03  -0.17946E-05
  1.188   3.413   -0.19845E+04   0.11733E+04   0.21607E+04   0.83167E+04   0.14076E+05  -0.35887E-04
  1.188   3.413   -0.19845E+04  -0.11733E+04   0.21607E+04  -0.83165E+04   0.14075E+05   0.35879E-04
  1.188   3.413    0.20086E+04  -0.11304E+04   0.21604E+04  -0.80208E+04  -0.14242E+05  -0.35600E-04
  1.188   3.413   -0.46567E+02   0.81838E+02   0.53237E+05   0.55740E+03   0.31712E+03  -0.23505E-05
  1.188   3.413   -0.24555E+02  -0.23078E+04   0.21627E+04  -0.16366E+05   0.16948E+03   0.30340E-06
  1.188   3.413    0.20088E+04   0.11306E+04   0.21605E+04   0.80215E+04  -0.14243E+05   0.35599E-04
  1.188   3.413   -0.24652E+02   0.23078E+04   0.21627E+04   0.16366E+05   0.17017E+03  -0.28480E-06
  1.188   3.413   -0.50111E+02  -0.81840E+02   0.53237E+05  -0.55741E+03   0.34555E+03   0.17473E-05
  1.200   3.430    0.97006E+02  -0.74702E-02   0.53244E+05  -0.62811E-01  -0.66458E+03  -0.21171E-04
  1.200   3.430   -0.19880E+04   0.11754E+04   0.21625E+04   0.83267E+04   0.14093E+05  -0.36003E-04
  1.200   3.430   -0.19879E+04  -0.11754E+04   0.21625E+04  -0.83264E+04   0.14092E+05   0.35865E-04
  1.200   3.430    0.20125E+04  -0.11327E+04   0.21624E+04  -0.80318E+04  -0.14261E+05  -0.35675E-04
  1.200   3.430   -0.49039E+02   0.81929E+02   0.53244E+05   0.55767E+03   0.33592E+03  -0.23087E-04
  1.200   3.430   -0.24652E+02  -0.23120E+04   0.21647E+04  -0.16387E+05   0.17003E+03   0.23102E-06
  1.200   3.430    0.20125E+04   0.11326E+04   0.21624E+04   0.80317E+04  -0.14261E+05   0.35560E-04
  1.200   3.430   -0.24670E+02   0.23120E+04   0.21647E+04   0.16387E+05   0.17018E+03  -0.34936E-06
  1.200   3.430   -0.47895E+02  -0.81929E+02   0.53244E+05  -0.55767E+03   0.32803E+03  -0.18952E-04
  1.213   3.448    0.97420E+02  -0.47057E-01   0.53246E+05  -0.39645E+00  -0.66735E+03   0.27489E-05
  1.213   3.448   -0.19905E+04   0.11769E+04   0.21634E+04   0.83327E+04   0.14102E+05  -0.35900E-04
  1.213   3.448   -0.19905E+04  -0.11769E+04   0.21634E+04  -0.83326E+04   0.14102E+05   0.35916E-04
  1.213   3.448    0.20154E+04  -0.11343E+04   0.21636E+04  -0.80390E+04  -0.14274E+05  -0.35630E-04
  1.213   3.448   -0.49401E+02   0.84779E+02   0.53247E+05   0.58169E+03   0.33999E+03   0.95893E-06
  1.213   3.448   -0.24702E+02  -0.23154E+04   0.21658E+04  -0.16402E+05   0.17026E+03   0.30455E-06
  1.213   3.448    0.20154E+04   0.11343E+04   0.21636E+04   0.80386E+04  -0.14274E+05   0.35640E-04
  1.213   3.448   -0.24712E+02   0.23154E+04   0.21658E+04   0.16402E+05   0.17035E+03  -0.25883E-06
  1.213   3.448   -0.47741E+02  -0.84779E+02   0.53247E+05  -0.58169E+03   0.32497E+03   0.51403E-05
  1.225   3.466    0.97112E+02   0.35593E-01   0.53247E+05   0.29311E+00  -0.66399E+03  -0.10685E-04
  1.225   3.466   -0.19931E+04   0.11784E+04   0.21644E+04   0.83388E+04   0.14113E+05  -0.35948E-04
  1.225   3.466   -0.19931E+04  -0.11784E+04   0.21644E+04  -0.83387E+04   0.14113E+05   0.35890E-04
  1.225   3.466    0.20180E+04  -0.11356E+04   0.21645E+04  -0.80440E+04  -0.14284E+05  -0.35684E-04
  1.225   3.466   -0.48878E+02   0.86540E+02   0.53248E+05   0.59565E+03   0.33434E+03  -0.90951E-05
  1.225   3.466   -0.24728E+02  -0.23184E+04   0.21668E+04  -0.16414E+05   0.17030E+03   0.24390E-06
  1.225   3.466    0.20180E+04   0.11357E+04   0.21646E+04   0.80442E+04  -0.14285E+05   0.35626E-04
  1.225   3.466   -0.24774E+02   0.23184E+04   0.21668E+04   0.16414E+05   0.17067E+03  -0.30164E-06
  1.225   3.466   -0.48460E+02  -0.86541E+02   0.53248E+05  -0.59565E+03   0.33152E+03  -0.48711E-05
  1.238   3.484    0.97674E+02  -0.24793E-01   0.53253E+05  -0.18939E+00  -0.66789E+03  -0.58303E-05
  1.238   3.484   -0.19960E+04   0.11802E+04   0.21658E+04   0.83466E+04   0.14126E+05  -0.35943E-04
  1.238   3.484   -0.19959E+04  -0.11801E+04   0.21657E+04  -0.83462E+04   0.14125E+05   0.35882E-04
  1.238   3.484    0.20206E+04  -0.11371E+04   0.21656E+04  -0.80500E+04  -0.14295E+05  -0.35683E-04
  1.238   3.484   -0.45640E+02   0.86311E+02   0.53252E+05   0.59389E+03   0.30602E+03  -0.78950E-05
  1.238   3.484   -0.24722E+02  -0.23215E+04   0.21680E+04  -0.16427E+05   0.17016E+03   0.25658E-06
  1.238   3.484    0.20208E+04   0.11373E+04   0.21658E+04   0.80514E+04  -0.14297E+05   0.35678E-04
  1.238   3.484   -0.24865E+02   0.23215E+04   0.21680E+04   0.16427E+05   0.17117E+03  -0.27324E-06
  1.238   3.484   -0.51895E+02  -0.86314E+02   0.53252E+05  -0.59391E+03   0.36078E+03  -0.36307E-05
  1.250   3.501    0.97867E+02  -0.20133E-01   0.53255E+05  -0.17512E+00  -0.66897E+03  -0.54639E-05
  1.250   3.501   -0.19986E+04   0.11817E+04   0.21668E+04   0.83532E+04   0.14137E+05  -0.35974E-04
  1.250   3.501   -0.19986E+04  -0.11817E+04   0.21668E+04  -0.83531E+04   0.14137E+05   0.35933E-04
  1.250   3.501    0.20238E+04  -0.11389E+04   0.21671E+04  -0.80585E+04  -0.14310E+05  -0.35713E-04
  1.250   3.501   -0.49487E+02   0.88932E+02   0.53257E+05   0.61288E+03   0.33999E+03  -0.63169E-05
  1.250   3.501   -0.24831E+02  -0.23251E+04   0.21694E+04  -0.16444E+05   0.17078E+03   0.24369E-06
  1.250   3.501    0.20238E+04   0.11389E+04   0.21671E+04   0.80585E+04  -0.14310E+05   0.35685E-04
  1.250   3.501   -0.24853E+02   0.23251E+04   0.21694E+04   0.16444E+05   0.17099E+03  -0.27454E-06
  1.250   3.501   -0.48261E+02  -0.88932E+02   0.53257E+05  -0.61288E+03   0.32786E+03  -0.20135E-05
