  0.000   0.000   -0.19818E-09   0.13174E+07  -0.49596E-10   0.82673E+07   0.39080E-09   0.36584E-04
  0.000   0.000    0.59804E+05   0.19404E+05  -0.15379E+05   0.96766E+05  -0.30157E+06   0.23870E-02
  0.000   0.000   -0.59804E+05   0.19404E+05   0.15379E+05   0.96766E+05   0.30157E+06   0.23870E-02
  0.000   0.000    0.63229E+05   0.19450E+05   0.15598E+05   0.96766E+05  -0.31798E+06  -0.22522E-02
  0.000   0.000   -0.93088E+03   0.13190E+07   0.13532E+04   0.82748E+07   0.42708E+04  -0.18203E-04
  0.000   0.000   -0.17522E+04  -0.87306E+05   0.31015E+05  -0.44073E+06   0.82069E+04   0.48498E-04
  0.000   0.000   -0.63229E+05   0.19450E+05  -0.15598E+05   0.96766E+05   0.31798E+06  -0.22522E-02
  0.000   0.000    0.17522E+04  -0.87306E+05  -0.31015E+05  -0.44073E+06  -0.82069E+04   0.48498E-04
  0.000   0.000    0.93088E+03   0.13190E+07  -0.13532E+04   0.82748E+07  -0.42708E+04  -0.18203E-04
 -1.000  -1.000   -0.15618E-09   0.11252E+07  -0.25594E-10   0.76328E+07   0.58054E-09   0.32238E-04
 -1.000  -1.000    0.25534E+05   0.64640E+03  -0.86058E+04   0.53399E+04  -0.16418E+06   0.16293E-02
 -1.000  -1.000   -0.25534E+05   0.64640E+03   0.86058E+04   0.53399E+04   0.16418E+06   0.16293E-02
 -1.000  -1.000    0.26340E+05   0.65018E+03   0.89285E+04   0.53399E+04  -0.16934E+06  -0.15809E-02
 -1.000  -1.000   -0.42533E+03   0.11259E+07   0.65213E+03   0.76375E+07   0.26956E+04  -0.16223E-04
 -1.000  -1.000   -0.40613E+03  -0.44392E+05   0.17565E+05  -0.28424E+06   0.25805E+04   0.12876E-04
 -1.000  -1.000   -0.26340E+05   0.65018E+03  -0.89285E+04   0.53399E+04   0.16934E+06  -0.15809E-02
 -1.000  -1.000    0.40613E+03  -0.44392E+05  -0.17565E+05  -0.28424E+06  -0.25805E+04   0.12876E-04
 -1.000  -1.000    0.42533E+03   0.11259E+07  -0.65213E+03   0.76375E+07  -0.26956E+04  -0.16223E-04
  0.013   0.333   -0.24000E+00   0.13324E+07  -0.16213E-02   0.83275E+07   0.15521E+01   0.29066E-04
  0.013   0.333    0.62947E+05   0.24328E+05  -0.16791E+05   0.11995E+06  -0.31418E+06   0.24282E-02
  0.013   0.333   -0.62947E+05   0.24328E+05   0.16791E+05   0.11995E+06   0.31418E+06   0.24282E-02
  0.013   0.333    0.66600E+05   0.24385E+05   0.16814E+05   0.11995E+06  -0.33149E+06  -0.22882E-02
  0.013   0.333   -0.76874E+03   0.13338E+07   0.13242E+04   0.83334E+07   0.34080E+04  -0.14227E-04
  0.013   0.333   -0.18753E+04  -0.88022E+05   0.33644E+05  -0.44018E+06   0.86529E+04   0.54738E-04
  0.013   0.333   -0.66600E+05   0.24385E+05  -0.16814E+05   0.11995E+06   0.33149E+06  -0.22882E-02
  0.013   0.333    0.18753E+04  -0.88022E+05  -0.33644E+05  -0.44018E+06  -0.86528E+04   0.54738E-04
  0.013   0.333    0.76922E+03   0.13338E+07  -0.13242E+04   0.83334E+07  -0.34114E+04  -0.14589E-04
  0.025   0.494   -0.27279E+00   0.13620E+07   0.82044E-02   0.84696E+07   0.28398E+01   0.15218E-04
  0.025   0.494    0.67886E+05   0.32731E+05  -0.18992E+05   0.15891E+06  -0.33435E+06   0.25069E-02
  0.025   0.494   -0.67886E+05   0.32731E+05   0.18992E+05   0.15891E+06   0.33434E+06   0.25069E-02
  0.025   0.494    0.71820E+05   0.32805E+05   0.18757E+05   0.15891E+06  -0.35270E+06  -0.23591E-02
  0.025   0.494   -0.39677E+03   0.13627E+07   0.13470E+04   0.84723E+07   0.15386E+04  -0.75315E-05
  0.025   0.494   -0.20318E+04  -0.88411E+05   0.37790E+05  -0.43707E+06   0.91809E+04   0.65699E-04
  0.025   0.494   -0.71820E+05   0.32805E+05  -0.18757E+05   0.15891E+06   0.35270E+06  -0.23590E-02
  0.025   0.494    0.20318E+04  -0.88411E+05  -0.37790E+05  -0.43707E+06  -0.91811E+04   0.65747E-04
  0.025   0.494    0.39705E+03   0.13627E+07  -0.13470E+04   0.84723E+07  -0.15428E+04  -0.74085E-05
  0.038   0.606    0.97055E+00   0.13866E+07  -0.14182E-01   0.85696E+07  -0.71420E+01   0.16973E-05
  0.038   0.606    0.73727E+05   0.40214E+05  -0.20610E+05   0.19176E+06  -0.35813E+06   0.25711E-02
  0.038   0.606   -0.73727E+05   0.40214E+05   0.20610E+05   0.19176E+06   0.35813E+06   0.25711E-02
  0.038   0.606    0.77939E+05   0.40302E+05   0.20384E+05   0.19176E+06  -0.37746E+06  -0.24134E-02
  0.038   0.606    0.27648E+02   0.13865E+07   0.16394E+04   0.85687E+07  -0.51400E+03  -0.16827E-05
  0.038   0.606   -0.21839E+04  -0.91282E+05   0.41035E+05  -0.44626E+06   0.96725E+04   0.76230E-04
  0.038   0.606   -0.77939E+05   0.40302E+05  -0.20384E+05   0.19176E+06   0.37746E+06  -0.24135E-02
  0.038   0.606    0.21839E+04  -0.91282E+05  -0.41035E+05  -0.44626E+06  -0.96724E+04   0.76208E-04
  0.038   0.606   -0.29469E+02   0.13865E+07  -0.16394E+04   0.85687E+07   0.52626E+03   0.21142E-06
  0.050   0.700    0.32660E+01   0.14113E+07   0.68943E-02   0.86648E+07  -0.24883E+02  -0.63954E-05
  0.050   0.700    0.81043E+05   0.44357E+05  -0.21069E+05   0.20716E+06  -0.38774E+06   0.26422E-02
  0.050   0.700   -0.81043E+05   0.44357E+05   0.21069E+05   0.20716E+06   0.38774E+06   0.26423E-02
  0.050   0.700    0.85696E+05   0.44450E+05   0.21335E+05   0.20716E+06  -0.40872E+06  -0.24678E-02
  0.050   0.700    0.28603E+03   0.14108E+07   0.23548E+04   0.86618E+07  -0.17190E+04   0.35797E-05
  0.050   0.700   -0.24093E+04  -0.10019E+06   0.42447E+05  -0.48357E+06   0.10498E+05   0.84417E-04
  0.050   0.700   -0.85695E+05   0.44451E+05  -0.21335E+05   0.20716E+06   0.40872E+06  -0.24678E-02
  0.050   0.700    0.24092E+04  -0.10019E+06  -0.42447E+05  -0.48357E+06  -0.10498E+05   0.84174E-04
  0.050   0.700   -0.29017E+03   0.14108E+07  -0.23548E+04   0.86618E+07   0.17495E+04   0.30362E-05
  0.062   0.783    0.33057E+01   0.14336E+07  -0.30728E-02   0.87431E+07  -0.20846E+02  -0.39003E-05
  0.062   0.783    0.89804E+05   0.42976E+05  -0.20098E+05   0.19603E+06  -0.42256E+06   0.27168E-02
  0.062   0.783   -0.89804E+05   0.42975E+05   0.20098E+05   0.19603E+06   0.42256E+06   0.27170E-02
  0.062   0.783    0.95392E+05   0.43063E+05   0.21446E+05   0.19603E+06  -0.44734E+06  -0.25161E-02
  0.062   0.783   -0.34778E+02   0.14336E+07   0.35125E+04   0.87426E+07  -0.22333E+03  -0.43055E-06
  0.062   0.783   -0.28722E+04  -0.11756E+06   0.41588E+05  -0.55831E+06   0.12405E+05   0.87015E-04
  0.062   0.783   -0.95392E+05   0.43063E+05  -0.21446E+05   0.19603E+06   0.44734E+06  -0.25163E-02
  0.062   0.783    0.28719E+04  -0.11756E+06  -0.41588E+05  -0.55831E+06  -0.12404E+05   0.87199E-04
  0.062   0.783    0.27864E+02   0.14336E+07  -0.35125E+04   0.87426E+07   0.27025E+03   0.51616E-05
  0.075   0.858   -0.14073E+01   0.14493E+07   0.11585E-01   0.87751E+07   0.67689E+01   0.12887E-04
  0.075   0.858    0.99549E+05   0.34963E+05  -0.17800E+05   0.15506E+06  -0.45988E+06   0.27898E-02
  0.075   0.858   -0.99549E+05   0.34963E+05   0.17800E+05   0.15506E+06   0.45988E+06   0.27899E-02
  0.075   0.858    0.10714E+06   0.35029E+05   0.20687E+05   0.15506E+06  -0.49305E+06  -0.25521E-02
  0.075   0.858   -0.15408E+04   0.14520E+07   0.48950E+04   0.87864E+07   0.65219E+04  -0.74528E-06
  0.075   0.858   -0.38581E+04  -0.14421E+06   0.38534E+05  -0.67119E+06   0.16607E+05   0.82339E-04
  0.075   0.858   -0.10714E+06   0.35029E+05  -0.20687E+05   0.15506E+06   0.49305E+06  -0.25520E-02
  0.075   0.858    0.38582E+04  -0.14421E+06  -0.38534E+05  -0.67119E+06  -0.16607E+05   0.82007E-04
  0.075   0.858    0.15466E+04   0.14520E+07  -0.48950E+04   0.87864E+07  -0.65573E+04  -0.92023E-05
  0.088   0.926    0.22664E+01   0.14636E+07  -0.39261E-01   0.88113E+07  -0.20234E+02   0.45358E-04
  0.088   0.926    0.10950E+06   0.20663E+05  -0.14582E+05   0.88035E+05  -0.49629E+06   0.28708E-02
  0.088   0.926   -0.10950E+06   0.20662E+05   0.14582E+05   0.88034E+05   0.49629E+06   0.28708E-02
  0.088   0.926    0.12093E+06   0.20696E+05   0.19081E+05   0.88035E+05  -0.54551E+06  -0.25855E-02
  0.088   0.926   -0.49454E+04   0.14722E+07   0.60555E+04   0.88482E+07   0.21351E+05  -0.18329E-04
  0.088   0.926   -0.57487E+04  -0.17908E+06   0.33711E+05  -0.81520E+06   0.24630E+05   0.68326E-04
  0.088   0.926   -0.12093E+06   0.20696E+05  -0.19081E+05   0.88036E+05   0.54551E+06  -0.25856E-02
  0.088   0.926    0.57485E+04  -0.17908E+06  -0.33711E+05  -0.81520E+06  -0.24629E+05   0.67974E-04
  0.088   0.926    0.49409E+04   0.14722E+07  -0.60555E+04   0.88482E+07  -0.21307E+05  -0.19093E-04
  0.100   0.990   -0.23051E+01   0.14749E+07  -0.59740E-02   0.88398E+07   0.13329E+02   0.92543E-04
  0.100   0.990    0.11837E+06   0.15427E+04  -0.10980E+05   0.32142E+04  -0.52623E+06   0.29597E-02
  0.100   0.990   -0.11837E+06   0.15431E+04   0.10980E+05   0.32160E+04   0.52623E+06   0.29597E-02
  0.100   0.990    0.13610E+06   0.15375E+04   0.16629E+05   0.32160E+04  -0.60138E+06  -0.26196E-02
  0.100   0.990   -0.10714E+05   0.14934E+07   0.64665E+04   0.89190E+07   0.45655E+05  -0.36376E-04
  0.100   0.990   -0.88674E+04  -0.21906E+06   0.27658E+05  -0.97437E+06   0.37592E+05   0.44534E-04
  0.100   0.990   -0.13610E+06   0.15372E+04  -0.16629E+05   0.32146E+04   0.60138E+06  -0.26193E-02
  0.100   0.990    0.88675E+04  -0.21906E+06  -0.27658E+05  -0.97437E+06  -0.37593E+05   0.44778E-04
  0.100   0.990    0.10720E+05   0.14934E+07  -0.64665E+04   0.89190E+07  -0.45686E+05  -0.39168E-04
  0.113   1.050   -0.82227E+00   0.14760E+07   0.28463E-01   0.88069E+07   0.42945E+01   0.15114E-03
  0.113   1.050    0.12433E+06  -0.20272E+05  -0.74952E+04  -0.88966E+05  -0.54187E+06   0.30379E-02
  0.113   1.050   -0.12433E+06  -0.20272E+05   0.74952E+04  -0.88965E+05   0.54187E+06   0.30376E-02
  0.113   1.050    0.15059E+06  -0.20318E+05   0.13293E+05  -0.88966E+05  -0.65100E+06  -0.26419E-02
  0.113   1.050   -0.18609E+05   0.15083E+07   0.56715E+04   0.89417E+07   0.77740E+05  -0.60182E-04
  0.113   1.050   -0.13093E+05  -0.25862E+06   0.20837E+05  -0.11232E+07   0.54575E+05   0.12962E-04
  0.113   1.050   -0.15059E+06  -0.20318E+05  -0.13293E+05  -0.88966E+05   0.65100E+06  -0.26420E-02
  0.113   1.050    0.13093E+05  -0.25862E+06  -0.20837E+05  -0.11232E+07  -0.54575E+05   0.12504E-04
  0.113   1.050    0.18609E+05   0.15083E+07  -0.56715E+04   0.89417E+07  -0.77742E+05  -0.61120E-04
  0.125   1.107   -0.53146E+01   0.14744E+07   0.29223E-01   0.87772E+07   0.35288E+02   0.21836E-03
  0.125   1.107    0.12560E+06  -0.42565E+05  -0.44849E+04  -0.17866E+06  -0.53743E+06   0.31227E-02
  0.125   1.107   -0.12560E+06  -0.42565E+05   0.44849E+04  -0.17865E+06   0.53743E+06   0.31228E-02
  0.125   1.107    0.16018E+06  -0.42648E+05   0.90546E+04  -0.17866E+06  -0.67813E+06  -0.26771E-02
  0.125   1.107   -0.26905E+05   0.15211E+07   0.34440E+04   0.89679E+07   0.10995E+06  -0.87400E-04
  0.125   1.107   -0.17215E+05  -0.29038E+06   0.13588E+05  -0.12326E+07   0.70334E+05  -0.24088E-04
  0.125   1.107   -0.16018E+06  -0.42648E+05  -0.90546E+04  -0.17865E+06   0.67813E+06  -0.26770E-02
  0.125   1.107    0.17214E+05  -0.29038E+06  -0.13588E+05  -0.12326E+07  -0.70330E+05  -0.23469E-04
  0.125   1.107    0.26912E+05   0.15211E+07  -0.34439E+04   0.89679E+07  -0.10999E+06  -0.87767E-04
  0.138   1.161   -0.36211E+00   0.14584E+07   0.25805E-01   0.86713E+07   0.31842E+01   0.28980E-03
  0.138   1.161    0.11995E+06  -0.63242E+05  -0.21443E+04  -0.25716E+06  -0.50468E+06   0.31797E-02
  0.138   1.161   -0.11995E+06  -0.63242E+05   0.21443E+04  -0.25716E+06   0.50468E+06   0.31799E-02
  0.138   1.161    0.15652E+06  -0.63354E+05   0.41044E+04  -0.25716E+06  -0.64998E+06  -0.27010E-02
  0.138   1.161   -0.31680E+05   0.15133E+07  -0.49871E+02   0.88906E+07   0.12639E+06  -0.11886E-03
  0.138   1.161   -0.18173E+05  -0.30307E+06   0.62947E+04  -0.12586E+07   0.72584E+05  -0.55893E-04
  0.138   1.161   -0.15652E+06  -0.63355E+05  -0.41044E+04  -0.25716E+06   0.64998E+06  -0.27007E-02
  0.138   1.161    0.18173E+05  -0.30307E+06  -0.62947E+04  -0.12586E+07  -0.72584E+05  -0.56102E-04
  0.138   1.161    0.31681E+05   0.15133E+07   0.49872E+02   0.88906E+07  -0.12640E+06  -0.12573E-03
  0.150   1.213    0.56670E+00   0.14409E+07   0.16716E-01   0.85876E+07  -0.55321E+01   0.36707E-03
  0.150   1.213    0.10619E+06  -0.80803E+05  -0.53027E+03  -0.31967E+06  -0.44209E+06   0.32460E-02
  0.150   1.213   -0.10619E+06  -0.80803E+05   0.53027E+03  -0.31967E+06   0.44209E+06   0.32458E-02
  0.150   1.213    0.13006E+06  -0.80935E+05  -0.88387E+03  -0.31967E+06  -0.53454E+06  -0.27564E-02
  0.150   1.213   -0.27709E+05   0.14891E+07  -0.40343E+04   0.87753E+07   0.10796E+06  -0.17936E-03
  0.150   1.213   -0.11787E+05  -0.28588E+06  -0.31122E+03  -0.11672E+07   0.46106E+05  -0.70541E-04
  0.150   1.213   -0.13006E+06  -0.80935E+05   0.88388E+03  -0.31967E+06   0.53454E+06  -0.27565E-02
  0.150   1.213    0.11787E+05  -0.28588E+06   0.31122E+03  -0.11672E+07  -0.46106E+05  -0.69971E-04
  0.150   1.213    0.27707E+05   0.14891E+07   0.40343E+04   0.87753E+07  -0.10795E+06  -0.17075E-03
  0.163   1.262   -0.71052E+01   0.14075E+07  -0.19434E-01   0.84205E+07   0.64646E+02   0.44705E-03
  0.163   1.262    0.83490E+05  -0.93831E+05   0.40097E+03  -0.36104E+06  -0.34766E+06   0.32675E-02
  0.163   1.262   -0.83489E+05  -0.93830E+05  -0.40095E+03  -0.36104E+06   0.34765E+06   0.32658E-02
  0.163   1.262    0.76252E+05  -0.93971E+05  -0.47330E+04  -0.36104E+06  -0.31982E+06  -0.28028E-02
  0.163   1.262   -0.12104E+05   0.14287E+07  -0.72009E+04   0.85009E+07   0.45947E+05  -0.26379E-03
  0.163   1.262    0.37842E+04  -0.23272E+06  -0.50968E+04  -0.94108E+06  -0.14077E+05  -0.54611E-04
  0.163   1.262   -0.76254E+05  -0.93972E+05   0.47330E+04  -0.36104E+06   0.31982E+06  -0.28033E-02
  0.163   1.262   -0.37841E+04  -0.23272E+06   0.50969E+04  -0.94108E+06   0.14082E+05  -0.50444E-04
  0.163   1.262    0.12120E+05   0.14287E+07   0.72009E+04   0.85009E+07  -0.46084E+05  -0.24076E-03
  0.175   1.310   -0.71598E+01   0.13687E+07   0.32616E-01   0.82669E+07   0.59578E+02   0.53345E-03
  0.175   1.310    0.53056E+05  -0.10176E+06   0.75760E+03  -0.38162E+06  -0.22958E+06   0.32650E-02
  0.175   1.310   -0.53056E+05  -0.10176E+06  -0.75762E+03  -0.38162E+06   0.22958E+06   0.32654E-02
  0.175   1.310    0.60412E+04  -0.10191E+06  -0.64441E+04  -0.38162E+06  -0.55305E+05  -0.28686E-02
  0.175   1.310    0.10798E+05   0.13503E+07  -0.84325E+04   0.81988E+07  -0.39966E+05  -0.34912E-03
  0.175   1.310    0.23676E+05  -0.15355E+06  -0.71703E+04  -0.63050E+06  -0.87311E+05  -0.35738E-05
  0.175   1.310   -0.60419E+04  -0.10191E+06   0.64441E+04  -0.38163E+06   0.55308E+05  -0.28685E-02
  0.175   1.310   -0.23676E+05  -0.15355E+06   0.71703E+04  -0.63050E+06   0.87314E+05  -0.40947E-05
  0.175   1.310   -0.10786E+05   0.13503E+07   0.84325E+04   0.81988E+07   0.39872E+05  -0.34830E-03
  0.188   1.356   -0.27956E+01   0.13231E+07  -0.41621E-01   0.80804E+07   0.18119E+02   0.62490E-03
  0.188   1.356    0.17332E+05  -0.10430E+06   0.68243E+03  -0.38091E+06  -0.97963E+05   0.32252E-02
  0.188   1.356   -0.17331E+05  -0.10430E+06  -0.68237E+03  -0.38091E+06   0.97961E+05   0.32256E-02
  0.188   1.356   -0.59876E+05  -0.10443E+06  -0.60385E+04  -0.38091E+06   0.18053E+06  -0.29370E-02
  0.188   1.356    0.31768E+05   0.12683E+07  -0.76767E+04   0.78828E+07  -0.11458E+06  -0.43732E-03
  0.188   1.356    0.38755E+05  -0.68066E+05  -0.66943E+04  -0.31157E+06  -0.13938E+06   0.55508E-04
  0.188   1.356    0.59876E+05  -0.10443E+06   0.60384E+04  -0.38091E+06  -0.18053E+06  -0.29370E-02
  0.188   1.356   -0.38755E+05  -0.68066E+05   0.66943E+04  -0.31157E+06   0.13938E+06   0.55067E-04
  0.188   1.356   -0.31760E+05   0.12683E+07   0.76767E+04   0.78828E+07   0.11451E+06  -0.43984E-03
  0.200   1.400    0.63935E+01   0.12784E+07   0.30339E-01   0.79079E+07  -0.49280E+02   0.72066E-03
  0.200   1.400   -0.20133E+05  -0.10179E+06   0.32219E+03  -0.36216E+06   0.33029E+05   0.31698E-02
  0.200   1.400    0.20133E+05  -0.10179E+06  -0.32214E+03  -0.36216E+06  -0.33028E+05   0.31695E-02
  0.200   1.400   -0.10657E+06  -0.10190E+06  -0.43907E+04  -0.36216E+06   0.33648E+06  -0.30231E-02
  0.200   1.400    0.44219E+05   0.12020E+07  -0.57834E+04   0.76393E+07  -0.15533E+06  -0.49983E-03
  0.200   1.400    0.43339E+05   0.73558E+04  -0.46897E+04  -0.44227E+05  -0.15180E+06   0.10072E-03
  0.200   1.400    0.10657E+06  -0.10190E+06   0.43908E+04  -0.36216E+06  -0.33648E+06  -0.30233E-02
  0.200   1.400   -0.43339E+05   0.73557E+04   0.46897E+04  -0.44227E+05   0.15180E+06   0.10054E-03
  0.200   1.400   -0.44225E+05   0.12020E+07   0.57834E+04   0.76393E+07   0.15538E+06  -0.49426E-03
  0.213   1.444   -0.27194E+01   0.12359E+07  -0.61468E-02   0.77589E+07   0.21893E+02   0.80844E-03
  0.213   1.444   -0.55701E+05  -0.94574E+05  -0.19582E+03  -0.32813E+06   0.15077E+06   0.30992E-02
  0.213   1.444    0.55701E+05  -0.94575E+05   0.19580E+03  -0.32813E+06  -0.15077E+06   0.30996E-02
  0.213   1.444   -0.13152E+06  -0.94672E+05  -0.23990E+04  -0.32813E+06   0.40981E+06  -0.31145E-02
  0.213   1.444    0.47286E+05   0.11540E+07  -0.36605E+04   0.74785E+07  -0.16186E+06  -0.50890E-03
  0.213   1.444    0.37995E+05   0.67025E+05  -0.21824E+04   0.15545E+06  -0.12952E+06   0.11704E-03
  0.213   1.444    0.13152E+06  -0.94673E+05   0.23990E+04  -0.32813E+06  -0.40981E+06  -0.31140E-02
  0.213   1.444   -0.37994E+05   0.67024E+05   0.21824E+04   0.15545E+06   0.12952E+06   0.11795E-03
  0.213   1.444   -0.47287E+05   0.11540E+07   0.36605E+04   0.74785E+07   0.16186E+06  -0.50760E-03
  0.225   1.485    0.54504E+01   0.11976E+07   0.10128E+00   0.76284E+07  -0.44453E+02   0.86940E-03
  0.225   1.485   -0.86257E+05  -0.83063E+05  -0.77630E+03  -0.28106E+06   0.24551E+06   0.30279E-02
  0.225   1.485    0.86257E+05  -0.83063E+05   0.77633E+03  -0.28106E+06  -0.24552E+06   0.30278E-02
  0.225   1.485   -0.13958E+06  -0.83141E+05  -0.56081E+03  -0.28106E+06   0.42244E+06  -0.32057E-02
  0.225   1.485    0.43275E+05   0.11224E+07  -0.18002E+04   0.73780E+07  -0.14416E+06  -0.47869E-03
  0.225   1.485    0.26715E+05   0.11204E+06   0.23499E+03   0.29570E+06  -0.88414E+05   0.10431E-03
  0.225   1.485    0.13958E+06  -0.83141E+05   0.56089E+03  -0.28106E+06  -0.42244E+06  -0.32058E-02
  0.225   1.485   -0.26715E+05   0.11204E+06  -0.23499E+03   0.29570E+06   0.88412E+05   0.10319E-03
  0.225   1.485   -0.43292E+05   0.11224E+07   0.18002E+04   0.73781E+07   0.14430E+06  -0.46354E-03
  0.238   1.526    0.15398E+02   0.11650E+07  -0.54951E-01   0.75226E+07  -0.12680E+03   0.88133E-03
  0.238   1.526   -0.10971E+06  -0.67568E+05  -0.13587E+04  -0.22322E+06   0.31207E+06   0.29801E-02
  0.238   1.526    0.10971E+06  -0.67566E+05   0.13590E+04  -0.22322E+06  -0.31207E+06   0.29802E-02
  0.238   1.526   -0.13699E+06  -0.67625E+05   0.96171E+03  -0.22322E+06   0.39941E+06  -0.33017E-02
  0.238   1.526    0.34883E+05   0.11043E+07  -0.37022E+03   0.73259E+07  -0.11301E+06  -0.38649E-03
  0.238   1.526    0.13662E+05   0.14567E+06   0.23393E+04   0.39144E+06  -0.43578E+05   0.62377E-04
  0.238   1.526    0.13699E+06  -0.67627E+05  -0.96146E+03  -0.22322E+06  -0.39941E+06  -0.33017E-02
  0.238   1.526   -0.13660E+05   0.14567E+06  -0.23393E+04   0.39144E+06   0.43573E+05   0.63239E-04
  0.238   1.526   -0.34914E+05   0.11043E+07   0.37021E+03   0.73259E+07   0.11326E+06  -0.39628E-03
  0.250   1.566   -0.10883E+01   0.11382E+07   0.46650E-01   0.74415E+07   0.13522E+02   0.81779E-03
  0.250   1.566   -0.12504E+06  -0.48278E+05  -0.19123E+04  -0.15608E+06   0.34909E+06   0.29702E-02
  0.250   1.566    0.12504E+06  -0.48278E+05   0.19123E+04  -0.15608E+06  -0.34909E+06   0.29700E-02
  0.250   1.566   -0.12852E+06  -0.48318E+05   0.21701E+04  -0.15608E+06   0.35848E+06  -0.34005E-02
  0.250   1.566    0.24078E+05   0.10962E+07   0.63795E+03   0.73091E+07  -0.75801E+05  -0.27499E-03
  0.250   1.566    0.17329E+04   0.17096E+06   0.41007E+04   0.45538E+06  -0.45667E+04   0.25824E-05
  0.250   1.566    0.12852E+06  -0.48318E+05  -0.21701E+04  -0.15608E+06  -0.35848E+06  -0.34005E-02
  0.250   1.566   -0.17330E+04   0.17096E+06  -0.41007E+04   0.45538E+06   0.45675E+04   0.22730E-05
  0.250   1.566   -0.24077E+05   0.10962E+07  -0.63795E+03   0.73091E+07   0.75786E+05  -0.27399E-03
  0.263   1.604   -0.32574E+01   0.11158E+07  -0.34763E-01   0.73743E+07   0.31890E+02   0.65460E-03
  0.263   1.604   -0.13214E+06  -0.25476E+05  -0.24265E+04  -0.81283E+05   0.35812E+06   0.30021E-02
  0.263   1.604    0.13214E+06  -0.25476E+05   0.24264E+04  -0.81284E+05  -0.35812E+06   0.30022E-02
  0.263   1.604   -0.11713E+06  -0.25498E+05   0.31211E+04  -0.81286E+05   0.30999E+06  -0.35037E-02
  0.263   1.604    0.12141E+05   0.10943E+07   0.13009E+04   0.73093E+07  -0.36808E+05  -0.12842E-03
  0.263   1.604   -0.75367E+04   0.19011E+06   0.55655E+04   0.49621E+06   0.24220E+05  -0.66401E-04
  0.263   1.604    0.11713E+06  -0.25498E+05  -0.31212E+04  -0.81286E+05  -0.30999E+06  -0.35041E-02
  0.263   1.604    0.75353E+04   0.19011E+06  -0.55655E+04   0.49621E+06  -0.24216E+05  -0.66661E-04
  0.263   1.604   -0.12138E+05   0.10943E+07  -0.13009E+04   0.73093E+07   0.36781E+05  -0.11896E-03
  0.275   1.642    0.12938E+02   0.10995E+07   0.25018E-01   0.73350E+07  -0.10852E+03   0.37943E-03
  0.275   1.642   -0.13194E+06   0.18079E+03  -0.29038E+04  -0.16924E+04   0.34480E+06   0.30959E-02
  0.275   1.642    0.13194E+06   0.18166E+03   0.29040E+04  -0.16922E+04  -0.34480E+06   0.30955E-02
  0.275   1.642   -0.10462E+06   0.17699E+03   0.38748E+04  -0.16922E+04   0.26069E+06  -0.36470E-02
  0.275   1.642    0.16623E+03   0.10988E+07   0.16858E+04   0.73342E+07   0.38579E+03   0.57040E-04
  0.275   1.642   -0.13714E+05   0.20485E+06   0.67962E+04   0.52180E+06   0.42228E+05  -0.13163E-03
  0.275   1.642    0.10462E+06   0.17572E+03  -0.38746E+04  -0.16946E+04  -0.26069E+06  -0.36468E-02
  0.275   1.642    0.13715E+05   0.20485E+06  -0.67962E+04   0.52180E+06  -0.42228E+05  -0.13090E-03
  0.275   1.642   -0.18775E+03   0.10988E+07  -0.16858E+04   0.73342E+07  -0.20145E+03   0.61362E-04
  0.288   1.679    0.35415E+00   0.10864E+07  -0.47955E-01   0.73008E+07  -0.55459E+01  -0.17820E-04
  0.288   1.679   -0.12556E+06   0.27533E+05  -0.33560E+04   0.78844E+05   0.31318E+06   0.32261E-02
  0.288   1.679    0.12556E+06   0.27533E+05   0.33560E+04   0.78844E+05  -0.31318E+06   0.32260E-02
  0.288   1.679   -0.91574E+05   0.27543E+05   0.44798E+04   0.78844E+05   0.21166E+06  -0.38298E-02
  0.288   1.679   -0.10727E+05   0.11046E+07   0.18513E+04   0.73557E+07   0.32378E+05   0.27098E-03
  0.288   1.679   -0.17066E+05   0.21547E+06   0.78532E+04   0.53275E+06   0.50945E+05  -0.17667E-03
  0.288   1.679    0.91574E+05   0.27544E+05  -0.44800E+04   0.78844E+05  -0.21166E+06  -0.38300E-02
  0.288   1.679    0.17065E+05   0.21547E+06  -0.78532E+04   0.53275E+06  -0.50944E+05  -0.17625E-03
  0.288   1.679    0.10735E+05   0.11046E+07  -0.18513E+04   0.73557E+07  -0.32442E+05   0.27481E-03
  0.300   1.715    0.45812E+00   0.10789E+07   0.18858E+00   0.72911E+07   0.67199E+01  -0.53223E-03
  0.300   1.715   -0.11468E+06   0.54654E+05  -0.37976E+04   0.15470E+06   0.27048E+06   0.33976E-02
  0.300   1.715    0.11468E+06   0.54654E+05   0.37976E+04   0.15471E+06  -0.27048E+06   0.33975E-02
  0.300   1.715   -0.78376E+05   0.54680E+05   0.49749E+04   0.15471E+06   0.16480E+06  -0.41006E-02
  0.300   1.715   -0.19445E+05   0.11122E+07   0.18529E+04   0.73882E+07   0.56608E+05   0.51374E-03
  0.300   1.715   -0.18240E+05   0.22186E+06   0.87900E+04   0.53135E+06   0.53025E+05  -0.19219E-03
  0.300   1.715    0.78376E+05   0.54680E+05  -0.49750E+04   0.15471E+06  -0.16480E+06  -0.41007E-02
  0.300   1.715    0.18240E+05   0.22186E+06  -0.87900E+04   0.53135E+06  -0.53026E+05  -0.19210E-03
  0.300   1.715    0.19453E+05   0.11122E+07  -0.18529E+04   0.73882E+07  -0.56686E+05   0.50960E-03
  0.313   1.751   -0.63509E+01   0.10740E+07   0.31000E-01   0.72862E+07   0.54749E+02  -0.11461E-02
  0.313   1.751   -0.10055E+06   0.78676E+05  -0.42434E+04   0.21793E+06   0.22032E+06   0.35689E-02
  0.313   1.751    0.10055E+06   0.78676E+05   0.42432E+04   0.21793E+06  -0.22032E+06   0.35690E-02
  0.313   1.751   -0.64918E+05   0.78713E+05   0.53839E+04   0.21792E+06   0.11918E+06  -0.44481E-02
  0.313   1.751   -0.24929E+05   0.11169E+07   0.17151E+04   0.74077E+07   0.70534E+05   0.75113E-03
  0.313   1.751   -0.17903E+05   0.22211E+06   0.96444E+04   0.51196E+06   0.50723E+05  -0.17566E-03
  0.313   1.751    0.64919E+05   0.78713E+05  -0.53840E+04   0.21792E+06  -0.11918E+06  -0.44480E-02
  0.313   1.751    0.17903E+05   0.22211E+06  -0.96444E+04   0.51196E+06  -0.50724E+05  -0.17625E-03
  0.313   1.751    0.24938E+05   0.11169E+07  -0.17151E+04   0.74077E+07  -0.70615E+05   0.75703E-03
  0.325   1.785   -0.65575E+01   0.10696E+07   0.31161E-01   0.72840E+07   0.52993E+02  -0.18156E-02
  0.325   1.785   -0.84331E+05   0.96059E+05  -0.46992E+04   0.25985E+06   0.16688E+06   0.37057E-02
  0.325   1.785    0.84330E+05   0.96058E+05   0.46991E+04   0.25985E+06  -0.16688E+06   0.37055E-02
  0.325   1.785   -0.51294E+05   0.96104E+05   0.57242E+04   0.25984E+06   0.75279E+05  -0.48497E-02
  0.325   1.785   -0.26610E+05   0.11156E+07   0.14889E+04   0.74110E+07   0.73397E+05   0.97059E-03
  0.325   1.785   -0.16592E+05   0.21379E+06   0.10441E+05   0.46993E+06   0.45892E+05  -0.14146E-03
  0.325   1.785    0.51295E+05   0.96105E+05  -0.57243E+04   0.25985E+06  -0.75281E+05  -0.48498E-02
  0.325   1.785    0.16593E+05   0.21379E+06  -0.10441E+05   0.46993E+06  -0.45894E+05  -0.14207E-03
  0.325   1.785    0.26619E+05   0.11156E+07  -0.14889E+04   0.74110E+07  -0.73469E+05   0.95769E-03
  0.338   1.819   -0.17397E+01   0.10628E+07   0.59695E-01   0.72750E+07   0.18642E+02  -0.24543E-02
  0.338   1.819   -0.67010E+05   0.10348E+06  -0.51563E+04   0.27304E+06   0.11295E+06   0.37518E-02
  0.338   1.819    0.67010E+05   0.10348E+06   0.51562E+04   0.27304E+06  -0.11295E+06   0.37523E-02
  0.338   1.819   -0.37863E+05   0.10353E+06   0.60021E+04   0.27304E+06   0.33913E+05  -0.52164E-02
  0.338   1.819   -0.24753E+05   0.11058E+07   0.12022E+04   0.73907E+07   0.66685E+05   0.10911E-02
  0.338   1.819   -0.14621E+05   0.19471E+06   0.11176E+05   0.40091E+06   0.39525E+05  -0.11588E-03
  0.338   1.819    0.37863E+05   0.10353E+06  -0.60021E+04   0.27304E+06  -0.33913E+05  -0.52162E-02
  0.338   1.819    0.14621E+05   0.19471E+06  -0.11176E+05   0.40091E+06  -0.39525E+05  -0.11674E-03
  0.338   1.819    0.24753E+05   0.11058E+07  -0.12022E+04   0.73907E+07  -0.66685E+05   0.11012E-02
  0.350   1.853    0.55859E+01   0.10515E+07   0.76919E-01   0.72559E+07  -0.45525E+02  -0.29451E-02
  0.350   1.853   -0.49598E+05   0.99517E+05  -0.55908E+04   0.25605E+06   0.61370E+05   0.36645E-02
  0.350   1.853    0.49599E+05   0.99517E+05   0.55910E+04   0.25605E+06  -0.61370E+05   0.36647E-02
  0.350   1.853   -0.25347E+05   0.99568E+05   0.62274E+04   0.25606E+06  -0.31114E+04  -0.54323E-02
  0.350   1.853   -0.20550E+05   0.10873E+07   0.92008E+03   0.73505E+07   0.54205E+05   0.11242E-02
  0.350   1.853   -0.12139E+05   0.16493E+06   0.11837E+05   0.30742E+06   0.32161E+05  -0.12726E-03
  0.350   1.853    0.25347E+05   0.99568E+05  -0.62273E+04   0.25606E+06   0.31111E+04  -0.54321E-02
  0.350   1.853    0.12139E+05   0.16493E+06  -0.11837E+05   0.30742E+06  -0.32160E+05  -0.12735E-03
  0.350   1.853    0.20546E+05   0.10873E+07  -0.92008E+03   0.73505E+07  -0.54173E+05   0.11166E-02
  0.363   1.885   -0.65099E+01   0.10347E+07  -0.33297E-01   0.72220E+07   0.55161E+02  -0.31594E-02
  0.363   1.885   -0.33008E+05   0.85657E+05  -0.59731E+04   0.21463E+06   0.14191E+05   0.34125E-02
  0.363   1.885    0.33008E+05   0.85657E+05   0.59729E+04   0.21463E+06  -0.14192E+05   0.34121E-02
  0.363   1.885   -0.14502E+05   0.85701E+05   0.64064E+04   0.21463E+06  -0.34233E+05  -0.53683E-02
  0.363   1.885   -0.15610E+05   0.10620E+07   0.67928E+03   0.72928E+07   0.40378E+05   0.10324E-02
  0.363   1.885   -0.92343E+04   0.12737E+06   0.12399E+05   0.19831E+06   0.24068E+05  -0.18450E-03
  0.363   1.885    0.14502E+05   0.85701E+05  -0.64065E+04   0.21463E+06   0.34233E+05  -0.53687E-02
  0.363   1.885    0.92343E+04   0.12737E+06  -0.12399E+05   0.19831E+06  -0.24068E+05  -0.18445E-03
  0.363   1.885    0.15616E+05   0.10620E+07  -0.67928E+03   0.72928E+07  -0.40431E+05   0.10455E-02
  0.375   1.918   -0.46210E+01   0.10160E+07   0.11853E+00   0.71890E+07   0.36422E+02  -0.30451E-02
  0.375   1.918   -0.17938E+05   0.65880E+05  -0.62828E+04   0.16080E+06  -0.26915E+05   0.30205E-02
  0.375   1.918    0.17938E+05   0.65880E+05   0.62827E+04   0.16080E+06   0.26915E+05   0.30206E-02
  0.375   1.918   -0.57712E+04   0.65916E+05   0.65510E+04   0.16080E+06  -0.58639E+05  -0.49899E-02
  0.375   1.918   -0.11197E+05   0.10358E+07   0.50734E+03   0.72395E+07   0.28565E+05   0.88880E-03
  0.375   1.918   -0.60437E+04   0.87000E+05   0.12855E+05   0.87753E+05   0.15687E+05  -0.27453E-03
  0.375   1.918    0.57710E+04   0.65916E+05  -0.65511E+04   0.16080E+06   0.58641E+05  -0.49898E-02
  0.375   1.918    0.60437E+04   0.87000E+05  -0.12855E+05   0.87753E+05  -0.15688E+05  -0.27417E-03
  0.375   1.918    0.11207E+05   0.10358E+07  -0.50734E+03   0.72395E+07  -0.28648E+05   0.90495E-03
  0.388   1.949   -0.72263E+01   0.99736E+06   0.10544E-01   0.71560E+07   0.62179E+02  -0.25810E-02
  0.388   1.949   -0.45653E+04   0.44400E+05  -0.65162E+04   0.10529E+06  -0.62069E+05   0.25098E-02
  0.388   1.949    0.45654E+04   0.44400E+05   0.65159E+04   0.10529E+06   0.62067E+05   0.25096E-02
  0.388   1.949    0.10006E+04   0.44428E+05   0.66699E+04   0.10529E+06  -0.77233E+05  -0.42648E-02
  0.388   1.949   -0.76882E+04   0.10110E+07   0.39024E+03   0.71907E+07   0.19517E+05   0.71473E-03
  0.388   1.949   -0.27328E+04   0.48061E+05   0.13208E+05  -0.14364E+05   0.74078E+04  -0.36676E-03
  0.388   1.949   -0.10005E+04   0.44428E+05  -0.66698E+04   0.10530E+06   0.77232E+05  -0.42648E-02
  0.388   1.949    0.27329E+04   0.48061E+05  -0.13208E+05  -0.14364E+05  -0.74074E+04  -0.36637E-03
  0.388   1.949    0.76848E+04   0.10110E+07  -0.39024E+03   0.71907E+07  -0.19485E+05   0.75518E-03
  0.400   1.981    0.67343E+01   0.98187E+06   0.58317E-01   0.71326E+07  -0.63548E+02  -0.18216E-02
  0.400   1.981    0.72168E+04   0.24439E+05  -0.66845E+04   0.55963E+05  -0.91861E+05   0.19228E-02
  0.400   1.981   -0.72170E+04   0.24439E+05   0.66847E+04   0.55962E+05   0.91864E+05   0.19229E-02
  0.400   1.981    0.63415E+04   0.24457E+05   0.67751E+04   0.55962E+05  -0.91639E+05  -0.32226E-02
  0.400   1.981   -0.47817E+04   0.99048E+06   0.33259E+03   0.71546E+07   0.12314E+05   0.58361E-03
  0.400   1.981    0.48930E+03   0.13231E+05   0.13483E+05  -0.10209E+06  -0.27005E+03  -0.43049E-03
  0.400   1.981   -0.63411E+04   0.24457E+05  -0.67748E+04   0.55964E+05   0.91636E+05  -0.32226E-02
  0.400   1.981   -0.48944E+03   0.13231E+05  -0.13483E+05  -0.10209E+06   0.27074E+03  -0.43029E-03
  0.400   1.981    0.47654E+04   0.99048E+06  -0.33259E+03   0.71546E+07  -0.12165E+05   0.57572E-03
  0.413   2.011   -0.15621E+01   0.97079E+06  -0.22805E+00   0.71205E+07   0.13485E+02  -0.85506E-03
  0.413   2.011    0.17613E+05   0.77712E+04  -0.68022E+04   0.16495E+05  -0.11710E+06   0.12920E-02
  0.413   2.011   -0.17613E+05   0.77715E+04   0.68021E+04   0.16496E+05   0.11710E+06   0.12920E-02
  0.413   2.011    0.10904E+05   0.77820E+04   0.68682E+04   0.16495E+05  -0.10360E+06  -0.18989E-02
  0.413   2.011   -0.19507E+04   0.97439E+06   0.29796E+03   0.71302E+07   0.55443E+04   0.42779E-03
  0.413   2.011    0.33994E+04  -0.16444E+05   0.13694E+05  -0.17393E+06  -0.68707E+04  -0.44035E-03
  0.413   2.011   -0.10903E+05   0.77820E+04  -0.68681E+04   0.16496E+05   0.10360E+06  -0.18984E-02
  0.413   2.011   -0.33991E+04  -0.16444E+05  -0.13694E+05  -0.17393E+06   0.68705E+04  -0.43952E-03
  0.413   2.011    0.19453E+04   0.97439E+06  -0.29795E+03   0.71302E+07  -0.54952E+04   0.42213E-03
  0.425   2.042    0.33020E+01   0.96439E+06  -0.73966E-01   0.71194E+07  -0.38830E+02   0.19920E-03
  0.425   2.042    0.26721E+05  -0.48720E+04  -0.68829E+04  -0.12125E+05  -0.13830E+06   0.64409E-03
  0.425   2.042   -0.26721E+05  -0.48720E+04   0.68830E+04  -0.12125E+05   0.13830E+06   0.64478E-03
  0.425   2.042    0.15241E+05  -0.48669E+04   0.69548E+04  -0.12126E+05  -0.11454E+06  -0.34732E-03
  0.425   2.042    0.11211E+04   0.96266E+06   0.29795E+03   0.71174E+07  -0.13953E+04   0.24075E-03
  0.425   2.042    0.57724E+04  -0.40800E+05   0.13863E+05  -0.23057E+06  -0.11960E+05  -0.37610E-03
  0.425   2.042   -0.15241E+05  -0.48670E+04  -0.69548E+04  -0.12126E+05   0.11454E+06  -0.34739E-03
  0.425   2.042   -0.57724E+04  -0.40800E+05  -0.13863E+05  -0.23057E+06   0.11959E+05  -0.37690E-03
  0.425   2.042   -0.11275E+04   0.96266E+06  -0.29796E+03   0.71174E+07   0.14759E+04   0.24572E-03
  0.438   2.071   -0.97172E+01   0.96222E+06  -0.91967E-01   0.71282E+07   0.83029E+02   0.12100E-02
  0.438   2.071    0.34470E+05  -0.13415E+05  -0.69386E+04  -0.30461E+05  -0.15556E+06   0.36442E-05
  0.438   2.071   -0.34470E+05  -0.13415E+05   0.69384E+04  -0.30460E+05   0.15556E+06   0.35824E-05
  0.438   2.071    0.19649E+05  -0.13413E+05   0.70335E+04  -0.30459E+05  -0.12515E+06   0.13437E-02
  0.438   2.071    0.44219E+04   0.95474E+06   0.29413E+03   0.71139E+07  -0.86465E+04   0.11956E-04
  0.438   2.071    0.74263E+04  -0.59949E+05   0.13998E+05  -0.27324E+06  -0.15243E+05  -0.23141E-03
  0.438   2.071   -0.19650E+05  -0.13414E+05  -0.70338E+04  -0.30461E+05   0.12516E+06   0.13439E-02
  0.438   2.071   -0.74263E+04  -0.59949E+05  -0.13998E+05  -0.27324E+06   0.15243E+05  -0.23065E-03
  0.438   2.071   -0.43949E+04   0.95474E+06  -0.29413E+03   0.71139E+07   0.84136E+04  -0.15158E-05
  0.450   2.101   -0.53591E+01   0.96321E+06  -0.28300E-01   0.71438E+07   0.45991E+02   0.20526E-02
  0.450   2.101    0.40705E+05  -0.18237E+05  -0.69790E+04  -0.40005E+05  -0.16883E+06  -0.61104E-03
  0.450   2.101   -0.40704E+05  -0.18237E+05   0.69788E+04  -0.40006E+05   0.16882E+06  -0.61157E-03
  0.450   2.101    0.24126E+05  -0.18224E+05   0.71055E+04  -0.39977E+05  -0.13546E+06   0.30403E-02
  0.450   2.101    0.75369E+04   0.95024E+06   0.30906E+03   0.71182E+07  -0.15013E+05  -0.29466E-03
  0.450   2.101    0.82770E+04  -0.74116E+05   0.14111E+05  -0.30336E+06  -0.16656E+05  -0.90943E-05
  0.450   2.101   -0.24128E+05  -0.18226E+05  -0.71058E+04  -0.39982E+05   0.13546E+06   0.30403E-02
  0.450   2.101   -0.82776E+04  -0.74116E+05  -0.14111E+05  -0.30336E+06   0.16661E+05  -0.89707E-05
  0.450   2.101   -0.75206E+04   0.95024E+06  -0.30906E+03   0.71182E+07   0.14883E+05  -0.30456E-03
  0.463   2.130    0.84369E+01   0.96605E+06   0.96110E-01   0.71624E+07  -0.72320E+02   0.26427E-02
  0.463   2.130    0.45235E+05  -0.20008E+05  -0.70099E+04  -0.42736E+05  -0.17792E+06  -0.11885E-02
  0.463   2.130   -0.45235E+05  -0.20008E+05   0.70102E+04  -0.42738E+05   0.17793E+06  -0.11886E-02
  0.463   2.130    0.28448E+05  -0.20010E+05   0.71709E+04  -0.42739E+05  -0.14498E+06   0.45779E-02
  0.463   2.130    0.99659E+04   0.94878E+06   0.33658E+03   0.71283E+07  -0.19576E+05  -0.67074E-03
  0.463   2.130    0.83769E+04  -0.83654E+05   0.14207E+05  -0.32245E+06  -0.16437E+05   0.26461E-03
  0.463   2.130   -0.28448E+05  -0.20010E+05  -0.71706E+04  -0.42737E+05   0.14498E+06   0.45778E-02
  0.463   2.130   -0.83772E+04  -0.83655E+05  -0.14207E+05  -0.32245E+06   0.16438E+05   0.26527E-03
  0.463   2.130   -0.99853E+04   0.94878E+06  -0.33657E+03   0.71283E+07   0.19749E+05  -0.63458E-03
  0.475   2.158    0.90009E+01   0.96988E+06  -0.32995E-01   0.71822E+07  -0.88948E+02   0.29692E-02
  0.475   2.158    0.48105E+05  -0.19665E+05  -0.70372E+04  -0.41024E+05  -0.18324E+06  -0.17303E-02
  0.475   2.158   -0.48105E+05  -0.19666E+05   0.70375E+04  -0.41026E+05   0.18324E+06  -0.17303E-02
  0.475   2.158    0.32286E+05  -0.19667E+05   0.72275E+04  -0.41025E+05  -0.15310E+06   0.58110E-02
  0.475   2.158    0.11353E+05   0.95018E+06   0.35862E+03   0.71441E+07  -0.21959E+05  -0.10111E-02
  0.475   2.158    0.78827E+04  -0.89203E+05   0.14292E+05  -0.33255E+06  -0.15012E+05   0.54915E-03
  0.475   2.158   -0.32286E+05  -0.19668E+05  -0.72274E+04  -0.41026E+05   0.15310E+06   0.58109E-02
  0.475   2.158   -0.78830E+04  -0.89203E+05  -0.14292E+05  -0.33255E+06   0.15013E+05   0.54975E-03
  0.475   2.158   -0.11357E+05   0.95018E+06  -0.35862E+03   0.71441E+07   0.22012E+05  -0.10082E-02
  0.488   2.186    0.58913E+01   0.97410E+06   0.37686E-01   0.72023E+07  -0.42570E+02   0.30719E-02
  0.488   2.186    0.49439E+05  -0.18102E+05  -0.70643E+04  -0.36940E+05  -0.18526E+06  -0.22480E-02
  0.488   2.186   -0.49439E+05  -0.18100E+05   0.70644E+04  -0.36937E+05   0.18526E+06  -0.22454E-02
  0.488   2.186    0.35406E+05  -0.18103E+05   0.72778E+04  -0.36938E+05  -0.15944E+06   0.66359E-02
  0.488   2.186    0.11552E+05   0.95398E+06   0.38278E+03   0.71641E+07  -0.21866E+05  -0.13136E-02
  0.488   2.186    0.69854E+04  -0.91563E+05   0.14369E+05  -0.33584E+06  -0.12843E+05   0.80146E-03
  0.488   2.186   -0.35405E+05  -0.18102E+05  -0.72780E+04  -0.36938E+05   0.15944E+06   0.66341E-02
  0.488   2.186   -0.69840E+04  -0.91564E+05  -0.14369E+05  -0.33584E+06   0.12839E+05   0.79652E-03
  0.488   2.186   -0.11545E+05   0.95398E+06  -0.38278E+03   0.71641E+07   0.21805E+05  -0.13262E-02
  0.500   2.214    0.99567E+01   0.97888E+06   0.28229E-01   0.72235E+07  -0.75415E+02   0.30203E-02
  0.500   2.214    0.49459E+05  -0.16052E+05  -0.70937E+04  -0.32066E+05  -0.18463E+06  -0.27515E-02
  0.500   2.214   -0.49457E+05  -0.16052E+05   0.70939E+04  -0.32067E+05   0.18463E+06  -0.27570E-02
  0.500   2.214    0.37720E+05  -0.16055E+05   0.73246E+04  -0.32069E+05  -0.16395E+06   0.70074E-02
  0.500   2.214    0.10696E+05   0.96017E+06   0.40843E+03   0.71889E+07  -0.19609E+05  -0.15426E-02
  0.500   2.214    0.58366E+04  -0.91596E+05   0.14445E+05  -0.33445E+06  -0.10272E+05   0.96937E-03
  0.500   2.214   -0.37720E+05  -0.16055E+05  -0.73245E+04  -0.32068E+05   0.16395E+06   0.70104E-02
  0.500   2.214   -0.58346E+04  -0.91596E+05  -0.14445E+05  -0.33445E+06   0.10266E+05   0.98190E-03
  0.500   2.214   -0.10712E+05   0.96017E+06  -0.40843E+03   0.71889E+07   0.19705E+05  -0.15415E-02
  0.512   2.242   -0.77017E+01   0.98307E+06   0.44928E-01   0.72426E+07   0.62487E+02   0.28838E-02
  0.512   2.242    0.48412E+05  -0.14036E+05  -0.71238E+04  -0.27481E+05  -0.18203E+06  -0.32737E-02
  0.512   2.242   -0.48412E+05  -0.14035E+05   0.71236E+04  -0.27479E+05   0.18203E+06  -0.32739E-02
  0.512   2.242    0.39287E+05  -0.14037E+05   0.73678E+04  -0.27478E+05  -0.16688E+06   0.69793E-02
  0.512   2.242    0.91373E+04   0.96714E+06   0.43457E+03   0.72144E+07  -0.16249E+05  -0.16399E-02
  0.512   2.242    0.45329E+04  -0.90081E+05   0.14519E+05  -0.33027E+06  -0.75159E+04   0.10605E-02
  0.512   2.242   -0.39288E+05  -0.14037E+05  -0.73682E+04  -0.27481E+05   0.16689E+06   0.69797E-02
  0.512   2.242   -0.45325E+04  -0.90081E+05  -0.14520E+05  -0.33027E+06   0.75148E+04   0.10596E-02
  0.512   2.242   -0.91203E+04   0.96714E+06  -0.43458E+03   0.72144E+07   0.16109E+05  -0.16744E-02
  0.525   2.269    0.30851E+02   0.98757E+06  -0.47086E-01   0.72608E+07  -0.22831E+03   0.26843E-02
  0.525   2.269    0.46544E+05  -0.12314E+05  -0.71536E+04  -0.23618E+05  -0.17797E+06  -0.37945E-02
  0.525   2.269   -0.46545E+05  -0.12314E+05   0.71540E+04  -0.23620E+05   0.17797E+06  -0.37950E-02
  0.525   2.269    0.40232E+05  -0.12314E+05   0.74061E+04  -0.23618E+05  -0.16849E+06   0.65911E-02
  0.525   2.269    0.71062E+04   0.97500E+06   0.44685E+03   0.72392E+07  -0.11802E+05  -0.17093E-02
  0.525   2.269    0.31301E+04  -0.87590E+05   0.14587E+05  -0.32433E+06  -0.46879E+04   0.10450E-02
  0.525   2.269   -0.40231E+05  -0.12314E+05  -0.74054E+04  -0.23614E+05   0.16848E+06   0.65906E-02
  0.525   2.269   -0.31302E+04  -0.87590E+05  -0.14587E+05  -0.32433E+06   0.46877E+04   0.10457E-02
  0.525   2.269   -0.71796E+04   0.97500E+06  -0.44683E+03   0.72392E+07   0.12346E+05  -0.16091E-02
  0.537   2.296    0.27201E+01   0.99236E+06   0.17424E+00   0.72797E+07  -0.23448E+02   0.24221E-02
  0.537   2.296    0.44119E+05  -0.10976E+05  -0.71854E+04  -0.20619E+05  -0.17308E+06  -0.43064E-02
  0.537   2.296   -0.44119E+05  -0.10976E+05   0.71856E+04  -0.20619E+05   0.17308E+06  -0.43060E-02
  0.537   2.296    0.40731E+05  -0.10977E+05   0.74438E+04  -0.20618E+05  -0.16925E+06   0.59473E-02
  0.537   2.296    0.49965E+04   0.98357E+06   0.46278E+03   0.72659E+07  -0.77816E+04  -0.15658E-02
  0.537   2.296    0.16748E+04  -0.84609E+05   0.14657E+05  -0.31781E+06  -0.18793E+04   0.94197E-03
  0.537   2.296   -0.40730E+05  -0.10977E+05  -0.74436E+04  -0.20616E+05   0.16925E+06   0.59469E-02
  0.537   2.296   -0.16746E+04  -0.84609E+05  -0.14657E+05  -0.31781E+06   0.18789E+04   0.94030E-03
  0.537   2.296   -0.50129E+04   0.98357E+06  -0.46278E+03   0.72659E+07   0.79338E+04  -0.15581E-02
  0.550   2.322   -0.31056E+01   0.99707E+06   0.12068E+00   0.72970E+07   0.30913E+02   0.20716E-02
  0.550   2.322    0.41393E+05  -0.99858E+04  -0.72164E+04  -0.18358E+05  -0.16784E+06  -0.47857E-02
  0.550   2.322   -0.41393E+05  -0.99857E+04   0.72163E+04  -0.18357E+05   0.16784E+06  -0.47860E-02
  0.550   2.322    0.40922E+05  -0.99868E+04   0.74795E+04  -0.18360E+05  -0.16941E+06   0.51536E-02
  0.550   2.322    0.28755E+04   0.99197E+06   0.48538E+03   0.72902E+07  -0.38490E+04  -0.13969E-02
  0.550   2.322    0.22101E+03  -0.81438E+05   0.14724E+05  -0.31118E+06   0.81172E+03   0.76430E-03
  0.550   2.322   -0.40922E+05  -0.99869E+04  -0.74796E+04  -0.18360E+05   0.16942E+06   0.51537E-02
  0.550   2.322   -0.22160E+03  -0.81438E+05  -0.14724E+05  -0.31118E+06  -0.81112E+03   0.76787E-03
  0.550   2.322   -0.28706E+04   0.99197E+06  -0.48538E+03   0.72902E+07   0.38001E+04  -0.13759E-02
  0.562   2.349   -0.12984E+02   0.10018E+07  -0.10080E+00   0.73141E+07   0.11901E+03   0.16032E-02
  0.562   2.349    0.38605E+05  -0.92456E+04  -0.72481E+04  -0.16625E+05  -0.16272E+06  -0.52071E-02
  0.562   2.349   -0.38604E+05  -0.92454E+04   0.72477E+04  -0.16624E+05   0.16271E+06  -0.52073E-02
  0.562   2.349    0.40931E+05  -0.92457E+04   0.75130E+04  -0.16622E+05  -0.16927E+06   0.43061E-02
  0.562   2.349    0.85042E+03   0.10002E+07   0.48962E+03   0.73139E+07  -0.33066E+03  -0.11421E-02
  0.562   2.349   -0.11739E+04  -0.78298E+05   0.14789E+05  -0.30490E+06   0.32918E+04   0.54412E-03
  0.562   2.349   -0.40933E+05  -0.92467E+04  -0.75139E+04  -0.16629E+05   0.16928E+06   0.43066E-02
  0.562   2.349    0.11739E+04  -0.78298E+05  -0.14789E+05  -0.30490E+06  -0.32920E+04   0.54543E-03
  0.562   2.349   -0.79652E+03   0.10002E+07  -0.48964E+03   0.73139E+07  -0.13601E+03  -0.11648E-02
  0.575   2.375   -0.16685E+02   0.10063E+07   0.55660E-01   0.73309E+07   0.12541E+03   0.10025E-02
  0.575   2.375    0.35931E+05  -0.86516E+04  -0.72794E+04  -0.15209E+05  -0.15801E+06  -0.55504E-02
  0.575   2.375   -0.35929E+05  -0.86508E+04   0.72790E+04  -0.15205E+05   0.15800E+06  -0.55506E-02
  0.575   2.375    0.40850E+05  -0.86514E+04   0.75462E+04  -0.15208E+05  -0.16898E+06   0.34848E-02
  0.575   2.375   -0.11050E+04   0.10081E+07   0.49341E+03   0.73363E+07   0.32101E+04  -0.87473E-03
  0.575   2.375   -0.24680E+04  -0.75321E+05   0.14853E+05  -0.29915E+06   0.54990E+04   0.30088E-03
  0.575   2.375   -0.40851E+05  -0.86519E+04  -0.75466E+04  -0.15210E+05   0.16898E+06   0.34851E-02
  0.575   2.375    0.24671E+04  -0.75321E+05  -0.14853E+05  -0.29915E+06  -0.54986E+04   0.30236E-03
  0.575   2.375    0.11285E+04   0.10081E+07  -0.49342E+03   0.73363E+07  -0.33773E+04  -0.87717E-03
  0.588   2.400   -0.95474E+00   0.10105E+07  -0.89818E-01   0.73456E+07  -0.94870E+00   0.27396E-03
  0.588   2.400    0.33464E+05  -0.81188E+04  -0.73091E+04  -0.13948E+05  -0.15383E+06  -0.57945E-02
  0.588   2.400   -0.33464E+05  -0.81188E+04   0.73091E+04  -0.13948E+05   0.15383E+06  -0.57946E-02
  0.588   2.400    0.40733E+05  -0.81189E+04   0.75778E+04  -0.13948E+05  -0.16864E+06   0.27421E-02
  0.588   2.400   -0.29336E+04   0.10155E+07   0.49755E+03   0.73567E+07   0.63189E+04  -0.55037E-03
  0.588   2.400   -0.36386E+04  -0.72552E+05   0.14915E+05  -0.29399E+06   0.74125E+04   0.55055E-04
  0.588   2.400   -0.40733E+05  -0.81192E+04  -0.75779E+04  -0.13949E+05   0.16865E+06   0.27423E-02
  0.588   2.400    0.36384E+04  -0.72552E+05  -0.14915E+05  -0.29399E+06  -0.74120E+04   0.55104E-04
  0.588   2.400    0.29430E+04   0.10155E+07  -0.49755E+03   0.73567E+07  -0.63848E+04  -0.55970E-03
  0.600   2.426    0.14509E+02   0.10142E+07  -0.95270E-01   0.73587E+07  -0.11744E+03  -0.55639E-03
  0.600   2.426    0.31240E+05  -0.75968E+04  -0.73371E+04  -0.12751E+05  -0.15020E+06  -0.59322E-02
  0.600   2.426   -0.31241E+05  -0.75974E+04   0.73377E+04  -0.12754E+05   0.15021E+06  -0.59324E-02
  0.600   2.426    0.40603E+05  -0.75970E+04   0.76070E+04  -0.12753E+05  -0.16829E+06   0.21184E-02
  0.600   2.426   -0.46447E+04   0.10221E+07   0.50288E+03   0.73742E+07   0.92110E+04  -0.15172E-03
  0.600   2.426   -0.46830E+04  -0.69992E+05   0.14972E+05  -0.28934E+06   0.90419E+04  -0.18899E-03
  0.600   2.426   -0.40603E+05  -0.75965E+04  -0.76065E+04  -0.12750E+05   0.16828E+06   0.21187E-02
  0.600   2.426    0.46830E+04  -0.69992E+05  -0.14972E+05  -0.28934E+06  -0.90422E+04  -0.18984E-03
  0.600   2.426    0.46117E+04   0.10221E+07  -0.50287E+03   0.73742E+07  -0.89359E+04  -0.20737E-03
  0.613   2.451   -0.13739E+02   0.10177E+07   0.59421E-02   0.73723E+07   0.10677E+03  -0.14472E-02
  0.613   2.451    0.29246E+05  -0.70566E+04  -0.73672E+04  -0.11571E+05  -0.14713E+06  -0.59430E-02
  0.613   2.451   -0.29245E+05  -0.70561E+04   0.73667E+04  -0.11568E+05   0.14713E+06  -0.59427E-02
  0.613   2.451    0.40450E+05  -0.70541E+04   0.76344E+04  -0.11555E+05  -0.16793E+06   0.16277E-02
  0.613   2.451   -0.61428E+04   0.10283E+07   0.48906E+03   0.73922E+07   0.11305E+05   0.27867E-03
  0.613   2.451   -0.56033E+04  -0.67592E+05   0.15029E+05  -0.28517E+06   0.10407E+05  -0.44595E-03
  0.613   2.451   -0.40451E+05  -0.70548E+04  -0.76350E+04  -0.11559E+05   0.16794E+06   0.16273E-02
  0.613   2.451    0.56037E+04  -0.67592E+05  -0.15029E+05  -0.28517E+06  -0.10410E+05  -0.44631E-03
  0.613   2.451    0.61751E+04   0.10283E+07  -0.48907E+03   0.73922E+07  -0.11562E+05   0.27128E-03
  0.625   2.476   -0.17806E+02   0.10208E+07   0.55150E-01   0.73846E+07   0.15247E+03  -0.23463E-02
  0.625   2.476    0.27424E+05  -0.64834E+04  -0.73943E+04  -0.10377E+05  -0.14444E+06  -0.58154E-02
  0.625   2.476   -0.27423E+05  -0.64833E+04   0.73938E+04  -0.10374E+05   0.14443E+06  -0.58152E-02
  0.625   2.476    0.40172E+05  -0.64835E+04   0.76664E+04  -0.10380E+05  -0.16741E+06   0.12755E-02
  0.625   2.476   -0.74546E+04   0.10336E+07   0.51672E+03   0.74075E+07   0.13246E+05   0.84981E-03
  0.625   2.476   -0.63708E+04  -0.65211E+05   0.15089E+05  -0.28124E+06   0.11480E+05  -0.74795E-03
  0.625   2.476   -0.40172E+05  -0.64835E+04  -0.76668E+04  -0.10381E+05   0.16742E+06   0.12751E-02
  0.625   2.476    0.63708E+04  -0.65211E+05  -0.15089E+05  -0.28124E+06  -0.11480E+05  -0.74813E-03
  0.625   2.476    0.74782E+04   0.10336E+07  -0.51673E+03   0.74075E+07  -0.13452E+05   0.82873E-03
  0.637   2.500    0.82569E+01   0.10235E+07   0.71036E-02   0.73954E+07  -0.83521E+02  -0.31835E-02
  0.637   2.500    0.25722E+05  -0.58739E+04  -0.74202E+04  -0.91674E+04  -0.14203E+06  -0.55065E-02
  0.637   2.500   -0.25722E+05  -0.58742E+04   0.74203E+04  -0.91690E+04   0.14203E+06  -0.55065E-02
  0.637   2.500    0.39533E+05  -0.58727E+04   0.76917E+04  -0.91653E+04  -0.16632E+06   0.10429E-02
  0.637   2.500   -0.84100E+04   0.10380E+07   0.51471E+03   0.74204E+07   0.14508E+05   0.15585E-02
  0.637   2.500   -0.68998E+04  -0.62584E+05   0.15140E+05  -0.27701E+06   0.12137E+05  -0.11406E-02
  0.637   2.500   -0.39535E+05  -0.58739E+04  -0.76926E+04  -0.91731E+04   0.16633E+06   0.10431E-02
  0.637   2.500    0.69003E+04  -0.62584E+05  -0.15140E+05  -0.27701E+06  -0.12140E+05  -0.11413E-02
  0.637   2.500    0.84478E+04   0.10380E+07  -0.51472E+03   0.74204E+07  -0.14800E+05   0.15241E-02
  0.650   2.525    0.20135E+02   0.10256E+07   0.22064E+00   0.74040E+07  -0.17635E+03  -0.38851E-02
  0.650   2.525    0.24092E+05  -0.52291E+04  -0.74438E+04  -0.79476E+04  -0.13981E+06  -0.49932E-02
  0.650   2.525   -0.24093E+05  -0.52298E+04   0.74445E+04  -0.79518E+04   0.13981E+06  -0.49932E-02
  0.650   2.525    0.38114E+05  -0.52288E+04   0.77154E+04  -0.79510E+04  -0.16407E+06   0.90665E-03
  0.650   2.525   -0.88530E+04   0.10409E+07   0.51380E+03   0.74296E+07   0.15252E+05   0.23831E-02
  0.650   2.525   -0.70020E+04  -0.59312E+05   0.15187E+05  -0.27192E+06   0.12117E+05  -0.16622E-02
  0.650   2.525   -0.38113E+05  -0.52283E+04  -0.77146E+04  -0.79470E+04   0.16406E+06   0.90612E-03
  0.650   2.525    0.70012E+04  -0.59312E+05  -0.15187E+05  -0.27192E+06  -0.12115E+05  -0.16622E-02
  0.650   2.525    0.88075E+04   0.10409E+07  -0.51379E+03   0.74296E+07  -0.14845E+05   0.23880E-02
  0.662   2.549    0.56791E+01   0.10279E+07   0.38255E-01   0.74145E+07  -0.35827E+02  -0.43717E-02
  0.662   2.549    0.22514E+05  -0.45541E+04  -0.74704E+04  -0.67261E+04  -0.13780E+06  -0.42465E-02
  0.662   2.549   -0.22513E+05  -0.45542E+04   0.74704E+04  -0.67269E+04   0.13780E+06  -0.42463E-02
  0.662   2.549    0.35233E+05  -0.45528E+04   0.77420E+04  -0.67239E+04  -0.15976E+06   0.82742E-03
  0.662   2.549   -0.83205E+04   0.10424E+07   0.51515E+03   0.74395E+07   0.14007E+05   0.33108E-02
  0.662   2.549   -0.63460E+04  -0.54797E+05   0.15241E+05  -0.26527E+06   0.10954E+05  -0.22844E-02
  0.662   2.549   -0.35233E+05  -0.45534E+04  -0.77424E+04  -0.67277E+04   0.15976E+06   0.82703E-03
  0.662   2.549    0.63451E+04  -0.54797E+05  -0.15241E+05  -0.26527E+06  -0.10952E+05  -0.22848E-02
  0.662   2.549    0.83328E+04   0.10424E+07  -0.51516E+03   0.74395E+07  -0.14125E+05   0.32932E-02
  0.675   2.573   -0.89961E+01   0.10297E+07  -0.74225E-01   0.74237E+07   0.74183E+02  -0.45721E-02
  0.675   2.573    0.20963E+05  -0.38587E+04  -0.74947E+04  -0.55161E+04  -0.13589E+06  -0.32562E-02
  0.675   2.573   -0.20962E+05  -0.38583E+04   0.74944E+04  -0.55136E+04   0.13589E+06  -0.32560E-02
  0.675   2.573    0.30070E+05  -0.38573E+04   0.77646E+04  -0.55143E+04  -0.15218E+06   0.76352E-03
  0.675   2.573   -0.65212E+04   0.10411E+07   0.51435E+03   0.74431E+07   0.11154E+05   0.40850E-02
  0.675   2.573   -0.45365E+04  -0.48308E+05   0.15287E+05  -0.25586E+06   0.81219E+04  -0.28226E-02
  0.675   2.573   -0.30070E+05  -0.38574E+04  -0.77648E+04  -0.55152E+04   0.15219E+06   0.76357E-03
  0.675   2.573    0.45363E+04  -0.48308E+05  -0.15287E+05  -0.25586E+06  -0.81224E+04  -0.28231E-02
  0.675   2.573    0.65315E+04   0.10411E+07  -0.51435E+03   0.74431E+07  -0.11239E+05   0.40392E-02
  0.688   2.597    0.84514E+01   0.10312E+07  -0.11249E+00   0.74305E+07  -0.63756E+02  -0.44348E-02
  0.688   2.597    0.19449E+05  -0.31571E+04  -0.75155E+04  -0.43352E+04  -0.13407E+06  -0.20353E-02
  0.688   2.597   -0.19449E+05  -0.31572E+04   0.75157E+04  -0.43354E+04   0.13407E+06  -0.20359E-02
  0.688   2.597    0.22423E+05  -0.31552E+04   0.77839E+04  -0.43307E+04  -0.14124E+06   0.67253E-03
  0.688   2.597   -0.33559E+04   0.10372E+07   0.50074E+03   0.74422E+07   0.65196E+04   0.42222E-02
  0.688   2.597   -0.14663E+04  -0.39698E+05   0.15328E+05  -0.24367E+06   0.35542E+04  -0.28827E-02
  0.688   2.597   -0.22422E+05  -0.31547E+04  -0.77835E+04  -0.43272E+04   0.14124E+06   0.67266E-03
  0.688   2.597    0.14663E+04  -0.39698E+05  -0.15328E+05  -0.24367E+06  -0.35542E+04  -0.28828E-02
  0.688   2.597    0.33275E+04   0.10372E+07  -0.50073E+03   0.74422E+07  -0.63021E+04   0.42561E-02
  0.700   2.620   -0.20747E+03   0.10329E+07  -0.24485E+00   0.74392E+07   0.17710E+04  -0.39453E-02
  0.700   2.620    0.18023E+05  -0.24719E+04  -0.75426E+04  -0.32381E+04  -0.13252E+06  -0.62875E-03
  0.700   2.620   -0.18013E+05  -0.24649E+04   0.75357E+04  -0.31894E+04   0.13245E+06  -0.62879E-03
  0.700   2.620    0.13765E+05  -0.24645E+04   0.78077E+04  -0.31969E+04  -0.12930E+06   0.51857E-03
  0.700   2.620    0.67463E+03   0.10325E+07   0.51789E+03   0.74435E+07  -0.79372E+03   0.34389E-02
  0.700   2.620    0.21498E+04  -0.30292E+05   0.15382E+05  -0.23093E+06  -0.16417E+04  -0.20905E-02
  0.700   2.620   -0.13775E+05  -0.24693E+04  -0.78143E+04  -0.32300E+04   0.12937E+06   0.52243E-03
  0.700   2.620   -0.21470E+04  -0.30292E+05  -0.15382E+05  -0.23093E+06   0.16278E+04  -0.20830E-02
  0.700   2.620   -0.28173E+03   0.10325E+07  -0.51797E+03   0.74435E+07  -0.25583E+04   0.34449E-02
  0.713   2.643   -0.19605E+02   0.10343E+07   0.19293E+00   0.74459E+07   0.16932E+03  -0.31251E-02
  0.713   2.643    0.16691E+05  -0.18083E+04  -0.75598E+04  -0.21682E+04  -0.13107E+06   0.88979E-03
  0.713   2.643   -0.16690E+05  -0.18081E+04   0.75592E+04  -0.21656E+04   0.13106E+06   0.89041E-03
  0.713   2.643    0.68313E+04  -0.18060E+04   0.78276E+04  -0.21632E+04  -0.12011E+06   0.28836E-03
  0.713   2.643    0.35660E+04   0.10284E+07   0.52151E+03   0.74405E+07  -0.36462E+04   0.18163E-02
  0.713   2.643    0.49488E+04  -0.22462E+05   0.15417E+05  -0.22061E+06  -0.55064E+04  -0.54440E-03
  0.713   2.643   -0.68329E+04  -0.18070E+04  -0.78287E+04  -0.21699E+04   0.12012E+06   0.28397E-03
  0.713   2.643   -0.49487E+04  -0.22462E+05  -0.15417E+05  -0.22061E+06   0.55051E+04  -0.55125E-03
  0.713   2.643   -0.35080E+04   0.10284E+07  -0.52153E+03   0.74405E+07   0.31377E+04   0.17662E-02
  0.725   2.666    0.15172E+02   0.10361E+07  -0.39598E-01   0.74546E+07  -0.12867E+03  -0.20306E-02
  0.725   2.666    0.15530E+05  -0.11906E+04  -0.75808E+04  -0.12121E+04  -0.12996E+06   0.24338E-02
  0.725   2.666   -0.15531E+05  -0.11909E+04   0.75815E+04  -0.12156E+04   0.12997E+06   0.24332E-02
  0.725   2.666    0.33296E+04  -0.11895E+04   0.78497E+04  -0.12155E+04  -0.11603E+06  -0.43388E-04
  0.725   2.666    0.49580E+04   0.10275E+07   0.51854E+03   0.74452E+07  -0.51356E+04  -0.85194E-04
  0.725   2.666    0.61113E+04  -0.17779E+05   0.15459E+05  -0.21511E+06  -0.69817E+04   0.11290E-02
  0.725   2.666   -0.33287E+04  -0.11887E+04  -0.78491E+04  -0.12109E+04   0.11602E+06  -0.40879E-04
  0.725   2.666   -0.61107E+04  -0.17779E+05  -0.15459E+05  -0.21511E+06   0.69813E+04   0.11292E-02
  0.725   2.666   -0.49948E+04   0.10275E+07  -0.51853E+03   0.74452E+07   0.54317E+04  -0.83779E-04
  0.738   2.689   -0.15743E+02   0.10376E+07   0.15547E-01   0.74606E+07   0.12938E+03  -0.74353E-03
  0.738   2.689    0.14543E+05  -0.61992E+03  -0.75996E+04  -0.35712E+03  -0.12908E+06   0.39181E-02
  0.738   2.689   -0.14543E+05  -0.61922E+03   0.75995E+04  -0.35257E+03   0.12909E+06   0.39176E-02
  0.738   2.689    0.28318E+04  -0.61771E+03   0.78707E+04  -0.35391E+03  -0.11615E+06  -0.47012E-03
  0.738   2.689    0.49969E+04   0.10291E+07   0.51760E+03   0.74519E+07  -0.51652E+04  -0.16250E-02
  0.738   2.689    0.58607E+04  -0.15899E+05   0.15500E+05  -0.21359E+06  -0.64870E+04   0.24079E-02
  0.738   2.689   -0.28320E+04  -0.61740E+03  -0.78707E+04  -0.35167E+03   0.11615E+06  -0.47054E-03
  0.738   2.689   -0.58615E+04  -0.15899E+05  -0.15500E+05  -0.21359E+06   0.64874E+04   0.24108E-02
  0.738   2.689   -0.49985E+04   0.10291E+07  -0.51760E+03   0.74519E+07   0.52023E+04  -0.16168E-02
  0.750   2.712   -0.26554E+02   0.10395E+07  -0.79667E-01   0.74683E+07   0.23417E+03   0.64783E-03
  0.750   2.712    0.13763E+05  -0.90938E+02  -0.76201E+04   0.41708E+03  -0.12857E+06   0.52763E-02
  0.750   2.712   -0.13762E+05  -0.89826E+02   0.76192E+04   0.42488E+03   0.12856E+06   0.52771E-02
  0.750   2.712    0.40628E+04  -0.88173E+02   0.78919E+04   0.42369E+03  -0.11859E+06  -0.10032E-02
  0.750   2.712    0.42458E+04   0.10322E+07   0.52595E+03   0.74613E+07  -0.41169E+04  -0.26082E-02
  0.750   2.712    0.48490E+04  -0.15733E+05   0.15541E+05  -0.21443E+06  -0.49899E+04   0.31200E-02
  0.750   2.712   -0.40632E+04  -0.88228E+02  -0.78922E+04   0.42346E+03   0.11860E+06  -0.10039E-02
  0.750   2.712   -0.48480E+04  -0.15732E+05  -0.15541E+05  -0.21443E+06   0.49873E+04   0.31120E-02
  0.750   2.712   -0.42314E+04   0.10322E+07  -0.52595E+03   0.74613E+07   0.39690E+04  -0.26228E-02
  0.762   2.735   -0.84218E+01   0.10414E+07   0.98183E-01   0.74751E+07   0.77870E+02   0.20563E-02
  0.762   2.735    0.13177E+05   0.40723E+03  -0.76380E+04   0.11326E+04  -0.12830E+06   0.64746E-02
  0.762   2.735   -0.13176E+05   0.40767E+03   0.76377E+04   0.11352E+04   0.12830E+06   0.64750E-02
  0.762   2.735    0.59844E+04   0.40911E+03   0.79121E+04   0.11339E+04  -0.12187E+06  -0.16500E-02
  0.762   2.735    0.32239E+04   0.10358E+07   0.52676E+03   0.74708E+07  -0.26605E+04  -0.31180E-02
  0.762   2.735    0.35905E+04  -0.16370E+05   0.15579E+05  -0.21629E+06  -0.32127E+04   0.33111E-02
  0.762   2.735   -0.59850E+04   0.40884E+03  -0.79124E+04   0.11323E+04   0.12187E+06  -0.16523E-02
  0.762   2.735   -0.35909E+04  -0.16370E+05  -0.15579E+05  -0.21629E+06   0.32137E+04   0.33121E-02
  0.762   2.735   -0.32094E+04   0.10358E+07  -0.52677E+03   0.74708E+07   0.25214E+04  -0.31083E-02
  0.775   2.757    0.31221E+02   0.10434E+07   0.15645E+00   0.74821E+07  -0.24885E+03   0.33975E-02
  0.775   2.757    0.12781E+05   0.88421E+03  -0.76550E+04   0.17996E+04  -0.12829E+06   0.74895E-02
  0.775   2.757   -0.12781E+05   0.88371E+03   0.76559E+04   0.17931E+04   0.12830E+06   0.74927E-02
  0.775   2.757    0.80331E+04   0.88542E+03   0.79311E+04   0.17952E+04  -0.12520E+06  -0.24251E-02
  0.775   2.757    0.21977E+04   0.10395E+07   0.52678E+03   0.74796E+07  -0.10685E+04  -0.32244E-02
  0.775   2.757    0.23649E+04  -0.17304E+05   0.15615E+05  -0.21848E+06  -0.15358E+04   0.31260E-02
  0.775   2.757   -0.80329E+04   0.88575E+03  -0.79305E+04   0.17983E+04   0.12520E+06  -0.24309E-02
  0.775   2.757   -0.23641E+04  -0.17304E+05  -0.15615E+05  -0.21848E+06   0.15342E+04   0.31158E-02
  0.775   2.757   -0.22367E+04   0.10395E+07  -0.52677E+03   0.74796E+07   0.13597E+04  -0.32374E-02
  0.787   2.779   -0.23273E+02   0.10455E+07  -0.56042E-01   0.74891E+07   0.19005E+03   0.45926E-02
  0.787   2.779    0.12561E+05   0.13454E+04  -0.76730E+04   0.24195E+04  -0.12852E+06   0.83296E-02
  0.787   2.779   -0.12559E+05   0.13462E+04   0.76722E+04   0.24256E+04   0.12851E+06   0.83325E-02
  0.787   2.779    0.99456E+04   0.13470E+04   0.79492E+04   0.24202E+04  -0.12826E+06  -0.33548E-02
  0.787   2.779    0.13880E+04   0.10430E+07   0.53573E+03   0.74881E+07  -0.17888E+03  -0.30978E-02
  0.787   2.779    0.12962E+04  -0.18288E+05   0.15650E+05  -0.22066E+06  -0.11145E+03   0.26893E-02
  0.787   2.779   -0.99463E+04   0.13464E+04  -0.79496E+04   0.24190E+04   0.12827E+06  -0.33463E-02
  0.787   2.779   -0.12925E+04  -0.18288E+05  -0.15650E+05  -0.22066E+06   0.10027E+03   0.26765E-02
  0.787   2.779   -0.13651E+04   0.10430E+07  -0.53573E+03   0.74881E+07  -0.17226E+02  -0.31109E-02
  0.800   2.801    0.20015E+02   0.10476E+07   0.13238E+00   0.74950E+07  -0.15455E+03   0.55484E-02
  0.800   2.801    0.12496E+05   0.17710E+04  -0.76868E+04   0.29874E+04  -0.12892E+06   0.90139E-02
  0.800   2.801   -0.12497E+05   0.17703E+04   0.76877E+04   0.29810E+04   0.12892E+06   0.90128E-02
  0.800   2.801    0.11504E+05   0.17701E+04   0.79687E+04   0.29769E+04  -0.13083E+06  -0.44308E-02
  0.800   2.801    0.79204E+03   0.10462E+07   0.53974E+03   0.74963E+07   0.78460E+03  -0.29134E-02
  0.800   2.801    0.48581E+03  -0.19143E+05   0.15685E+05  -0.22267E+06   0.95559E+03   0.22108E-02
  0.800   2.801   -0.11504E+05   0.17706E+04  -0.79684E+04   0.29783E+04   0.13082E+06  -0.44373E-02
  0.800   2.801   -0.48447E+03  -0.19143E+05  -0.15685E+05  -0.22267E+06  -0.95970E+03   0.22147E-02
  0.800   2.801   -0.82029E+03   0.10462E+07  -0.53974E+03   0.74963E+07  -0.58386E+03  -0.29632E-02
  0.812   2.823   -0.35352E+02   0.10514E+07  -0.25472E-01   0.75042E+07   0.23064E+03   0.23628E-02
  0.812   2.823    0.12849E+05   0.32952E+04  -0.77133E+04   0.48420E+04  -0.12987E+06   0.93018E-02
  0.812   2.823   -0.12806E+05   0.32950E+04   0.77125E+04   0.48464E+04   0.12979E+06   0.92667E-02
  0.812   2.823    0.13513E+05   0.33075E+04   0.79810E+04   0.48728E+04  -0.13377E+06  -0.85947E-02
  0.812   2.823    0.59419E+03   0.10504E+07   0.52613E+03   0.75062E+07   0.76957E+03  -0.12252E-02
  0.812   2.823   -0.29161E+03  -0.19597E+05   0.15724E+05  -0.22409E+06   0.18981E+04  -0.23529E-03
  0.812   2.823   -0.13530E+05   0.33349E+04  -0.79817E+04   0.49042E+04   0.13380E+06  -0.85766E-02
  0.812   2.823    0.39573E+03  -0.19599E+05  -0.15724E+05  -0.22409E+06  -0.20559E+04  -0.13214E-03
  0.812   2.823   -0.58449E+03   0.10504E+07  -0.52611E+03   0.75062E+07  -0.11346E+04  -0.11689E-02
  0.825   2.844   -0.11244E+02   0.10527E+07   0.18044E+00   0.75100E+07   0.91304E+02   0.59622E-02
  0.825   2.844    0.12897E+05   0.30017E+04  -0.77240E+04   0.44956E+04  -0.13040E+06   0.97552E-02
  0.825   2.844   -0.12896E+05   0.30018E+04   0.77239E+04   0.44959E+04   0.13039E+06   0.97555E-02
  0.825   2.844    0.15359E+05   0.30054E+04   0.80003E+04   0.45012E+04  -0.13655E+06  -0.73973E-02
  0.825   2.844   -0.27976E+03   0.10532E+07   0.53982E+03   0.75132E+07   0.19781E+04  -0.13520E-02
  0.825   2.844   -0.12458E+04  -0.21571E+05   0.15753E+05  -0.22735E+06   0.30949E+04  -0.13589E-03
  0.825   2.844   -0.15360E+05   0.30056E+04  -0.80004E+04   0.45013E+04   0.13655E+06  -0.73956E-02
  0.825   2.844    0.12469E+04  -0.21571E+05  -0.15753E+05  -0.22735E+06  -0.30964E+04  -0.13519E-03
  0.825   2.844    0.30104E+03   0.10532E+07  -0.53983E+03   0.75132E+07  -0.21420E+04  -0.13589E-02
  0.838   2.866   -0.85947E+01   0.10550E+07   0.77998E-01   0.75156E+07   0.74194E+02   0.56953E-02
  0.838   2.866    0.13275E+05   0.33266E+04  -0.77374E+04   0.48861E+04  -0.13129E+06   0.99147E-02
  0.838   2.866   -0.13277E+05   0.33268E+04   0.77370E+04   0.48885E+04   0.13129E+06   0.99131E-02
  0.838   2.866    0.16461E+05   0.33292E+04   0.80147E+04   0.48937E+04  -0.13830E+06  -0.87434E-02
  0.838   2.866   -0.38273E+03   0.10556E+07   0.53384E+03   0.75193E+07   0.21350E+04  -0.10112E-02
  0.838   2.866   -0.16070E+04  -0.22513E+05   0.15781E+05  -0.22923E+06   0.35219E+04  -0.72067E-03
  0.838   2.866   -0.16461E+05   0.33290E+04  -0.80150E+04   0.48922E+04   0.13830E+06  -0.87455E-02
  0.838   2.866    0.16044E+04  -0.22513E+05  -0.15781E+05  -0.22923E+06  -0.35212E+04  -0.72087E-03
  0.838   2.866    0.39580E+03   0.10556E+07  -0.53385E+03   0.75193E+07  -0.22445E+04  -0.10336E-02
  0.850   2.887    0.10060E+02   0.10572E+07  -0.84317E-02   0.75208E+07  -0.74386E+02   0.47711E-02
  0.850   2.887    0.13793E+05   0.36245E+04  -0.77503E+04   0.52328E+04  -0.13232E+06   0.98776E-02
  0.850   2.887   -0.13794E+05   0.36243E+04   0.77507E+04   0.52303E+04   0.13233E+06   0.98732E-02
  0.850   2.887    0.17460E+05   0.36262E+04   0.80314E+04   0.52319E+04  -0.13989E+06  -0.10112E-01
  0.850   2.887   -0.39578E+03   0.10579E+07   0.54487E+03   0.75251E+07   0.21866E+04  -0.64327E-03
  0.850   2.887   -0.18428E+04  -0.23519E+05   0.15812E+05  -0.23117E+06   0.37878E+04  -0.12657E-02
  0.850   2.887   -0.17460E+05   0.36259E+04  -0.80316E+04   0.52299E+04   0.13990E+06  -0.10110E-01
  0.850   2.887    0.18432E+04  -0.23519E+05  -0.15812E+05  -0.23117E+06  -0.37894E+04  -0.12589E-02
  0.850   2.887    0.39612E+03   0.10579E+07  -0.54487E+03   0.75251E+07  -0.22230E+04  -0.71055E-03
  0.863   2.908   -0.10813E+02   0.10597E+07   0.18395E+00   0.75276E+07   0.10013E+03   0.33261E-02
  0.863   2.908    0.14422E+05   0.38247E+04  -0.77661E+04   0.54514E+04  -0.13350E+06   0.96520E-02
  0.863   2.908   -0.14421E+05   0.38252E+04   0.77657E+04   0.54542E+04   0.13349E+06   0.96533E-02
  0.863   2.908    0.18287E+05   0.38266E+04   0.80469E+04   0.54535E+04  -0.14125E+06  -0.11301E-01
  0.863   2.908   -0.34144E+03   0.10603E+07   0.54264E+03   0.75315E+07   0.20995E+04  -0.38100E-03
  0.863   2.908   -0.19399E+04  -0.24567E+05   0.15842E+05  -0.23312E+06   0.38839E+04  -0.16344E-02
  0.863   2.908   -0.18287E+05   0.38264E+04  -0.80471E+04   0.54528E+04   0.14125E+06  -0.11301E-01
  0.863   2.908    0.19405E+04  -0.24567E+05  -0.15842E+05  -0.23312E+06  -0.38845E+04  -0.16354E-02
  0.863   2.908    0.35157E+03   0.10603E+07  -0.54264E+03   0.75315E+07  -0.22075E+04  -0.39005E-03
  0.875   2.929   -0.40579E+02   0.10618E+07   0.56626E-01   0.75313E+07   0.33856E+03   0.15169E-02
  0.875   2.929    0.15104E+05   0.39066E+04  -0.77777E+04   0.55252E+04  -0.13464E+06   0.92607E-02
  0.875   2.929   -0.15103E+05   0.39080E+04   0.77764E+04   0.55354E+04   0.13463E+06   0.92602E-02
  0.875   2.929    0.18917E+05   0.39093E+04   0.80586E+04   0.55343E+04  -0.14230E+06  -0.12190E-01
  0.875   2.929   -0.27059E+03   0.10623E+07   0.54663E+03   0.75354E+07   0.19372E+04  -0.15632E-03
  0.875   2.929   -0.19108E+04  -0.25614E+05   0.15866E+05  -0.23494E+06   0.38291E+04  -0.18063E-02
  0.875   2.929   -0.18917E+05   0.39092E+04  -0.80593E+04   0.55322E+04   0.14231E+06  -0.12191E-01
  0.875   2.929    0.19111E+04  -0.25614E+05  -0.15866E+05  -0.23494E+06  -0.38314E+04  -0.18047E-02
  0.875   2.929    0.31113E+03   0.10623E+07  -0.54664E+03   0.75354E+07  -0.22532E+04  -0.12866E-03
  0.887   2.950    0.51687E+02   0.10638E+07  -0.11792E+00   0.75361E+07  -0.44744E+03  -0.45162E-03
  0.887   2.950    0.15808E+05   0.38750E+04  -0.77887E+04   0.54798E+04  -0.13580E+06   0.87241E-02
  0.887   2.950   -0.15811E+05   0.38734E+04   0.77904E+04   0.54693E+04   0.13582E+06   0.87242E-02
  0.887   2.950    0.19371E+05   0.38745E+04   0.80730E+04   0.54689E+04  -0.14315E+06  -0.12713E-01
  0.887   2.950   -0.32114E+03   0.10643E+07   0.54788E+03   0.75397E+07   0.25062E+04   0.10298E-03
  0.887   2.950   -0.17822E+04  -0.26645E+05   0.15891E+05  -0.23672E+06   0.36653E+04  -0.17884E-02
  0.887   2.950   -0.19369E+05   0.38757E+04  -0.80715E+04   0.54763E+04   0.14313E+06  -0.12714E-01
  0.887   2.950    0.17818E+04  -0.26645E+05  -0.15891E+05  -0.23672E+06  -0.36640E+04  -0.17899E-02
  0.887   2.950    0.22246E+03   0.10643E+07  -0.54787E+03   0.75397E+07  -0.16547E+04   0.69957E-04
  0.900   2.971   -0.36975E+02   0.10660E+07   0.86321E-01   0.75422E+07   0.31077E+03  -0.23760E-02
  0.900   2.971    0.16501E+05   0.37428E+04  -0.78041E+04   0.53088E+04  -0.13696E+06   0.80691E-02
  0.900   2.971   -0.16500E+05   0.37439E+04   0.78032E+04   0.53169E+04   0.13696E+06   0.80687E-02
  0.900   2.971    0.19676E+05   0.37436E+04   0.80890E+04   0.53058E+04  -0.14385E+06  -0.12861E-01
  0.900   2.971   -0.30274E+03   0.10665E+07   0.56087E+03   0.75463E+07   0.20365E+04   0.35437E-03
  0.900   2.971   -0.15858E+04  -0.27640E+05   0.15923E+05  -0.23851E+06   0.34285E+04  -0.16315E-02
  0.900   2.971   -0.19677E+05   0.37436E+04  -0.80894E+04   0.53063E+04   0.14385E+06  -0.12861E-01
  0.900   2.971    0.15860E+04  -0.27640E+05  -0.15923E+05  -0.23851E+06  -0.34302E+04  -0.16318E-02
  0.900   2.971    0.32852E+03   0.10665E+07  -0.56087E+03   0.75463E+07  -0.22387E+04   0.33538E-03
  0.912   2.991   -0.15471E+02   0.10679E+07  -0.71892E-01   0.75478E+07   0.11074E+03  -0.40890E-02
  0.912   2.991    0.17145E+05   0.35387E+04  -0.78180E+04   0.50712E+04  -0.13804E+06   0.73212E-02
  0.912   2.991   -0.17144E+05   0.35394E+04   0.78175E+04   0.50757E+04   0.13804E+06   0.73213E-02
  0.912   2.991    0.19854E+05   0.35404E+04   0.81013E+04   0.50738E+04  -0.14436E+06  -0.12665E-01
  0.912   2.991   -0.42280E+03   0.10686E+07   0.54356E+03   0.75516E+07   0.22370E+04   0.65096E-03
  0.912   2.991   -0.13528E+04  -0.28550E+05   0.15948E+05  -0.24011E+06   0.31591E+04  -0.13896E-02
  0.912   2.991   -0.19854E+05   0.35403E+04  -0.81015E+04   0.50738E+04   0.14437E+06  -0.12664E-01
  0.912   2.991    0.13527E+04  -0.28550E+05  -0.15948E+05  -0.24011E+06  -0.31593E+04  -0.13875E-02
  0.912   2.991    0.43492E+03   0.10686E+07  -0.54356E+03   0.75516E+07  -0.23021E+04   0.68348E-03
  0.925   3.012    0.91512E-01   0.10694E+07   0.11582E+00   0.75508E+07  -0.50634E+01  -0.54702E-02
  0.925   3.012    0.17719E+05   0.32834E+04  -0.78286E+04   0.47852E+04  -0.13896E+06   0.65020E-02
  0.925   3.012   -0.17719E+05   0.32833E+04   0.78286E+04   0.47848E+04   0.13896E+06   0.65015E-02
  0.925   3.012    0.19935E+05   0.32855E+04   0.81112E+04   0.47914E+04  -0.14472E+06  -0.12162E-01
  0.925   3.012   -0.59745E+03   0.10704E+07   0.53288E+03   0.75551E+07   0.24190E+04   0.10286E-02
  0.925   3.012   -0.11059E+04  -0.29374E+05   0.15969E+05  -0.24150E+06   0.28799E+04  -0.11111E-02
  0.925   3.012   -0.19936E+05   0.32853E+04  -0.81116E+04   0.47890E+04   0.14473E+06  -0.12162E-01
  0.925   3.012    0.11057E+04  -0.29374E+05  -0.15969E+05  -0.24150E+06  -0.28805E+04  -0.11064E-02
  0.925   3.012    0.60835E+03   0.10704E+07  -0.53289E+03   0.75551E+07  -0.25074E+04   0.11083E-02
  0.938   3.032    0.16477E+02   0.10706E+07  -0.40413E+00   0.75526E+07  -0.14635E+03  -0.64447E-02
  0.938   3.032    0.18229E+05   0.29914E+04  -0.78371E+04   0.44648E+04  -0.13977E+06   0.56306E-02
  0.938   3.032   -0.18230E+05   0.29909E+04   0.78379E+04   0.44613E+04   0.13978E+06   0.56312E-02
  0.938   3.032    0.19959E+05   0.29923E+04   0.81222E+04   0.44647E+04  -0.14502E+06  -0.11380E-01
  0.938   3.032   -0.85097E+03   0.10721E+07   0.54031E+03   0.75579E+07   0.29630E+04   0.15873E-02
  0.938   3.032   -0.86057E+03  -0.30129E+05   0.15989E+05  -0.24278E+06   0.26102E+04  -0.82567E-03
  0.938   3.032   -0.19957E+05   0.29933E+04  -0.81211E+04   0.44705E+04   0.14501E+06  -0.11380E-01
  0.938   3.032    0.86049E+03  -0.30129E+05  -0.15989E+05  -0.24278E+06  -0.26100E+04  -0.82683E-03
  0.938   3.032    0.79033E+03   0.10721E+07  -0.54030E+03   0.75579E+07  -0.24346E+04   0.14970E-02
  0.950   3.052    0.14210E+02   0.10721E+07  -0.38894E+00   0.75579E+07  -0.12055E+03  -0.69568E-02
  0.950   3.052    0.18698E+05   0.26703E+04  -0.78506E+04   0.41237E+04  -0.14059E+06   0.47251E-02
  0.950   3.052   -0.18699E+05   0.26697E+04   0.78512E+04   0.41196E+04   0.14060E+06   0.47249E-02
  0.950   3.052    0.19963E+05   0.26712E+04   0.81378E+04   0.41221E+04  -0.14535E+06  -0.10301E-01
  0.950   3.052   -0.10662E+04   0.10741E+07   0.55103E+03   0.75639E+07   0.30189E+04   0.20580E-02
  0.950   3.052   -0.62635E+03  -0.30864E+05   0.16019E+05  -0.24415E+06   0.23610E+04  -0.55726E-03
  0.950   3.052   -0.19962E+05   0.26715E+04  -0.81375E+04   0.41239E+04   0.14535E+06  -0.10301E-01
  0.950   3.052    0.62605E+03  -0.30864E+05  -0.16019E+05  -0.24415E+06  -0.23599E+04  -0.55714E-03
  0.950   3.052    0.10516E+04   0.10741E+07  -0.55102E+03   0.75639E+07  -0.28850E+04   0.20551E-02
  0.963   3.072   -0.30155E+01   0.10735E+07   0.10162E+00   0.75624E+07   0.33637E+02  -0.69615E-02
  0.963   3.072    0.19130E+05   0.23180E+04  -0.78635E+04   0.37572E+04  -0.14135E+06   0.37921E-02
  0.963   3.072   -0.19129E+05   0.23182E+04   0.78634E+04   0.37585E+04   0.14135E+06   0.37927E-02
  0.963   3.072    0.19951E+05   0.23192E+04   0.81496E+04   0.37564E+04  -0.14563E+06  -0.88594E-02
  0.963   3.072   -0.12906E+04   0.10757E+07   0.55864E+03   0.75677E+07   0.31875E+04   0.25461E-02
  0.963   3.072   -0.40736E+03  -0.31575E+05   0.16043E+05  -0.24539E+06   0.21327E+04  -0.30391E-03
  0.963   3.072   -0.19951E+05   0.23193E+04  -0.81495E+04   0.37577E+04   0.14562E+06  -0.88587E-02
  0.963   3.072    0.40729E+03  -0.31575E+05  -0.16043E+05  -0.24539E+06  -0.21325E+04  -0.30290E-03
  0.963   3.072    0.12912E+04   0.10757E+07  -0.55864E+03   0.75677E+07  -0.31945E+04   0.25686E-02
  0.975   3.092    0.92183E+01   0.10744E+07  -0.53127E-01   0.75644E+07  -0.56793E+02  -0.64172E-02
  0.975   3.092    0.19532E+05   0.19269E+04  -0.78734E+04   0.33601E+04  -0.14201E+06   0.28341E-02
  0.975   3.092   -0.19532E+05   0.19269E+04   0.78734E+04   0.33609E+04   0.14201E+06   0.28333E-02
  0.975   3.092    0.19950E+05   0.19289E+04   0.81568E+04   0.33637E+04  -0.14585E+06  -0.69403E-02
  0.975   3.092   -0.15085E+04   0.10768E+07   0.54318E+03   0.75692E+07   0.35554E+04   0.29386E-02
  0.975   3.092   -0.20772E+03  -0.32305E+05   0.16057E+05  -0.24651E+06   0.19302E+04  -0.55149E-04
  0.975   3.092   -0.19949E+05   0.19297E+04  -0.81561E+04   0.33704E+04   0.14584E+06  -0.69398E-02
  0.975   3.092    0.20722E+03  -0.32305E+05  -0.16057E+05  -0.24651E+06  -0.19283E+04  -0.53978E-04
  0.975   3.092    0.14627E+04   0.10768E+07  -0.54316E+03   0.75692E+07  -0.32133E+04   0.29846E-02
  0.988   3.112   -0.11766E+02   0.10752E+07  -0.19774E+00   0.75665E+07   0.92862E+02  -0.52986E-02
  0.988   3.112    0.19932E+05   0.14865E+04  -0.78831E+04   0.29219E+04  -0.14267E+06   0.18393E-02
  0.988   3.112   -0.19932E+05   0.14868E+04   0.78828E+04   0.29242E+04   0.14266E+06   0.18393E-02
  0.988   3.112    0.20005E+05   0.14893E+04   0.81691E+04   0.29313E+04  -0.14620E+06  -0.44025E-02
  0.988   3.112   -0.15968E+04   0.10781E+07   0.54257E+03   0.75734E+07   0.34069E+04   0.31638E-02
  0.988   3.112   -0.32194E+02  -0.33144E+05   0.16082E+05  -0.24786E+06   0.17572E+04   0.20358E-03
  0.988   3.112   -0.20005E+05   0.14890E+04  -0.81695E+04   0.29291E+04   0.14620E+06  -0.44022E-02
  0.988   3.112    0.32349E+02  -0.33144E+05  -0.16082E+05  -0.24786E+06  -0.17583E+04   0.20403E-03
  0.988   3.112    0.16195E+04   0.10781E+07  -0.54257E+03   0.75734E+07  -0.35941E+04   0.31544E-02
  1.000   3.132    0.65553E+01   0.10713E+07   0.14257E+00   0.75496E+07  -0.51772E+02  -0.36010E-02
  1.000   3.132    0.20303E+05   0.99515E+03  -0.78944E+04   0.24540E+04  -0.14313E+06   0.77984E-03
  1.000   3.132   -0.20304E+05   0.99508E+03   0.78947E+04   0.24537E+04   0.14313E+06   0.77950E-03
  1.000   3.132    0.20084E+05   0.99662E+03   0.81823E+04   0.24521E+04  -0.14638E+06  -0.11223E-02
  1.000   3.132   -0.16426E+04   0.10741E+07   0.56166E+03   0.75555E+07   0.36324E+04   0.30018E-02
  1.000   3.132    0.11455E+03  -0.34017E+05   0.16106E+05  -0.24888E+06   0.16162E+04   0.48102E-03
  1.000   3.132   -0.20084E+05   0.99687E+03  -0.81819E+04   0.24541E+04   0.14638E+06  -0.11220E-02
  1.000   3.132   -0.11484E+03  -0.34017E+05  -0.16106E+05  -0.24888E+06  -0.16160E+04   0.48105E-03
  1.000   3.132    0.16118E+04   0.10741E+07  -0.56166E+03   0.75555E+07  -0.33797E+04   0.29954E-02
  1.012   3.151   -0.15652E+02   0.10722E+07  -0.24352E-01   0.75524E+07   0.13064E+03  -0.14960E-02
  1.012   3.151    0.20748E+05   0.44074E+03  -0.79040E+04   0.19235E+04  -0.14381E+06  -0.34552E-03
  1.012   3.151   -0.20747E+05   0.44144E+03   0.79034E+04   0.19280E+04   0.14380E+06  -0.34502E-03
  1.012   3.151    0.20327E+05   0.44326E+03   0.81924E+04   0.19274E+04  -0.14688E+06   0.28287E-02
  1.012   3.151   -0.14693E+04   0.10749E+07   0.56306E+03   0.75586E+07   0.31739E+04   0.24553E-02
  1.012   3.151    0.21648E+03  -0.35163E+05   0.16127E+05  -0.25044E+06   0.15244E+04   0.77660E-03
  1.012   3.151   -0.20329E+05   0.44220E+03  -0.81933E+04   0.19205E+04   0.14689E+06   0.28292E-02
  1.012   3.151   -0.21634E+03  -0.35163E+05  -0.16127E+05  -0.25044E+06  -0.15265E+04   0.77667E-03
  1.012   3.151    0.15143E+04   0.10749E+07  -0.56308E+03   0.75586E+07  -0.35472E+04   0.23585E-02
  1.025   3.170    0.63166E+01   0.10731E+07  -0.11329E+00   0.75549E+07  -0.38017E+02   0.81116E-03
  1.025   3.170    0.21217E+05  -0.13549E+03  -0.79119E+04   0.13887E+04  -0.14447E+06  -0.15576E-02
  1.025   3.170   -0.21217E+05  -0.13573E+03   0.79122E+04   0.13869E+04   0.14448E+06  -0.15574E-02
  1.025   3.170    0.20697E+05  -0.13397E+03   0.82023E+04   0.13846E+04  -0.14749E+06   0.71853E-02
  1.025   3.170   -0.12050E+04   0.10753E+07   0.56707E+03   0.75608E+07   0.30908E+04   0.13336E-02
  1.025   3.170    0.26705E+03  -0.36460E+05   0.16145E+05  -0.25208E+06   0.14878E+04   0.10633E-02
  1.025   3.170   -0.20697E+05  -0.13368E+03  -0.82019E+04   0.13868E+04   0.14749E+06   0.71855E-02
  1.025   3.170   -0.26710E+03  -0.36460E+05  -0.16145E+05  -0.25208E+06  -0.14868E+04   0.10631E-02
  1.025   3.170    0.11917E+04   0.10753E+07  -0.56707E+03   0.75608E+07  -0.30332E+04   0.13247E-02
  1.038   3.190    0.96212E+00   0.10742E+07  -0.34847E-01   0.75590E+07   0.34057E+02   0.29722E-02
  1.038   3.190    0.21703E+05  -0.67547E+03  -0.79218E+04   0.89992E+03  -0.14518E+06  -0.28263E-02
  1.038   3.190   -0.21703E+05  -0.67547E+03   0.79217E+04   0.89992E+03   0.14518E+06  -0.28266E-02
  1.038   3.190    0.21181E+05  -0.67287E+03   0.82097E+04   0.90327E+03  -0.14819E+06   0.11313E-01
  1.038   3.190   -0.77709E+03   0.10755E+07   0.56055E+03   0.75635E+07   0.26032E+04  -0.11370E-03
  1.038   3.190    0.26550E+03  -0.37833E+05   0.16161E+05  -0.25376E+06   0.15013E+04   0.12889E-02
  1.038   3.190   -0.21181E+05  -0.67295E+03  -0.82098E+04   0.90347E+03   0.14819E+06   0.11313E-01
  1.038   3.190   -0.26548E+03  -0.37833E+05  -0.16161E+05  -0.25376E+06  -0.15009E+04   0.12884E-02
  1.038   3.190    0.77887E+03   0.10755E+07  -0.56055E+03   0.75635E+07  -0.26919E+04  -0.11506E-03
  1.050   3.209   -0.75593E+01   0.10752E+07  -0.87591E-02   0.75625E+07   0.66374E+02   0.46458E-02
  1.050   3.209    0.22173E+05  -0.11084E+04  -0.79313E+04   0.52600E+03  -0.14585E+06  -0.40903E-02
  1.050   3.209   -0.22173E+05  -0.11082E+04   0.79311E+04   0.52832E+03   0.14585E+06  -0.40902E-02
  1.050   3.209    0.21734E+05  -0.11069E+04   0.82205E+04   0.52575E+03  -0.14897E+06   0.14413E-01
  1.050   3.209   -0.30564E+03   0.10757E+07   0.56837E+03   0.75662E+07   0.21869E+04  -0.16328E-02
  1.050   3.209    0.22276E+03  -0.39155E+05   0.16181E+05  -0.25539E+06   0.15542E+04   0.14000E-02
  1.050   3.209   -0.21734E+05  -0.11069E+04  -0.82205E+04   0.52598E+03   0.14897E+06   0.14413E-01
  1.050   3.209   -0.22305E+03  -0.39155E+05  -0.16181E+05  -0.25539E+06  -0.15544E+04   0.14009E-02
  1.050   3.209    0.30732E+03   0.10757E+07  -0.56837E+03   0.75662E+07  -0.22016E+04  -0.16429E-02
  1.062   3.228    0.16633E+02   0.10763E+07   0.15354E+00   0.75660E+07  -0.11877E+03   0.56418E-02
  1.062   3.228    0.22599E+05  -0.13828E+04  -0.79399E+04   0.31562E+03  -0.14646E+06  -0.52704E-02
  1.062   3.228   -0.22600E+05  -0.13835E+04   0.79404E+04   0.31094E+03   0.14647E+06  -0.52701E-02
  1.062   3.228    0.22282E+05  -0.13817E+04   0.82324E+04   0.30630E+03  -0.14974E+06   0.15859E-01
  1.062   3.228    0.10765E+03   0.10761E+07   0.57240E+03   0.75694E+07   0.18870E+04  -0.29065E-02
  1.062   3.228    0.15923E+03  -0.40285E+05   0.16203E+05  -0.25684E+06   0.16279E+04   0.13732E-02
  1.062   3.228   -0.22280E+05  -0.13811E+04  -0.82318E+04   0.31007E+03   0.14973E+06   0.15858E-01
  1.062   3.228   -0.15970E+03  -0.40285E+05  -0.16203E+05  -0.25684E+06  -0.16249E+04   0.13724E-02
  1.062   3.228   -0.13547E+03   0.10761E+07  -0.57239E+03   0.75694E+07  -0.17001E+04  -0.28867E-02
  1.075   3.247   -0.10911E+02   0.10772E+07   0.84977E-01   0.75685E+07   0.10751E+03   0.59728E-02
  1.075   3.247    0.22952E+05  -0.14906E+04  -0.79477E+04   0.26062E+03  -0.14697E+06  -0.62907E-02
  1.075   3.247   -0.22952E+05  -0.14905E+04   0.79475E+04   0.26107E+03   0.14697E+06  -0.62904E-02
  1.075   3.247    0.22752E+05  -0.14878E+04   0.82380E+04   0.26104E+03  -0.15036E+06   0.15514E-01
  1.075   3.247    0.44084E+03   0.10765E+07   0.57423E+03   0.75712E+07   0.14708E+04  -0.36773E-02
  1.075   3.247    0.95345E+02  -0.41115E+05   0.16215E+05  -0.25786E+06   0.16971E+04   0.12188E-02
  1.075   3.247   -0.22752E+05  -0.14875E+04  -0.82379E+04   0.26304E+03   0.15036E+06   0.15514E-01
  1.075   3.247   -0.95818E+02  -0.41115E+05  -0.16215E+05  -0.25786E+06  -0.16949E+04   0.12193E-02
  1.075   3.247   -0.43261E+03   0.10765E+07  -0.57423E+03   0.75712E+07  -0.15428E+04  -0.36242E-02
  1.087   3.266    0.14321E+01   0.10785E+07   0.53146E-01   0.75724E+07   0.47378E+01   0.57810E-02
  1.087   3.266    0.23229E+05  -0.14600E+04  -0.79562E+04   0.33828E+03  -0.14742E+06  -0.70907E-02
  1.087   3.266   -0.23229E+05  -0.14603E+04   0.79565E+04   0.33660E+03   0.14742E+06  -0.70909E-02
  1.087   3.266    0.23134E+05  -0.14576E+04   0.82467E+04   0.33929E+03  -0.15093E+06   0.13700E-01
  1.087   3.266    0.59799E+03   0.10774E+07   0.56602E+03   0.75748E+07   0.14734E+04  -0.38414E-02
  1.087   3.266    0.40388E+02  -0.41669E+05   0.16232E+05  -0.25867E+06   0.17578E+04   0.97650E-03
  1.087   3.266   -0.23133E+05  -0.14568E+04  -0.82460E+04   0.34586E+03   0.15092E+06   0.13701E-01
  1.087   3.266   -0.40866E+02  -0.41669E+05  -0.16232E+05  -0.25867E+06  -0.17552E+04   0.97600E-03
  1.087   3.266   -0.63072E+03   0.10774E+07  -0.56601E+03   0.75748E+07  -0.12365E+04  -0.38461E-02
  1.100   3.284    0.11503E+01   0.10797E+07   0.15655E-01   0.75758E+07   0.96003E-01   0.52224E-02
  1.100   3.284    0.23423E+05  -0.13416E+04  -0.79651E+04   0.49371E+03  -0.14779E+06  -0.76296E-02
  1.100   3.284   -0.23423E+05  -0.13418E+04   0.79652E+04   0.49227E+03   0.14779E+06  -0.76296E-02
  1.100   3.284    0.23414E+05  -0.13383E+04   0.82534E+04   0.50126E+03  -0.15137E+06   0.10985E-01
  1.100   3.284    0.66674E+03   0.10785E+07   0.55620E+03   0.75777E+07   0.13349E+04  -0.35725E-02
  1.100   3.284   -0.56516E+01  -0.41974E+05   0.16247E+05  -0.25921E+06   0.18074E+04   0.68283E-03
  1.100   3.284   -0.23414E+05  -0.13381E+04  -0.82532E+04   0.50279E+03   0.15137E+06   0.10985E-01
  1.100   3.284    0.55159E+01  -0.41974E+05  -0.16247E+05  -0.25921E+06  -0.18067E+04   0.68300E-03
  1.100   3.284   -0.67251E+03   0.10785E+07  -0.55619E+03   0.75777E+07  -0.13009E+04  -0.35695E-02
  1.113   3.303   -0.48570E+01   0.10799E+07  -0.55204E-01   0.75668E+07   0.33993E+02   0.44118E-02
  1.113   3.303    0.23530E+05  -0.11811E+04  -0.79725E+04   0.68183E+03  -0.14799E+06  -0.78733E-02
  1.113   3.303   -0.23530E+05  -0.11807E+04   0.79720E+04   0.68420E+03   0.14798E+06  -0.78736E-02
  1.113   3.303    0.23613E+05  -0.11787E+04   0.82649E+04   0.68228E+03  -0.15169E+06   0.79412E-02
  1.113   3.303    0.63884E+03   0.10789E+07   0.57048E+03   0.75695E+07   0.13224E+04  -0.29920E-02
  1.113   3.303   -0.48933E+02  -0.42096E+05   0.16267E+05  -0.25953E+06   0.18538E+04   0.36845E-03
  1.113   3.303   -0.23613E+05  -0.11788E+04  -0.82650E+04   0.68179E+03   0.15170E+06   0.79405E-02
  1.113   3.303    0.49100E+02  -0.42096E+05  -0.16267E+05  -0.25953E+06  -0.18539E+04   0.36908E-03
  1.113   3.303   -0.63097E+03   0.10789E+07  -0.57047E+03   0.75695E+07  -0.14065E+04  -0.29966E-02
  1.125   3.322    0.24399E+02   0.10819E+07  -0.37997E-01   0.75810E+07  -0.21589E+03   0.34283E-02
  1.125   3.322    0.23574E+05  -0.10094E+04  -0.79783E+04   0.88799E+03  -0.14823E+06  -0.78025E-02
  1.125   3.322   -0.23575E+05  -0.10101E+04   0.79793E+04   0.88145E+03   0.14824E+06  -0.78022E-02
  1.125   3.322    0.23749E+05  -0.10068E+04   0.82696E+04   0.88898E+03  -0.15203E+06   0.50012E-02
  1.125   3.322    0.52813E+03   0.10810E+07   0.56342E+03   0.75835E+07   0.15988E+04  -0.22634E-02
  1.125   3.322   -0.95108E+02  -0.42088E+05   0.16278E+05  -0.25982E+06   0.19033E+04   0.55340E-04
  1.125   3.322   -0.23748E+05  -0.10065E+04  -0.82689E+04   0.89214E+03   0.15202E+06   0.50019E-02
  1.125   3.322    0.95460E+02  -0.42088E+05  -0.16278E+05  -0.25982E+06  -0.19030E+04   0.57468E-04
  1.125   3.322   -0.55758E+03   0.10810E+07  -0.56341E+03   0.75835E+07  -0.13272E+04  -0.22720E-02
  1.137   3.340   -0.36867E+02   0.10833E+07  -0.98495E-01   0.75857E+07   0.30114E+03   0.23408E-02
  1.137   3.340    0.23567E+05  -0.84972E+03  -0.79893E+04   0.10670E+04  -0.14843E+06  -0.74254E-02
  1.137   3.340   -0.23565E+05  -0.84844E+03   0.79880E+04   0.10763E+04   0.14841E+06  -0.74261E-02
  1.137   3.340    0.23847E+05  -0.84631E+03   0.82805E+04   0.10744E+04  -0.15232E+06   0.24414E-02
  1.137   3.340    0.44903E+03   0.10825E+07   0.57302E+03   0.75881E+07   0.13511E+04  -0.14972E-02
  1.137   3.340   -0.14723E+03  -0.42014E+05   0.16299E+05  -0.26007E+06   0.19558E+04  -0.23522E-03
  1.137   3.340   -0.23849E+05  -0.84727E+03  -0.82814E+04   0.10692E+04   0.15233E+06   0.24426E-02
  1.137   3.340    0.14750E+03  -0.42014E+05  -0.16299E+05  -0.26007E+06  -0.19575E+04  -0.23599E-03
  1.137   3.340   -0.38862E+03   0.10825E+07  -0.57303E+03   0.75881E+07  -0.18242E+04  -0.15090E-02
  1.150   3.358   -0.37772E+02   0.10844E+07   0.50359E-01   0.75877E+07   0.31340E+03   0.12183E-02
  1.150   3.358    0.23514E+05  -0.70929E+03  -0.79951E+04   0.12274E+04  -0.14853E+06  -0.67574E-02
  1.150   3.358   -0.23512E+05  -0.70696E+03   0.79937E+04   0.12386E+04   0.14852E+06  -0.67611E-02
  1.150   3.358    0.23910E+05  -0.70589E+03   0.82877E+04   0.12333E+04  -0.15255E+06   0.38218E-03
  1.150   3.358    0.31312E+03   0.10839E+07   0.58340E+03   0.75910E+07   0.14524E+04  -0.77767E-03
  1.150   3.358   -0.20366E+03  -0.41892E+05   0.16313E+05  -0.26022E+06   0.20095E+04  -0.49232E-03
  1.150   3.358   -0.23914E+05  -0.70865E+03  -0.82889E+04   0.12245E+04   0.15256E+06   0.38701E-03
  1.150   3.358    0.20599E+03  -0.41892E+05  -0.16313E+05  -0.26022E+06  -0.20161E+04  -0.48630E-03
  1.150   3.358   -0.24699E+03   0.10839E+07  -0.58341E+03   0.75910E+07  -0.19889E+04  -0.75389E-03
  1.163   3.376   -0.27580E+02   0.10856E+07   0.26353E+00   0.75914E+07   0.21785E+03   0.12666E-03
  1.163   3.376    0.23430E+05  -0.58576E+03  -0.80024E+04   0.13736E+04  -0.14863E+06  -0.58558E-02
  1.163   3.376   -0.23429E+05  -0.58498E+03   0.80018E+04   0.13781E+04   0.14862E+06  -0.58559E-02
  1.163   3.376    0.23952E+05  -0.58140E+03   0.82932E+04   0.13875E+04  -0.15275E+06  -0.11417E-02
  1.163   3.376    0.16340E+03   0.10854E+07   0.56691E+03   0.75951E+07   0.16108E+04  -0.12257E-03
  1.163   3.376   -0.26631E+03  -0.41730E+05   0.16326E+05  -0.26031E+06   0.20716E+04  -0.69473E-03
  1.163   3.376   -0.23953E+05  -0.58219E+03  -0.82939E+04   0.13831E+04   0.15276E+06  -0.11408E-02
  1.163   3.376    0.26657E+03  -0.41730E+05  -0.16326E+05  -0.26031E+06  -0.20717E+04  -0.69313E-03
  1.163   3.376   -0.10250E+03   0.10854E+07  -0.56692E+03   0.75951E+07  -0.21065E+04  -0.63561E-04
  1.175   3.395   -0.12383E+02   0.10867E+07   0.95653E-01   0.75938E+07   0.81928E+02  -0.88445E-03
  1.175   3.395    0.23329E+05  -0.48268E+03  -0.80091E+04   0.14973E+04  -0.14869E+06  -0.47439E-02
  1.175   3.395   -0.23328E+05  -0.48196E+03   0.80085E+04   0.15028E+04   0.14868E+06  -0.47442E-02
  1.175   3.395    0.23980E+05  -0.47965E+03   0.83013E+04   0.15041E+04  -0.15294E+06  -0.21810E-02
  1.175   3.395   -0.10519E+02   0.10867E+07   0.56821E+03   0.75974E+07   0.19793E+04   0.50967E-03
  1.175   3.395   -0.33006E+03  -0.41567E+05   0.16340E+05  -0.26041E+06   0.21291E+04  -0.84542E-03
  1.175   3.395   -0.23981E+05  -0.47987E+03  -0.83016E+04   0.15021E+04   0.15294E+06  -0.21812E-02
  1.175   3.395    0.33026E+03  -0.41567E+05  -0.16340E+05  -0.26041E+06  -0.21311E+04  -0.84583E-03
  1.175   3.395    0.16288E+02   0.10867E+07  -0.56821E+03   0.75974E+07  -0.20045E+04   0.50190E-03
  1.188   3.413    0.49173E+01   0.10879E+07  -0.10104E+00   0.75971E+07  -0.47402E+02  -0.17769E-02
  1.188   3.413    0.23218E+05  -0.39662E+03  -0.80157E+04   0.16070E+04  -0.14875E+06  -0.34813E-02
  1.188   3.413   -0.23218E+05  -0.39667E+03   0.80159E+04   0.16070E+04   0.14875E+06  -0.34817E-02
  1.188   3.413    0.24003E+05  -0.39440E+03   0.83099E+04   0.16054E+04  -0.15313E+06  -0.28044E-02
  1.188   3.413   -0.17043E+03   0.10881E+07   0.57158E+03   0.76009E+07   0.22493E+04   0.10263E-02
  1.188   3.413   -0.39492E+03  -0.41407E+05   0.16355E+05  -0.26053E+06   0.21886E+04  -0.95304E-03
  1.188   3.413   -0.24002E+05  -0.39391E+03  -0.83093E+04   0.16091E+04   0.15313E+06  -0.28044E-02
  1.188   3.413    0.39427E+03  -0.41407E+05  -0.16355E+05  -0.26053E+06  -0.21875E+04  -0.94808E-03
  1.188   3.413    0.14139E+03   0.10881E+07  -0.57157E+03   0.76009E+07  -0.19892E+04   0.10214E-02
  1.200   3.430    0.27523E+02   0.10887E+07  -0.14798E+00   0.75985E+07  -0.24484E+03  -0.25307E-02
  1.200   3.430    0.23097E+05  -0.32393E+03  -0.80210E+04   0.17041E+04  -0.14878E+06  -0.21140E-02
  1.200   3.430   -0.23098E+05  -0.32470E+03   0.80217E+04   0.16985E+04   0.14878E+06  -0.21141E-02
  1.200   3.430    0.24011E+05  -0.32241E+03   0.83160E+04   0.16995E+04  -0.15328E+06  -0.31014E-02
  1.200   3.430   -0.30034E+03   0.10892E+07   0.57890E+03   0.76026E+07   0.23180E+04   0.14576E-02
  1.200   3.430   -0.45889E+03  -0.41238E+05   0.16367E+05  -0.26059E+06   0.22443E+04  -0.10202E-02
  1.200   3.430   -0.24010E+05  -0.32208E+03  -0.83156E+04   0.17001E+04   0.15327E+06  -0.31037E-02
  1.200   3.430    0.45828E+03  -0.41238E+05  -0.16367E+05  -0.26059E+06  -0.22420E+04  -0.10189E-02
  1.200   3.430    0.28198E+03   0.10892E+07  -0.57890E+03   0.76026E+07  -0.21545E+04   0.14657E-02
  1.213   3.448   -0.18755E+01   0.10898E+07   0.17402E-01   0.76017E+07   0.21906E+02  -0.31256E-02
  1.213   3.448    0.22974E+05  -0.26246E+03  -0.80279E+04   0.17852E+04  -0.14883E+06  -0.69175E-03
  1.213   3.448   -0.22974E+05  -0.26279E+03   0.80282E+04   0.17829E+04   0.14883E+06  -0.69081E-03
  1.213   3.448    0.24011E+05  -0.26022E+03   0.83218E+04   0.17859E+04  -0.15343E+06  -0.31679E-02
  1.213   3.448   -0.42032E+03   0.10905E+07   0.56794E+03   0.76056E+07   0.23755E+04   0.18287E-02
  1.213   3.448   -0.52079E+03  -0.41069E+05   0.16379E+05  -0.26068E+06   0.22967E+04  -0.10607E-02
  1.213   3.448   -0.24010E+05  -0.25923E+03  -0.83214E+04   0.17905E+04   0.15342E+06  -0.31686E-02
  1.213   3.448    0.51993E+03  -0.41069E+05  -0.16379E+05  -0.26068E+06  -0.22937E+04  -0.10644E-02
  1.213   3.448    0.41257E+03   0.10905E+07  -0.56794E+03   0.76056E+07  -0.23085E+04   0.18032E-02
  1.225   3.466    0.48083E+01   0.10908E+07  -0.15451E+00   0.76040E+07  -0.60646E+02  -0.35467E-02
  1.225   3.466    0.22845E+05  -0.20794E+03  -0.80347E+04   0.18606E+04  -0.14888E+06   0.71756E-03
  1.225   3.466   -0.22845E+05  -0.20778E+03   0.80344E+04   0.18630E+04   0.14888E+06   0.71733E-03
  1.225   3.466    0.23995E+05  -0.20457E+03   0.83278E+04   0.18673E+04  -0.15355E+06  -0.30975E-02
  1.225   3.466   -0.54300E+03   0.10917E+07   0.55979E+03   0.76085E+07   0.25798E+04   0.20743E-02
  1.225   3.466   -0.57666E+03  -0.40888E+05   0.16392E+05  -0.26075E+06   0.23396E+04  -0.10893E-02
  1.225   3.466   -0.23995E+05  -0.20449E+03  -0.83275E+04   0.18698E+04   0.15355E+06  -0.30966E-02
  1.225   3.466    0.57714E+03  -0.40889E+05  -0.16392E+05  -0.26075E+06  -0.23408E+04  -0.10888E-02
  1.225   3.466    0.51228E+03   0.10917E+07  -0.55978E+03   0.76085E+07  -0.22845E+04   0.21044E-02
  1.238   3.484    0.28311E+02   0.10916E+07   0.12453E+00   0.76062E+07  -0.24843E+03  -0.37762E-02
  1.238   3.484    0.22709E+05  -0.15607E+03  -0.80401E+04   0.19372E+04  -0.14891E+06   0.20610E-02
  1.238   3.484   -0.22710E+05  -0.15676E+03   0.80408E+04   0.19330E+04   0.14891E+06   0.20613E-02
  1.238   3.484    0.23953E+05  -0.15427E+03   0.83353E+04   0.19357E+04  -0.15366E+06  -0.29570E-02
  1.238   3.484   -0.64396E+03   0.10927E+07   0.58257E+03   0.76109E+07   0.27270E+04   0.22598E-02
  1.238   3.484   -0.62283E+03  -0.40682E+05   0.16405E+05  -0.26080E+06   0.23733E+04  -0.10971E-02
  1.238   3.484   -0.23952E+05  -0.15369E+03  -0.83345E+04   0.19385E+04   0.15366E+06  -0.29570E-02
  1.238   3.484    0.62270E+03  -0.40682E+05  -0.16405E+05  -0.26080E+06  -0.23737E+04  -0.10988E-02
  1.238   3.484    0.59326E+03   0.10927E+07  -0.58256E+03   0.76109E+07  -0.22761E+04   0.22939E-02
  1.250   3.501    0.54285E+01   0.10925E+07   0.18136E+00   0.76090E+07  -0.50745E+02  -0.37976E-02
  1.250   3.501    0.22562E+05  -0.10106E+03  -0.80464E+04   0.20112E+04  -0.14893E+06   0.32920E-02
  1.250   3.501   -0.22562E+05  -0.10064E+03   0.80466E+04   0.20120E+04   0.14894E+06   0.32928E-02
  1.250   3.501    0.23849E+05  -0.96875E+02   0.83399E+04   0.20189E+04  -0.15369E+06  -0.28206E-02
  1.250   3.501   -0.68619E+03   0.10936E+07   0.56689E+03   0.76133E+07   0.26252E+04   0.23586E-02
  1.250   3.501   -0.64512E+03  -0.40407E+05   0.16416E+05  -0.26076E+06   0.23832E+04  -0.10761E-02
  1.250   3.501   -0.23849E+05  -0.97615E+02  -0.83396E+04   0.20180E+04   0.15369E+06  -0.28218E-02
  1.250   3.501    0.64666E+03  -0.40407E+05  -0.16416E+05  -0.26076E+06  -0.23886E+04  -0.10761E-02
  1.250   3.501    0.66895E+03   0.10936E+07  -0.56688E+03   0.76133E+07  -0.24566E+04   0.23845E-02
