  0.000   0.000    0.26145E+06   0.48033E-11   0.32166E+03   0.13051E-09  -0.13193E+07   0.95589E-13
  0.000   0.000   -0.10912E+05   0.13113E+05   0.49404E+04   0.63232E+05   0.51736E+05  -0.28693E-03
  0.000   0.000   -0.10912E+05  -0.13113E+05   0.49404E+04  -0.63232E+05   0.51736E+05   0.28693E-03
  0.000   0.000   -0.10912E+05   0.12379E+05  -0.49136E+04   0.59806E+05   0.51690E+05   0.29204E-03
  0.000   0.000    0.26109E+06  -0.20764E+03  -0.16083E+03  -0.93115E+03  -0.13177E+07   0.71887E-05
  0.000   0.000    0.11198E+05   0.36692E+03  -0.27113E+02   0.17525E+04  -0.55003E+05   0.55295E-03
  0.000   0.000   -0.10912E+05  -0.12379E+05  -0.49136E+04  -0.59806E+05   0.51690E+05  -0.29204E-03
  0.000   0.000    0.11198E+05  -0.36692E+03  -0.27113E+02  -0.17525E+04  -0.55003E+05  -0.55295E-03
  0.000   0.000    0.26109E+06   0.20764E+03  -0.16083E+03   0.93115E+03  -0.13177E+07  -0.71887E-05
 -1.000  -1.000    0.19573E+06  -0.46541E-12   0.11586E+03   0.11715E-09  -0.11257E+07   0.16730E-13
 -1.000  -1.000   -0.46750E+04   0.41563E+04   0.22465E+04   0.26331E+05   0.29337E+05  -0.18840E-03
 -1.000  -1.000   -0.46750E+04  -0.41563E+04   0.22465E+04  -0.26331E+05   0.29337E+05   0.18840E-03
 -1.000  -1.000   -0.46750E+04   0.40295E+04  -0.22181E+04   0.25525E+05   0.29333E+05   0.19052E-03
 -1.000  -1.000    0.19561E+06  -0.67336E+02  -0.57932E+02  -0.42519E+03  -0.11249E+07   0.44958E-05
 -1.000  -1.000    0.24246E+04   0.63393E+02  -0.28482E+02   0.40600E+03  -0.15640E+05   0.26370E-03
 -1.000  -1.000   -0.46750E+04  -0.40295E+04  -0.22181E+04  -0.25525E+05   0.29333E+05  -0.19052E-03
 -1.000  -1.000    0.24246E+04  -0.63393E+02  -0.28482E+02  -0.40600E+03  -0.15640E+05  -0.26370E-03
 -1.000  -1.000    0.19561E+06   0.67336E+02  -0.57932E+02   0.42519E+03  -0.11249E+07  -0.44958E-05
  0.013   0.333    0.26540E+06  -0.50396E-01   0.32163E+03  -0.22164E+00  -0.13340E+07  -0.17693E-08
  0.013   0.333   -0.10805E+05   0.13953E+05   0.54307E+04   0.66605E+05   0.50580E+05  -0.29034E-03
  0.013   0.333   -0.10805E+05  -0.13953E+05   0.54307E+04  -0.66605E+05   0.50580E+05   0.29033E-03
  0.013   0.333   -0.10805E+05   0.13160E+05  -0.54255E+04   0.62952E+05   0.50524E+05   0.29467E-03
  0.013   0.333    0.26509E+06  -0.17814E+03  -0.16082E+03  -0.76906E+03  -0.13326E+07   0.59204E-05
  0.013   0.333    0.12711E+05   0.39673E+03  -0.55221E+01   0.18757E+04  -0.61818E+05   0.57021E-03
  0.013   0.333   -0.10805E+05  -0.13160E+05  -0.54255E+04  -0.62952E+05   0.50524E+05  -0.29466E-03
  0.013   0.333    0.12711E+05  -0.39674E+03  -0.55283E+01  -0.18757E+04  -0.61818E+05  -0.57021E-03
  0.013   0.333    0.26509E+06   0.17823E+03  -0.16082E+03   0.76954E+03  -0.13326E+07  -0.59203E-05
  0.025   0.494    0.27242E+06   0.89043E-02   0.33497E+03  -0.19266E+00  -0.13625E+07   0.15467E-08
  0.025   0.494   -0.10442E+05   0.15243E+05   0.62155E+04   0.71835E+05   0.48056E+05  -0.29761E-03
  0.025   0.494   -0.10442E+05  -0.15243E+05   0.62155E+04  -0.71835E+05   0.48056E+05   0.29760E-03
  0.025   0.494   -0.10442E+05   0.14372E+05  -0.62404E+04   0.67899E+05   0.47982E+05   0.30036E-03
  0.025   0.494    0.27224E+06  -0.10530E+03  -0.16752E+03  -0.39714E+03  -0.13618E+07   0.35855E-05
  0.025   0.494    0.15245E+05   0.43564E+03   0.24439E+02   0.20326E+04  -0.73179E+05   0.59935E-03
  0.025   0.494   -0.10442E+05  -0.14372E+05  -0.62404E+04  -0.67899E+05   0.47982E+05  -0.30035E-03
  0.025   0.494    0.15245E+05  -0.43562E+03   0.24447E+02  -0.20325E+04  -0.73179E+05  -0.59935E-03
  0.025   0.494    0.27224E+06   0.10525E+03  -0.16747E+03   0.39737E+03  -0.13618E+07  -0.35852E-05
  0.038   0.606    0.27871E+06   0.12761E+00   0.41068E+03   0.72707E+00  -0.13862E+07  -0.30784E-09
  0.038   0.606   -0.10455E+05   0.16758E+05   0.68837E+04   0.77962E+05   0.47494E+05  -0.30220E-03
  0.038   0.606   -0.10455E+05  -0.16758E+05   0.68837E+04  -0.77962E+05   0.47494E+05   0.30220E-03
  0.038   0.606   -0.10455E+05   0.15807E+05  -0.69088E+04   0.73747E+05   0.47406E+05   0.30366E-03
  0.038   0.606    0.27868E+06  -0.18652E+02  -0.20538E+03   0.27603E+02  -0.13863E+07   0.97373E-06
  0.038   0.606    0.17791E+05   0.47549E+03   0.24499E+02   0.21850E+04  -0.84136E+05   0.62595E-03
  0.038   0.606   -0.10455E+05  -0.15807E+05  -0.69088E+04  -0.73747E+05   0.47406E+05  -0.30366E-03
  0.038   0.606    0.17791E+05  -0.47542E+03   0.24522E+02  -0.21847E+04  -0.84136E+05  -0.62595E-03
  0.038   0.606    0.27868E+06   0.18422E+02  -0.20530E+03  -0.28903E+02  -0.13863E+07  -0.97367E-06
  0.050   0.700    0.28536E+06   0.29277E+00   0.59061E+03   0.21690E+01  -0.14103E+07   0.73691E-08
  0.050   0.700   -0.11550E+05   0.18683E+05   0.72743E+04   0.85723E+05   0.52070E+05  -0.30552E-03
  0.050   0.700   -0.11550E+05  -0.18683E+05   0.72743E+04  -0.85723E+05   0.52070E+05   0.30556E-03
  0.050   0.700   -0.11550E+05   0.17616E+05  -0.72412E+04   0.81068E+05   0.51976E+05   0.30706E-03
  0.050   0.700    0.28543E+06   0.35531E+02  -0.29530E+03   0.28640E+03  -0.14109E+07  -0.31762E-06
  0.050   0.700    0.19934E+05   0.53396E+03  -0.33795E+02   0.24104E+04  -0.92648E+05   0.65546E-03
  0.050   0.700   -0.11550E+05  -0.17616E+05  -0.72412E+04  -0.81069E+05   0.51976E+05  -0.30708E-03
  0.050   0.700    0.19934E+05  -0.53395E+03  -0.33785E+02  -0.24104E+04  -0.92648E+05  -0.65546E-03
  0.050   0.700    0.28543E+06  -0.35960E+02  -0.29534E+03  -0.28926E+03  -0.14109E+07   0.31592E-06
  0.062   0.783    0.29207E+06   0.49396E+00   0.88776E+03   0.24020E+01  -0.14335E+07  -0.20867E-08
  0.062   0.783   -0.14309E+05   0.21113E+05   0.72941E+04   0.95432E+05   0.64135E+05  -0.30619E-03
  0.062   0.783   -0.14309E+05  -0.21113E+05   0.72941E+04  -0.95432E+05   0.64135E+05   0.30617E-03
  0.062   0.783   -0.14309E+05   0.19817E+05  -0.71268E+04   0.89839E+05   0.64048E+05   0.31031E-03
  0.062   0.783    0.29201E+06  -0.34587E+02  -0.44387E+03  -0.33996E+02  -0.14334E+07  -0.35367E-06
  0.062   0.783    0.21194E+05   0.64839E+03  -0.16811E+03   0.28736E+04  -0.96611E+05   0.68737E-03
  0.062   0.783   -0.14309E+05  -0.19817E+05  -0.71268E+04  -0.89840E+05   0.64048E+05  -0.31034E-03
  0.062   0.783    0.21194E+05  -0.64843E+03  -0.16809E+03  -0.28738E+04  -0.96611E+05  -0.68736E-03
  0.062   0.783    0.29201E+06   0.33905E+02  -0.44393E+03   0.29665E+02  -0.14334E+07   0.35248E-06
  0.075   0.858    0.29854E+06  -0.19600E+00   0.12539E+04  -0.84479E+00  -0.14528E+07  -0.25952E-08
  0.075   0.858   -0.19049E+05   0.24109E+05   0.69226E+04   0.10716E+06   0.84563E+05  -0.30272E-03
  0.075   0.858   -0.19049E+05  -0.24109E+05   0.69226E+04  -0.10716E+06   0.84564E+05   0.30279E-03
  0.075   0.858   -0.19049E+05   0.22338E+05  -0.65564E+04   0.99561E+05   0.84498E+05   0.31295E-03
  0.075   0.858    0.29789E+06  -0.37256E+03  -0.62705E+03  -0.15429E+04  -0.14501E+07   0.32182E-05
  0.075   0.858    0.21239E+05   0.88590E+03  -0.36688E+03   0.38591E+04  -0.94778E+05   0.72078E-03
  0.075   0.858   -0.19049E+05  -0.22338E+05  -0.65564E+04  -0.99561E+05   0.84498E+05  -0.31294E-03
  0.075   0.858    0.21239E+05  -0.88587E+03  -0.36689E+03  -0.38589E+04  -0.94778E+05  -0.72078E-03
  0.075   0.858    0.29789E+06   0.37311E+03  -0.62690E+03   0.15460E+04  -0.14501E+07  -0.32210E-05
  0.088   0.926    0.30558E+06   0.44549E-01   0.15786E+04   0.13801E+01  -0.14748E+07  -0.51277E-08
  0.088   0.926   -0.25725E+05   0.27702E+05   0.61903E+04   0.12095E+06   0.11259E+06  -0.29533E-03
  0.088   0.926   -0.25725E+05  -0.27702E+05   0.61903E+04  -0.12095E+06   0.11259E+06   0.29538E-03
  0.088   0.926   -0.25725E+05   0.25022E+05  -0.56062E+04   0.10952E+06   0.11256E+06   0.31564E-03
  0.088   0.926    0.30358E+06  -0.11559E+04  -0.78937E+03  -0.49460E+04  -0.14662E+07   0.85536E-05
  0.088   0.926    0.20008E+05   0.13409E+04  -0.58449E+03   0.57498E+04  -0.87331E+05   0.75811E-03
  0.088   0.926   -0.25725E+05  -0.25022E+05  -0.56062E+04  -0.10952E+06   0.11256E+06  -0.31567E-03
  0.088   0.926    0.20008E+05  -0.13410E+04  -0.58448E+03  -0.57501E+04  -0.87331E+05  -0.75812E-03
  0.088   0.926    0.30358E+06   0.11557E+04  -0.78928E+03   0.49429E+04  -0.14662E+07  -0.85571E-05
  0.100   0.990    0.31330E+06  -0.27315E+00   0.17174E+04  -0.13787E+01  -0.14995E+07  -0.22314E-07
  0.100   0.990   -0.33878E+05   0.31785E+05   0.51434E+04   0.13617E+06   0.14566E+06  -0.28386E-03
  0.100   0.990   -0.33878E+05  -0.31785E+05   0.51434E+04  -0.13617E+06   0.14566E+06   0.28381E-03
  0.100   0.990   -0.33878E+05   0.27580E+05  -0.43928E+04   0.11842E+06   0.14566E+06   0.31830E-03
  0.100   0.990    0.30892E+06  -0.25270E+04  -0.85874E+03  -0.10721E+05  -0.14809E+07   0.17841E-04
  0.100   0.990    0.17615E+05   0.21033E+04  -0.75047E+03   0.88723E+04  -0.75173E+05   0.80021E-03
  0.100   0.990   -0.33878E+05  -0.27580E+05  -0.43928E+04  -0.11842E+06   0.14566E+06  -0.31823E-03
  0.100   0.990    0.17615E+05  -0.21034E+04  -0.75048E+03  -0.88727E+04  -0.75173E+05  -0.80020E-03
  0.100   0.990    0.30892E+06   0.25275E+04  -0.85883E+03   0.10724E+05  -0.14809E+07  -0.17833E-04
  0.113   1.050    0.32056E+06   0.59021E-02   0.15327E+04  -0.88044E-01  -0.15188E+07  -0.73045E-08
  0.113   1.050   -0.42572E+05   0.35898E+05   0.38166E+04   0.15063E+06   0.17927E+06  -0.26714E-03
  0.113   1.050   -0.42572E+05  -0.35898E+05   0.38166E+04  -0.15063E+06   0.17927E+06   0.26720E-03
  0.113   1.050   -0.42572E+05   0.29569E+05  -0.30288E+04   0.12436E+06   0.17931E+06   0.31861E-03
  0.113   1.050    0.31282E+06  -0.44681E+04  -0.76641E+03  -0.18614E+05  -0.14865E+07   0.30241E-04
  0.113   1.050    0.14211E+05   0.31650E+04  -0.78709E+03   0.13097E+05  -0.59230E+05   0.84387E-03
  0.113   1.050   -0.42572E+05  -0.29569E+05  -0.30287E+04  -0.12436E+06   0.17931E+06  -0.31862E-03
  0.113   1.050    0.14211E+05  -0.31650E+04  -0.78707E+03  -0.13097E+05  -0.59230E+05  -0.84388E-03
  0.113   1.050    0.31282E+06   0.44680E+04  -0.76638E+03   0.18615E+05  -0.14865E+07  -0.30246E-04
  0.125   1.107    0.32730E+06  -0.11461E+01   0.93574E+03  -0.49895E+01  -0.15365E+07   0.25711E-07
  0.125   1.107   -0.50453E+05   0.39010E+05   0.22350E+04   0.16027E+06   0.20789E+06  -0.24808E-03
  0.125   1.107   -0.50453E+05  -0.39010E+05   0.22350E+04  -0.16027E+06   0.20789E+06   0.24796E-03
  0.125   1.107   -0.50453E+05   0.30506E+05  -0.16019E+04   0.12567E+06   0.20797E+06   0.31826E-03
  0.125   1.107    0.31586E+06  -0.66006E+04  -0.46786E+03  -0.26921E+05  -0.14898E+07   0.42041E-04
  0.125   1.107    0.98365E+04   0.42508E+04  -0.63151E+03   0.17225E+05  -0.40057E+05   0.89407E-03
  0.125   1.107   -0.50453E+05  -0.30506E+05  -0.16019E+04  -0.12567E+06   0.20797E+06  -0.31823E-03
  0.125   1.107    0.98365E+04  -0.42509E+04  -0.63157E+03  -0.17225E+05  -0.40057E+05  -0.89405E-03
  0.125   1.107    0.31586E+06   0.66026E+04  -0.46787E+03   0.26928E+05  -0.14898E+07  -0.42025E-04
  0.138   1.161    0.32926E+06   0.94595E-01  -0.55437E+02  -0.32766E+00  -0.15311E+07   0.25459E-07
  0.138   1.161   -0.55400E+05   0.38954E+05   0.46378E+03   0.15653E+06   0.22306E+06  -0.22767E-03
  0.138   1.161   -0.55400E+05  -0.38954E+05   0.46378E+03  -0.15653E+06   0.22306E+06   0.22770E-03
  0.138   1.161   -0.55400E+05   0.29755E+05  -0.19270E+03   0.11996E+06   0.22317E+06   0.31376E-03
  0.138   1.161    0.31547E+06  -0.79561E+04   0.27796E+02  -0.31681E+05  -0.14762E+07   0.59687E-04
  0.138   1.161    0.41787E+04   0.45954E+04  -0.26877E+03   0.18174E+05  -0.16634E+05   0.94164E-03
  0.138   1.161   -0.55400E+05  -0.29755E+05  -0.19271E+03  -0.11996E+06   0.22317E+06  -0.31375E-03
  0.138   1.161    0.41787E+04  -0.45955E+04  -0.26878E+03  -0.18174E+05  -0.16634E+05  -0.94164E-03
  0.138   1.161    0.31547E+06   0.79559E+04   0.27804E+02   0.31682E+05  -0.14762E+07  -0.59696E-04
  0.150   1.213    0.32492E+06   0.97071E-01  -0.12416E+04   0.61570E+00  -0.15048E+07   0.15103E-07
  0.150   1.213   -0.55199E+05   0.33030E+05  -0.13015E+04   0.13014E+06   0.21746E+06  -0.21489E-03
  0.150   1.213   -0.55199E+05  -0.33030E+05  -0.13015E+04  -0.13014E+06   0.21746E+06   0.21483E-03
  0.150   1.213   -0.55200E+05   0.26877E+05   0.10788E+04   0.10626E+06   0.21760E+06   0.30889E-03
  0.150   1.213    0.31255E+06  -0.71330E+04   0.62099E+03  -0.27726E+05  -0.14567E+07   0.79327E-04
  0.150   1.213   -0.32697E+04   0.30689E+04   0.22527E+03   0.11795E+05   0.12609E+05   0.99386E-03
  0.150   1.213   -0.55200E+05  -0.26877E+05   0.10788E+04  -0.10626E+06   0.21760E+06  -0.30890E-03
  0.150   1.213   -0.32697E+04  -0.30688E+04   0.22527E+03  -0.11795E+05   0.12609E+05  -0.99385E-03
  0.150   1.213    0.31255E+06   0.71328E+04   0.62094E+03   0.27725E+05  -0.14567E+07  -0.79316E-04
  0.163   1.262    0.30963E+06   0.40702E+00  -0.22375E+04  -0.43541E+01  -0.14335E+07   0.43038E-07
  0.163   1.262   -0.48269E+05   0.19598E+05  -0.27071E+04   0.76237E+05   0.18608E+06  -0.21332E-03
  0.163   1.262   -0.48269E+05  -0.19598E+05  -0.27071E+04  -0.76237E+05   0.18608E+06   0.21309E-03
  0.163   1.262   -0.48269E+05   0.21490E+05   0.20345E+04   0.83474E+05   0.18623E+06   0.30001E-03
  0.163   1.262    0.30406E+06  -0.32064E+04   0.11190E+04  -0.12104E+05  -0.14124E+07   0.11034E-03
  0.163   1.262   -0.12671E+05  -0.95774E+03   0.67479E+03  -0.37850E+04   0.47779E+05   0.10341E-02
  0.163   1.262   -0.48269E+05  -0.21490E+05   0.20345E+04  -0.83474E+05   0.18623E+06  -0.30019E-03
  0.163   1.262   -0.12671E+05   0.95739E+03   0.67478E+03   0.37832E+04   0.47779E+05  -0.10342E-02
  0.163   1.262    0.30406E+06   0.32060E+04   0.11189E+04   0.12115E+05  -0.14124E+07  -0.11030E-03
  0.175   1.310    0.28720E+06  -0.51078E+00  -0.26797E+04  -0.47746E+01  -0.13434E+07  -0.29033E-07
  0.175   1.310   -0.35826E+05   0.10293E+04  -0.34281E+04   0.60382E+04   0.13595E+06  -0.22711E-03
  0.175   1.310   -0.35826E+05  -0.10292E+04  -0.34281E+04  -0.60383E+04   0.13595E+06   0.22720E-03
  0.175   1.310   -0.35826E+05   0.13728E+05   0.25262E+04   0.53081E+05   0.13609E+06   0.29080E-03
  0.175   1.310    0.29221E+06   0.28988E+04   0.13401E+04   0.10803E+05  -0.13621E+07   0.13657E-03
  0.175   1.310   -0.23065E+05  -0.63619E+04   0.90325E+03  -0.23690E+05   0.84887E+05   0.10657E-02
  0.175   1.310   -0.35826E+05  -0.13728E+05   0.25262E+04  -0.53081E+05   0.13609E+06  -0.29079E-03
  0.175   1.310   -0.23065E+05   0.63618E+04   0.90324E+03   0.23690E+05   0.84887E+05  -0.10657E-02
  0.175   1.310    0.29221E+06  -0.28980E+04   0.13399E+04  -0.10795E+05  -0.13621E+07  -0.13660E-03
  0.188   1.356    0.26301E+06  -0.53956E-01  -0.25086E+04  -0.82933E+00  -0.12486E+07  -0.31504E-07
  0.188   1.356   -0.21071E+05  -0.17323E+05  -0.34385E+04  -0.59892E+05   0.79711E+05  -0.25387E-03
  0.188   1.356   -0.21071E+05   0.17324E+05  -0.34385E+04   0.59893E+05   0.79711E+05   0.25383E-03
  0.188   1.356   -0.21070E+05   0.40874E+04   0.25653E+04   0.17331E+05   0.79841E+05   0.28275E-03
  0.188   1.356    0.27823E+06   0.87868E+04   0.12545E+04   0.31774E+05  -0.13036E+07   0.16913E-03
  0.188   1.356   -0.32577E+05  -0.10716E+05   0.87368E+03  -0.38765E+05   0.11679E+06   0.10840E-02
  0.188   1.356   -0.21071E+05  -0.40877E+04   0.25653E+04  -0.17332E+05   0.79844E+05  -0.28271E-03
  0.188   1.356   -0.32576E+05   0.10716E+05   0.87361E+03   0.38762E+05   0.11678E+06  -0.10840E-02
  0.188   1.356    0.27823E+06  -0.87861E+04   0.12543E+04  -0.31767E+05  -0.13036E+07  -0.16910E-03
  0.200   1.400    0.24322E+06   0.68179E+00  -0.19553E+04   0.42697E+01  -0.11742E+07   0.14838E-07
  0.200   1.400   -0.69658E+04  -0.31174E+05  -0.29926E+04  -0.10657E+06   0.28580E+05  -0.28981E-03
  0.200   1.400   -0.69657E+04   0.31174E+05  -0.29925E+04   0.10657E+06   0.28580E+05   0.28995E-03
  0.200   1.400   -0.69656E+04  -0.65605E+04   0.23071E+04  -0.20138E+05   0.28696E+05   0.28135E-03
  0.200   1.400    0.26498E+06   0.12561E+05   0.97762E+03   0.44221E+05  -0.12509E+07   0.19831E-03
  0.200   1.400   -0.39702E+05  -0.12313E+05   0.68513E+03  -0.43341E+05   0.13857E+06   0.10951E-02
  0.200   1.400   -0.69659E+04   0.65605E+04   0.23071E+04   0.20137E+05   0.28697E+05  -0.28146E-03
  0.200   1.400   -0.39702E+05   0.12313E+05   0.68511E+03   0.43340E+05   0.13857E+06  -0.10952E-02
  0.200   1.400    0.26498E+06  -0.12562E+05   0.97754E+03  -0.44224E+05  -0.12509E+07  -0.19837E-03
  0.213   1.444    0.22931E+06  -0.44208E+00  -0.12924E+04  -0.17811E+01  -0.11253E+07  -0.55931E-07
  0.213   1.444    0.52784E+04  -0.39402E+05  -0.23778E+04  -0.13158E+06  -0.13583E+05  -0.33299E-03
  0.213   1.444    0.52784E+04   0.39402E+05  -0.23778E+04   0.13158E+06  -0.13583E+05   0.33252E-03
  0.213   1.444    0.52784E+04  -0.17220E+05   0.19221E+04  -0.55730E+05  -0.13485E+05   0.29073E-03
  0.213   1.444    0.25321E+06   0.13791E+05   0.64612E+03   0.47307E+05  -0.12073E+07   0.22164E-03
  0.213   1.444   -0.43821E+05  -0.11092E+05   0.45495E+03  -0.38012E+05   0.14889E+06   0.10964E-02
  0.213   1.444    0.52784E+04   0.17220E+05   0.19221E+04   0.55731E+05  -0.13485E+05  -0.29044E-03
  0.213   1.444   -0.43821E+05   0.11092E+05   0.45494E+03   0.38012E+05   0.14889E+06  -0.10963E-02
  0.213   1.444    0.25321E+06  -0.13791E+05   0.64600E+03  -0.47307E+05  -0.12073E+07  -0.22151E-03
  0.225   1.485    0.22079E+06   0.70231E+00  -0.68645E+03   0.40514E+01  -0.10962E+07   0.48346E-08
  0.225   1.485    0.15674E+05  -0.42990E+05  -0.17701E+04  -0.13966E+06  -0.47413E+05  -0.38307E-03
  0.225   1.485    0.15674E+05   0.42990E+05  -0.17701E+04   0.13966E+06  -0.47413E+05   0.38311E-03
  0.225   1.485    0.15674E+05  -0.26940E+05   0.15193E+04  -0.86305E+05  -0.47335E+05   0.31669E-03
  0.225   1.485    0.24327E+06   0.12962E+05   0.34296E+03   0.43299E+05  -0.11713E+07   0.23008E-03
  0.225   1.485   -0.44952E+05  -0.80205E+04   0.24981E+03  -0.26729E+05   0.14853E+06   0.10859E-02
  0.225   1.485    0.15674E+05   0.26940E+05   0.15193E+04   0.86306E+05  -0.47335E+05  -0.31683E-03
  0.225   1.485   -0.44952E+05   0.80204E+04   0.24983E+03   0.26729E+05   0.14853E+06  -0.10859E-02
  0.225   1.485    0.24327E+06  -0.12964E+05   0.34313E+03  -0.43311E+05  -0.11713E+07  -0.23012E-03
  0.238   1.526    0.21673E+06   0.13716E+01  -0.20028E+03   0.10307E+02  -0.10832E+07   0.37293E-07
  0.238   1.526    0.24691E+05  -0.43467E+05  -0.12392E+04  -0.13711E+06  -0.75001E+05  -0.44633E-03
  0.238   1.526    0.24691E+05   0.43467E+05  -0.12392E+04   0.13711E+06  -0.75000E+05   0.44616E-03
  0.238   1.526    0.24692E+05  -0.34985E+05   0.11481E+04  -0.10981E+06  -0.74943E+05   0.36722E-03
  0.238   1.526    0.23535E+06   0.10735E+05   0.99841E+02   0.34915E+05  -0.11438E+07   0.22558E-03
  0.238   1.526   -0.43316E+05  -0.42320E+04   0.90115E+02  -0.13672E+05   0.13907E+06   0.10654E-02
  0.238   1.526    0.24691E+05   0.34985E+05   0.11481E+04   0.10981E+06  -0.74943E+05  -0.36708E-03
  0.238   1.526   -0.43316E+05   0.42319E+04   0.90155E+02   0.13672E+05   0.13907E+06  -0.10654E-02
  0.238   1.526    0.23535E+06  -0.10738E+05   0.10014E+03  -0.34936E+05  -0.11438E+07  -0.22553E-03
  0.250   1.566    0.21600E+06  -0.17379E-02   0.15939E+03  -0.10398E+01  -0.10817E+07   0.57186E-07
  0.250   1.566    0.32822E+05  -0.42081E+05  -0.79722E+03  -0.12866E+06  -0.98312E+05  -0.52670E-03
  0.250   1.566    0.32822E+05   0.42081E+05  -0.79722E+03   0.12866E+06  -0.98313E+05   0.52692E-03
  0.250   1.566    0.32822E+05  -0.40876E+05   0.82257E+03  -0.12518E+06  -0.98274E+05   0.44714E-03
  0.250   1.566    0.22922E+06   0.76152E+04  -0.79786E+02   0.24103E+05  -0.11235E+07   0.19774E-03
  0.250   1.566   -0.39088E+05  -0.58990E+03  -0.26259E+02  -0.17365E+04   0.12174E+06   0.10335E-02
  0.250   1.566    0.32822E+05   0.40876E+05   0.82257E+03   0.12518E+06  -0.98273E+05  -0.44720E-03
  0.250   1.566   -0.39088E+05   0.58959E+03  -0.26253E+02   0.17355E+04   0.12174E+06  -0.10335E-02
  0.250   1.566    0.22922E+06  -0.76152E+04  -0.79824E+02  -0.24102E+05  -0.11235E+07  -0.19775E-03
  0.263   1.604    0.21750E+06   0.16635E+00   0.40731E+03  -0.12123E+01  -0.10861E+07  -0.25176E-07
  0.263   1.604    0.40420E+05  -0.39644E+05  -0.43338E+03  -0.11721E+06  -0.11864E+06  -0.62976E-03
  0.263   1.604    0.40420E+05   0.39644E+05  -0.43338E+03   0.11721E+06  -0.11864E+06   0.63004E-03
  0.263   1.604    0.40420E+05  -0.44392E+05   0.54052E+03  -0.13223E+06  -0.11861E+06   0.56009E-03
  0.263   1.604    0.22438E+06   0.39604E+04  -0.20348E+03   0.12148E+05  -0.11072E+07   0.14414E-03
  0.263   1.604   -0.32423E+05   0.23900E+04  -0.10792E+03   0.75384E+04   0.97583E+05   0.98897E-03
  0.263   1.604    0.40420E+05   0.44392E+05   0.54050E+03   0.13223E+06  -0.11861E+06  -0.56015E-03
  0.263   1.604   -0.32423E+05  -0.23905E+04  -0.10796E+03  -0.75403E+04   0.97583E+05  -0.98895E-03
  0.263   1.604    0.22438E+06  -0.39609E+04  -0.20390E+03  -0.12147E+05  -0.11072E+07  -0.14410E-03
  0.275   1.642    0.22107E+06   0.91799E+00   0.56198E+03   0.85473E+01  -0.10983E+07   0.67581E-08
  0.275   1.642    0.47733E+05  -0.36674E+05  -0.13100E+03  -0.10477E+06  -0.13711E+06  -0.76672E-03
  0.275   1.642    0.47733E+05   0.36674E+05  -0.13098E+03   0.10477E+06  -0.13711E+06   0.76646E-03
  0.275   1.642    0.47733E+05  -0.45642E+05   0.29324E+03  -0.13212E+06  -0.13711E+06   0.70991E-03
  0.275   1.642    0.22126E+06   0.99040E+02  -0.28095E+03   0.17157E+03  -0.10986E+07   0.62014E-04
  0.275   1.642   -0.23621E+05   0.45035E+04  -0.16296E+03   0.13731E+05   0.68231E+05   0.94060E-03
  0.275   1.642    0.47733E+05   0.45642E+05   0.29323E+03   0.13212E+06  -0.13711E+06  -0.70970E-03
  0.275   1.642   -0.23621E+05  -0.45034E+04  -0.16295E+03  -0.13730E+05   0.68231E+05  -0.94064E-03
  0.275   1.642    0.22126E+06  -0.10054E+03  -0.28103E+03  -0.18580E+03  -0.10986E+07  -0.62077E-04
  0.288   1.679    0.22516E+06   0.89742E-01   0.63962E+03   0.24205E+00  -0.11095E+07   0.11530E-07
  0.288   1.679    0.54656E+05  -0.33331E+05   0.12618E+03  -0.91652E+05  -0.15323E+06  -0.93921E-03
  0.288   1.679    0.54656E+05   0.33331E+05   0.12619E+03   0.91652E+05  -0.15323E+06   0.93919E-03
  0.288   1.679    0.54656E+05  -0.44814E+05   0.69913E+02  -0.12566E+06  -0.15324E+06   0.88767E-03
  0.288   1.679    0.21891E+06  -0.36083E+04  -0.31988E+03  -0.10735E+05  -0.10910E+07  -0.57716E-04
  0.288   1.679   -0.13088E+05   0.57634E+04  -0.19664E+03   0.17075E+05   0.35146E+05   0.88700E-03
  0.288   1.679    0.54656E+05   0.44814E+05   0.69923E+02   0.12566E+06  -0.15324E+06  -0.88763E-03
  0.288   1.679   -0.13088E+05  -0.57635E+04  -0.19664E+03  -0.17076E+05   0.35146E+05  -0.88699E-03
  0.288   1.679    0.21891E+06   0.36087E+04  -0.31961E+03   0.10740E+05  -0.10910E+07   0.57729E-04
  0.300   1.715    0.22956E+06   0.15590E-01   0.65209E+03  -0.63485E+00  -0.11231E+07   0.20357E-07
  0.300   1.715    0.60884E+05  -0.29728E+05   0.35184E+03  -0.78508E+05  -0.16664E+06  -0.11585E-02
  0.300   1.715    0.60885E+05   0.29728E+05   0.35183E+03   0.78508E+05  -0.16664E+06   0.11586E-02
  0.300   1.715    0.60885E+05  -0.42334E+05  -0.14055E+03  -0.11486E+06  -0.16667E+06   0.10914E-02
  0.300   1.715    0.21787E+06  -0.67458E+04  -0.32584E+03  -0.19471E+05  -0.10893E+07  -0.21098E-03
  0.300   1.715   -0.15946E+04   0.63255E+04  -0.21159E+03   0.18264E+05   0.99817E+03   0.84137E-03
  0.300   1.715    0.60885E+05   0.42334E+05  -0.14060E+03   0.11486E+06  -0.16667E+06  -0.10914E-02
  0.300   1.715   -0.15946E+04  -0.63256E+04  -0.21164E+03  -0.18264E+05   0.99814E+03  -0.84136E-03
  0.300   1.715    0.21787E+06   0.67465E+04  -0.32624E+03   0.19477E+05  -0.10893E+07   0.21099E-03
  0.313   1.751    0.23243E+06  -0.60361E+00   0.60982E+03  -0.53707E+01  -0.11306E+07   0.69406E-08
  0.313   1.751    0.65545E+05  -0.25815E+05   0.55631E+03  -0.65028E+05  -0.17477E+06  -0.14184E-02
  0.313   1.751    0.65545E+05   0.25815E+05   0.55630E+03   0.65028E+05  -0.17477E+06   0.14185E-02
  0.313   1.751    0.65545E+05  -0.38515E+05  -0.34783E+03  -0.10070E+06  -0.17480E+06   0.13056E-02
  0.313   1.751    0.21702E+06  -0.88858E+04  -0.30484E+03  -0.24960E+05  -0.10873E+07  -0.39637E-03
  0.313   1.751    0.97592E+04   0.63699E+04  -0.20863E+03   0.17924E+05  -0.31069E+05   0.80187E-03
  0.313   1.751    0.65545E+05   0.38515E+05  -0.34783E+03   0.10070E+06  -0.17480E+06  -0.13057E-02
  0.313   1.751    0.97592E+04  -0.63699E+04  -0.20864E+03  -0.17925E+05  -0.31069E+05  -0.80187E-03
  0.313   1.751    0.21702E+06   0.88867E+04  -0.30488E+03   0.24968E+05  -0.10873E+07   0.39638E-03
  0.325   1.785    0.23245E+06  -0.47683E+00   0.52397E+03  -0.45658E+01  -0.11304E+07  -0.12644E-07
  0.325   1.785    0.67462E+05  -0.21611E+05   0.74544E+03  -0.51403E+05  -0.17496E+06  -0.17066E-02
  0.325   1.785    0.67462E+05   0.21611E+05   0.74543E+03   0.51403E+05  -0.17496E+06   0.17067E-02
  0.325   1.785    0.67462E+05  -0.33692E+05  -0.55716E+03  -0.84486E+05  -0.17501E+06   0.15195E-02
  0.325   1.785    0.21557E+06  -0.97334E+04  -0.26195E+03  -0.26650E+05  -0.10842E+07  -0.59307E-03
  0.325   1.785    0.19491E+05   0.60534E+04  -0.18826E+03   0.16617E+05  -0.57114E+05   0.76234E-03
  0.325   1.785    0.67462E+05   0.33692E+05  -0.55717E+03   0.84486E+05  -0.17501E+06  -0.15196E-02
  0.325   1.785    0.19491E+05  -0.60532E+04  -0.18827E+03  -0.16616E+05  -0.57114E+05  -0.76228E-03
  0.325   1.785    0.21557E+06   0.97341E+04  -0.26194E+03   0.26656E+05  -0.10842E+07   0.59312E-03
  0.338   1.819    0.22842E+06   0.39714E-01   0.41087E+03  -0.91298E+00  -0.11191E+07  -0.75030E-07
  0.338   1.819    0.65445E+05  -0.17239E+05   0.91957E+03  -0.37950E+05  -0.16456E+06  -0.19922E-02
  0.338   1.819    0.65445E+05   0.17239E+05   0.91957E+03   0.37950E+05  -0.16456E+06   0.19924E-02
  0.338   1.819    0.65445E+05  -0.28168E+05  -0.76629E+03  -0.67139E+05  -0.16461E+06   0.17199E-02
  0.338   1.819    0.21232E+06  -0.92824E+04  -0.20543E+03  -0.24789E+05  -0.10761E+07  -0.77672E-03
  0.338   1.819    0.26045E+05   0.54658E+04  -0.15310E+03   0.14642E+05  -0.73391E+05   0.69940E-03
  0.338   1.819    0.65445E+05   0.28169E+05  -0.76627E+03   0.67139E+05  -0.16461E+06  -0.17200E-02
  0.338   1.819    0.26045E+05  -0.54655E+04  -0.15309E+03  -0.14641E+05  -0.73391E+05  -0.69932E-03
  0.338   1.819    0.21232E+06   0.92822E+04  -0.20545E+03   0.24787E+05  -0.10761E+07   0.77680E-03
  0.350   1.853    0.22026E+06   0.34920E+00   0.29160E+03   0.31876E+01  -0.10982E+07   0.51231E-07
  0.350   1.853    0.59025E+05  -0.12978E+05   0.10747E+04  -0.25428E+05  -0.14323E+06  -0.22398E-02
  0.350   1.853    0.59024E+05   0.12978E+05   0.10748E+04   0.25428E+05  -0.14323E+06   0.22398E-02
  0.350   1.853    0.59024E+05  -0.22293E+05  -0.96536E+03  -0.49721E+05  -0.14328E+06   0.18990E-02
  0.350   1.853    0.20657E+06  -0.78931E+04  -0.14588E+03  -0.20583E+05  -0.10625E+07  -0.91179E-03
  0.350   1.853    0.28407E+05   0.46457E+04  -0.10910E+03   0.12159E+05  -0.78007E+05   0.57733E-03
  0.350   1.853    0.59024E+05   0.22293E+05  -0.96535E+03   0.49721E+05  -0.14328E+06  -0.18990E-02
  0.350   1.853    0.28407E+05  -0.46456E+04  -0.10909E+03  -0.12159E+05  -0.78007E+05  -0.57734E-03
  0.350   1.853    0.20657E+06   0.78930E+04  -0.14575E+03   0.20581E+05  -0.10625E+07   0.91179E-03
  0.363   1.885    0.20885E+06  -0.47902E+00   0.18592E+03  -0.40900E+01  -0.10692E+07  -0.73228E-07
  0.363   1.885    0.48857E+05  -0.91461E+04   0.12059E+04  -0.14555E+05  -0.11331E+06  -0.24110E-02
  0.363   1.885    0.48857E+05   0.91459E+04   0.12059E+04   0.14555E+05  -0.11331E+06   0.24108E-02
  0.363   1.885    0.48857E+05  -0.16416E+05  -0.11411E+04  -0.33083E+05  -0.11336E+06   0.20454E-02
  0.363   1.885    0.19821E+06  -0.61365E+04  -0.93115E+02  -0.15630E+05  -0.10421E+07  -0.96622E-03
  0.363   1.885    0.26655E+05   0.36122E+04  -0.64483E+02   0.92452E+04  -0.71936E+05   0.35904E-03
  0.363   1.885    0.48857E+05   0.16416E+05  -0.11411E+04   0.33083E+05  -0.11336E+06  -0.20455E-02
  0.363   1.885    0.26655E+05  -0.36122E+04  -0.64475E+02  -0.92453E+04  -0.71936E+05  -0.35907E-03
  0.363   1.885    0.19821E+06   0.61367E+04  -0.92813E+02   0.15634E+05  -0.10421E+07   0.96618E-03
  0.375   1.918    0.19654E+06  -0.28642E+00   0.10520E+03  -0.23137E+01  -0.10408E+07   0.39678E-07
  0.375   1.918    0.36578E+05  -0.59670E+04   0.13111E+04  -0.58255E+04  -0.79724E+05  -0.25025E-02
  0.375   1.918    0.36578E+05   0.59670E+04   0.13111E+04   0.58254E+04  -0.79724E+05   0.25026E-02
  0.375   1.918    0.36578E+05  -0.10838E+05  -0.12843E+04  -0.18015E+05  -0.79759E+05   0.21696E-02
  0.375   1.918    0.18874E+06  -0.44978E+04  -0.52941E+02  -0.11220E+05  -0.10214E+07  -0.92887E-03
  0.375   1.918    0.21969E+05   0.24066E+04  -0.26503E+02   0.60544E+04  -0.58981E+05   0.26113E-04
  0.375   1.918    0.36578E+05   0.10838E+05  -0.12843E+04   0.18015E+05  -0.79759E+05  -0.21696E-02
  0.375   1.918    0.21969E+05  -0.24065E+04  -0.26487E+02  -0.60541E+04  -0.58981E+05  -0.26078E-04
  0.375   1.918    0.18874E+06   0.44983E+04  -0.52335E+02   0.11225E+05  -0.10214E+07   0.92891E-03
  0.388   1.949    0.18455E+06  -0.73448E+00   0.50978E+02  -0.54062E+01  -0.10140E+07   0.94025E-07
  0.388   1.949    0.23825E+05  -0.34345E+04   0.13923E+04   0.95714E+03  -0.46506E+05  -0.25009E-02
  0.388   1.949    0.23825E+05   0.34346E+04   0.13923E+04  -0.95712E+03  -0.46507E+05   0.25010E-02
  0.388   1.949    0.23825E+05  -0.56712E+04  -0.13931E+04  -0.46201E+04  -0.46533E+05   0.22579E-02
  0.388   1.949    0.17910E+06  -0.31456E+04  -0.25869E+02  -0.77016E+04  -0.10006E+07  -0.80316E-03
  0.388   1.949    0.15895E+05   0.10876E+04   0.95689E+00   0.27378E+04  -0.43266E+05  -0.42314E-03
  0.388   1.949    0.23825E+05   0.56712E+04  -0.13930E+04   0.46207E+04  -0.46533E+05  -0.22579E-02
  0.388   1.949    0.15895E+05  -0.10874E+04   0.10610E+01  -0.27368E+04  -0.43266E+05   0.42319E-03
  0.388   1.949    0.17910E+06   0.31458E+04  -0.25113E+02   0.77009E+04  -0.10006E+07   0.80320E-03
  0.400   1.981    0.17389E+06   0.39318E+00   0.18007E+02   0.48436E+01  -0.99164E+06   0.32498E-07
  0.400   1.981    0.11815E+05  -0.13806E+04   0.14544E+04   0.63049E+04  -0.16589E+05  -0.24090E-02
  0.400   1.981    0.11815E+05   0.13806E+04   0.14544E+04  -0.63048E+04  -0.16589E+05   0.24092E-02
  0.400   1.981    0.11815E+05  -0.91560E+03  -0.14718E+04   0.71827E+04  -0.16607E+05   0.23044E-02
  0.400   1.981    0.17046E+06  -0.19801E+04  -0.89486E+01  -0.47887E+04  -0.98336E+06  -0.59541E-03
  0.400   1.981    0.97961E+04  -0.26140E+03   0.17556E+02  -0.49152E+03  -0.28232E+05  -0.97299E-03
  0.400   1.981    0.11815E+05   0.91547E+03  -0.14718E+04  -0.71831E+04  -0.16607E+05  -0.23045E-02
  0.400   1.981    0.97960E+04   0.26114E+03   0.17570E+02   0.49104E+03  -0.28232E+05   0.97305E-03
  0.400   1.981    0.17046E+06   0.19790E+04  -0.91342E+01   0.47773E+04  -0.98336E+06   0.59546E-03
  0.413   2.011    0.16476E+06  -0.27531E-01   0.26132E+00  -0.10335E+01  -0.97388E+06  -0.12048E-06
  0.413   2.011    0.11915E+04   0.44081E+03   0.15023E+04   0.10875E+05   0.87562E+04  -0.22200E-02
  0.413   2.011    0.11915E+04  -0.44074E+03   0.15023E+04  -0.10875E+05   0.87561E+04   0.22202E-02
  0.413   2.011    0.11914E+04   0.34748E+04  -0.15269E+04   0.17599E+05   0.87459E+04   0.22929E-02
  0.413   2.011    0.16339E+06  -0.79189E+03  -0.31296E-01  -0.19540E+04  -0.97053E+06  -0.32771E-03
  0.413   2.011    0.45661E+04  -0.15409E+04   0.24710E+02  -0.34078E+04  -0.15896E+05  -0.15969E-02
  0.413   2.011    0.11914E+04  -0.34749E+04  -0.15269E+04  -0.17599E+05   0.87460E+04  -0.22923E-02
  0.413   2.011    0.45661E+04   0.15407E+04   0.24701E+02   0.34072E+04  -0.15896E+05   0.15969E-02
  0.413   2.011    0.16339E+06   0.79116E+03  -0.14192E+00   0.19494E+04  -0.97053E+06   0.32771E-03
  0.425   2.042    0.15708E+06   0.23761E+00  -0.77382E+01   0.30982E+01  -0.96030E+06  -0.77782E-07
  0.425   2.042   -0.77598E+04   0.22538E+04   0.15399E+04   0.15220E+05   0.29186E+05  -0.19254E-02
  0.425   2.042   -0.77595E+04  -0.22537E+04   0.15399E+04  -0.15219E+05   0.29185E+05   0.19255E-02
  0.425   2.042   -0.77598E+04   0.75046E+04  -0.15645E+04   0.26726E+05   0.29181E+05   0.22007E-02
  0.425   2.042    0.15807E+06   0.56638E+03   0.40360E+01   0.11242E+04  -0.96228E+06  -0.13700E-04
  0.425   2.042    0.68985E+03  -0.26420E+04   0.24671E+02  -0.57860E+04  -0.71658E+04  -0.22577E-02
  0.425   2.042   -0.77598E+04  -0.75047E+04  -0.15645E+04  -0.26726E+05   0.29181E+05  -0.22007E-02
  0.425   2.042    0.68975E+03   0.26419E+04   0.24706E+02   0.57860E+04  -0.71656E+04   0.22577E-02
  0.425   2.042    0.15807E+06  -0.56693E+03   0.36850E+01  -0.11307E+04  -0.96228E+06   0.13747E-04
  0.438   2.071    0.15079E+06  -0.79525E+00  -0.85986E+01  -0.70763E+01  -0.95059E+06   0.30661E-08
  0.438   2.071   -0.14921E+05   0.41899E+04   0.15696E+04   0.19637E+05   0.44765E+05  -0.15266E-02
  0.438   2.071   -0.14921E+05  -0.41900E+04   0.15696E+04  -0.19638E+05   0.44765E+05   0.15267E-02
  0.438   2.071   -0.14921E+05   0.11104E+05  -0.15895E+04   0.34495E+05   0.44764E+05   0.20085E-02
  0.438   2.071    0.15442E+06   0.20889E+04   0.43149E+01   0.44291E+04  -0.95828E+06   0.31665E-03
  0.438   2.071   -0.16627E+04  -0.34649E+04   0.19872E+02  -0.74453E+04  -0.21711E+04  -0.29092E-02
  0.438   2.071   -0.14921E+05  -0.11104E+05  -0.15895E+04  -0.34495E+05   0.44764E+05  -0.20081E-02
  0.438   2.071   -0.16627E+04   0.34649E+04   0.19844E+02   0.74450E+04  -0.21711E+04   0.29091E-02
  0.438   2.071    0.15442E+06  -0.20868E+04   0.43127E+01  -0.44105E+04  -0.95828E+06  -0.31669E-03
  0.450   2.101    0.14588E+06  -0.43434E+00  -0.42305E+01  -0.36463E+01  -0.94430E+06   0.58953E-08
  0.450   2.101   -0.20273E+05   0.62537E+04   0.15932E+04   0.24130E+05   0.55777E+05  -0.10390E-02
  0.450   2.101   -0.20272E+05  -0.62538E+04   0.15932E+04  -0.24131E+05   0.55772E+05   0.10388E-02
  0.450   2.101   -0.20274E+05   0.14153E+05  -0.16058E+04   0.40738E+05   0.55775E+05   0.17018E-02
  0.450   2.101    0.15214E+06   0.36050E+04   0.20492E+01   0.75556E+04  -0.95741E+06   0.63286E-03
  0.450   2.101   -0.25738E+04  -0.39496E+04   0.12430E+02  -0.83038E+04  -0.48624E+03  -0.34940E-02
  0.450   2.101   -0.20274E+05  -0.14154E+05  -0.16058E+04  -0.40739E+05   0.55776E+05  -0.17017E-02
  0.450   2.101   -0.25741E+04   0.39473E+04   0.12421E+02   0.82988E+04  -0.48507E+03   0.34940E-02
  0.450   2.101    0.15214E+06  -0.36044E+04   0.22111E+01  -0.75469E+04  -0.95741E+06  -0.63287E-03
  0.463   2.130    0.14247E+06   0.65121E+00   0.39277E+01   0.59839E+01  -0.94143E+06   0.22195E-07
  0.463   2.130   -0.23901E+05   0.83346E+04   0.16122E+04   0.28456E+05   0.62677E+05  -0.49629E-03
  0.463   2.130   -0.23901E+05  -0.83347E+04   0.16122E+04  -0.28456E+05   0.62677E+05   0.49632E-03
  0.463   2.130   -0.23901E+05   0.16531E+05  -0.16166E+04   0.45289E+05   0.62680E+05   0.12880E-02
  0.463   2.130    0.15091E+06   0.48644E+04  -0.19414E+01   0.99959E+04  -0.95880E+06   0.90783E-03
  0.463   2.130   -0.23283E+04  -0.40893E+04   0.42592E+01  -0.83996E+04  -0.12953E+04  -0.39603E-02
  0.463   2.130   -0.23901E+05  -0.16530E+05  -0.16166E+04  -0.45289E+05   0.62679E+05  -0.12880E-02
  0.463   2.130   -0.23283E+04   0.40894E+04   0.43204E+01   0.84003E+04  -0.12953E+04   0.39603E-02
  0.463   2.130    0.15091E+06  -0.48658E+04  -0.20208E+01  -0.10010E+05  -0.95880E+06  -0.90782E-03
  0.475   2.158    0.14067E+06   0.57379E+00   0.14838E+02   0.63882E+01  -0.94207E+06   0.11692E-07
  0.475   2.158   -0.26033E+05   0.10275E+05   0.16276E+04   0.32305E+05   0.66221E+05   0.58213E-04
  0.475   2.158   -0.26033E+05  -0.10275E+05   0.16276E+04  -0.32305E+05   0.66221E+05  -0.58116E-04
  0.475   2.158   -0.26033E+05   0.18188E+05  -0.16245E+04   0.48170E+05   0.66224E+05   0.78420E-03
  0.475   2.158    0.15047E+06   0.56567E+04  -0.80097E+01   0.11385E+05  -0.96182E+06   0.11229E-02
  0.475   2.158   -0.13351E+04  -0.39422E+04  -0.32874E+01  -0.79050E+04  -0.35974E+04  -0.42720E-02
  0.475   2.158   -0.26033E+05  -0.18188E+05  -0.16244E+04  -0.48170E+05   0.66224E+05  -0.78414E-03
  0.475   2.158   -0.13351E+04   0.39425E+04  -0.31879E+01   0.79061E+04  -0.35974E+04   0.42720E-02
  0.475   2.158    0.15047E+06  -0.56570E+04  -0.67952E+01  -0.11389E+05  -0.96182E+06  -0.11229E-02
  0.488   2.186    0.14039E+06   0.11224E+01   0.26783E+02   0.58107E+01  -0.94574E+06  -0.35179E-06
  0.488   2.186   -0.26981E+05   0.11941E+05   0.16405E+04   0.35436E+05   0.67238E+05   0.59005E-03
  0.488   2.186   -0.26981E+05  -0.11941E+05   0.16405E+04  -0.35434E+05   0.67238E+05  -0.58866E-03
  0.488   2.186   -0.26980E+05   0.19138E+05  -0.16312E+04   0.49508E+05   0.67240E+05   0.21271E-03
  0.488   2.186    0.15059E+06   0.58850E+04  -0.13369E+02   0.11584E+05  -0.96582E+06   0.12704E-02
  0.488   2.186   -0.11944E+02  -0.35824E+04  -0.94202E+01  -0.70055E+04  -0.64604E+04  -0.44084E-02
  0.488   2.186   -0.26980E+05  -0.19138E+05  -0.16312E+04  -0.49508E+05   0.67239E+05  -0.21523E-03
  0.488   2.186   -0.11454E+02   0.35820E+04  -0.94448E+01   0.70046E+04  -0.64612E+04   0.44088E-02
  0.488   2.186    0.15059E+06  -0.58844E+04  -0.13433E+02  -0.11581E+05  -0.96582E+06  -0.12697E-02
  0.500   2.214    0.14147E+06   0.12292E+01   0.38700E+02   0.64804E+01  -0.95194E+06   0.13754E-06
  0.500   2.214   -0.27075E+05   0.13258E+05   0.16521E+04   0.37748E+05   0.66536E+05   0.10751E-02
  0.500   2.214   -0.27074E+05  -0.13258E+05   0.16521E+04  -0.37747E+05   0.66534E+05  -0.10780E-02
  0.500   2.214   -0.27074E+05   0.19441E+05  -0.16380E+04   0.49520E+05   0.66536E+05  -0.39812E-03
  0.500   2.214    0.15115E+06   0.55822E+04  -0.19561E+02   0.10728E+05  -0.97055E+06   0.13409E-02
  0.500   2.214    0.13021E+04  -0.30735E+04  -0.14126E+02  -0.58518E+04  -0.91844E+04  -0.43690E-02
  0.500   2.214   -0.27074E+05  -0.19441E+05  -0.16380E+04  -0.49520E+05   0.66536E+05   0.40198E-03
  0.500   2.214    0.13021E+04   0.30736E+04  -0.14114E+02   0.58521E+04  -0.91845E+04   0.43685E-02
  0.500   2.214    0.15115E+06  -0.55856E+04  -0.19175E+02  -0.10740E+05  -0.97055E+06  -0.13421E-02
  0.512   2.242    0.14363E+06  -0.74488E+00   0.49686E+02  -0.57019E+01  -0.96031E+06  -0.13258E-07
  0.512   2.242   -0.26623E+05   0.14237E+05   0.16629E+04   0.39327E+05   0.64839E+05   0.15174E-02
  0.512   2.242   -0.26623E+05  -0.14237E+05   0.16629E+04  -0.39328E+05   0.64839E+05  -0.15174E-02
  0.512   2.242   -0.26623E+05   0.19188E+05  -0.16454E+04   0.48482E+05   0.64840E+05  -0.10447E-02
  0.512   2.242    0.15208E+06   0.48826E+04  -0.24659E+02   0.91638E+04  -0.97616E+06   0.13717E-02
  0.512   2.242    0.23837E+04  -0.24594E+04  -0.17427E+02  -0.45482E+04  -0.11351E+05  -0.41772E-02
  0.512   2.242   -0.26624E+05  -0.19189E+05  -0.16455E+04  -0.48482E+05   0.64841E+05   0.10450E-02
  0.512   2.242    0.23837E+04   0.24590E+04  -0.17492E+02   0.45469E+04  -0.11351E+05   0.41771E-02
  0.512   2.242    0.15208E+06  -0.48812E+04  -0.25047E+02  -0.91528E+04  -0.97616E+06  -0.13718E-02
  0.525   2.269    0.14648E+06   0.30198E+01   0.59157E+02   0.23079E+02  -0.96938E+06   0.47735E-07
  0.525   2.269   -0.25848E+05   0.14921E+05   0.16731E+04   0.40279E+05   0.62590E+05   0.19160E-02
  0.525   2.269   -0.25848E+05  -0.14921E+05   0.16731E+04  -0.40279E+05   0.62590E+05  -0.19163E-02
  0.525   2.269   -0.25848E+05   0.18473E+05  -0.16535E+04   0.46612E+05   0.62591E+05  -0.17055E-02
  0.525   2.269    0.15329E+06   0.39210E+04  -0.29997E+02   0.71415E+04  -0.98185E+06   0.13374E-02
  0.525   2.269    0.31302E+04  -0.17618E+04  -0.19784E+02  -0.31400E+04  -0.12800E+05  -0.38436E-02
  0.525   2.269   -0.25848E+05  -0.18473E+05  -0.16534E+04  -0.46612E+05   0.62590E+05   0.17057E-02
  0.525   2.269    0.31302E+04   0.17620E+04  -0.19628E+02   0.31416E+04  -0.12800E+05   0.38436E-02
  0.525   2.269    0.15329E+06  -0.39278E+04  -0.29152E+02  -0.71929E+04  -0.98185E+06  -0.13374E-02
  0.537   2.296    0.14981E+06   0.40716E+00   0.66849E+02   0.27798E+01  -0.97915E+06   0.85114E-07
  0.537   2.296   -0.24911E+05   0.15378E+05   0.16834E+04   0.40779E+05   0.60139E+05   0.22847E-02
  0.537   2.296   -0.24911E+05  -0.15378E+05   0.16834E+04  -0.40779E+05   0.60139E+05  -0.22843E-02
  0.537   2.296   -0.24912E+05   0.17408E+05  -0.16621E+04   0.44179E+05   0.60140E+05  -0.23685E-02
  0.537   2.296    0.15473E+06   0.28378E+04  -0.33047E+02   0.50164E+04  -0.98781E+06   0.12530E-02
  0.537   2.296    0.35385E+04  -0.10039E+04  -0.21147E+02  -0.16809E+04  -0.13572E+05  -0.34026E-02
  0.537   2.296   -0.24912E+05  -0.17408E+05  -0.16622E+04  -0.44179E+05   0.60140E+05   0.23682E-02
  0.537   2.296    0.35384E+04   0.10040E+04  -0.21217E+02   0.16807E+04  -0.13572E+05   0.34026E-02
  0.537   2.296    0.15473E+06  -0.28392E+04  -0.33897E+02  -0.50288E+04  -0.98781E+06  -0.12529E-02
  0.550   2.322    0.15335E+06  -0.20177E+00   0.73063E+02  -0.19220E+01  -0.98878E+06  -0.13765E-07
  0.550   2.322   -0.23919E+05   0.15676E+05   0.16935E+04   0.40970E+05   0.57683E+05   0.26350E-02
  0.550   2.322   -0.23919E+05  -0.15676E+05   0.16935E+04  -0.40970E+05   0.57682E+05  -0.26356E-02
  0.550   2.322   -0.23919E+05   0.16121E+05  -0.16715E+04   0.41446E+05   0.57684E+05  -0.30184E-02
  0.550   2.322    0.15631E+06   0.17076E+04  -0.36890E+02   0.28855E+04  -0.99378E+06   0.11073E-02
  0.550   2.322    0.36728E+04  -0.21364E+03  -0.22148E+02  -0.22229E+03  -0.13822E+05  -0.28872E-02
  0.550   2.322   -0.23919E+05  -0.16121E+05  -0.16714E+04  -0.41445E+05   0.57683E+05   0.30184E-02
  0.550   2.322    0.36729E+04   0.21365E+03  -0.22085E+02   0.22268E+03  -0.13822E+05   0.28872E-02
  0.550   2.322    0.15631E+06  -0.17072E+04  -0.36215E+02  -0.28825E+04  -0.99378E+06  -0.11073E-02
  0.562   2.349    0.15694E+06  -0.66606E+00   0.77905E+02  -0.83280E+01  -0.99824E+06  -0.24445E-08
  0.562   2.349   -0.22930E+05   0.15875E+05   0.17038E+04   0.40982E+05   0.55333E+05   0.29794E-02
  0.562   2.349   -0.22931E+05  -0.15875E+05   0.17038E+04  -0.40982E+05   0.55334E+05  -0.29801E-02
  0.562   2.349   -0.22930E+05   0.14734E+05  -0.16811E+04   0.38648E+05   0.55334E+05  -0.36418E-02
  0.562   2.349    0.15793E+06   0.57586E+03  -0.38541E+02   0.84488E+03  -0.99966E+06   0.90446E-03
  0.562   2.349    0.36300E+04   0.57695E+03  -0.22640E+02   0.11773E+04  -0.13752E+05  -0.23271E-02
  0.562   2.349   -0.22930E+05  -0.14734E+05  -0.16812E+04  -0.38648E+05   0.55334E+05   0.36423E-02
  0.562   2.349    0.36300E+04  -0.57712E+03  -0.22766E+02  -0.11786E+04  -0.13752E+05   0.23272E-02
  0.562   2.349    0.15793E+06  -0.57207E+03  -0.39300E+02  -0.80950E+03  -0.99966E+06  -0.90439E-03
  0.575   2.375    0.16046E+06  -0.12597E+01   0.81318E+02  -0.98996E+01  -0.10072E+07  -0.43211E-07
  0.575   2.375   -0.21979E+05   0.16021E+05   0.17141E+04   0.40900E+05   0.53142E+05   0.33293E-02
  0.575   2.375   -0.21980E+05  -0.16021E+05   0.17140E+04  -0.40901E+05   0.53142E+05  -0.33297E-02
  0.575   2.375   -0.21979E+05   0.13348E+05  -0.16910E+04   0.35963E+05   0.53141E+05  -0.42331E-02
  0.575   2.375    0.15952E+06  -0.54230E+03  -0.40240E+02  -0.11131E+04  -0.10053E+07   0.62487E-03
  0.575   2.375    0.35048E+04   0.13408E+04  -0.22999E+02   0.24757E+04  -0.13544E+05  -0.17456E-02
  0.575   2.375   -0.21979E+05  -0.13348E+05  -0.16911E+04  -0.35963E+05   0.53142E+05   0.42332E-02
  0.575   2.375    0.35047E+04  -0.13410E+04  -0.23119E+02  -0.24770E+04  -0.13544E+05   0.17457E-02
  0.575   2.375    0.15952E+06   0.54426E+03  -0.41101E+02   0.11268E+04  -0.10053E+07  -0.62478E-03
  0.588   2.400    0.16380E+06   0.75589E-01   0.83912E+02   0.97434E+00  -0.10156E+07  -0.69622E-07
  0.588   2.400   -0.21075E+05   0.16144E+05   0.17243E+04   0.40784E+05   0.51111E+05   0.36969E-02
  0.588   2.400   -0.21075E+05  -0.16144E+05   0.17243E+04  -0.40784E+05   0.51111E+05  -0.36971E-02
  0.588   2.400   -0.21075E+05   0.12025E+05  -0.17010E+04   0.33489E+05   0.51111E+05  -0.47878E-02
  0.588   2.400    0.16097E+06  -0.16353E+04  -0.42008E+02  -0.29469E+04  -0.10104E+07   0.27827E-03
  0.588   2.400    0.33680E+04   0.20623E+04  -0.23294E+02   0.36521E+04  -0.13326E+05  -0.11542E-02
  0.588   2.400   -0.21075E+05  -0.12025E+05  -0.17010E+04  -0.33489E+05   0.51111E+05   0.47879E-02
  0.588   2.400    0.33680E+04  -0.20624E+04  -0.23309E+02  -0.36524E+04  -0.13326E+05   0.11542E-02
  0.588   2.400    0.16097E+06   0.16358E+04  -0.41886E+02   0.29505E+04  -0.10104E+07  -0.27822E-03
  0.600   2.426    0.16693E+06   0.11495E+01   0.85683E+02   0.88978E+01  -0.10232E+07  -0.77576E-07
  0.600   2.426   -0.20211E+05   0.16259E+05   0.17342E+04   0.40658E+05   0.49225E+05   0.41035E-02
  0.600   2.426   -0.20211E+05  -0.16259E+05   0.17343E+04  -0.40658E+05   0.49226E+05  -0.41037E-02
  0.600   2.426   -0.20211E+05   0.10791E+05  -0.17107E+04   0.31258E+05   0.49224E+05  -0.53117E-02
  0.600   2.426    0.16226E+06  -0.26922E+04  -0.42202E+02  -0.46564E+04  -0.10151E+07  -0.13751E-03
  0.600   2.426    0.32611E+04   0.27348E+04  -0.23372E+02   0.47010E+04  -0.13166E+05  -0.55473E-03
  0.600   2.426   -0.20211E+05  -0.10792E+05  -0.17109E+04  -0.31259E+05   0.49226E+05   0.53118E-02
  0.600   2.426    0.32612E+04  -0.27349E+04  -0.23525E+02  -0.47022E+04  -0.13166E+05   0.55477E-03
  0.600   2.426    0.16226E+06   0.26896E+04  -0.43432E+02   0.46353E+04  -0.10151E+07   0.13757E-03
  0.613   2.451    0.16977E+06  -0.11502E+01   0.86733E+02  -0.84820E+01  -0.10302E+07   0.13143E-06
  0.613   2.451   -0.19360E+05   0.16354E+05   0.17445E+04   0.40507E+05   0.47436E+05   0.45735E-02
  0.613   2.451   -0.19360E+05  -0.16354E+05   0.17445E+04  -0.40507E+05   0.47436E+05  -0.45731E-02
  0.613   2.451   -0.19360E+05   0.96421E+04  -0.17208E+04   0.29252E+05   0.47434E+05  -0.57996E-02
  0.613   2.451    0.16336E+06  -0.36867E+04  -0.43240E+02  -0.61735E+04  -0.10194E+07  -0.62218E-03
  0.613   2.451    0.31967E+04   0.33553E+04  -0.23484E+02   0.56258E+04  -0.13083E+05   0.65880E-04
  0.613   2.451   -0.19360E+05  -0.96422E+04  -0.17208E+04  -0.29252E+05   0.47435E+05   0.57993E-02
  0.613   2.451    0.31967E+04  -0.33554E+04  -0.23562E+02  -0.56266E+04  -0.13083E+05  -0.65973E-04
  0.613   2.451    0.16336E+06   0.36895E+04  -0.43493E+02   0.61933E+04  -0.10194E+07   0.62206E-03
  0.625   2.476    0.17221E+06  -0.12125E+01   0.87271E+02  -0.10744E+02  -0.10363E+07   0.16941E-06
  0.625   2.476   -0.18463E+05   0.16363E+05   0.17539E+04   0.40223E+05   0.45637E+05   0.51425E-02
  0.625   2.476   -0.18463E+05  -0.16363E+05   0.17539E+04  -0.40223E+05   0.45637E+05  -0.51421E-02
  0.625   2.476   -0.18463E+05   0.85563E+04  -0.17304E+04   0.27423E+05   0.45636E+05  -0.62538E-02
  0.625   2.476    0.16428E+06  -0.45804E+04  -0.43472E+02  -0.74908E+04  -0.10234E+07  -0.11706E-02
  0.625   2.476    0.31581E+04   0.39015E+04  -0.23500E+02   0.63973E+04  -0.13046E+05   0.72866E-03
  0.625   2.476   -0.18463E+05  -0.85563E+04  -0.17304E+04  -0.27423E+05   0.45636E+05   0.62536E-02
  0.625   2.476    0.31580E+04  -0.39014E+04  -0.23564E+02  -0.63976E+04  -0.13046E+05  -0.72877E-03
  0.625   2.476    0.16428E+06   0.45817E+04  -0.43822E+02   0.75038E+04  -0.10234E+07   0.11704E-02
  0.637   2.500    0.17403E+06   0.54790E+00   0.87416E+02   0.58724E+01  -0.10413E+07  -0.64710E-07
  0.637   2.500   -0.17412E+05   0.16139E+05   0.17632E+04   0.39586E+05   0.43664E+05   0.58292E-02
  0.637   2.500   -0.17412E+05  -0.16139E+05   0.17632E+04  -0.39586E+05   0.43664E+05  -0.58291E-02
  0.637   2.500   -0.17412E+05   0.75041E+04  -0.17397E+04   0.25713E+05   0.43663E+05  -0.66416E-02
  0.637   2.500    0.16487E+06  -0.52827E+04  -0.43827E+02  -0.84535E+04  -0.10266E+07  -0.17614E-02
  0.637   2.500    0.30974E+04   0.43135E+04  -0.23405E+02   0.69297E+04  -0.12975E+05   0.14617E-02
  0.637   2.500   -0.17412E+05  -0.75042E+04  -0.17397E+04  -0.25714E+05   0.43664E+05   0.66418E-02
  0.637   2.500    0.30975E+04  -0.43135E+04  -0.23503E+02  -0.69305E+04  -0.12975E+05  -0.14618E-02
  0.637   2.500    0.16487E+06   0.52857E+04  -0.43554E+02   0.84772E+04  -0.10266E+07   0.17614E-02
  0.650   2.525    0.17488E+06   0.15893E+01   0.86776E+02   0.14258E+02  -0.10444E+07   0.19100E-06
  0.650   2.525   -0.16021E+05   0.15389E+05   0.17716E+04   0.38161E+05   0.41240E+05   0.66468E-02
  0.650   2.525   -0.16022E+05  -0.15389E+05   0.17717E+04  -0.38161E+05   0.41241E+05  -0.66468E-02
  0.650   2.525   -0.16022E+05   0.64594E+04  -0.17486E+04   0.24078E+05   0.41240E+05  -0.69372E-02
  0.650   2.525    0.16510E+06  -0.56446E+04  -0.43738E+02  -0.88847E+04  -0.10291E+07  -0.23810E-02
  0.650   2.525    0.29228E+04   0.44579E+04  -0.23255E+02   0.70327E+04  -0.12733E+05   0.22871E-02
  0.650   2.525   -0.16022E+05  -0.64594E+04  -0.17485E+04  -0.24078E+05   0.41240E+05   0.69369E-02
  0.650   2.525    0.29227E+04  -0.44578E+04  -0.23152E+02  -0.70318E+04  -0.12733E+05  -0.22871E-02
  0.650   2.525    0.16510E+06   0.56411E+04  -0.43163E+02   0.88533E+04  -0.10291E+07   0.23810E-02
  0.662   2.549    0.17423E+06   0.80412E+00   0.85997E+02   0.51955E+01  -0.10455E+07  -0.50571E-07
  0.662   2.549   -0.14000E+05   0.13623E+05   0.17802E+04   0.35265E+05   0.37959E+05   0.75385E-02
  0.662   2.549   -0.14000E+05  -0.13623E+05   0.17802E+04  -0.35265E+05   0.37960E+05  -0.75384E-02
  0.662   2.549   -0.14000E+05   0.54034E+04  -0.17574E+04   0.22489E+05   0.37958E+05  -0.70978E-02
  0.662   2.549    0.16485E+06  -0.54083E+04  -0.42821E+02  -0.83606E+04  -0.10310E+07  -0.29629E-02
  0.662   2.549    0.24853E+04   0.41002E+04  -0.22738E+02   0.63733E+04  -0.12107E+05   0.31966E-02
  0.662   2.549   -0.14000E+05  -0.54034E+04  -0.17575E+04  -0.22489E+05   0.37959E+05   0.70977E-02
  0.662   2.549    0.24852E+04  -0.41003E+04  -0.22807E+02  -0.63740E+04  -0.12106E+05  -0.31966E-02
  0.662   2.549    0.16485E+06   0.54088E+04  -0.43146E+02   0.83671E+04  -0.10310E+07   0.29628E-02
  0.675   2.573    0.17138E+06  -0.79231E+00   0.84416E+02  -0.63508E+01  -0.10431E+07   0.18348E-06
  0.675   2.573   -0.11004E+05   0.10244E+05   0.17876E+04   0.30076E+05   0.33346E+05   0.83101E-02
  0.675   2.573   -0.11004E+05  -0.10244E+05   0.17875E+04  -0.30076E+05   0.33346E+05  -0.83099E-02
  0.675   2.573   -0.11004E+05   0.43293E+04  -0.17655E+04   0.20928E+05   0.33345E+05  -0.70767E-02
  0.675   2.573    0.16396E+06  -0.42821E+04  -0.42413E+02  -0.65526E+04  -0.10318E+07  -0.33965E-02
  0.675   2.573    0.16045E+04   0.29446E+04  -0.22054E+02   0.45561E+04  -0.10845E+05   0.41069E-02
  0.675   2.573   -0.11004E+05  -0.43294E+04  -0.17655E+04  -0.20928E+05   0.33345E+05   0.70767E-02
  0.675   2.573    0.16045E+04  -0.29445E+04  -0.22079E+02  -0.45561E+04  -0.10845E+05  -0.41069E-02
  0.675   2.573    0.16396E+06   0.42829E+04  -0.42001E+02   0.65588E+04  -0.10318E+07   0.33964E-02
  0.688   2.597    0.16612E+06   0.10093E+01   0.82565E+02   0.68637E+01  -0.10373E+07  -0.25905E-06
  0.688   2.597   -0.69210E+04   0.50269E+04   0.17943E+04   0.22394E+05   0.27311E+05   0.85841E-02
  0.688   2.597   -0.69209E+04  -0.50267E+04   0.17943E+04  -0.22393E+05   0.27311E+05  -0.85840E-02
  0.688   2.597   -0.69209E+04   0.32469E+04  -0.17731E+04   0.19408E+05   0.27310E+05  -0.68315E-02
  0.688   2.597    0.16238E+06  -0.21590E+04  -0.41712E+02  -0.33661E+04  -0.10315E+07  -0.34720E-02
  0.688   2.597    0.21071E+03   0.87472E+03  -0.21267E+02   0.14714E+04  -0.88799E+04   0.48318E-02
  0.688   2.597   -0.69209E+04  -0.32467E+04  -0.17730E+04  -0.19407E+05   0.27309E+05   0.68315E-02
  0.688   2.597    0.21074E+03  -0.87484E+03  -0.21144E+02  -0.14708E+04  -0.88799E+04  -0.48318E-02
  0.688   2.597    0.16238E+06   0.21560E+04  -0.40832E+02   0.33459E+04  -0.10315E+07   0.34723E-02
  0.700   2.620    0.15965E+06  -0.16587E+02   0.81135E+02  -0.13998E+03  -0.10302E+07  -0.41124E-07
  0.700   2.620   -0.23237E+04  -0.10931E+04   0.18018E+04   0.13688E+05   0.20754E+05   0.79765E-02
  0.700   2.620   -0.23232E+04   0.10927E+04   0.18015E+04  -0.13691E+05   0.20751E+05  -0.79778E-02
  0.700   2.620   -0.23233E+04   0.21796E+04  -0.17807E+04   0.17967E+05   0.20749E+05  -0.63342E-02
  0.700   2.620    0.16049E+06   0.50670E+03  -0.40044E+02   0.61551E+03  -0.10309E+07  -0.30070E-02
  0.700   2.620   -0.14278E+04  -0.16524E+04  -0.20141E+02  -0.21651E+04  -0.66358E+04   0.51677E-02
  0.700   2.620   -0.23236E+04  -0.21793E+04  -0.17810E+04  -0.17964E+05   0.20752E+05   0.63350E-02
  0.700   2.620   -0.14278E+04   0.16515E+04  -0.20790E+02   0.21585E+04  -0.66356E+04  -0.51673E-02
  0.700   2.620    0.16049E+06  -0.47522E+03  -0.40951E+02  -0.35025E+03  -0.10309E+07   0.30072E-02
  0.713   2.643    0.15419E+06  -0.11154E+01   0.80307E+02  -0.13165E+02  -0.10244E+07   0.14785E-05
  0.713   2.643    0.16410E+04  -0.61846E+04   0.18088E+04   0.67157E+04   0.15298E+05   0.65056E-02
  0.713   2.643    0.16408E+04   0.61848E+04   0.18088E+04  -0.67159E+04   0.15299E+05  -0.65010E-02
  0.713   2.643    0.16417E+04   0.11568E+04  -0.17885E+04   0.16631E+05   0.15296E+05  -0.55763E-02
  0.713   2.643    0.15885E+06   0.26903E+04  -0.39870E+02   0.35783E+04  -0.10305E+07  -0.20358E-02
  0.713   2.643   -0.27561E+04  -0.36850E+04  -0.20076E+02  -0.49790E+04  -0.49009E+04   0.50918E-02
  0.713   2.643    0.16411E+04  -0.11568E+04  -0.17887E+04  -0.16631E+05   0.15298E+05   0.55734E-02
  0.713   2.643   -0.27562E+04   0.36845E+04  -0.20284E+02   0.49766E+04  -0.49008E+04  -0.50936E-02
  0.713   2.643    0.15885E+06  -0.26865E+04  -0.40520E+02  -0.35381E+04  -0.10305E+07   0.20344E-02
  0.725   2.666    0.15139E+06   0.77655E+00   0.80649E+02   0.91722E+01  -0.10226E+07  -0.72547E-06
  0.725   2.666    0.41975E+04  -0.89533E+04   0.18168E+04   0.31934E+04   0.11980E+05   0.46080E-02
  0.725   2.666    0.41980E+04   0.89533E+04   0.18169E+04  -0.31930E+04   0.11978E+05  -0.46088E-02
  0.725   2.666    0.41975E+04   0.21542E+03  -0.17967E+04   0.15461E+05   0.11978E+05  -0.45617E-02
  0.725   2.666    0.15795E+06   0.37806E+04  -0.40086E+02   0.49934E+04  -0.10313E+07  -0.82657E-03
  0.725   2.666   -0.33996E+04  -0.45933E+04  -0.20272E+02  -0.61451E+04  -0.41750E+04   0.47918E-02
  0.725   2.666    0.41977E+04  -0.21539E+03  -0.17967E+04  -0.15461E+05   0.11978E+05   0.45634E-02
  0.725   2.666   -0.33995E+04   0.45934E+04  -0.20220E+02   0.61457E+04  -0.41754E+04  -0.47915E-02
  0.725   2.666    0.15795E+06  -0.37829E+04  -0.40514E+02  -0.50157E+04  -0.10313E+07   0.82686E-03
  0.738   2.689    0.15103E+06  -0.14806E+01   0.81625E+02  -0.10721E+02  -0.10242E+07   0.14971E-06
  0.738   2.689    0.54396E+04  -0.95853E+04   0.18254E+04   0.26937E+04   0.10553E+05   0.27273E-02
  0.738   2.689    0.54389E+04   0.95853E+04   0.18254E+04  -0.26937E+04   0.10556E+05  -0.27292E-02
  0.738   2.689    0.54398E+04  -0.62087E+03  -0.18040E+04   0.14465E+05   0.10549E+05  -0.33205E-02
  0.738   2.689    0.15770E+06   0.38625E+04  -0.38865E+02   0.50247E+04  -0.10328E+07   0.35937E-03
  0.738   2.689   -0.34146E+04  -0.44873E+04  -0.20446E+02  -0.58954E+04  -0.43251E+04   0.44503E-02
  0.738   2.689    0.54392E+04   0.62044E+03  -0.18046E+04  -0.14468E+05   0.10554E+05   0.33204E-02
  0.738   2.689   -0.34149E+04   0.44868E+04  -0.20945E+02   0.58913E+04  -0.43244E+04  -0.44497E-02
  0.738   2.689    0.15770E+06  -0.38620E+04  -0.42747E+02  -0.50253E+04  -0.10328E+07  -0.35873E-03
  0.750   2.712    0.15214E+06  -0.19626E+01   0.82665E+02  -0.17793E+02  -0.10278E+07   0.11396E-06
  0.750   2.712    0.58514E+04  -0.89348E+04   0.18338E+04   0.39276E+04   0.10290E+05   0.10275E-02
  0.750   2.712    0.58518E+04   0.89348E+04   0.18337E+04  -0.39277E+04   0.10290E+05  -0.10232E-02
  0.750   2.712    0.58519E+04  -0.13311E+04  -0.18125E+04   0.13679E+05   0.10287E+05  -0.18780E-02
  0.750   2.712    0.15795E+06   0.33581E+04  -0.40892E+02   0.42674E+04  -0.10351E+07   0.13980E-02
  0.750   2.712   -0.30416E+04  -0.38023E+04  -0.21048E+02  -0.48765E+04  -0.49942E+04   0.41235E-02
  0.750   2.712    0.58517E+04   0.13309E+04  -0.18126E+04  -0.13680E+05   0.10289E+05   0.18777E-02
  0.750   2.712   -0.30416E+04   0.38023E+04  -0.21196E+02   0.48754E+04  -0.49942E+04  -0.41247E-02
  0.750   2.712    0.15795E+06  -0.33573E+04  -0.41758E+02  -0.42570E+04  -0.10351E+07  -0.13992E-02
  0.762   2.735    0.15391E+06  -0.47782E+00   0.83786E+02  -0.52303E+01  -0.10321E+07   0.63427E-06
  0.762   2.735    0.58566E+04  -0.77273E+04   0.18419E+04   0.58572E+04   0.10570E+05  -0.52347E-03
  0.762   2.735    0.58563E+04   0.77273E+04   0.18418E+04  -0.58573E+04   0.10572E+05   0.52362E-03
  0.762   2.735    0.58567E+04  -0.19092E+04  -0.18202E+04   0.13089E+05   0.10569E+05  -0.26904E-03
  0.762   2.735    0.15847E+06   0.26344E+04  -0.41533E+02   0.32394E+04  -0.10377E+07   0.22626E-02
  0.762   2.735   -0.24822E+04  -0.29057E+04  -0.21566E+02  -0.36112E+04  -0.58875E+04   0.38013E-02
  0.762   2.735    0.58564E+04   0.19092E+04  -0.18203E+04  -0.13090E+05   0.10570E+05   0.26717E-03
  0.762   2.735   -0.24823E+04   0.29056E+04  -0.21676E+02   0.36103E+04  -0.58872E+04  -0.38013E-02
  0.762   2.735    0.15847E+06  -0.26335E+04  -0.42309E+02  -0.32295E+04  -0.10377E+07  -0.22627E-02
  0.775   2.757    0.15581E+06   0.28285E+01   0.84913E+02   0.20347E+02  -0.10363E+07   0.17004E-05
  0.775   2.757    0.57001E+04  -0.63741E+04   0.18496E+04   0.79143E+04   0.11050E+05  -0.19974E-02
  0.775   2.757    0.57005E+04   0.63741E+04   0.18496E+04  -0.79141E+04   0.11049E+05   0.20049E-02
  0.775   2.757    0.57007E+04  -0.23561E+04  -0.18276E+04   0.12688E+05   0.11048E+05   0.14761E-02
  0.775   2.757    0.15910E+06   0.19007E+04  -0.43287E+02   0.22164E+04  -0.10402E+07   0.29489E-02
  0.775   2.757   -0.18482E+04  -0.20026E+04  -0.22173E+02  -0.23764E+04  -0.68490E+04   0.34491E-02
  0.775   2.757    0.57004E+04   0.23561E+04  -0.18275E+04  -0.12688E+05   0.11048E+05  -0.14813E-02
  0.775   2.757   -0.18480E+04   0.20027E+04  -0.22021E+02   0.23779E+04  -0.68495E+04  -0.34507E-02
  0.775   2.757    0.15910E+06  -0.19046E+04  -0.41691E+02  -0.22418E+04  -0.10402E+07  -0.29508E-02
  0.787   2.779    0.15759E+06  -0.19238E+01   0.86277E+02  -0.15580E+02  -0.10403E+07  -0.21280E-05
  0.787   2.779    0.55042E+04  -0.50787E+04   0.18571E+04   0.98357E+04   0.11567E+05  -0.34908E-02
  0.787   2.779    0.55064E+04   0.50785E+04   0.18571E+04  -0.98362E+04   0.11560E+05   0.34975E-02
  0.787   2.779    0.55058E+04  -0.26758E+04  -0.18345E+04   0.12461E+05   0.11562E+05   0.33308E-02
  0.787   2.779    0.15980E+06   0.12733E+04  -0.43101E+02   0.13905E+04  -0.10428E+07   0.34789E-02
  0.787   2.779   -0.11944E+04  -0.11928E+04  -0.22631E+02  -0.12994E+04  -0.78085E+04   0.30580E-02
  0.787   2.779    0.55058E+04   0.26756E+04  -0.18346E+04  -0.12461E+05   0.11562E+05  -0.33226E-02
  0.787   2.779   -0.11943E+04   0.11927E+04  -0.22702E+02   0.12989E+04  -0.78093E+04  -0.30591E-02
  0.787   2.779    0.15980E+06  -0.12715E+04  -0.43162E+02  -0.13753E+04  -0.10428E+07  -0.34802E-02
  0.800   2.801    0.15904E+06   0.15517E+01   0.88071E+02   0.11293E+02  -0.10439E+07   0.16379E-05
  0.800   2.801    0.53599E+04  -0.40237E+04   0.18646E+04   0.11415E+05   0.12014E+05  -0.51510E-02
  0.800   2.801    0.53610E+04   0.40238E+04   0.18646E+04  -0.11415E+05   0.12010E+05   0.51484E-02
  0.800   2.801    0.53620E+04  -0.28726E+04  -0.18409E+04   0.12401E+05   0.12006E+05   0.52262E-02
  0.800   2.801    0.16049E+06   0.83655E+03  -0.43256E+02   0.79548E+03  -0.10453E+07   0.39065E-02
  0.800   2.801   -0.59390E+03  -0.56498E+03  -0.23590E+02  -0.47790E+03  -0.86796E+04   0.25975E-02
  0.800   2.801    0.53618E+04   0.28725E+04  -0.18411E+04  -0.12402E+05   0.12008E+05  -0.52330E-02
  0.800   2.801   -0.59357E+03   0.56482E+03  -0.23718E+02   0.47692E+03  -0.86803E+04  -0.25972E-02
  0.800   2.801    0.16049E+06  -0.83917E+03  -0.44930E+02  -0.81142E+03  -0.10453E+07  -0.39060E-02
  0.812   2.823    0.16122E+06  -0.16789E+02   0.81432E+02  -0.35189E+02  -0.10482E+07   0.11322E-04
  0.812   2.823    0.56987E+04  -0.26063E+04   0.18713E+04   0.13321E+05   0.11839E+05  -0.62453E-02
  0.812   2.823    0.57804E+04   0.26102E+04   0.18713E+04  -0.13317E+05   0.11720E+05   0.61585E-02
  0.812   2.823    0.57376E+04  -0.27575E+04  -0.18531E+04   0.12722E+05   0.11789E+05   0.67635E-02
  0.812   2.823    0.16236E+06   0.67803E+03  -0.40539E+02   0.62511E+03  -0.10492E+07   0.16600E-02
  0.812   2.823    0.11168E+04   0.90168E+02  -0.17758E+02   0.30981E+03  -0.10842E+05   0.45518E-02
  0.812   2.823    0.57399E+04   0.27576E+04  -0.18531E+04  -0.12721E+05   0.11787E+05  -0.66416E-02
  0.812   2.823    0.11168E+04  -0.89716E+02  -0.17799E+02  -0.30947E+03  -0.10838E+05  -0.45590E-02
  0.812   2.823    0.16235E+06  -0.67503E+03  -0.40724E+02  -0.59400E+03  -0.10492E+07  -0.16530E-02
  0.825   2.844    0.16266E+06  -0.10594E+01   0.84978E+02  -0.80460E+01  -0.10515E+07   0.29639E-06
  0.825   2.844    0.47699E+04  -0.11866E+04   0.18773E+04   0.15259E+05   0.13217E+05  -0.76563E-02
  0.825   2.844    0.47707E+04   0.11865E+04   0.18773E+04  -0.15259E+05   0.13215E+05   0.76570E-02
  0.825   2.844    0.47686E+04  -0.28472E+04  -0.18562E+04   0.12796E+05   0.13219E+05   0.89080E-02
  0.825   2.844    0.16259E+06  -0.36105E+02  -0.42233E+02  -0.27677E+03  -0.10511E+07   0.34717E-02
  0.825   2.844    0.12851E+04   0.83869E+03  -0.21135E+02   0.12404E+04  -0.11132E+05   0.23837E-02
  0.825   2.844    0.47685E+04   0.28471E+04  -0.18563E+04  -0.12796E+05   0.13220E+05  -0.89037E-02
  0.825   2.844    0.12848E+04  -0.83881E+03  -0.21183E+02  -0.12409E+04  -0.11131E+05  -0.23835E-02
  0.825   2.844    0.16259E+06   0.38369E+02  -0.42854E+02   0.29292E+03  -0.10511E+07  -0.34715E-02
  0.838   2.866    0.16355E+06  -0.86217E+00   0.86603E+02  -0.68433E+01  -0.10540E+07   0.76597E-07
  0.838   2.866    0.45145E+04  -0.38848E+03   0.18836E+04   0.16372E+05   0.13748E+05  -0.92450E-02
  0.838   2.866    0.45124E+04   0.38844E+03   0.18836E+04  -0.16372E+05   0.13749E+05   0.92430E-02
  0.838   2.866    0.45127E+04  -0.26730E+04  -0.18616E+04   0.13178E+05   0.13749E+05   0.10495E-01
  0.838   2.866    0.16335E+06  -0.11800E+03  -0.43495E+02  -0.38309E+03  -0.10534E+07   0.32313E-02
  0.838   2.866    0.18683E+04   0.11512E+04  -0.22045E+02   0.16081E+04  -0.11894E+05   0.20406E-02
  0.838   2.866    0.45128E+04   0.26732E+04  -0.18615E+04  -0.13178E+05   0.13749E+05  -0.10500E-01
  0.838   2.866    0.18690E+04  -0.11512E+04  -0.22018E+02  -0.16079E+04  -0.11894E+05  -0.20412E-02
  0.838   2.866    0.16335E+06   0.11910E+03  -0.43121E+02   0.39108E+03  -0.10534E+07  -0.32314E-02
  0.850   2.887    0.16440E+06   0.14969E+01   0.87478E+02   0.75097E+01  -0.10564E+07   0.25924E-06
  0.850   2.887    0.42068E+04   0.34735E+03   0.18896E+04   0.17377E+05   0.14324E+05  -0.10661E-01
  0.850   2.887    0.42068E+04  -0.34731E+03   0.18896E+04  -0.17377E+05   0.14324E+05   0.10657E-01
  0.850   2.887    0.42066E+04  -0.23737E+04  -0.18671E+04   0.13698E+05   0.14323E+05   0.11768E-01
  0.850   2.887    0.16418E+06  -0.12501E+03  -0.43197E+02  -0.39590E+03  -0.10557E+07   0.26638E-02
  0.850   2.887    0.24561E+04   0.13681E+04  -0.22336E+02   0.18485E+04  -0.12636E+05   0.18458E-02
  0.850   2.887    0.42062E+04   0.23734E+04  -0.18672E+04  -0.13699E+05   0.14325E+05  -0.11762E-01
  0.850   2.887    0.24561E+04  -0.13682E+04  -0.22473E+02  -0.18495E+04  -0.12636E+05  -0.18473E-02
  0.850   2.887    0.16418E+06   0.12337E+03  -0.44248E+02   0.39398E+03  -0.10557E+07  -0.26639E-02
  0.863   2.908    0.16520E+06  -0.75715E+00   0.88057E+02  -0.73412E+01  -0.10587E+07   0.81511E-07
  0.863   2.908    0.38360E+04   0.95850E+03   0.18956E+04   0.18209E+05   0.14962E+05  -0.11855E-01
  0.863   2.908    0.38364E+04  -0.95841E+03   0.18956E+04  -0.18209E+05   0.14962E+05   0.11857E-01
  0.863   2.908    0.38361E+04  -0.19708E+04  -0.18730E+04   0.14328E+05   0.14962E+05   0.12640E-01
  0.863   2.908    0.16506E+06  -0.81418E+02  -0.44605E+02  -0.34279E+03  -0.10581E+07   0.18351E-02
  0.863   2.908    0.29601E+04   0.14701E+04  -0.22678E+02   0.19482E+04  -0.13260E+05   0.17169E-02
  0.863   2.908    0.38362E+04   0.19709E+04  -0.18729E+04  -0.14327E+05   0.14961E+05  -0.12639E-01
  0.863   2.908    0.29598E+04  -0.14701E+04  -0.22619E+02  -0.19478E+04  -0.13260E+05  -0.17163E-02
  0.863   2.908    0.16506E+06   0.81584E+02  -0.43506E+02   0.34852E+03  -0.10581E+07  -0.18349E-02
  0.875   2.929    0.16597E+06  -0.30813E+01   0.88543E+02  -0.26138E+02  -0.10607E+07   0.31341E-06
  0.875   2.929    0.34104E+04   0.14232E+04   0.19010E+04   0.18845E+05   0.15641E+05  -0.12782E-01
  0.875   2.929    0.34104E+04  -0.14233E+04   0.19010E+04  -0.18845E+05   0.15640E+05   0.12781E-01
  0.875   2.929    0.34105E+04  -0.14985E+04  -0.18780E+04   0.15014E+05   0.15638E+05   0.13096E-01
  0.875   2.929    0.16591E+06  -0.30150E+02  -0.43701E+02  -0.27512E+03  -0.10602E+07   0.82600E-03
  0.875   2.929    0.33431E+04   0.14639E+04  -0.22683E+02   0.19184E+04  -0.13724E+05   0.15947E-02
  0.875   2.929    0.34102E+04   0.14984E+04  -0.18782E+04  -0.15014E+05   0.15640E+05  -0.13096E-01
  0.875   2.929    0.33432E+04  -0.14640E+04  -0.22951E+02  -0.19206E+04  -0.13724E+05  -0.15950E-02
  0.875   2.929    0.16591E+06   0.34316E+02  -0.44928E+02   0.30486E+03  -0.10602E+07  -0.82597E-03
  0.887   2.950    0.16676E+06   0.41960E+01   0.89185E+02   0.36716E+02  -0.10627E+07   0.10351E-06
  0.887   2.950    0.29463E+04   0.17439E+04   0.19063E+04   0.19301E+05   0.16346E+05  -0.13412E-01
  0.887   2.950    0.29463E+04  -0.17439E+04   0.19063E+04  -0.19301E+05   0.16347E+05   0.13412E-01
  0.887   2.950    0.29464E+04  -0.99161E+03  -0.18834E+04   0.15725E+05   0.16345E+05   0.13170E-01
  0.887   2.950    0.16674E+06  -0.18179E+02  -0.44390E+02  -0.30632E+03  -0.10623E+07  -0.28851E-03
  0.887   2.950    0.35939E+04   0.13688E+04  -0.23003E+02   0.17908E+04  -0.14027E+05   0.14279E-02
  0.887   2.950    0.29465E+04   0.99152E+03  -0.18834E+04  -0.15726E+05   0.16345E+05  -0.13170E-01
  0.887   2.950    0.35939E+04  -0.13686E+04  -0.22892E+02  -0.17897E+04  -0.14027E+05  -0.14280E-02
  0.887   2.950    0.16674E+06   0.99647E+01  -0.44713E+02   0.23545E+03  -0.10623E+07   0.28840E-03
  0.900   2.971    0.16762E+06  -0.28735E+01   0.89534E+02  -0.24782E+02  -0.10649E+07   0.15250E-07
  0.900   2.971    0.24670E+04   0.19359E+04   0.19118E+04   0.19605E+05   0.17054E+05  -0.13756E-01
  0.900   2.971    0.24671E+04  -0.19359E+04   0.19118E+04  -0.19605E+05   0.17054E+05   0.13755E-01
  0.900   2.971    0.24675E+04  -0.48572E+03  -0.18885E+04   0.16417E+05   0.17051E+05   0.12930E-01
  0.900   2.971    0.16753E+06  -0.50726E+02  -0.43326E+02  -0.30662E+03  -0.10644E+07  -0.14290E-02
  0.900   2.971    0.37180E+04   0.12096E+04  -0.22867E+02   0.15916E+04  -0.14181E+05   0.11735E-02
  0.900   2.971    0.24670E+04   0.48544E+03  -0.18889E+04  -0.16419E+05   0.17054E+05  -0.12930E-01
  0.900   2.971    0.37180E+04  -0.12101E+04  -0.23272E+02  -0.15951E+04  -0.14181E+05  -0.11735E-02
  0.900   2.971    0.16753E+06   0.52837E+02  -0.46255E+02   0.32350E+03  -0.10644E+07   0.14290E-02
  0.912   2.991    0.16851E+06  -0.12167E+01   0.90032E+02  -0.88554E+01  -0.10671E+07   0.36451E-07
  0.912   2.991    0.19932E+04   0.20227E+04   0.19172E+04   0.19784E+05   0.17739E+05  -0.13838E-01
  0.912   2.991    0.19930E+04  -0.20227E+04   0.19171E+04  -0.19784E+05   0.17739E+05   0.13838E-01
  0.912   2.991    0.19932E+04  -0.67937E+01  -0.18941E+04   0.17064E+05   0.17737E+05   0.12458E-01
  0.912   2.991    0.16825E+06  -0.15325E+03  -0.45194E+02  -0.42668E+03  -0.10664E+07  -0.25211E-02
  0.912   2.991    0.37336E+04   0.10123E+04  -0.23210E+02   0.13593E+04  -0.14212E+05   0.80640E-03
  0.912   2.991    0.19932E+04   0.67882E+01  -0.18940E+04  -0.17064E+05   0.17737E+05  -0.12458E-01
  0.912   2.991    0.37337E+04  -0.10123E+04  -0.23145E+02  -0.13587E+04  -0.14213E+05  -0.80648E-03
  0.912   2.991    0.16825E+06   0.15407E+03  -0.44848E+02   0.43134E+03  -0.10664E+07   0.25210E-02
  0.925   3.012    0.16942E+06   0.16477E+00   0.90347E+02  -0.73776E-01  -0.10691E+07   0.10556E-05
  0.925   3.012    0.15363E+04   0.20302E+04   0.19220E+04   0.19869E+05   0.18381E+05  -0.13683E-01
  0.925   3.012    0.15360E+04  -0.20303E+04   0.19220E+04  -0.19869E+05   0.18382E+05   0.13682E-01
  0.925   3.012    0.15360E+04   0.43057E+03  -0.18988E+04   0.17643E+05   0.18380E+05   0.11821E-01
  0.925   3.012    0.16887E+06  -0.31449E+03  -0.45134E+02  -0.60050E+03  -0.10680E+07  -0.35080E-02
  0.925   3.012    0.36618E+04   0.79631E+03  -0.23276E+02   0.11106E+04  -0.14144E+05   0.31917E-03
  0.925   3.012    0.15364E+04  -0.43051E+03  -0.18987E+04  -0.17643E+05   0.18379E+05  -0.11820E-01
  0.925   3.012    0.36621E+04  -0.79677E+03  -0.23248E+02  -0.11110E+04  -0.14145E+05  -0.31962E-03
  0.925   3.012    0.16887E+06   0.31492E+03  -0.45301E+02   0.60802E+03  -0.10680E+07   0.35078E-02
  0.938   3.032    0.17031E+06   0.16265E+01   0.91060E+02   0.13024E+02  -0.10709E+07   0.14953E-06
  0.938   3.032    0.10937E+04   0.19848E+04   0.19265E+04   0.19893E+05   0.18990E+05  -0.13290E-01
  0.938   3.032    0.10938E+04  -0.19846E+04   0.19265E+04  -0.19892E+05   0.18990E+05   0.13290E-01
  0.938   3.032    0.10944E+04   0.82447E+03  -0.19029E+04   0.18157E+05   0.18985E+05   0.11057E-01
  0.938   3.032    0.16940E+06  -0.52356E+03  -0.44238E+02  -0.84580E+03  -0.10694E+07  -0.43334E-02
  0.938   3.032    0.35220E+04   0.57605E+03  -0.23202E+02   0.86306E+03  -0.14004E+05  -0.28880E-03
  0.938   3.032    0.10940E+04  -0.82495E+03  -0.19032E+04  -0.18160E+05   0.18988E+05  -0.11057E-01
  0.938   3.032    0.35220E+04  -0.57632E+03  -0.23462E+02  -0.86516E+03  -0.14004E+05   0.28876E-03
  0.938   3.032    0.16940E+06   0.51798E+03  -0.46548E+02   0.80085E+03  -0.10694E+07   0.43335E-02
  0.950   3.052    0.17120E+06   0.10664E+01   0.91434E+02   0.89354E+01  -0.10730E+07   0.69177E-07
  0.950   3.052    0.65391E+03   0.19106E+04   0.19315E+04   0.19893E+05   0.19588E+05  -0.12631E-01
  0.950   3.052    0.65384E+03  -0.19106E+04   0.19316E+04  -0.19893E+05   0.19588E+05   0.12631E-01
  0.950   3.052    0.65427E+03   0.11820E+04  -0.19079E+04   0.18628E+05   0.19584E+05   0.10176E-01
  0.950   3.052    0.16988E+06  -0.75194E+03  -0.45332E+02  -0.10680E+04  -0.10710E+07  -0.49553E-02
  0.950   3.052    0.33281E+04   0.35994E+03  -0.23398E+02   0.62819E+03  -0.13814E+05  -0.10149E-02
  0.950   3.052    0.65432E+03  -0.11820E+04  -0.19079E+04  -0.18628E+05   0.19585E+05  -0.10176E-01
  0.950   3.052    0.33281E+04  -0.35999E+03  -0.23439E+02  -0.62850E+03  -0.13814E+05   0.10147E-02
  0.950   3.052    0.16988E+06   0.75101E+03  -0.45862E+02   0.10581E+04  -0.10710E+07   0.49551E-02
  0.963   3.072    0.17198E+06  -0.53475E-01   0.91488E+02  -0.19627E+01  -0.10747E+07   0.18442E-07
  0.963   3.072    0.19546E+03   0.18281E+04   0.19361E+04   0.19881E+05   0.20188E+05  -0.11627E-01
  0.963   3.072    0.19566E+03  -0.18279E+04   0.19361E+04  -0.19880E+05   0.20188E+05   0.11627E-01
  0.963   3.072    0.19585E+03   0.15141E+04  -0.19126E+04   0.19060E+05   0.20185E+05   0.91500E-02
  0.963   3.072    0.17028E+06  -0.98218E+03  -0.45564E+02  -0.12967E+04  -0.10724E+07  -0.53011E-02
  0.963   3.072    0.30870E+04   0.15278E+03  -0.23504E+02   0.40821E+03  -0.13579E+05  -0.18660E-02
  0.963   3.072    0.19600E+03  -0.15142E+04  -0.19126E+04  -0.19060E+05   0.20184E+05  -0.91496E-02
  0.963   3.072    0.30870E+04  -0.15287E+03  -0.23480E+02  -0.40798E+03  -0.13579E+05   0.18660E-02
  0.963   3.072    0.17028E+06   0.98176E+03  -0.46004E+02   0.12961E+04  -0.10724E+07   0.53009E-02
  0.975   3.092    0.17260E+06   0.58040E+00   0.91904E+02   0.53111E+01  -0.10761E+07  -0.12994E-06
  0.975   3.092   -0.31266E+03   0.17618E+04   0.19403E+04   0.19883E+05   0.20821E+05  -0.10156E-01
  0.975   3.092   -0.31285E+03  -0.17621E+04   0.19403E+04  -0.19883E+05   0.20821E+05   0.10156E-01
  0.975   3.092   -0.31249E+03   0.18355E+04  -0.19169E+04   0.19466E+05   0.20819E+05   0.79178E-02
  0.975   3.092    0.17055E+06  -0.11838E+04  -0.46540E+02  -0.15063E+04  -0.10735E+07  -0.52916E-02
  0.975   3.092    0.28008E+04  -0.40835E+02  -0.23666E+02   0.20816E+03  -0.13301E+05  -0.28588E-02
  0.975   3.092   -0.31232E+03  -0.18353E+04  -0.19167E+04  -0.19465E+05   0.20817E+05  -0.79182E-02
  0.975   3.092    0.28007E+04   0.41302E+02  -0.23440E+02  -0.20580E+03  -0.13301E+05   0.28589E-02
  0.975   3.092    0.17055E+06   0.11806E+04  -0.45341E+02   0.14784E+04  -0.10735E+07   0.52915E-02
  0.988   3.112    0.17302E+06  -0.12545E+01   0.92359E+02  -0.88084E+01  -0.10774E+07   0.11219E-06
  0.988   3.112   -0.91075E+03   0.17416E+04   0.19448E+04   0.19938E+05   0.21534E+05  -0.80556E-02
  0.988   3.112   -0.91075E+03  -0.17417E+04   0.19448E+04  -0.19938E+05   0.21533E+05   0.80556E-02
  0.988   3.112   -0.91046E+03   0.21634E+04  -0.19209E+04   0.19868E+05   0.21530E+05   0.63877E-02
  0.988   3.112    0.17072E+06  -0.13146E+04  -0.45939E+02  -0.16072E+04  -0.10745E+07  -0.48253E-02
  0.988   3.112    0.24711E+04  -0.21599E+03  -0.23557E+02   0.29960E+02  -0.12987E+05  -0.40119E-02
  0.988   3.112   -0.91060E+03  -0.21634E+04  -0.19211E+04  -0.19868E+05   0.21531E+05  -0.63877E-02
  0.988   3.112    0.24711E+04   0.21575E+03  -0.23682E+02  -0.31217E+02  -0.12987E+05   0.40118E-02
  0.988   3.112    0.17072E+06   0.13168E+04  -0.46278E+02   0.16228E+04  -0.10745E+07   0.48253E-02
  1.000   3.132    0.17233E+06   0.83775E+00   0.92445E+02   0.54288E+01  -0.10735E+07   0.40608E-06
  1.000   3.132   -0.16153E+04   0.17849E+04   0.19490E+04   0.20026E+05   0.22303E+05  -0.51313E-02
  1.000   3.132   -0.16149E+04  -0.17848E+04   0.19490E+04  -0.20026E+05   0.22303E+05   0.51310E-02
  1.000   3.132   -0.16151E+04   0.25052E+04  -0.19252E+04   0.20251E+05   0.22300E+05   0.44184E-02
  1.000   3.132    0.16998E+06  -0.13513E+04  -0.45604E+02  -0.16453E+04  -0.10706E+07  -0.38150E-02
  1.000   3.132    0.21017E+04  -0.36615E+03  -0.23628E+02  -0.11748E+03  -0.12628E+05  -0.52899E-02
  1.000   3.132   -0.16149E+04  -0.25054E+04  -0.19254E+04  -0.20252E+05   0.22300E+05  -0.44181E-02
  1.000   3.132    0.21017E+04   0.36585E+03  -0.23725E+02   0.11643E+03  -0.12627E+05   0.52900E-02
  1.000   3.132    0.16998E+06   0.13484E+04  -0.46919E+02   0.16225E+04  -0.10706E+07   0.38144E-02
  1.012   3.151    0.17206E+06  -0.11392E+01   0.92784E+02  -0.95372E+01  -0.10742E+07  -0.11932E-06
  1.012   3.151   -0.24972E+04   0.19587E+04   0.19530E+04   0.20270E+05   0.23262E+05  -0.13962E-02
  1.012   3.151   -0.24971E+04  -0.19587E+04   0.19530E+04  -0.20270E+05   0.23262E+05   0.13974E-02
  1.012   3.151   -0.24968E+04   0.28949E+04  -0.19290E+04   0.20697E+05   0.23258E+05   0.19925E-02
  1.012   3.151    0.16992E+06  -0.12265E+04  -0.45679E+02  -0.14841E+04  -0.10715E+07  -0.22849E-02
  1.012   3.151    0.17103E+04  -0.47524E+03  -0.23577E+02  -0.22122E+03  -0.12268E+05  -0.66858E-02
  1.012   3.151   -0.24974E+04  -0.28951E+04  -0.19293E+04  -0.20698E+05   0.23261E+05  -0.19924E-02
  1.012   3.151    0.17101E+04   0.47487E+03  -0.23892E+02   0.21822E+03  -0.12268E+05   0.66862E-02
  1.012   3.151    0.16992E+06   0.12298E+04  -0.47099E+02   0.15112E+04  -0.10715E+07   0.22849E-02
  1.025   3.170    0.17138E+06   0.91776E+00   0.93031E+02   0.47013E+01  -0.10744E+07   0.16014E-06
  1.025   3.170   -0.35137E+04   0.22689E+04   0.19568E+04   0.20642E+05   0.24330E+05   0.30623E-02
  1.025   3.170   -0.35139E+04  -0.22690E+04   0.19568E+04  -0.20642E+05   0.24330E+05  -0.30630E-02
  1.025   3.170   -0.35139E+04   0.33226E+04  -0.19329E+04   0.21170E+05   0.24328E+05  -0.93706E-03
  1.025   3.170    0.16974E+06  -0.94290E+03  -0.46369E+02  -0.12066E+04  -0.10723E+07  -0.31467E-03
  1.025   3.170    0.13345E+04  -0.53430E+03  -0.23774E+02  -0.27079E+03  -0.11933E+05  -0.79983E-02
  1.025   3.170   -0.35139E+04  -0.33226E+04  -0.19330E+04  -0.21170E+05   0.24328E+05   0.93697E-03
  1.025   3.170    0.13345E+04   0.53432E+03  -0.23800E+02   0.27078E+03  -0.11933E+05   0.79982E-02
  1.025   3.170    0.16974E+06   0.94082E+03  -0.46639E+02   0.11978E+04  -0.10723E+07   0.31447E-03
  1.038   3.190    0.17040E+06   0.41060E+00   0.93279E+02  -0.17811E+01  -0.10745E+07   0.92711E-07
  1.038   3.190   -0.45920E+04   0.27064E+04   0.19607E+04   0.21129E+05   0.25435E+05   0.78025E-02
  1.038   3.190   -0.45919E+04  -0.27065E+04   0.19607E+04  -0.21130E+05   0.25435E+05  -0.78027E-02
  1.038   3.190   -0.45923E+04   0.37741E+04  -0.19368E+04   0.21658E+05   0.25434E+05  -0.42277E-02
  1.038   3.190    0.16951E+06  -0.51740E+03  -0.46636E+02  -0.77659E+03  -0.10731E+07   0.18255E-02
  1.038   3.190    0.10285E+04  -0.54086E+03  -0.23856E+02  -0.26933E+03  -0.11675E+05  -0.89351E-02
  1.038   3.190   -0.45920E+04  -0.37740E+04  -0.19368E+04  -0.21657E+05   0.25433E+05   0.42273E-02
  1.038   3.190    0.10286E+04   0.54076E+03  -0.23836E+02   0.26924E+03  -0.11676E+05   0.89352E-02
  1.038   3.190    0.16951E+06   0.51691E+03  -0.46602E+02   0.78225E+03  -0.10731E+07  -0.18257E-02
  1.050   3.209    0.16930E+06   0.22282E-01   0.93376E+02  -0.36675E+01  -0.10743E+07  -0.37757E-06
  1.050   3.209   -0.56117E+04   0.32227E+04   0.19644E+04   0.21683E+05   0.26456E+05   0.12150E-01
  1.050   3.209   -0.56111E+04  -0.32226E+04   0.19644E+04  -0.21683E+05   0.26455E+05  -0.12148E-01
  1.050   3.209   -0.56115E+04   0.42214E+04  -0.19405E+04   0.22127E+05   0.26454E+05  -0.75915E-02
  1.050   3.209    0.16926E+06  -0.28685E+02  -0.46187E+02  -0.30491E+03  -0.10738E+07   0.37697E-02
  1.050   3.209    0.84542E+03  -0.50433E+03  -0.23859E+02  -0.22671E+03  -0.11542E+05  -0.91897E-02
  1.050   3.209   -0.56114E+04  -0.42214E+04  -0.19406E+04  -0.22128E+05   0.26454E+05   0.75910E-02
  1.050   3.209    0.84541E+03   0.50418E+03  -0.23946E+02   0.22576E+03  -0.11542E+05   0.91902E-02
  1.050   3.209    0.16926E+06   0.28834E+02  -0.47260E+02   0.30565E+03  -0.10738E+07  -0.37692E-02
  1.062   3.228    0.16837E+06   0.14802E+01   0.93550E+02   0.10333E+02  -0.10744E+07   0.93753E-07
  1.062   3.228   -0.64545E+04   0.37453E+04   0.19681E+04   0.22229E+05   0.27286E+05   0.15462E-01
  1.062   3.228   -0.64546E+04  -0.37453E+04   0.19681E+04  -0.22228E+05   0.27286E+05  -0.15462E-01
  1.062   3.228   -0.64551E+04   0.46323E+04  -0.19443E+04   0.22554E+05   0.27287E+05  -0.10694E-01
  1.062   3.228    0.16912E+06   0.42439E+03  -0.47290E+02   0.11740E+03  -0.10747E+07   0.51872E-02
  1.062   3.228    0.81226E+03  -0.44476E+03  -0.24071E+02  -0.16157E+03  -0.11555E+05  -0.85858E-02
  1.062   3.228   -0.64548E+04  -0.46322E+04  -0.19441E+04  -0.22553E+05   0.27285E+05   0.10694E-01
  1.062   3.228    0.81223E+03   0.44516E+03  -0.23865E+02   0.16393E+03  -0.11555E+05   0.85855E-02
  1.062   3.228    0.16912E+06  -0.42682E+03  -0.46375E+02  -0.13230E+03  -0.10747E+07  -0.51873E-02
  1.075   3.247    0.16775E+06  -0.16857E+00   0.93838E+02  -0.67473E+01  -0.10747E+07  -0.49181E-06
  1.075   3.247   -0.70555E+04   0.42089E+04   0.19715E+04   0.22704E+05   0.27867E+05   0.17412E-01
  1.075   3.247   -0.70554E+04  -0.42090E+04   0.19715E+04  -0.22705E+05   0.27868E+05  -0.17411E-01
  1.075   3.247   -0.70561E+04   0.49797E+04  -0.19475E+04   0.22907E+05   0.27868E+05  -0.13278E-01
  1.075   3.247    0.16908E+06   0.76950E+03  -0.46885E+02   0.44514E+03  -0.10755E+07   0.59159E-02
  1.075   3.247    0.91498E+03  -0.38320E+03  -0.24002E+02  -0.98652E+02  -0.11693E+05  -0.71720E-02
  1.075   3.247   -0.70559E+04  -0.49796E+04  -0.19476E+04  -0.22907E+05   0.27867E+05   0.13278E-01
  1.075   3.247    0.91499E+03   0.38326E+03  -0.24044E+02   0.98489E+02  -0.11693E+05   0.71722E-02
  1.075   3.247    0.16908E+06  -0.76898E+03  -0.46973E+02  -0.43755E+03  -0.10755E+07  -0.59156E-02
  1.087   3.266    0.16754E+06   0.25944E+00   0.94045E+02  -0.77823E+00  -0.10755E+07  -0.21750E-06
  1.087   3.266   -0.74144E+04   0.45795E+04   0.19751E+04   0.23087E+05   0.28217E+05   0.18044E-01
  1.087   3.266   -0.74142E+04  -0.45796E+04   0.19751E+04  -0.23087E+05   0.28216E+05  -0.18044E-01
  1.087   3.266   -0.74145E+04   0.52491E+04  -0.19511E+04   0.23185E+05   0.28216E+05  -0.15213E-01
  1.087   3.266    0.16922E+06   0.97031E+03  -0.46709E+02   0.61008E+03  -0.10766E+07   0.59833E-02
  1.087   3.266    0.11122E+04  -0.32969E+03  -0.24128E+02  -0.42966E+02  -0.11918E+05  -0.51913E-02
  1.087   3.266   -0.74143E+04  -0.52490E+04  -0.19510E+04  -0.23184E+05   0.28215E+05   0.15213E-01
  1.087   3.266    0.11122E+04   0.32985E+03  -0.24041E+02   0.43919E+02  -0.11918E+05   0.51916E-02
  1.087   3.266    0.16922E+06  -0.97310E+03  -0.47373E+02  -0.62900E+03  -0.10766E+07  -0.59830E-02
  1.100   3.284    0.16767E+06   0.18389E+00   0.94302E+02  -0.42041E+00  -0.10765E+07   0.71758E-07
  1.100   3.284   -0.75727E+04   0.48524E+04   0.19785E+04   0.23370E+05   0.28374E+05   0.17641E-01
  1.100   3.284   -0.75726E+04  -0.48524E+04   0.19785E+04  -0.23370E+05   0.28374E+05  -0.17640E-01
  1.100   3.284   -0.75729E+04   0.54344E+04  -0.19544E+04   0.23379E+05   0.28373E+05  -0.16463E-01
  1.100   3.284    0.16947E+06   0.10445E+04  -0.47526E+02   0.67444E+03  -0.10777E+07   0.55291E-02
  1.100   3.284    0.13515E+04  -0.28446E+03  -0.24171E+02   0.29325E+01  -0.12175E+05  -0.29619E-02
  1.100   3.284   -0.75728E+04  -0.54344E+04  -0.19543E+04  -0.23378E+05   0.28373E+05   0.16463E-01
  1.100   3.284    0.13515E+04   0.28455E+03  -0.24115E+02  -0.23980E+01  -0.12175E+05   0.29619E-02
  1.100   3.284    0.16947E+06  -0.10450E+04  -0.46781E+02  -0.67716E+03  -0.10777E+07  -0.55290E-02
  1.113   3.303    0.16800E+06  -0.35167E+00   0.94551E+02  -0.21592E+01  -0.10767E+07   0.53595E-07
  1.113   3.303   -0.75849E+04   0.50400E+04   0.19817E+04   0.23559E+05   0.28379E+05   0.16550E-01
  1.113   3.303   -0.75849E+04  -0.50399E+04   0.19817E+04  -0.23559E+05   0.28379E+05  -0.16550E-01
  1.113   3.303   -0.75852E+04   0.55358E+04  -0.19577E+04   0.23480E+05   0.28379E+05  -0.17046E-01
  1.113   3.303    0.16977E+06   0.10194E+04  -0.48634E+02   0.64150E+03  -0.10778E+07   0.47100E-02
  1.113   3.303    0.15902E+04  -0.24107E+03  -0.24264E+02   0.46999E+02  -0.12421E+05  -0.77363E-03
  1.113   3.303   -0.75851E+04  -0.55358E+04  -0.19575E+04  -0.23479E+05   0.28378E+05   0.17046E-01
  1.113   3.303    0.15902E+04   0.24126E+03  -0.24127E+02  -0.45679E+02  -0.12421E+05   0.77355E-03
  1.113   3.303    0.16977E+06  -0.10197E+04  -0.45889E+02  -0.63886E+03  -0.10778E+07  -0.47101E-02
  1.125   3.322    0.16868E+06   0.14036E+01   0.94710E+02   0.16808E+02  -0.10792E+07  -0.25446E-07
  1.125   3.322   -0.75026E+04   0.51628E+04   0.19846E+04   0.23698E+05   0.28312E+05   0.15079E-01
  1.125   3.322   -0.75024E+04  -0.51623E+04   0.19847E+04  -0.23697E+05   0.28312E+05  -0.15079E-01
  1.125   3.322   -0.75023E+04   0.55618E+04  -0.19604E+04   0.23523E+05   0.28311E+05  -0.17011E-01
  1.125   3.322    0.17028E+06   0.92868E+03  -0.47828E+02   0.53536E+03  -0.10801E+07   0.36602E-02
  1.125   3.322    0.18018E+04  -0.19339E+03  -0.24295E+02   0.93871E+02  -0.12646E+05   0.11669E-02
  1.125   3.322   -0.75025E+04  -0.55623E+04  -0.19603E+04  -0.23524E+05   0.28311E+05   0.17011E-01
  1.125   3.322    0.18018E+04   0.19352E+03  -0.24181E+02  -0.92821E+02  -0.12646E+05  -0.11672E-02
  1.125   3.322    0.17028E+06  -0.93000E+03  -0.46887E+02  -0.55612E+03  -0.10801E+07  -0.36603E-02
  1.137   3.340    0.16941E+06  -0.27069E+01   0.94954E+02  -0.22899E+02  -0.10807E+07   0.22197E-06
  1.137   3.340   -0.73646E+04   0.52384E+04   0.19881E+04   0.23788E+05   0.28193E+05   0.13448E-01
  1.137   3.340   -0.73644E+04  -0.52385E+04   0.19880E+04  -0.23788E+05   0.28193E+05  -0.13448E-01
  1.137   3.340   -0.73647E+04   0.55258E+04  -0.19637E+04   0.23508E+05   0.28192E+05  -0.16425E-01
  1.137   3.340    0.17079E+06   0.80297E+03  -0.47719E+02   0.43790E+03  -0.10814E+07   0.24920E-02
  1.137   3.340    0.19743E+04  -0.13832E+03  -0.24278E+02   0.14538E+03  -0.12829E+05   0.27519E-02
  1.137   3.340   -0.73646E+04  -0.55257E+04  -0.19637E+04  -0.23507E+05   0.28192E+05   0.16425E-01
  1.137   3.340    0.19743E+04   0.13821E+03  -0.24301E+02  -0.14596E+03  -0.12829E+05  -0.27519E-02
  1.137   3.340    0.17079E+06  -0.79847E+03  -0.47224E+02  -0.40212E+03  -0.10814E+07  -0.24918E-02
  1.150   3.358    0.17018E+06  -0.36087E+01   0.95093E+02  -0.22947E+02  -0.10822E+07   0.10052E-05
  1.150   3.358   -0.72040E+04   0.52849E+04   0.19909E+04   0.23850E+05   0.28061E+05   0.11795E-01
  1.150   3.358   -0.72028E+04  -0.52837E+04   0.19909E+04  -0.23848E+05   0.28058E+05  -0.11803E-01
  1.150   3.358   -0.72013E+04   0.54461E+04  -0.19666E+04   0.23456E+05   0.28055E+05  -0.15378E-01
  1.150   3.358    0.17131E+06   0.65556E+03  -0.47986E+02   0.30211E+03  -0.10827E+07   0.12827E-02
  1.150   3.358    0.21067E+04  -0.76597E+02  -0.24324E+02   0.20197E+03  -0.12971E+05   0.39487E-02
  1.150   3.358   -0.72013E+04  -0.54468E+04  -0.19666E+04  -0.23456E+05   0.28055E+05   0.15376E-01
  1.150   3.358    0.21065E+04   0.75065E+02  -0.24338E+02  -0.20365E+03  -0.12971E+05  -0.39475E-02
  1.150   3.358    0.17131E+06  -0.64909E+03  -0.47154E+02  -0.25964E+03  -0.10827E+07  -0.12850E-02
  1.163   3.376    0.17100E+06  -0.25792E+01   0.95155E+02  -0.18587E+02  -0.10838E+07  -0.10859E-07
  1.163   3.376   -0.70177E+04   0.53034E+04   0.19940E+04   0.23885E+05   0.27905E+05   0.10233E-01
  1.163   3.376   -0.70175E+04  -0.53033E+04   0.19940E+04  -0.23886E+05   0.27904E+05  -0.10233E-01
  1.163   3.376   -0.70176E+04   0.53235E+04  -0.19696E+04   0.23364E+05   0.27903E+05  -0.13976E-01
  1.163   3.376    0.17184E+06   0.49382E+03  -0.48252E+02   0.15491E+03  -0.10840E+07   0.12618E-03
  1.163   3.376    0.22024E+04  -0.68301E+01  -0.24441E+02   0.26482E+03  -0.13079E+05   0.47807E-02
  1.163   3.376   -0.70173E+04  -0.53233E+04  -0.19694E+04  -0.23363E+05   0.27901E+05   0.13976E-01
  1.163   3.376    0.22024E+04   0.68495E+01  -0.24297E+02  -0.26371E+03  -0.13079E+05  -0.47807E-02
  1.163   3.376    0.17184E+06  -0.48798E+03  -0.47088E+02  -0.11132E+03  -0.10840E+07  -0.12605E-03
  1.175   3.395    0.17178E+06  -0.97020E+00   0.95496E+02  -0.59865E+01  -0.10852E+07  -0.78757E-07
  1.175   3.395   -0.68352E+04   0.53098E+04   0.19967E+04   0.23908E+05   0.27754E+05   0.87774E-02
  1.175   3.395   -0.68352E+04  -0.53099E+04   0.19967E+04  -0.23908E+05   0.27754E+05  -0.87774E-02
  1.175   3.395   -0.68350E+04   0.51826E+04  -0.19722E+04   0.23259E+05   0.27752E+05  -0.12298E-01
  1.175   3.395    0.17235E+06   0.32698E+03  -0.47206E+02  -0.12270E+02  -0.10852E+07  -0.94844E-03
  1.175   3.395    0.22684E+04   0.65801E+02  -0.24320E+02   0.32649E+03  -0.13157E+05   0.53027E-02
  1.175   3.395   -0.68351E+04  -0.51825E+04  -0.19724E+04  -0.23259E+05   0.27754E+05   0.12298E-01
  1.175   3.395    0.22684E+04  -0.66076E+02  -0.24478E+02  -0.32804E+03  -0.13157E+05  -0.53024E-02
  1.175   3.395    0.17235E+06  -0.32685E+03  -0.48313E+02   0.12904E+02  -0.10852E+07   0.94859E-03
  1.188   3.413    0.17257E+06   0.17771E+00   0.95720E+02   0.34314E+01  -0.10866E+07  -0.16812E-06
  1.188   3.413   -0.66531E+04   0.53062E+04   0.19994E+04   0.23921E+05   0.27606E+05   0.74516E-02
  1.188   3.413   -0.66532E+04  -0.53062E+04   0.19994E+04  -0.23920E+05   0.27606E+05  -0.74537E-02
  1.188   3.413   -0.66554E+04   0.50259E+04  -0.19751E+04   0.23143E+05   0.27607E+05  -0.10425E-01
  1.188   3.413    0.17286E+06   0.16300E+03  -0.47722E+02  -0.16357E+03  -0.10864E+07  -0.19239E-02
  1.188   3.413    0.23099E+04   0.14116E+03  -0.24460E+02   0.39079E+03  -0.13215E+05   0.55753E-02
  1.188   3.413   -0.66554E+04  -0.50261E+04  -0.19751E+04  -0.23143E+05   0.27607E+05   0.10426E-01
  1.188   3.413    0.23100E+04  -0.14109E+03  -0.24388E+02  -0.39015E+03  -0.13215E+05  -0.55753E-02
  1.188   3.413    0.17286E+06  -0.16504E+03  -0.47961E+02   0.14469E+03  -0.10864E+07   0.19235E-02
  1.200   3.430    0.17328E+06   0.15038E+01   0.95894E+02   0.14223E+02  -0.10879E+07  -0.21839E-06
  1.200   3.430   -0.64743E+04   0.52912E+04   0.20019E+04   0.23919E+05   0.27458E+05   0.62495E-02
  1.200   3.430   -0.64744E+04  -0.52913E+04   0.20020E+04  -0.23918E+05   0.27459E+05  -0.62516E-02
  1.200   3.430   -0.64752E+04   0.48577E+04  -0.19776E+04   0.23015E+05   0.27460E+05  -0.84235E-02
  1.200   3.430    0.17330E+06   0.41315E+01  -0.47762E+02  -0.30073E+03  -0.10874E+07  -0.27632E-02
  1.200   3.430    0.23311E+04   0.21715E+03  -0.24431E+02   0.45208E+03  -0.13250E+05   0.56603E-02
  1.200   3.430   -0.64753E+04  -0.48579E+04  -0.19776E+04  -0.23017E+05   0.27461E+05   0.84221E-02
  1.200   3.430    0.23311E+04  -0.21735E+03  -0.24425E+02  -0.45237E+03  -0.13250E+05  -0.56598E-02
  1.200   3.430    0.17330E+06  -0.73122E+01  -0.48013E+02   0.27460E+03  -0.10874E+07   0.27632E-02
  1.213   3.448    0.17397E+06  -0.32509E+00   0.95925E+02  -0.44780E+01  -0.10892E+07  -0.16977E-07
  1.213   3.448   -0.62936E+04   0.52658E+04   0.20046E+04   0.23911E+05   0.27317E+05   0.51542E-02
  1.213   3.448   -0.62937E+04  -0.52660E+04   0.20046E+04  -0.23912E+05   0.27317E+05  -0.51512E-02
  1.213   3.448   -0.62951E+04   0.46805E+04  -0.19801E+04   0.22888E+05   0.27320E+05  -0.63474E-02
  1.213   3.448    0.17372E+06  -0.14361E+03  -0.47891E+02  -0.41026E+03  -0.10885E+07  -0.34570E-02
  1.213   3.448    0.23354E+04   0.29253E+03  -0.24435E+02   0.51154E+03  -0.13273E+05   0.56074E-02
  1.213   3.448   -0.62949E+04  -0.46802E+04  -0.19802E+04  -0.22888E+05   0.27319E+05   0.63476E-02
  1.213   3.448    0.23354E+04  -0.29237E+03  -0.24442E+02  -0.51124E+03  -0.13273E+05  -0.56075E-02
  1.213   3.448    0.17372E+06   0.14339E+03  -0.48019E+02   0.40930E+03  -0.10885E+07   0.34572E-02
  1.225   3.466    0.17459E+06   0.22395E+00   0.96039E+02   0.46545E+01  -0.10904E+07  -0.89214E-07
  1.225   3.466   -0.61020E+04   0.52186E+04   0.20072E+04   0.23875E+05   0.27162E+05   0.41334E-02
  1.225   3.466   -0.61021E+04  -0.52185E+04   0.20072E+04  -0.23875E+05   0.27162E+05  -0.41330E-02
  1.225   3.466   -0.61018E+04   0.44928E+04  -0.19828E+04   0.22752E+05   0.27160E+05  -0.42632E-02
  1.225   3.466    0.17411E+06  -0.27965E+03  -0.48322E+02  -0.52711E+03  -0.10895E+07  -0.39763E-02
  1.225   3.466    0.23239E+04   0.36242E+03  -0.24450E+02   0.56235E+03  -0.13282E+05   0.54619E-02
  1.225   3.466   -0.61017E+04  -0.44927E+04  -0.19828E+04  -0.22750E+05   0.27158E+05   0.42631E-02
  1.225   3.466    0.23240E+04  -0.36238E+03  -0.24389E+02  -0.56174E+03  -0.13282E+05  -0.54624E-02
  1.225   3.466    0.17411E+06   0.27715E+03  -0.47648E+02   0.50284E+03  -0.10895E+07   0.39760E-02
  1.238   3.484    0.17509E+06   0.25977E+01   0.95880E+02   0.21938E+02  -0.10915E+07   0.22784E-06
  1.238   3.484   -0.58867E+04   0.51377E+04   0.20095E+04   0.23808E+05   0.26984E+05   0.31491E-02
  1.238   3.484   -0.58867E+04  -0.51377E+04   0.20095E+04  -0.23807E+05   0.26983E+05  -0.31483E-02
  1.238   3.484   -0.58868E+04   0.42950E+04  -0.19852E+04   0.22608E+05   0.26983E+05  -0.22229E-02
  1.238   3.484    0.17441E+06  -0.39381E+03  -0.48652E+02  -0.61677E+03  -0.10904E+07  -0.43185E-02
  1.238   3.484    0.22972E+04   0.42080E+03  -0.24496E+02   0.60109E+03  -0.13275E+05   0.52485E-02
  1.238   3.484   -0.58864E+04  -0.42947E+04  -0.19850E+04  -0.22608E+05   0.26982E+05   0.22223E-02
  1.238   3.484    0.22972E+04  -0.42067E+03  -0.24254E+02  -0.59929E+03  -0.13276E+05  -0.52488E-02
  1.238   3.484    0.17441E+06   0.38928E+03  -0.47314E+02   0.57791E+03  -0.10904E+07   0.43182E-02
  1.250   3.501    0.17542E+06   0.60528E+00   0.96002E+02   0.54740E+01  -0.10924E+07  -0.72049E-06
  1.250   3.501   -0.56131E+04   0.49858E+04   0.20118E+04   0.23679E+05   0.26765E+05   0.21489E-02
  1.250   3.501   -0.56118E+04  -0.49846E+04   0.20118E+04  -0.23674E+05   0.26760E+05  -0.21472E-02
  1.250   3.501   -0.56109E+04   0.40771E+04  -0.19874E+04   0.22451E+05   0.26750E+05  -0.26662E-03
  1.250   3.501    0.17460E+06  -0.46759E+03  -0.48184E+02  -0.65003E+03  -0.10912E+07  -0.44432E-02
  1.250   3.501    0.22504E+04   0.45205E+03  -0.24304E+02   0.61143E+03  -0.13252E+05   0.49775E-02
  1.250   3.501   -0.56115E+04  -0.40784E+04  -0.19874E+04  -0.22454E+05   0.26751E+05   0.26756E-03
  1.250   3.501    0.22507E+04  -0.45223E+03  -0.24278E+02  -0.61180E+03  -0.13254E+05  -0.49772E-02
  1.250   3.501    0.17460E+06   0.46661E+03  -0.47701E+02   0.63551E+03  -0.10912E+07   0.44437E-02
