  0.000   0.000   -0.55337E-10   0.26097E+06  -0.10239E-10   0.13171E+07   0.30604E-09   0.84016E-05
  0.000   0.000    0.12379E+05   0.38276E+04  -0.28192E+04   0.19451E+05  -0.59780E+05   0.49899E-03
  0.000   0.000   -0.12379E+05   0.38276E+04   0.28192E+04   0.19451E+05   0.59780E+05   0.49899E-03
  0.000   0.000    0.13113E+05   0.38276E+04   0.28659E+04   0.19405E+05  -0.63259E+05  -0.47027E-03
  0.000   0.000   -0.20764E+03   0.26133E+06   0.27879E+03   0.13188E+07   0.93115E+03  -0.41994E-05
  0.000   0.000   -0.36691E+03  -0.18288E+05   0.56915E+04  -0.87311E+05   0.16997E+04   0.99720E-05
  0.000   0.000   -0.13113E+05   0.38276E+04  -0.28659E+04   0.19405E+05   0.63259E+05  -0.47027E-03
  0.000   0.000    0.36691E+03  -0.18288E+05  -0.56915E+04  -0.87311E+05  -0.16997E+04   0.99720E-05
  0.000   0.000    0.20764E+03   0.26133E+06  -0.27879E+03   0.13188E+07  -0.93115E+03  -0.41994E-05
 -1.000  -1.000   -0.47660E-10   0.19558E+06  -0.57802E-11   0.11247E+07   0.29778E-09   0.51964E-05
 -1.000  -1.000    0.40295E+04   0.58011E+02  -0.12632E+04   0.64981E+03  -0.25523E+05   0.26451E-03
 -1.000  -1.000   -0.40295E+04   0.58011E+02   0.12632E+04   0.64981E+03   0.25523E+05   0.26451E-03
 -1.000  -1.000    0.41563E+04   0.58010E+02   0.13126E+04   0.64603E+03  -0.26333E+05  -0.25684E-03
 -1.000  -1.000   -0.67336E+02   0.19569E+06   0.10050E+03   0.11254E+07   0.42519E+03  -0.26154E-05
 -1.000  -1.000   -0.63392E+02  -0.70499E+04   0.25803E+04  -0.44377E+05   0.40164E+03   0.20087E-05
 -1.000  -1.000   -0.41563E+04   0.58010E+02  -0.13126E+04   0.64603E+03   0.26333E+05  -0.25684E-03
 -1.000  -1.000    0.63392E+02  -0.70499E+04  -0.25803E+04  -0.44377E+05  -0.40164E+03   0.20087E-05
 -1.000  -1.000    0.67336E+02   0.19569E+06  -0.10050E+03   0.11254E+07  -0.42519E+03  -0.26154E-05
  0.013   0.333   -0.51433E-01   0.26499E+06  -0.90634E-04   0.13322E+07   0.22852E+00   0.69793E-05
  0.013   0.333    0.13160E+05   0.48716E+04  -0.31271E+04   0.24386E+05  -0.62919E+05   0.51137E-03
  0.013   0.333   -0.13160E+05   0.48716E+04   0.31271E+04   0.24386E+05   0.62919E+05   0.51137E-03
  0.013   0.333    0.13953E+05   0.48716E+04   0.31363E+04   0.24330E+05  -0.66638E+05  -0.48123E-03
  0.013   0.333   -0.17814E+03   0.26530E+06   0.27878E+03   0.13335E+07   0.76906E+03  -0.34317E-05
  0.013   0.333   -0.39673E+03  -0.18648E+05   0.62700E+04  -0.88029E+05   0.18106E+04   0.11355E-04
  0.013   0.333   -0.13953E+05   0.48716E+04  -0.31363E+04   0.24330E+05   0.66638E+05  -0.48123E-03
  0.013   0.333    0.39673E+03  -0.18648E+05  -0.62700E+04  -0.88029E+05  -0.18106E+04   0.11355E-04
  0.013   0.333    0.17824E+03   0.26530E+06  -0.27878E+03   0.13335E+07  -0.76955E+03  -0.35369E-05
  0.025   0.494    0.51878E-02   0.27218E+06   0.69232E-03   0.13616E+07   0.21748E+00   0.42339E-05
  0.025   0.494    0.14372E+05   0.66817E+04  -0.36146E+04   0.32812E+05  -0.67856E+05   0.53295E-03
  0.025   0.494   -0.14372E+05   0.66817E+04   0.36146E+04   0.32812E+05   0.67856E+05   0.53294E-03
  0.025   0.494    0.15243E+05   0.66817E+04   0.35718E+04   0.32738E+05  -0.71878E+05  -0.50065E-03
  0.025   0.494   -0.10530E+03   0.27236E+06   0.29029E+03   0.13623E+07   0.39716E+03  -0.20612E-05
  0.025   0.494   -0.43562E+03  -0.19006E+05   0.71932E+04  -0.88428E+05   0.19469E+04   0.13790E-04
  0.025   0.494   -0.15243E+05   0.66817E+04  -0.35718E+04   0.32738E+05   0.71878E+05  -0.50064E-03
  0.025   0.494    0.43563E+03  -0.19006E+05  -0.71932E+04  -0.88428E+05  -0.19469E+04   0.13800E-04
  0.025   0.494    0.10525E+03   0.27236E+06  -0.29029E+03   0.13623E+07  -0.39737E+03  -0.21668E-05
  0.038   0.606    0.12474E+00   0.27867E+06  -0.18136E-02   0.13863E+07  -0.71037E+00   0.14177E-05
  0.038   0.606    0.15807E+05   0.83746E+04  -0.40003E+04   0.40314E+05  -0.73696E+05   0.55183E-03
  0.038   0.606   -0.15807E+05   0.83745E+04   0.40003E+04   0.40314E+05   0.73696E+05   0.55183E-03
  0.038   0.606    0.16758E+05   0.83745E+04   0.39572E+04   0.40225E+05  -0.78013E+05  -0.51693E-03
  0.038   0.606   -0.18651E+02   0.27871E+06   0.35578E+03   0.13862E+07  -0.27608E+02  -0.83445E-06
  0.038   0.606   -0.47545E+03  -0.19870E+05   0.79646E+04  -0.91308E+05   0.20828E+04   0.16224E-04
  0.038   0.606   -0.16758E+05   0.83745E+04  -0.39572E+04   0.40225E+05   0.78013E+05  -0.51694E-03
  0.038   0.606    0.47545E+03  -0.19870E+05  -0.79646E+04  -0.91308E+05  -0.20828E+04   0.16220E-04
  0.038   0.606    0.18424E+02   0.27871E+06  -0.35578E+03   0.13862E+07   0.28879E+02  -0.59786E-06
  0.050   0.700    0.28857E+00   0.28544E+06   0.41406E-03   0.14110E+07  -0.21377E+01  -0.38103E-06
  0.050   0.700    0.17615E+05   0.94382E+04  -0.41584E+04   0.44466E+05  -0.81014E+05   0.57283E-03
  0.050   0.700   -0.17616E+05   0.94382E+04   0.41585E+04   0.44466E+05   0.81014E+05   0.57285E-03
  0.050   0.700    0.18683E+05   0.94382E+04   0.42162E+04   0.44372E+05  -0.85778E+05  -0.53377E-03
  0.050   0.700    0.35532E+02   0.28538E+06   0.51156E+03   0.14105E+07  -0.28640E+03   0.28312E-06
  0.050   0.700   -0.53395E+03  -0.22040E+05   0.83822E+04  -0.10022E+06   0.23022E+04   0.18272E-04
  0.050   0.700   -0.18683E+05   0.94382E+04  -0.42162E+04   0.44372E+05   0.85778E+05  -0.53379E-03
  0.050   0.700    0.53394E+03  -0.22040E+05  -0.83822E+04  -0.10022E+06  -0.23022E+04   0.18218E-04
  0.050   0.700   -0.35958E+02   0.28538E+06  -0.51156E+03   0.14105E+07   0.28924E+03   0.81138E-07
  0.062   0.783    0.49342E+00   0.29199E+06  -0.16155E-03   0.14334E+07  -0.23973E+01   0.15194E-07
  0.062   0.783    0.19817E+05   0.93580E+04  -0.40149E+04   0.43080E+05  -0.89789E+05   0.59551E-03
  0.062   0.783   -0.19817E+05   0.93580E+04   0.40150E+04   0.43080E+05   0.89790E+05   0.59554E-03
  0.062   0.783    0.21113E+05   0.93580E+04   0.43052E+04   0.42994E+05  -0.95482E+05  -0.55003E-03
  0.062   0.783   -0.34586E+02   0.29205E+06   0.76862E+03   0.14335E+07   0.34001E+02  -0.57398E-06
  0.062   0.783   -0.64841E+03  -0.26132E+05   0.83281E+04  -0.11761E+06   0.27739E+04   0.19200E-04
  0.062   0.783   -0.21113E+05   0.93580E+04  -0.43052E+04   0.42994E+05   0.95482E+05  -0.55007E-03
  0.062   0.783    0.64840E+03  -0.26132E+05  -0.83281E+04  -0.11761E+06  -0.27739E+04   0.19244E-04
  0.062   0.783    0.33901E+02   0.29205E+06  -0.76862E+03   0.14335E+07  -0.29687E+02   0.67886E-06
  0.075   0.858   -0.19384E+00   0.29767E+06   0.14927E-02   0.14492E+07   0.82327E+00   0.35916E-05
  0.075   0.858    0.22338E+05   0.78080E+04  -0.35711E+04   0.35032E+05  -0.99523E+05   0.61909E-03
  0.075   0.858   -0.22338E+05   0.78080E+04   0.35711E+04   0.35032E+05   0.99523E+05   0.61911E-03
  0.075   0.858    0.24109E+05   0.78080E+04   0.42055E+04   0.34966E+05  -0.10720E+06  -0.56454E-03
  0.075   0.858   -0.37255E+03   0.29832E+06   0.10857E+04   0.14519E+07   0.15428E+04  -0.87804E-06
  0.075   0.858   -0.88592E+03  -0.32461E+05   0.77852E+04  -0.14423E+06   0.37836E+04   0.18569E-04
  0.075   0.858   -0.24109E+05   0.78080E+04  -0.42055E+04   0.34966E+05   0.10720E+06  -0.56450E-03
  0.075   0.858    0.88590E+03  -0.32461E+05  -0.77852E+04  -0.14423E+06  -0.37834E+04   0.18494E-04
  0.075   0.858    0.37312E+03   0.29832E+06  -0.10857E+04   0.14519E+07  -0.15461E+04  -0.21011E-05
  0.088   0.926    0.50484E-01   0.30291E+06  -0.48023E-02   0.14633E+07  -0.14253E+01   0.10878E-04
  0.088   0.926    0.25022E+05   0.47602E+04  -0.28973E+04   0.20699E+05  -0.10950E+06   0.64515E-03
  0.088   0.926   -0.25022E+05   0.47602E+04   0.28973E+04   0.20699E+05   0.10950E+06   0.64515E-03
  0.088   0.926    0.27702E+05   0.47602E+04   0.39087E+04   0.20666E+05  -0.12097E+06  -0.57873E-03
  0.088   0.926   -0.11559E+04   0.30491E+06   0.13672E+04   0.14719E+07   0.49460E+04  -0.42249E-05
  0.088   0.926   -0.13410E+04  -0.40947E+05   0.68149E+04  -0.17911E+06   0.57115E+04   0.15793E-04
  0.088   0.926   -0.27702E+05   0.47602E+04  -0.39087E+04   0.20665E+05   0.12097E+06  -0.57874E-03
  0.088   0.926    0.13410E+04  -0.40947E+05  -0.68149E+04  -0.17911E+06  -0.57115E+04   0.15703E-04
  0.088   0.926    0.11557E+04   0.30491E+06  -0.13672E+04   0.14719E+07  -0.49429E+04  -0.48608E-05
  0.100   0.990   -0.26676E+00   0.30745E+06  -0.86458E-03   0.14747E+07   0.13278E+01   0.21923E-04
  0.100   0.990    0.27580E+05   0.44611E+03  -0.21013E+04   0.15389E+04  -0.11843E+06   0.67391E-03
  0.100   0.990   -0.27580E+05   0.44614E+03   0.21013E+04   0.15390E+04   0.11843E+06   0.67391E-03
  0.100   0.990    0.31785E+05   0.44614E+03   0.34006E+04   0.15446E+04  -0.13617E+06  -0.59337E-03
  0.100   0.990   -0.25270E+04   0.31183E+06   0.14881E+04   0.14933E+07   0.10721E+05  -0.87798E-05
  0.100   0.990   -0.21034E+04  -0.51016E+05   0.55112E+04  -0.21916E+06   0.88790E+04   0.10600E-04
  0.100   0.990   -0.31785E+05   0.44612E+03  -0.34006E+04   0.15445E+04   0.13617E+06  -0.59329E-03
  0.100   0.990    0.21034E+04  -0.51016E+05  -0.55112E+04  -0.21916E+06  -0.88790E+04   0.10658E-04
  0.100   0.990    0.25275E+04   0.31183E+06  -0.14881E+04   0.14933E+07  -0.10724E+05  -0.91600E-05
  0.113   1.050   -0.13834E-02   0.31024E+06   0.29809E-02   0.14757E+07   0.13349E+00   0.36224E-04
  0.113   1.050    0.29569E+05  -0.47224E+04  -0.12930E+04  -0.20323E+05  -0.12439E+06   0.70194E-03
  0.113   1.050   -0.29569E+05  -0.47224E+04   0.12930E+04  -0.20323E+05   0.12439E+06   0.70188E-03
  0.113   1.050    0.35898E+05  -0.47224E+04   0.26564E+04  -0.20277E+05  -0.15061E+06  -0.60633E-03
  0.113   1.050   -0.44681E+04   0.31798E+06   0.13287E+04   0.15080E+07   0.18615E+05  -0.14313E-04
  0.113   1.050   -0.31650E+04  -0.61475E+05   0.39589E+04  -0.25869E+06   0.13150E+05   0.33110E-05
  0.113   1.050   -0.35898E+05  -0.47224E+04  -0.26564E+04  -0.20277E+05   0.15061E+06  -0.60635E-03
  0.113   1.050    0.31650E+04  -0.61475E+05  -0.39589E+04  -0.25869E+06  -0.13150E+05   0.31964E-05
  0.113   1.050    0.44680E+04   0.31798E+06  -0.13287E+04   0.15080E+07  -0.18615E+05  -0.14727E-04
  0.125   1.107   -0.11467E+01   0.31204E+06   0.54586E-02   0.14742E+07   0.50137E+01   0.53336E-04
  0.125   1.107    0.30506E+05  -0.10266E+05  -0.55938E+03  -0.42671E+05  -0.12572E+06   0.73228E-03
  0.125   1.107   -0.30506E+05  -0.10266E+05   0.55939E+03  -0.42671E+05   0.12572E+06   0.73230E-03
  0.125   1.107    0.39010E+05  -0.10266E+05   0.16545E+04  -0.42588E+05  -0.16022E+06  -0.62242E-03
  0.125   1.107   -0.66006E+04   0.32349E+06   0.81271E+03   0.15209E+07   0.26921E+05  -0.21535E-04
  0.125   1.107   -0.42510E+04  -0.70535E+05   0.22232E+04  -0.29054E+06   0.17321E+05  -0.56909E-05
  0.125   1.107   -0.39010E+05  -0.10266E+05  -0.16545E+04  -0.42588E+05   0.16023E+06  -0.62240E-03
  0.125   1.107    0.42507E+04  -0.70535E+05  -0.22232E+04  -0.29054E+06  -0.17320E+05  -0.55306E-05
  0.125   1.107    0.66026E+04   0.32349E+06  -0.81271E+03   0.15209E+07  -0.26928E+05  -0.21123E-04
  0.138   1.161    0.76580E-01   0.31086E+06   0.25995E-02   0.14579E+07   0.41706E+00   0.72348E-04
  0.138   1.161    0.29755E+05  -0.15685E+05   0.44426E+02  -0.63357E+05  -0.12002E+06   0.75791E-03
  0.138   1.161   -0.29755E+05  -0.15685E+05  -0.44424E+02  -0.63357E+05   0.12002E+06   0.75794E-03
  0.138   1.161    0.38954E+05  -0.15685E+05   0.42347E+03  -0.63244E+05  -0.15647E+06  -0.63719E-03
  0.138   1.161   -0.79561E+04   0.32467E+06  -0.44951E+02   0.15128E+07   0.31681E+05  -0.30001E-04
  0.138   1.161   -0.45954E+04  -0.75271E+05   0.38792E+03  -0.30308E+06   0.18304E+05  -0.13818E-04
  0.138   1.161   -0.38954E+05  -0.15685E+05  -0.42347E+03  -0.63244E+05   0.15647E+06  -0.63714E-03
  0.138   1.161    0.45954E+04  -0.75271E+05  -0.38792E+03  -0.30308E+06  -0.18304E+05  -0.13872E-04
  0.138   1.161    0.79559E+04   0.32467E+06   0.44952E+02   0.15128E+07  -0.31682E+05  -0.30862E-04
  0.150   1.213    0.92486E-01   0.30843E+06   0.10769E-02   0.14407E+07  -0.62040E+00   0.93779E-04
  0.150   1.213    0.26877E+05  -0.20581E+05   0.49307E+03  -0.80986E+05  -0.10634E+06   0.78569E-03
  0.150   1.213   -0.26877E+05  -0.20581E+05  -0.49307E+03  -0.80986E+05   0.10634E+06   0.78565E-03
  0.150   1.213    0.33030E+05  -0.20580E+05  -0.88000E+03  -0.80853E+05  -0.13006E+06  -0.65932E-03
  0.150   1.213   -0.71330E+04   0.32083E+06  -0.10718E+04   0.14889E+07   0.27726E+05  -0.45233E-04
  0.150   1.213   -0.30689E+04  -0.72562E+05  -0.13650E+04  -0.28605E+06   0.11948E+05  -0.17967E-04
  0.150   1.213   -0.33030E+05  -0.20580E+05   0.88000E+03  -0.80853E+05   0.13006E+06  -0.65936E-03
  0.150   1.213    0.30689E+04  -0.72562E+05   0.13650E+04  -0.28605E+06  -0.11948E+05  -0.17824E-04
  0.150   1.213    0.71328E+04   0.32083E+06   0.10718E+04   0.14889E+07  -0.27725E+05  -0.44001E-04
  0.163   1.262    0.39385E+00   0.30222E+06  -0.61596E-03   0.14055E+07   0.43594E+01   0.11700E-03
  0.163   1.262    0.21490E+05  -0.24532E+05   0.78516E+03  -0.93957E+05  -0.83556E+05   0.80390E-03
  0.163   1.262   -0.21490E+05  -0.24532E+05  -0.78516E+03  -0.93957E+05   0.83556E+05   0.80346E-03
  0.163   1.262    0.19598E+05  -0.24532E+05  -0.19505E+04  -0.93815E+05  -0.76155E+05  -0.68102E-03
  0.163   1.262   -0.32064E+04   0.30783E+06  -0.19349E+04   0.14267E+07   0.12105E+05  -0.69971E-04
  0.163   1.262    0.95760E+03  -0.60238E+05  -0.27289E+04  -0.23268E+06  -0.36202E+04  -0.14309E-04
  0.163   1.262   -0.19598E+05  -0.24532E+05   0.19505E+04  -0.93815E+05   0.76156E+05  -0.68118E-03
  0.163   1.262   -0.95749E+03  -0.60238E+05   0.27289E+04  -0.23268E+06   0.36210E+04  -0.13157E-04
  0.163   1.262    0.32060E+04   0.30783E+06   0.19349E+04   0.14267E+07  -0.12115E+05  -0.61977E-04
  0.175   1.310   -0.50449E+00   0.29389E+06   0.12656E-02   0.13684E+07   0.47476E+01   0.14313E-03
  0.175   1.310    0.13728E+05  -0.27307E+05   0.93708E+03  -0.10196E+06  -0.53162E+05   0.81580E-03
  0.175   1.310   -0.13728E+05  -0.27307E+05  -0.93708E+03  -0.10196E+06   0.53162E+05   0.81590E-03
  0.175   1.310    0.10293E+04  -0.27307E+05  -0.24987E+04  -0.10182E+06  -0.59566E+04  -0.70835E-03
  0.175   1.310    0.28988E+04   0.28894E+06  -0.23193E+04   0.13499E+07  -0.10803E+05  -0.93206E-04
  0.175   1.310    0.63618E+04  -0.40227E+05  -0.34305E+04  -0.15362E+06  -0.23527E+05  -0.92421E-06
  0.175   1.310   -0.10293E+04  -0.27307E+05   0.24987E+04  -0.10182E+06   0.59566E+04  -0.70832E-03
  0.175   1.310   -0.63619E+04  -0.40227E+05   0.34305E+04  -0.15362E+06   0.23528E+05  -0.10719E-05
  0.175   1.310   -0.28980E+04   0.28894E+06   0.23193E+04   0.13499E+07   0.10795E+05  -0.94011E-04
  0.188   1.356   -0.70419E-01   0.28331E+06  -0.62128E-02   0.13220E+07   0.97437E+00   0.17197E-03
  0.188   1.356    0.40876E+04  -0.28724E+05   0.97665E+03  -0.10445E+06  -0.17408E+05   0.81794E-03
  0.188   1.356   -0.40875E+04  -0.28724E+05  -0.97664E+03  -0.10445E+06   0.17408E+05   0.81805E-03
  0.188   1.356   -0.17324E+05  -0.28724E+05  -0.24881E+04  -0.10432E+06   0.59970E+05  -0.73784E-03
  0.188   1.356    0.87867E+04   0.26816E+06  -0.21728E+04   0.12672E+07  -0.31773E+05  -0.12022E-03
  0.188   1.356    0.10716E+05  -0.17407E+05  -0.34608E+04  -0.68071E+05  -0.38613E+05   0.15358E-04
  0.188   1.356    0.17324E+05  -0.28723E+05   0.24881E+04  -0.10432E+06  -0.59970E+05  -0.73781E-03
  0.188   1.356   -0.10716E+05  -0.17407E+05   0.34608E+04  -0.68071E+05   0.38612E+05   0.15224E-04
  0.188   1.356   -0.87864E+04   0.26816E+06   0.21728E+04   0.12672E+07   0.31769E+05  -0.12148E-03
  0.200   1.400    0.66810E+00   0.27225E+06   0.23724E-02   0.12765E+07  -0.42159E+01   0.20349E-03
  0.200   1.400   -0.65605E+04  -0.28767E+05   0.93632E+03  -0.10190E+06   0.20070E+05   0.81513E-03
  0.200   1.400    0.65605E+04  -0.28767E+05  -0.93631E+03  -0.10190E+06  -0.20070E+05   0.81504E-03
  0.200   1.400   -0.31175E+05  -0.28767E+05  -0.21223E+04  -0.10179E+06   0.10664E+06  -0.77326E-03
  0.200   1.400    0.12561E+05   0.25053E+06  -0.16945E+04   0.12000E+07  -0.44221E+05  -0.14133E-03
  0.200   1.400    0.12313E+05   0.37679E+04  -0.30557E+04   0.73653E+04  -0.43206E+05   0.28543E-04
  0.200   1.400    0.31175E+05  -0.28767E+05   0.21223E+04  -0.10179E+06  -0.10664E+06  -0.77333E-03
  0.200   1.400   -0.12313E+05   0.37679E+04   0.30557E+04   0.73653E+04   0.43206E+05   0.28488E-04
  0.200   1.400   -0.12562E+05   0.25053E+06   0.16945E+04   0.12000E+07   0.44224E+05  -0.13979E-03
  0.213   1.444   -0.48531E+00   0.26119E+06  -0.86806E-03   0.12346E+07   0.18538E+01   0.23424E-03
  0.213   1.444   -0.17220E+05  -0.27429E+05   0.84677E+03  -0.94711E+05   0.55674E+05   0.80741E-03
  0.213   1.444    0.17220E+05  -0.27429E+05  -0.84678E+03  -0.94711E+05  -0.55674E+05   0.80751E-03
  0.213   1.444   -0.39402E+05  -0.27429E+05  -0.16350E+04  -0.94614E+05   0.13164E+06  -0.81186E-03
  0.213   1.444    0.13791E+05   0.23730E+06  -0.11215E+04   0.11527E+07  -0.47307E+05  -0.14679E-03
  0.213   1.444    0.11092E+05   0.21471E+05  -0.24795E+04   0.67068E+05  -0.37900E+05   0.34005E-04
  0.213   1.444    0.39402E+05  -0.27429E+05   0.16350E+04  -0.94614E+05  -0.13164E+06  -0.81170E-03
  0.213   1.444   -0.11092E+05   0.21471E+05   0.24795E+04   0.67068E+05   0.37899E+05   0.34245E-04
  0.213   1.444   -0.13791E+05   0.23730E+06   0.11215E+04   0.11527E+07   0.47307E+05  -0.14815E-03
  0.225   1.485    0.69766E+00   0.25077E+06   0.10293E-01   0.11963E+07  -0.40195E+01   0.25851E-03
  0.225   1.485   -0.26940E+05  -0.24718E+05   0.73252E+03  -0.83180E+05   0.86261E+05   0.79872E-03
  0.225   1.485    0.26940E+05  -0.24718E+05  -0.73252E+03  -0.83180E+05  -0.86261E+05   0.79869E-03
  0.225   1.485   -0.42990E+05  -0.24718E+05  -0.11660E+04  -0.83102E+05   0.13971E+06  -0.85212E-03
  0.225   1.485    0.12962E+05   0.22828E+06  -0.59689E+03   0.11212E+07  -0.43299E+05  -0.14094E-03
  0.225   1.485    0.80204E+04   0.35719E+05  -0.18968E+04   0.11211E+06  -0.26639E+05   0.31036E-04
  0.225   1.485    0.42990E+05  -0.24718E+05   0.11660E+04  -0.83102E+05  -0.13971E+06  -0.85215E-03
  0.225   1.485   -0.80205E+04   0.35719E+05   0.18968E+04   0.11211E+06   0.26640E+05   0.30671E-04
  0.225   1.485   -0.12964E+05   0.22828E+06   0.59689E+03   0.11212E+07   0.43311E+05  -0.13948E-03
  0.238   1.526    0.13530E+01   0.24157E+06  -0.71878E-02   0.11640E+07  -0.10385E+02   0.26892E-03
  0.238   1.526   -0.34985E+05  -0.20624E+05   0.61023E+03  -0.67676E+05   0.10977E+06   0.79644E-03
  0.238   1.526    0.34985E+05  -0.20624E+05  -0.61022E+03  -0.67676E+05  -0.10977E+06   0.79648E-03
  0.238   1.526   -0.43467E+05  -0.20624E+05  -0.76753E+03  -0.67618E+05   0.13714E+06  -0.89568E-03
  0.238   1.526    0.10735E+05   0.22290E+06  -0.17586E+03   0.11033E+07  -0.34915E+05  -0.11849E-03
  0.238   1.526    0.42320E+04   0.47206E+05  -0.13763E+04   0.14580E+06  -0.13605E+05   0.18903E-04
  0.238   1.526    0.43467E+05  -0.20624E+05   0.76754E+03  -0.67618E+05  -0.13714E+06  -0.89566E-03
  0.238   1.526   -0.42319E+04   0.47206E+05   0.13763E+04   0.14580E+06   0.13605E+05   0.19177E-04
  0.238   1.526   -0.10738E+05   0.22290E+06   0.17585E+03   0.11033E+07   0.34936E+05  -0.12031E-03
  0.250   1.566    0.49590E-02   0.23364E+06   0.30152E-02   0.11375E+07   0.95389E+00   0.25597E-03
  0.250   1.566   -0.40876E+05  -0.15102E+05   0.48932E+03  -0.48366E+05   0.12516E+06   0.80550E-03
  0.250   1.566    0.40876E+05  -0.15102E+05  -0.48933E+03  -0.48366E+05  -0.12516E+06   0.80546E-03
  0.250   1.566   -0.42081E+05  -0.15102E+05  -0.44531E+03  -0.48327E+05   0.12869E+06  -0.94190E-03
  0.250   1.566    0.76152E+04   0.22034E+06   0.13553E+03   0.10954E+07  -0.24103E+05  -0.86106E-04
  0.250   1.566    0.58977E+03   0.56645E+05  -0.93343E+03   0.17116E+06  -0.16909E+04   0.49982E-06
  0.250   1.566    0.42081E+05  -0.15102E+05   0.44530E+03  -0.48327E+05  -0.12869E+06  -0.94192E-03
  0.250   1.566   -0.58980E+03   0.56645E+05   0.93343E+03   0.17116E+06   0.16910E+04   0.41025E-06
  0.250   1.566   -0.76151E+04   0.22034E+06  -0.13553E+03   0.10954E+07   0.24102E+05  -0.85281E-04
  0.263   1.604    0.14897E+00   0.22669E+06  -0.28214E-02   0.11143E+07   0.13900E+01   0.20989E-03
  0.263   1.604   -0.44392E+05  -0.81385E+04   0.37351E+03  -0.25513E+05   0.13221E+06   0.82824E-03
  0.263   1.604    0.44392E+05  -0.81386E+04  -0.37352E+03  -0.25513E+05  -0.13221E+06   0.82828E-03
  0.263   1.604   -0.39644E+05  -0.81387E+04  -0.18813E+03  -0.25492E+05   0.11722E+06  -0.99163E-03
  0.263   1.604    0.39604E+04   0.21970E+06   0.35070E+03   0.10929E+07  -0.12148E+05  -0.39589E-04
  0.263   1.604   -0.23903E+04   0.64559E+05  -0.56065E+03   0.19024E+06   0.75642E+04  -0.21856E-04
  0.263   1.604    0.39644E+05  -0.81388E+04   0.18812E+03  -0.25493E+05  -0.11722E+06  -0.99176E-03
  0.263   1.604    0.23900E+04   0.64559E+05   0.56065E+03   0.19024E+06  -0.75634E+04  -0.21944E-04
  0.263   1.604   -0.39610E+04   0.21970E+06  -0.35070E+03   0.10929E+07   0.12148E+05  -0.38730E-04
  0.275   1.642    0.91047E+00   0.22133E+06   0.17227E-02   0.10988E+07  -0.84709E+01   0.12412E-03
  0.275   1.642   -0.45642E+05   0.15144E+03   0.26248E+03   0.17587E+03   0.13212E+06   0.87212E-03
  0.275   1.642    0.45642E+05   0.15139E+03  -0.26246E+03   0.17528E+03  -0.13212E+06   0.87196E-03
  0.275   1.642   -0.36674E+05   0.15137E+03   0.18212E+02   0.17993E+03   0.10477E+06  -0.10566E-02
  0.275   1.642    0.99030E+02   0.22102E+06   0.48502E+03   0.10980E+07  -0.17146E+03   0.20294E-04
  0.275   1.642   -0.45033E+04   0.71382E+05  -0.24346E+03   0.20513E+06   0.13736E+05  -0.44168E-04
  0.275   1.642    0.36674E+05   0.15131E+03  -0.18195E+02   0.18008E+03  -0.10477E+06  -0.10565E-02
  0.275   1.642    0.45034E+04   0.71382E+05   0.24346E+03   0.20513E+06  -0.13736E+05  -0.43897E-04
  0.275   1.642   -0.10051E+03   0.22102E+06  -0.48503E+03   0.10980E+07   0.18565E+03   0.20776E-04
  0.288   1.679    0.92106E-01   0.21684E+06  -0.48370E-02   0.10848E+07  -0.32031E+00  -0.78702E-05
  0.288   1.679   -0.44814E+05   0.94615E+04   0.15300E+03   0.27560E+05   0.12566E+06   0.93042E-03
  0.288   1.679    0.44814E+05   0.94615E+04  -0.15299E+03   0.27560E+05  -0.12566E+06   0.93038E-03
  0.288   1.679   -0.33331E+05   0.94615E+04   0.18608E+03   0.27549E+05   0.91646E+05  -0.11380E-02
  0.288   1.679   -0.36084E+04   0.22294E+06   0.55238E+03   0.11029E+07   0.10735E+05   0.94090E-04
  0.288   1.679   -0.57635E+04   0.77110E+05   0.33726E+02   0.21564E+06   0.17063E+05  -0.60732E-04
  0.288   1.679    0.33331E+05   0.94615E+04  -0.18610E+03   0.27549E+05  -0.91646E+05  -0.11381E-02
  0.288   1.679    0.57634E+04   0.77110E+05  -0.33727E+02   0.21564E+06  -0.17063E+05  -0.60589E-04
  0.288   1.679    0.36088E+04   0.22294E+06  -0.55238E+03   0.11029E+07  -0.10740E+05   0.93666E-04
  0.300   1.715    0.19872E-01   0.21396E+06   0.22246E-01   0.10780E+07   0.62380E+00  -0.18783E-03
  0.300   1.715   -0.42334E+05   0.19181E+05   0.40229E+02   0.54751E+05   0.11488E+06   0.10056E-02
  0.300   1.715    0.42334E+05   0.19181E+05  -0.40234E+02   0.54752E+05  -0.11488E+06   0.10055E-02
  0.300   1.715   -0.29728E+05   0.19181E+05   0.32505E+03   0.54726E+05   0.78494E+05  -0.12536E-02
  0.300   1.715   -0.67459E+04   0.22552E+06   0.56407E+03   0.11114E+07   0.19471E+05   0.17993E-03
  0.300   1.715   -0.63255E+04   0.81598E+05   0.28531E+03   0.22220E+06   0.18234E+05  -0.67826E-04
  0.300   1.715    0.29728E+05   0.19181E+05  -0.32506E+03   0.54726E+05  -0.78493E+05  -0.12536E-02
  0.300   1.715    0.63255E+04   0.81598E+05  -0.28530E+03   0.22220E+06  -0.18235E+05  -0.67793E-04
  0.300   1.715    0.67465E+04   0.22552E+06  -0.56407E+03   0.11114E+07  -0.19477E+05   0.17968E-03
  0.313   1.751   -0.53947E+00   0.21186E+06   0.39346E-02   0.10728E+07   0.47313E+01  -0.41284E-03
  0.313   1.751   -0.38515E+05   0.28289E+05  -0.80912E+02   0.78811E+05   0.10072E+06   0.10842E-02
  0.313   1.751    0.38515E+05   0.28289E+05   0.80904E+02   0.78811E+05  -0.10072E+06   0.10843E-02
  0.313   1.751   -0.25815E+05   0.28289E+05   0.44137E+03   0.78773E+05   0.65007E+05  -0.14022E-02
  0.313   1.751   -0.88857E+04   0.22716E+06   0.52763E+03   0.11158E+07   0.24960E+05   0.27085E-03
  0.313   1.751   -0.63698E+04   0.84055E+05   0.52261E+03   0.22243E+06   0.17881E+05  -0.63770E-04
  0.313   1.751    0.25815E+05   0.28289E+05  -0.44138E+03   0.78773E+05  -0.65006E+05  -0.14022E-02
  0.313   1.751    0.63698E+04   0.84055E+05  -0.52261E+03   0.22244E+06  -0.17881E+05  -0.63916E-04
  0.313   1.751    0.88867E+04   0.22716E+06  -0.52763E+03   0.11158E+07  -0.24967E+05   0.27201E-03
  0.325   1.785   -0.51583E+00   0.20990E+06   0.41205E-02   0.10687E+07   0.46466E+01  -0.66992E-03
  0.325   1.785   -0.33692E+05   0.35415E+05  -0.21312E+03   0.96246E+05   0.84513E+05   0.11534E-02
  0.325   1.785    0.33692E+05   0.35415E+05   0.21311E+03   0.96247E+05  -0.84513E+05   0.11533E-02
  0.325   1.785   -0.21611E+05   0.35415E+05   0.53887E+03   0.96200E+05   0.51375E+05  -0.15773E-02
  0.325   1.785   -0.97334E+04   0.22672E+06   0.45422E+03   0.11147E+07   0.26650E+05   0.35658E-03
  0.325   1.785   -0.60532E+04   0.83415E+05   0.75227E+03   0.21416E+06   0.16563E+05  -0.52896E-04
  0.325   1.785    0.21611E+05   0.35415E+05  -0.53888E+03   0.96200E+05  -0.51375E+05  -0.15774E-02
  0.325   1.785    0.60533E+04   0.83415E+05  -0.75227E+03   0.21416E+06  -0.16563E+05  -0.53067E-04
  0.325   1.785    0.97341E+04   0.22672E+06  -0.45422E+03   0.11147E+07  -0.26656E+05   0.35494E-03
  0.338   1.819   -0.15208E-01   0.20691E+06   0.71162E-02   0.10617E+07   0.91486E+00  -0.92834E-03
  0.338   1.819   -0.28169E+05   0.39129E+05  -0.35372E+03   0.10368E+06   0.67169E+05   0.11914E-02
  0.338   1.819    0.28168E+05   0.39129E+05   0.35372E+03   0.10368E+06  -0.67168E+05   0.11916E-02
  0.338   1.819   -0.17239E+05   0.39128E+05   0.61904E+03   0.10363E+06   0.37921E+05  -0.17476E-02
  0.338   1.819   -0.92824E+04   0.22301E+06   0.35652E+03   0.11047E+07   0.24789E+05   0.41415E-03
  0.338   1.819   -0.54656E+04   0.78611E+05   0.97310E+03   0.19505E+06   0.14582E+05  -0.44616E-04
  0.338   1.819    0.17239E+05   0.39128E+05  -0.61905E+03   0.10363E+06  -0.37921E+05  -0.17475E-02
  0.338   1.819    0.54656E+04   0.78611E+05  -0.97310E+03   0.19505E+06  -0.14582E+05  -0.44966E-04
  0.338   1.819    0.92821E+04   0.22301E+06  -0.35652E+03   0.11047E+07  -0.24787E+05   0.41544E-03
  0.350   1.853    0.35121E+00   0.20197E+06   0.65216E-02   0.10505E+07  -0.31114E+01  -0.11422E-02
  0.350   1.853   -0.22293E+05   0.38596E+05  -0.49365E+03   0.99738E+05   0.49750E+05   0.11791E-02
  0.350   1.853    0.22293E+05   0.38596E+05   0.49367E+03   0.99738E+05  -0.49750E+05   0.11791E-02
  0.350   1.853   -0.12978E+05   0.38596E+05   0.68324E+03   0.99688E+05   0.25399E+05  -0.18670E-02
  0.350   1.853   -0.78931E+04   0.21573E+06   0.25358E+03   0.10864E+07   0.20583E+05   0.43518E-03
  0.350   1.853   -0.46457E+04   0.69344E+05   0.11774E+04   0.16528E+06   0.12101E+05  -0.50217E-04
  0.350   1.853    0.12978E+05   0.38596E+05  -0.68323E+03   0.99688E+05  -0.25399E+05  -0.18669E-02
  0.350   1.853    0.46457E+04   0.69344E+05  -0.11774E+04   0.16528E+06  -0.12101E+05  -0.50226E-04
  0.350   1.853    0.78930E+04   0.21573E+06  -0.25357E+03   0.10864E+07  -0.20581E+05   0.43453E-03
  0.363   1.885   -0.45177E+00   0.19465E+06  -0.33010E-02   0.10331E+07   0.39861E+01  -0.12565E-02
  0.363   1.885   -0.16416E+05   0.34076E+05  -0.62065E+03   0.85809E+05   0.33108E+05   0.11000E-02
  0.363   1.885    0.16416E+05   0.34076E+05   0.62063E+03   0.85809E+05  -0.33108E+05   0.10998E-02
  0.363   1.885   -0.91460E+04   0.34076E+05   0.73314E+03   0.85765E+05   0.14529E+05  -0.18804E-02
  0.363   1.885   -0.61364E+04   0.20540E+06   0.16208E+03   0.10605E+07   0.15630E+05   0.41340E-03
  0.363   1.885   -0.36123E+04   0.56447E+05   0.13546E+04   0.12759E+06   0.91943E+04  -0.74181E-04
  0.363   1.885    0.91460E+04   0.34076E+05  -0.73315E+03   0.85765E+05  -0.14529E+05  -0.18806E-02
  0.363   1.885    0.36123E+04   0.56447E+05  -0.13546E+04   0.12759E+06  -0.91941E+04  -0.74244E-04
  0.363   1.885    0.61367E+04   0.20540E+06  -0.16208E+03   0.10605E+07  -0.15634E+05   0.41394E-03
  0.375   1.918   -0.29374E+00   0.18614E+06   0.10676E-01   0.10149E+07   0.22313E+01  -0.12419E-02
  0.375   1.918   -0.10838E+05   0.26888E+05  -0.72516E+03   0.66041E+05   0.18036E+05   0.95904E-03
  0.375   1.918    0.10838E+05   0.26888E+05   0.72514E+03   0.66041E+05  -0.18036E+05   0.95910E-03
  0.375   1.918   -0.59671E+04   0.26888E+05   0.77187E+03   0.66006E+05   0.58051E+04  -0.17651E-02
  0.375   1.918   -0.44978E+04   0.19408E+06   0.92474E+02   0.10347E+07   0.11220E+05   0.36550E-03
  0.375   1.918   -0.24067E+04   0.41692E+05   0.14982E+04   0.87241E+05   0.60131E+04  -0.11272E-03
  0.375   1.918    0.59670E+04   0.26888E+05  -0.77188E+03   0.66006E+05  -0.58048E+04  -0.17651E-02
  0.375   1.918    0.24066E+04   0.41692E+05  -0.14982E+04   0.87241E+05  -0.60132E+04  -0.11264E-03
  0.375   1.918    0.44983E+04   0.19408E+06  -0.92473E+02   0.10347E+07  -0.11225E+05   0.36735E-03
  0.388   1.949   -0.72574E+00   0.17729E+06   0.12970E-03   0.99620E+06   0.53920E+01  -0.10796E-02
  0.388   1.949   -0.56712E+04   0.18602E+05  -0.80387E+03   0.44516E+05   0.46354E+04   0.76100E-03
  0.388   1.949    0.56712E+04   0.18602E+05   0.80385E+03   0.44516E+05  -0.46356E+04   0.76102E-03
  0.388   1.949   -0.34347E+04   0.18602E+05   0.80277E+03   0.44490E+05  -0.97193E+03  -0.14983E-02
  0.388   1.949   -0.31456E+04   0.18289E+06   0.44861E+02   0.10099E+07   0.77017E+04   0.30666E-03
  0.388   1.949   -0.10876E+04   0.26740E+05   0.16082E+04   0.48238E+05   0.27070E+04  -0.15408E-03
  0.388   1.949    0.34347E+04   0.18602E+05  -0.80276E+03   0.44490E+05   0.97170E+03  -0.14983E-02
  0.388   1.949    0.10876E+04   0.26740E+05  -0.16082E+04   0.48238E+05  -0.27072E+04  -0.15393E-03
  0.388   1.949    0.31457E+04   0.18289E+06  -0.44861E+02   0.10099E+07  -0.77007E+04   0.30974E-03
  0.400   1.981    0.37473E+00   0.16933E+06   0.66250E-02   0.98063E+06  -0.46041E+01  -0.78222E-03
  0.400   1.981   -0.91545E+03   0.10531E+05  -0.85899E+03   0.24508E+05  -0.71728E+04   0.52000E-03
  0.400   1.981    0.91550E+03   0.10531E+05   0.85902E+03   0.24508E+05   0.71729E+04   0.52004E-03
  0.400   1.981   -0.13806E+04   0.10531E+05   0.82910E+03   0.24491E+05  -0.63153E+04  -0.10815E-02
  0.400   1.981   -0.19800E+04   0.17290E+06   0.16546E+02   0.98925E+06   0.47883E+04   0.25017E-03
  0.400   1.981    0.26114E+03   0.12764E+05   0.16901E+04   0.13346E+05  -0.51138E+03  -0.18522E-03
  0.400   1.981    0.13807E+04   0.10531E+05  -0.82907E+03   0.24491E+05   0.63149E+04  -0.10816E-02
  0.400   1.981   -0.26114E+03   0.12764E+05  -0.16901E+04   0.13346E+05   0.51140E+03  -0.18509E-03
  0.400   1.981    0.19791E+04   0.17290E+06  -0.16545E+02   0.98925E+06  -0.47778E+04   0.24907E-03
  0.413   2.011    0.28353E-01   0.16295E+06  -0.20192E-01   0.96946E+06   0.82944E+00  -0.37894E-03
  0.413   2.011    0.34749E+04   0.34909E+04  -0.89506E+03   0.77989E+04  -0.17594E+05   0.24766E-03
  0.413   2.011   -0.34749E+04   0.34910E+04   0.89505E+03   0.77992E+04   0.17594E+05   0.24769E-03
  0.413   2.011    0.44080E+03   0.34910E+04   0.85252E+03   0.77888E+04  -0.10881E+05  -0.52022E-03
  0.413   2.011   -0.79181E+03   0.16444E+06   0.28974E+00   0.97308E+06   0.19537E+04   0.18783E-03
  0.413   2.011    0.15407E+04   0.32881E+03   0.17498E+04  -0.16389E+05  -0.34194E+04  -0.19416E-03
  0.413   2.011   -0.44063E+03   0.34910E+04  -0.85251E+03   0.77888E+04   0.10881E+05  -0.52004E-03
  0.413   2.011   -0.15406E+04   0.32881E+03  -0.17498E+04  -0.16389E+05   0.34191E+04  -0.19378E-03
  0.413   2.011    0.79126E+03   0.16444E+06  -0.28981E+00   0.97308E+06  -0.19498E+04   0.18852E-03
  0.425   2.042    0.21432E+00   0.15841E+06  -0.30945E-02   0.96294E+06  -0.28662E+01   0.84246E-04
  0.425   2.042    0.75047E+04  -0.20952E+04  -0.91683E+03  -0.48776E+04  -0.26723E+05  -0.45715E-04
  0.425   2.042   -0.75045E+04  -0.20951E+04   0.91683E+03  -0.48775E+04   0.26723E+05  -0.45405E-04
  0.425   2.042    0.22538E+04  -0.20951E+04   0.87419E+03  -0.48826E+04  -0.15223E+05   0.17097E-03
  0.425   2.042    0.56641E+03   0.15752E+06  -0.58403E+01   0.96120E+06  -0.11242E+04   0.11097E-03
  0.425   2.042    0.26418E+04  -0.10340E+05   0.17936E+04  -0.40795E+05  -0.57916E+04  -0.17020E-03
  0.425   2.042   -0.22536E+04  -0.20951E+04  -0.87420E+03  -0.48827E+04   0.15222E+05   0.17095E-03
  0.425   2.042   -0.26419E+04  -0.10340E+05  -0.17936E+04  -0.40795E+05   0.57915E+04  -0.17050E-03
  0.425   2.042   -0.56684E+03   0.15752E+06   0.58383E+01   0.96120E+06   0.11305E+04   0.11190E-03
  0.438   2.071   -0.77010E+00   0.15563E+06  -0.49353E-02   0.96082E+06   0.70026E+01   0.54975E-03
  0.438   2.071    0.11104E+05  -0.60695E+04  -0.92850E+03  -0.13446E+05  -0.34494E+05  -0.34963E-03
  0.438   2.071   -0.11104E+05  -0.60695E+04   0.92849E+03  -0.13446E+05   0.34494E+05  -0.34967E-03
  0.438   2.071    0.41900E+04  -0.60695E+04   0.89408E+03  -0.13447E+05  -0.19638E+05   0.95935E-03
  0.438   2.071    0.20889E+04   0.15208E+06  -0.75644E+01   0.95332E+06  -0.44292E+04   0.53146E-05
  0.438   2.071    0.34648E+04  -0.19138E+05   0.18255E+04  -0.59991E+05  -0.74466E+04  -0.10799E-03
  0.438   2.071   -0.41900E+04  -0.60695E+04  -0.89410E+03  -0.13448E+05   0.19638E+05   0.95946E-03
  0.438   2.071   -0.34648E+04  -0.19138E+05  -0.18255E+04  -0.59991E+05   0.74467E+04  -0.10762E-03
  0.438   2.071   -0.20868E+04   0.15208E+06   0.75644E+01   0.95332E+06   0.44104E+04   0.47856E-05
  0.450   2.101   -0.40902E+00   0.15422E+06  -0.87060E-02   0.96177E+06   0.35295E+01   0.95787E-03
  0.450   2.101    0.14154E+05  -0.84784E+04  -0.93364E+03  -0.18278E+05  -0.40740E+05  -0.65512E-03
  0.450   2.101   -0.14154E+05  -0.84785E+04   0.93362E+03  -0.18279E+05   0.40737E+05  -0.65540E-03
  0.450   2.101    0.62528E+04  -0.84761E+04   0.91200E+03  -0.18273E+05  -0.24127E+05   0.17871E-02
  0.450   2.101    0.36047E+04   0.14801E+06  -0.38251E+01   0.94875E+06  -0.75552E+04  -0.13742E-03
  0.450   2.101    0.39477E+04  -0.26006E+05   0.18488E+04  -0.74196E+05  -0.82979E+04  -0.61971E-05
  0.450   2.101   -0.62530E+04  -0.84764E+04  -0.91201E+03  -0.18274E+05   0.24128E+05   0.17871E-02
  0.450   2.101   -0.39479E+04  -0.26006E+05  -0.18488E+04  -0.74196E+05   0.83003E+04  -0.61632E-05
  0.450   2.101   -0.36033E+04   0.14801E+06   0.38256E+01   0.94875E+06   0.75442E+04  -0.13833E-03
  0.463   2.130    0.65041E+00   0.15372E+06   0.87217E-02   0.96458E+06  -0.59495E+01   0.12639E-02
  0.463   2.130    0.16531E+05  -0.95348E+04  -0.93521E+03  -0.20063E+05  -0.45290E+05  -0.95700E-03
  0.463   2.130   -0.16531E+05  -0.95348E+04   0.93524E+03  -0.20063E+05   0.45290E+05  -0.95707E-03
  0.463   2.130    0.83347E+04  -0.95348E+04   0.92772E+03  -0.20061E+05  -0.28456E+05   0.25761E-02
  0.463   2.130    0.48644E+04   0.14530E+06   0.37273E+01   0.94725E+06  -0.99960E+04  -0.31264E-03
  0.463   2.130    0.40893E+04  -0.30963E+05   0.18662E+04  -0.83761E+05  -0.83978E+04   0.12507E-03
  0.463   2.130   -0.83347E+04  -0.95348E+04  -0.92769E+03  -0.20061E+05   0.28455E+05   0.25761E-02
  0.463   2.130   -0.40894E+04  -0.30963E+05  -0.18662E+04  -0.83761E+05   0.83978E+04   0.12526E-03
  0.463   2.130   -0.48658E+04   0.14530E+06  -0.37264E+01   0.94725E+06   0.10010E+05  -0.30846E-03
  0.475   2.158    0.59727E+00   0.15375E+06  -0.43922E-02   0.96839E+06  -0.65830E+01   0.14531E-02
  0.475   2.158    0.18188E+05  -0.95899E+04  -0.93538E+03  -0.19722E+05  -0.48171E+05  -0.12541E-02
  0.475   2.158   -0.18188E+05  -0.95899E+04   0.93539E+03  -0.19723E+05   0.48171E+05  -0.12541E-02
  0.475   2.158    0.10275E+05  -0.95899E+04   0.94088E+03  -0.19720E+05  -0.32304E+05   0.32498E-02
  0.475   2.158    0.56567E+04   0.14392E+06   0.12916E+02   0.94863E+06  -0.11385E+05  -0.49307E-03
  0.475   2.158    0.39423E+04  -0.34171E+05   0.18797E+04  -0.89329E+05  -0.79029E+04   0.26764E-03
  0.475   2.158   -0.10275E+05  -0.95900E+04  -0.94088E+03  -0.19720E+05   0.32304E+05   0.32498E-02
  0.475   2.158   -0.39424E+04  -0.34171E+05  -0.18797E+04  -0.89329E+05   0.79029E+04   0.26794E-03
  0.475   2.158   -0.56569E+04   0.14392E+06  -0.12917E+02   0.94863E+06   0.11389E+05  -0.49298E-03
  0.488   2.186    0.12096E+01   0.15400E+06   0.44689E-02   0.97254E+06  -0.59792E+01   0.15374E-02
  0.488   2.186    0.19138E+05  -0.90257E+04  -0.93567E+03  -0.18156E+05  -0.49509E+05  -0.15514E-02
  0.488   2.186   -0.19137E+05  -0.90248E+04   0.93568E+03  -0.18153E+05   0.49507E+05  -0.15501E-02
  0.488   2.186    0.11940E+05  -0.90250E+04   0.95189E+03  -0.18152E+05  -0.35433E+05   0.37466E-02
  0.488   2.186    0.58851E+04   0.14376E+06   0.23183E+02   0.95237E+06  -0.11584E+05  -0.65903E-03
  0.488   2.186    0.35826E+04  -0.35903E+05   0.18910E+04  -0.91698E+05  -0.70037E+04   0.40045E-03
  0.488   2.186   -0.11940E+05  -0.90250E+04  -0.95190E+03  -0.18153E+05   0.35432E+05   0.37457E-02
  0.488   2.186   -0.35820E+04  -0.35904E+05  -0.18910E+04  -0.91699E+05   0.70022E+04   0.39797E-03
  0.488   2.186   -0.58843E+04   0.14376E+06  -0.23182E+02   0.95237E+06   0.11581E+05  -0.66111E-03
  0.500   2.214    0.12829E+01   0.15439E+06   0.36431E-02   0.97680E+06  -0.66171E+01   0.15449E-02
  0.500   2.214    0.19441E+05  -0.81785E+04  -0.93694E+03  -0.16099E+05  -0.49521E+05  -0.18536E-02
  0.500   2.214   -0.19441E+05  -0.81784E+04   0.93695E+03  -0.16098E+05   0.49520E+05  -0.18564E-02
  0.500   2.214    0.13258E+05  -0.81791E+04   0.96126E+03  -0.16099E+05  -0.37748E+05   0.40298E-02
  0.500   2.214    0.55828E+04   0.14465E+06   0.33624E+02   0.95805E+06  -0.10730E+05  -0.78886E-03
  0.500   2.214    0.30742E+04  -0.36491E+05   0.19017E+04  -0.91720E+05  -0.58516E+04   0.49556E-03
  0.500   2.214   -0.13258E+05  -0.81791E+04  -0.96125E+03  -0.16099E+05   0.37748E+05   0.40313E-02
  0.500   2.214   -0.30732E+04  -0.36491E+05  -0.19017E+04  -0.91720E+05   0.58488E+04   0.50205E-03
  0.500   2.214   -0.55855E+04   0.14465E+06  -0.33624E+02   0.95805E+06   0.10740E+05  -0.78883E-03
  0.512   2.242   -0.77584E+00   0.15491E+06   0.46781E-02   0.98147E+06   0.57949E+01   0.15071E-02
  0.512   2.242    0.19189E+05  -0.73035E+04  -0.93928E+03  -0.14082E+05  -0.48484E+05  -0.21773E-02
  0.512   2.242   -0.19188E+05  -0.73036E+04   0.93926E+03  -0.14082E+05   0.48483E+05  -0.21774E-02
  0.512   2.242    0.14237E+05  -0.73035E+04   0.96945E+03  -0.14080E+05  -0.39327E+05   0.41122E-02
  0.512   2.242    0.48825E+04   0.14639E+06   0.43507E+02   0.96548E+06  -0.91636E+04  -0.86532E-03
  0.512   2.242    0.24592E+04  -0.36270E+05   0.19124E+04  -0.90221E+05  -0.45456E+04   0.55421E-03
  0.512   2.242   -0.14238E+05  -0.73037E+04  -0.96948E+03  -0.14080E+05   0.39328E+05   0.41124E-02
  0.512   2.242   -0.24591E+04  -0.36270E+05  -0.19124E+04  -0.90221E+05   0.45457E+04   0.55383E-03
  0.512   2.242   -0.48812E+04   0.14639E+06  -0.43506E+02   0.96548E+06   0.91527E+04  -0.86783E-03
  0.525   2.269    0.30358E+01   0.15556E+06  -0.68165E-02   0.98599E+06  -0.23191E+02   0.14325E-02
  0.525   2.269    0.18473E+05  -0.65426E+04  -0.94255E+03  -0.12356E+05  -0.46612E+05  -0.25125E-02
  0.525   2.269   -0.18473E+05  -0.65426E+04   0.94257E+03  -0.12356E+05   0.46612E+05  -0.25127E-02
  0.525   2.269    0.14921E+05  -0.65426E+04   0.97662E+03  -0.12355E+05  -0.40278E+05   0.40014E-02
  0.525   2.269    0.39210E+04   0.14868E+06   0.51046E+02   0.97340E+06  -0.71416E+04  -0.89153E-03
  0.525   2.269    0.17620E+04  -0.35498E+05   0.19227E+04  -0.87731E+05  -0.31398E+04   0.55797E-03
  0.525   2.269   -0.14921E+05  -0.65426E+04  -0.97656E+03  -0.12355E+05   0.40278E+05   0.40014E-02
  0.525   2.269   -0.17619E+04  -0.35498E+05  -0.19227E+04  -0.87731E+05   0.31393E+04   0.55823E-03
  0.525   2.269   -0.39278E+04   0.14868E+06  -0.51046E+02   0.97340E+06   0.71929E+04  -0.88127E-03
  0.537   2.296    0.39929E+00   0.15638E+06   0.17483E-01   0.99075E+06  -0.25095E+01   0.13192E-02
  0.537   2.296    0.17408E+05  -0.59540E+04  -0.94676E+03  -0.11016E+05  -0.44180E+05  -0.28553E-02
  0.537   2.296   -0.17408E+05  -0.59538E+04   0.94677E+03  -0.11016E+05   0.44180E+05  -0.28551E-02
  0.537   2.296    0.15378E+05  -0.59538E+04   0.98342E+03  -0.11015E+05  -0.40778E+05   0.37424E-02
  0.537   2.296    0.28378E+04   0.15138E+06   0.57906E+02   0.98191E+06  -0.50163E+04  -0.85244E-03
  0.537   2.296    0.10040E+04  -0.34396E+05   0.19338E+04  -0.84741E+05  -0.16800E+04   0.51318E-03
  0.537   2.296   -0.15377E+05  -0.59537E+04  -0.98340E+03  -0.11014E+05   0.40778E+05   0.37423E-02
  0.537   2.296   -0.10038E+04  -0.34396E+05  -0.19338E+04  -0.84741E+05   0.16796E+04   0.51240E-03
  0.537   2.296   -0.28390E+04   0.15138E+06  -0.57906E+02   0.98191E+06   0.50285E+04  -0.85141E-03
  0.550   2.322   -0.25507E+00   0.15730E+06   0.13071E-01   0.99545E+06   0.24010E+01   0.11506E-02
  0.550   2.322    0.16121E+05  -0.55294E+04  -0.95153E+03  -0.10023E+05  -0.41446E+05  -0.31921E-02
  0.550   2.322   -0.16121E+05  -0.55294E+04   0.95152E+03  -0.10023E+05   0.41446E+05  -0.31923E-02
  0.550   2.322    0.15676E+05  -0.55296E+04   0.98988E+03  -0.10023E+05  -0.40971E+05   0.33853E-02
  0.550   2.322    0.17075E+04   0.15426E+06   0.64176E+02   0.99033E+06  -0.28854E+04  -0.77183E-03
  0.550   2.322    0.21349E+03  -0.33124E+05   0.19451E+04  -0.81563E+05  -0.22154E+03   0.42463E-03
  0.550   2.322   -0.15676E+05  -0.55296E+04  -0.98989E+03  -0.10023E+05   0.40971E+05   0.33853E-02
  0.550   2.322   -0.21386E+03  -0.33124E+05  -0.19451E+04  -0.81563E+05   0.22203E+03   0.42642E-03
  0.550   2.322   -0.17072E+04   0.15426E+06  -0.64175E+02   0.99033E+06   0.28825E+04  -0.77121E-03
  0.562   2.349   -0.68562E+00   0.15826E+06  -0.96253E-02   0.10001E+07   0.84651E+01   0.90665E-03
  0.562   2.349    0.14734E+05  -0.52258E+04  -0.95679E+03  -0.92813E+04  -0.38648E+05  -0.35076E-02
  0.562   2.349   -0.14734E+05  -0.52258E+04   0.95677E+03  -0.92814E+04   0.38648E+05  -0.35078E-02
  0.562   2.349    0.15875E+05  -0.52259E+04   0.99610E+03  -0.92808E+04  -0.40982E+05   0.29795E-02
  0.562   2.349    0.57588E+03   0.15720E+06   0.67734E+02   0.99860E+06  -0.84502E+03  -0.65356E-03
  0.562   2.349   -0.57704E+03  -0.31797E+05   0.19566E+04  -0.78414E+05   0.11786E+04   0.30736E-03
  0.562   2.349   -0.15875E+05  -0.52259E+04  -0.99617E+03  -0.92813E+04   0.40983E+05   0.29798E-02
  0.562   2.349    0.57687E+03  -0.31797E+05  -0.19566E+04  -0.78414E+05  -0.11778E+04   0.30824E-03
  0.562   2.349   -0.57211E+03   0.15720E+06  -0.67735E+02   0.99860E+06   0.80957E+03  -0.65506E-03
  0.575   2.375   -0.12987E+01   0.15920E+06   0.64217E-02   0.10047E+07   0.10045E+02   0.57465E-03
  0.575   2.375    0.13348E+05  -0.49906E+04  -0.96232E+03  -0.86856E+04  -0.35963E+05  -0.37875E-02
  0.575   2.375   -0.13348E+05  -0.49905E+04   0.96229E+03  -0.86853E+04   0.35963E+05  -0.37876E-02
  0.575   2.375    0.16021E+05  -0.49906E+04   0.10022E+04  -0.86855E+04  -0.40901E+05   0.25694E-02
  0.575   2.375   -0.54231E+03   0.16008E+06   0.70307E+02   0.10065E+07   0.11133E+04  -0.50575E-03
  0.575   2.375   -0.13412E+04  -0.30490E+05   0.19683E+04  -0.75428E+05   0.24770E+04   0.17177E-03
  0.575   2.375   -0.16021E+05  -0.49906E+04  -0.10023E+04  -0.86857E+04   0.40901E+05   0.25695E-02
  0.575   2.375    0.13405E+04  -0.30490E+05  -0.19683E+04  -0.75428E+05  -0.24759E+04   0.17264E-03
  0.575   2.375    0.54429E+03   0.16008E+06  -0.70306E+02   0.10065E+07  -0.11267E+04  -0.50580E-03
  0.588   2.400    0.50023E-01   0.16002E+06  -0.83598E-02   0.10087E+07  -0.74821E+00   0.15263E-03
  0.588   2.400    0.12025E+05  -0.47791E+04  -0.96791E+03  -0.81523E+04  -0.33489E+05  -0.40174E-02
  0.588   2.400   -0.12025E+05  -0.47792E+04   0.96791E+03  -0.81525E+04   0.33489E+05  -0.40175E-02
  0.588   2.400    0.16144E+05  -0.47792E+04   0.10083E+04  -0.81526E+04  -0.40784E+05   0.21876E-02
  0.588   2.400   -0.16353E+04   0.16279E+06   0.72389E+02   0.10137E+07   0.29468E+04  -0.32455E-03
  0.588   2.400   -0.20624E+04  -0.29241E+05   0.19799E+04  -0.72651E+05   0.36524E+04   0.28858E-04
  0.588   2.400   -0.16144E+05  -0.47792E+04  -0.10083E+04  -0.81526E+04   0.40784E+05   0.21877E-02
  0.588   2.400    0.20622E+04  -0.29241E+05  -0.19799E+04  -0.72651E+05  -0.36517E+04   0.29029E-04
  0.588   2.400    0.16357E+04   0.16279E+06  -0.72389E+02   0.10137E+07  -0.29506E+04  -0.32545E-03
  0.600   2.426    0.11137E+01   0.16070E+06  -0.12001E-01   0.10124E+07  -0.88148E+01  -0.34820E-03
  0.600   2.426    0.10791E+05  -0.45622E+04  -0.97347E+03  -0.76301E+04  -0.31257E+05  -0.41888E-02
  0.600   2.426   -0.10791E+05  -0.45622E+04   0.97352E+03  -0.76303E+04   0.31257E+05  -0.41890E-02
  0.600   2.426    0.16259E+05  -0.45620E+04   0.10141E+04  -0.76300E+04  -0.40657E+05   0.18604E-02
  0.600   2.426   -0.26923E+04   0.16531E+06   0.74057E+02   0.10204E+07   0.46565E+04  -0.10148E-03
  0.600   2.426   -0.27348E+04  -0.28056E+05   0.19913E+04  -0.70087E+05   0.47009E+04  -0.11874E-03
  0.600   2.426   -0.16259E+05  -0.45620E+04  -0.10141E+04  -0.76298E+04   0.40657E+05   0.18605E-02
  0.600   2.426    0.27349E+04  -0.28056E+05  -0.19913E+04  -0.70087E+05  -0.47014E+04  -0.11905E-03
  0.600   2.426    0.26896E+04   0.16531E+06  -0.74058E+02   0.10204E+07  -0.46351E+04  -0.10567E-03
  0.613   2.451   -0.11179E+01   0.16122E+06   0.12323E-02   0.10158E+07   0.82986E+01  -0.90620E-03
  0.613   2.451    0.96422E+04  -0.43212E+04  -0.97924E+03  -0.70879E+04  -0.29252E+05  -0.42851E-02
  0.613   2.451   -0.96422E+04  -0.43212E+04   0.97920E+03  -0.70877E+04   0.29252E+05  -0.42849E-02
  0.613   2.451    0.16353E+05  -0.43210E+04   0.10197E+04  -0.70870E+04  -0.40505E+05   0.16009E-02
  0.613   2.451   -0.36867E+04   0.16758E+06   0.73659E+02   0.10265E+07   0.61734E+04   0.17565E-03
  0.613   2.451   -0.33553E+04  -0.26904E+05   0.20026E+04  -0.67678E+05   0.56251E+04  -0.28008E-03
  0.613   2.451   -0.16354E+05  -0.43211E+04  -0.10198E+04  -0.70873E+04   0.40505E+05   0.16007E-02
  0.613   2.451    0.33554E+04  -0.26904E+05  -0.20026E+04  -0.67678E+05  -0.56260E+04  -0.28011E-03
  0.613   2.451    0.36894E+04   0.16758E+06  -0.73659E+02   0.10265E+07  -0.61933E+04   0.17563E-03
  0.625   2.476   -0.11434E+01   0.16162E+06   0.57534E-02   0.10191E+07   0.10614E+02  -0.14906E-02
  0.625   2.476    0.85563E+04  -0.40479E+04  -0.98478E+03  -0.65135E+04  -0.27423E+05  -0.42950E-02
  0.625   2.476   -0.85564E+04  -0.40479E+04   0.98474E+03  -0.65134E+04   0.27423E+05  -0.42948E-02
  0.625   2.476    0.16364E+05  -0.40480E+04   0.10256E+04  -0.65145E+04  -0.40225E+05   0.14174E-02
  0.625   2.476   -0.45803E+04   0.16953E+06   0.76077E+02   0.10320E+07   0.74907E+04   0.53602E-03
  0.625   2.476   -0.39015E+04  -0.25705E+05   0.20141E+04  -0.65286E+05   0.63969E+04  -0.47592E-03
  0.625   2.476   -0.16364E+05  -0.40479E+04  -0.10256E+04  -0.65144E+04   0.40225E+05   0.14172E-02
  0.625   2.476    0.39014E+04  -0.25705E+05  -0.20141E+04  -0.65286E+05  -0.63965E+04  -0.47593E-03
  0.625   2.476    0.45818E+04   0.16953E+06  -0.76077E+02   0.10320E+07  -0.75038E+04   0.53371E-03
  0.637   2.500    0.55888E+00   0.16181E+06   0.14646E-02   0.10217E+07  -0.59722E+01  -0.20568E-02
  0.637   2.500    0.75043E+04  -0.37379E+04  -0.99019E+03  -0.59024E+04  -0.25713E+05  -0.41857E-02
  0.637   2.500   -0.75044E+04  -0.37379E+04   0.99019E+03  -0.59026E+04   0.25714E+05  -0.41858E-02
  0.637   2.500    0.16139E+05  -0.37377E+04   0.10308E+04  -0.59028E+04  -0.39586E+05   0.13024E-02
  0.637   2.500   -0.52826E+04   0.17096E+06   0.75904E+02   0.10364E+07   0.84536E+04   0.99767E-03
  0.637   2.500   -0.43133E+04  -0.24296E+05   0.20248E+04  -0.62651E+05   0.69289E+04  -0.73720E-03
  0.637   2.500   -0.16139E+05  -0.37378E+04  -0.10309E+04  -0.59035E+04   0.39586E+05   0.13025E-02
  0.637   2.500    0.43134E+04  -0.24296E+05  -0.20248E+04  -0.62651E+05  -0.69292E+04  -0.73768E-03
  0.637   2.500    0.52855E+04   0.17096E+06  -0.75905E+02   0.10364E+07  -0.84767E+04   0.99445E-03
  0.650   2.525    0.15572E+01   0.16183E+06   0.19559E-01   0.10240E+07  -0.13970E+02  -0.25543E-02
  0.650   2.525    0.64593E+04  -0.33904E+04  -0.99537E+03  -0.52556E+04  -0.24077E+05  -0.39354E-02
  0.650   2.525   -0.64594E+04  -0.33904E+04   0.99542E+03  -0.52557E+04   0.24077E+05  -0.39354E-02
  0.650   2.525    0.15389E+05  -0.33904E+04   0.10355E+04  -0.52565E+04  -0.38161E+05   0.12447E-02
  0.650   2.525   -0.56445E+04   0.17161E+06   0.75374E+02   0.10393E+07   0.88847E+04   0.15671E-02
  0.650   2.525   -0.44581E+04  -0.22405E+05   0.20346E+04  -0.59367E+05   0.70316E+04  -0.10924E-02
  0.650   2.525   -0.15389E+05  -0.33903E+04  -0.10355E+04  -0.52563E+04   0.38161E+05   0.12445E-02
  0.650   2.525    0.44578E+04  -0.22405E+05  -0.20346E+04  -0.59367E+05  -0.70312E+04  -0.10923E-02
  0.650   2.525    0.56413E+04   0.17161E+06  -0.75374E+02   0.10393E+07  -0.88533E+04   0.15672E-02
  0.662   2.549    0.80699E+00   0.16172E+06   0.46901E-02   0.10261E+07  -0.52460E+01  -0.29257E-02
  0.662   2.549    0.54033E+04  -0.30073E+04  -0.10007E+04  -0.45778E+04  -0.22488E+05  -0.35179E-02
  0.662   2.549   -0.54033E+04  -0.30073E+04   0.10007E+04  -0.45780E+04   0.22488E+05  -0.35178E-02
  0.662   2.549    0.13623E+05  -0.30072E+04   0.10402E+04  -0.45786E+04  -0.35265E+05   0.12224E-02
  0.662   2.549   -0.54080E+04   0.17113E+06   0.74632E+02   0.10407E+07   0.83602E+04   0.22068E-02
  0.662   2.549   -0.41006E+04  -0.19593E+05   0.20448E+04  -0.54827E+05   0.63736E+04  -0.15272E-02
  0.662   2.549   -0.13623E+05  -0.30073E+04  -0.10402E+04  -0.45790E+04   0.35265E+05   0.12223E-02
  0.662   2.549    0.41000E+04  -0.19593E+05  -0.20448E+04  -0.54827E+05  -0.63718E+04  -0.15273E-02
  0.662   2.549    0.54090E+04   0.17113E+06  -0.74633E+02   0.10407E+07  -0.83677E+04   0.22067E-02
  0.675   2.573   -0.79303E+00   0.16148E+06  -0.87475E-02   0.10280E+07   0.60786E+01  -0.31144E-02
  0.675   2.573    0.43295E+04  -0.25944E+04  -0.10059E+04  -0.38796E+04  -0.20928E+05  -0.29170E-02
  0.675   2.573   -0.43295E+04  -0.25944E+04   0.10058E+04  -0.38793E+04   0.20928E+05  -0.29169E-02
  0.675   2.573    0.10244E+05  -0.25943E+04   0.10440E+04  -0.38803E+04  -0.30077E+05   0.12085E-02
  0.675   2.573   -0.42821E+04   0.16897E+06   0.73157E+02   0.10394E+07   0.65524E+04   0.27649E-02
  0.675   2.573   -0.29448E+04  -0.15342E+05   0.20537E+04  -0.48308E+05   0.45552E+04  -0.19200E-02
  0.675   2.573   -0.10244E+05  -0.25943E+04  -0.10441E+04  -0.38804E+04   0.30077E+05   0.12084E-02
  0.675   2.573    0.29446E+04  -0.15342E+05  -0.20537E+04  -0.48308E+05  -0.45550E+04  -0.19200E-02
  0.675   2.573    0.42830E+04   0.16897E+06  -0.73158E+02   0.10394E+07  -0.65590E+04   0.27598E-02
  0.688   2.597    0.10746E+01   0.16114E+06  -0.11850E-01   0.10295E+07  -0.68388E+01  -0.30753E-02
  0.688   2.597    0.32468E+04  -0.21611E+04  -0.10107E+04  -0.31751E+04  -0.19407E+05  -0.21333E-02
  0.688   2.597   -0.32468E+04  -0.21612E+04   0.10107E+04  -0.31753E+04   0.19407E+05  -0.21335E-02
  0.688   2.597    0.50266E+04  -0.21610E+04   0.10473E+04  -0.31760E+04  -0.22393E+05   0.11743E-02
  0.688   2.597   -0.21591E+04   0.16497E+06   0.70404E+02   0.10355E+07   0.33665E+04   0.29330E-02
  0.688   2.597   -0.87490E+03  -0.94696E+04   0.20618E+04  -0.39655E+05   0.14700E+04  -0.19953E-02
  0.688   2.597   -0.50266E+04  -0.21608E+04  -0.10473E+04  -0.31755E+04   0.22393E+05   0.11743E-02
  0.688   2.597    0.87503E+03  -0.94696E+04  -0.20618E+04  -0.39655E+05  -0.14703E+04  -0.19958E-02
  0.688   2.597    0.21560E+04   0.16497E+06  -0.70403E+02   0.10355E+07  -0.33457E+04   0.29345E-02
  0.700   2.620   -0.16581E+02   0.16077E+06  -0.20351E-01   0.10311E+07   0.14015E+03  -0.27852E-02
  0.700   2.620    0.21800E+04  -0.17200E+04  -0.10159E+04  -0.24848E+04  -0.17968E+05  -0.11897E-02
  0.700   2.620   -0.21792E+04  -0.17195E+04   0.10153E+04  -0.24818E+04   0.17963E+05  -0.11897E-02
  0.700   2.620   -0.10931E+04  -0.17195E+04   0.10511E+04  -0.24836E+04  -0.13689E+05   0.10954E-02
  0.700   2.620    0.50664E+03   0.16005E+06   0.70463E+02   0.10306E+07  -0.61520E+03   0.24242E-02
  0.700   2.620    0.16518E+04  -0.28134E+04   0.20711E+04  -0.30193E+05  -0.21623E+04  -0.14723E-02
  0.700   2.620    0.10923E+04  -0.17197E+04  -0.10516E+04  -0.24851E+04   0.13694E+05   0.10961E-02
  0.700   2.620   -0.16517E+04  -0.28134E+04  -0.20711E+04  -0.30193E+05   0.21633E+04  -0.14702E-02
  0.700   2.620   -0.47525E+03   0.16005E+06  -0.70467E+02   0.10306E+07   0.35037E+03   0.24259E-02
  0.713   2.643   -0.10458E+01   0.16041E+06   0.19013E-01   0.10326E+07   0.12998E+02  -0.22467E-02
  0.713   2.643    0.11573E+04  -0.12827E+04  -0.10203E+04  -0.18201E+04  -0.16634E+05  -0.13250E-03
  0.713   2.643   -0.11573E+04  -0.12828E+04   0.10202E+04  -0.18203E+04   0.16634E+05  -0.13217E-03
  0.713   2.643   -0.61838E+04  -0.12823E+04   0.10552E+04  -0.18201E+04  -0.67180E+04   0.95528E-03
  0.713   2.643    0.26896E+04   0.15586E+06   0.70327E+02   0.10266E+07  -0.35772E+04   0.12901E-02
  0.713   2.643    0.36838E+04   0.29220E+04   0.20793E+04  -0.22326E+05  -0.49776E+04  -0.39415E-03
  0.713   2.643    0.61835E+04  -0.12824E+04  -0.10553E+04  -0.18206E+04   0.67191E+04   0.95204E-03
  0.713   2.643   -0.36839E+04   0.29219E+04  -0.20793E+04  -0.22326E+05   0.49782E+04  -0.39907E-03
  0.713   2.643   -0.26858E+04   0.15586E+06  -0.70328E+02   0.10266E+07   0.35370E+04   0.12841E-02
  0.725   2.666    0.77375E+00   0.16013E+06  -0.59076E-02   0.10342E+07  -0.92903E+01  -0.14897E-02
  0.725   2.666    0.21586E+03  -0.86040E+03  -0.10248E+04  -0.11993E+04  -0.15462E+05   0.98063E-03
  0.725   2.666   -0.21576E+03  -0.86035E+03   0.10249E+04  -0.11994E+04   0.15462E+05   0.98028E-03
  0.725   2.666   -0.89531E+04  -0.86047E+03   0.10599E+04  -0.12010E+04  -0.31949E+04   0.73726E-03
  0.725   2.666    0.37804E+04   0.15366E+06   0.70049E+02   0.10257E+07  -0.49929E+04  -0.53673E-04
  0.725   2.666    0.45936E+04   0.65722E+04   0.20886E+04  -0.17615E+05  -0.61475E+04   0.81564E-03
  0.725   2.666    0.89532E+04  -0.86028E+03  -0.10599E+04  -0.12005E+04   0.31943E+04   0.73906E-03
  0.725   2.666   -0.45930E+04   0.65722E+04  -0.20886E+04  -0.17615E+05   0.61460E+04   0.81573E-03
  0.725   2.666   -0.37829E+04   0.15366E+06  -0.70049E+02   0.10257E+07   0.50157E+04  -0.55340E-04
  0.738   2.689   -0.14902E+01   0.15995E+06   0.26879E-02   0.10358E+07   0.10614E+02  -0.56357E-03
  0.738   2.689   -0.62033E+03  -0.45749E+03  -0.10292E+04  -0.62553E+03  -0.14467E+05   0.20871E-02
  0.738   2.689    0.62027E+03  -0.45737E+03   0.10292E+04  -0.62506E+03   0.14468E+05   0.20869E-02
  0.738   2.689   -0.95857E+04  -0.45729E+03   0.10651E+04  -0.62643E+03  -0.26938E+04   0.44101E-03
  0.738   2.689    0.38627E+04   0.15332E+06   0.70521E+02   0.10272E+07  -0.50250E+04  -0.11922E-02
  0.738   2.689    0.44867E+04   0.82649E+04   0.20983E+04  -0.15722E+05  -0.58943E+04   0.17744E-02
  0.738   2.689    0.95856E+04  -0.45724E+03  -0.10651E+04  -0.62620E+03   0.26940E+04   0.44072E-03
  0.738   2.689   -0.44874E+04   0.82649E+04  -0.20983E+04  -0.15722E+05   0.58957E+04   0.17765E-02
  0.738   2.689   -0.38619E+04   0.15332E+06  -0.70521E+02   0.10272E+07   0.50252E+04  -0.11895E-02
  0.750   2.712   -0.20531E+01   0.15990E+06  -0.35712E-02   0.10376E+07   0.17922E+02   0.47207E-03
  0.750   2.712   -0.13306E+04  -0.72356E+02  -0.10336E+04  -0.93890E+02  -0.13680E+05   0.31349E-02
  0.750   2.712    0.13309E+04  -0.72212E+02   0.10335E+04  -0.93226E+02   0.13679E+05   0.31357E-02
  0.750   2.712   -0.89360E+04  -0.72054E+02   0.10701E+04  -0.94285E+02  -0.39257E+04   0.54723E-04
  0.750   2.712    0.33583E+04   0.15411E+06   0.71998E+02   0.10303E+07  -0.42680E+04  -0.19549E-02
  0.750   2.712    0.38029E+04   0.87204E+04   0.21076E+04  -0.15547E+05  -0.48787E+04   0.23387E-02
  0.750   2.712    0.89359E+04  -0.72041E+02  -0.10702E+04  -0.94190E+02   0.39261E+04   0.54173E-04
  0.750   2.712   -0.38023E+04   0.87205E+04  -0.21076E+04  -0.15547E+05   0.48778E+04   0.23327E-02
  0.750   2.712   -0.33577E+04   0.15411E+06  -0.71997E+02   0.10303E+07   0.42579E+04  -0.19605E-02
  0.762   2.735   -0.50514E+00   0.15999E+06   0.11078E-01   0.10395E+07   0.54314E+01   0.15547E-02
  0.762   2.735   -0.19094E+04   0.30160E+03  -0.10377E+04   0.40767E+03  -0.13089E+05   0.40938E-02
  0.762   2.735    0.19093E+04   0.30167E+03   0.10377E+04   0.40789E+03   0.13089E+05   0.40940E-02
  0.762   2.735   -0.77276E+04   0.30156E+03   0.10751E+04   0.40608E+03  -0.58578E+04  -0.43146E-03
  0.762   2.735    0.26346E+04   0.15545E+06   0.72786E+02   0.10340E+07  -0.32398E+04  -0.23702E-02
  0.762   2.735    0.29057E+04   0.85648E+04   0.21167E+04  -0.16186E+05  -0.36121E+04   0.25226E-02
  0.762   2.735    0.77275E+04   0.30151E+03  -0.10752E+04   0.40597E+03   0.58581E+04  -0.43327E-03
  0.762   2.735   -0.29061E+04   0.85648E+04  -0.21167E+04  -0.16186E+05   0.36137E+04   0.25232E-02
  0.762   2.735   -0.26336E+04   0.15545E+06  -0.72786E+02   0.10340E+07   0.32294E+04  -0.23684E-02
  0.775   2.757    0.28997E+01   0.16020E+06   0.13575E-01   0.10415E+07  -0.20869E+02   0.26200E-02
  0.775   2.757   -0.23563E+04   0.67123E+03  -0.10416E+04   0.88810E+03  -0.12687E+05   0.49397E-02
  0.775   2.757    0.23565E+04   0.67134E+03   0.10416E+04   0.88792E+03   0.12687E+05   0.49421E-02
  0.775   2.757   -0.63745E+04   0.67108E+03   0.10799E+04   0.88603E+03  -0.79144E+04  -0.10330E-02
  0.775   2.757    0.19008E+04   0.15690E+06   0.73452E+02   0.10376E+07  -0.22165E+04  -0.24968E-02
  0.775   2.757    0.20035E+04   0.81640E+04   0.21253E+04  -0.17118E+05  -0.23812E+04   0.24192E-02
  0.775   2.757    0.63743E+04   0.67107E+03  -0.10799E+04   0.88610E+03   0.79145E+04  -0.10375E-02
  0.775   2.757   -0.20028E+04   0.81639E+04  -0.21253E+04  -0.17118E+05   0.23788E+04   0.24113E-02
  0.775   2.757   -0.19049E+04   0.15690E+06  -0.73455E+02   0.10376E+07   0.22425E+04  -0.25000E-02
  0.787   2.779   -0.21033E+01   0.16054E+06  -0.45249E-02   0.10436E+07   0.15447E+02   0.36025E-02
  0.787   2.779   -0.26754E+04   0.10409E+04  -0.10454E+04   0.13548E+04  -0.12462E+05   0.56726E-02
  0.787   2.779    0.26766E+04   0.10408E+04   0.10453E+04   0.13550E+04   0.12458E+05   0.56750E-02
  0.787   2.779   -0.50787E+04   0.10404E+04   0.10845E+04   0.13519E+04  -0.98377E+04  -0.17752E-02
  0.787   2.779    0.12728E+04   0.15831E+06   0.75232E+02   0.10411E+07  -0.13893E+04  -0.24318E-02
  0.787   2.779    0.11947E+04   0.77015E+04   0.21337E+04  -0.18102E+05  -0.13062E+04   0.21135E-02
  0.787   2.779    0.50787E+04   0.10400E+04  -0.10846E+04   0.13515E+04   0.98378E+04  -0.17688E-02
  0.787   2.779   -0.11920E+04   0.77017E+04  -0.21337E+04  -0.18101E+05   0.12983E+04   0.21030E-02
  0.787   2.779   -0.12718E+04   0.15831E+06  -0.75233E+02   0.10411E+07   0.13760E+04  -0.24441E-02
  0.800   2.801    0.16633E+01   0.16097E+06   0.16637E-01   0.10458E+07  -0.11545E+02   0.44230E-02
  0.800   2.801   -0.28731E+04   0.13921E+04  -0.10484E+04   0.17859E+04  -0.12399E+05   0.63017E-02
  0.800   2.801    0.28734E+04   0.13922E+04   0.10485E+04   0.17857E+04   0.12398E+05   0.63005E-02
  0.800   2.801   -0.40223E+04   0.13907E+04   0.10895E+04   0.17807E+04  -0.11419E+05  -0.26576E-02
  0.800   2.801    0.83608E+03   0.15950E+06   0.76811E+02   0.10444E+07  -0.79440E+03  -0.23415E-02
  0.800   2.801    0.56689E+03   0.73218E+04   0.21419E+04  -0.18973E+05  -0.48443E+03   0.17627E-02
  0.800   2.801    0.40222E+04   0.13909E+04  -0.10895E+04   0.17809E+04   0.11419E+05  -0.26626E-02
  0.800   2.801   -0.56572E+03   0.73217E+04  -0.21419E+04  -0.18973E+05   0.48045E+03   0.17666E-02
  0.800   2.801   -0.83928E+03   0.15950E+06  -0.76812E+02   0.10444E+07   0.81176E+03  -0.23441E-02
  0.812   2.823   -0.98327E+01   0.16276E+06  -0.31158E-01   0.10496E+07   0.26707E+02   0.19028E-02
  0.812   2.823   -0.27394E+04   0.26472E+04  -0.10590E+04   0.32833E+04  -0.12757E+05   0.66254E-02
  0.812   2.823    0.27733E+04   0.26465E+04   0.10589E+04   0.32828E+04   0.12700E+05   0.65971E-02
  0.812   2.823   -0.25633E+04   0.26550E+04   0.10897E+04   0.33007E+04  -0.13370E+05  -0.60745E-02
  0.812   2.823    0.66197E+03   0.16156E+06   0.70279E+02   0.10485E+07  -0.60341E+03  -0.99088E-03
  0.812   2.823   -0.54294E+02   0.72516E+04   0.21529E+04  -0.19397E+05   0.26351E+03  -0.19716E-03
  0.812   2.823    0.25498E+04   0.26777E+04  -0.10898E+04   0.33291E+04   0.13388E+05  -0.60598E-02
  0.812   2.823    0.13871E+03   0.72502E+04  -0.21529E+04  -0.19399E+05  -0.39092E+03  -0.11340E-03
  0.812   2.823   -0.69045E+03   0.16155E+06  -0.70262E+02   0.10485E+07   0.61436E+03  -0.93708E-03
  0.825   2.844   -0.10994E+01   0.16258E+06   0.17885E-01   0.10509E+07   0.83166E+01   0.48989E-02
  0.825   2.844   -0.28460E+04   0.24399E+04  -0.10587E+04   0.30054E+04  -0.12798E+05   0.70923E-02
  0.825   2.844    0.28468E+04   0.24400E+04   0.10587E+04   0.30054E+04   0.12796E+05   0.70925E-02
  0.825   2.844   -0.11883E+04   0.24417E+04   0.10953E+04   0.30091E+04  -0.15256E+05  -0.51722E-02
  0.825   2.844   -0.35939E+02   0.16260E+06   0.74174E+02   0.10513E+07   0.27659E+03  -0.11105E-02
  0.825   2.844   -0.83993E+03   0.59123E+04   0.21580E+04  -0.21393E+05   0.12430E+04  -0.11811E-03
  0.825   2.844    0.11879E+04   0.24420E+04  -0.10953E+04   0.30094E+04   0.15256E+05  -0.51710E-02
  0.825   2.844    0.84095E+03   0.59123E+04  -0.21580E+04  -0.21393E+05  -0.12447E+04  -0.11785E-03
  0.825   2.844    0.38266E+02   0.16260E+06  -0.74174E+02   0.10513E+07  -0.29262E+03  -0.11076E-02
  0.838   2.866   -0.73699E+00   0.16328E+06   0.44825E-02   0.10531E+07   0.60542E+01   0.47480E-02
  0.838   2.866   -0.26738E+04   0.27433E+04  -0.10613E+04   0.33380E+04  -0.13178E+05   0.73250E-02
  0.838   2.866    0.26719E+04   0.27432E+04   0.10612E+04   0.33381E+04   0.13178E+05   0.73237E-02
  0.838   2.866   -0.38888E+03   0.27437E+04   0.10993E+04   0.33387E+04  -0.16371E+05  -0.63696E-02
  0.838   2.866   -0.11793E+03   0.16344E+06   0.74796E+02   0.10538E+07   0.38245E+03  -0.84500E-03
  0.838   2.866   -0.11530E+04   0.53863E+04   0.21645E+04  -0.22341E+05   0.16090E+04  -0.60967E-03
  0.838   2.866    0.38899E+03   0.27436E+04  -0.10993E+04   0.33386E+04   0.16372E+05  -0.63715E-02
  0.838   2.866    0.11507E+04   0.53863E+04  -0.21645E+04  -0.22341E+05  -0.16080E+04  -0.60964E-03
  0.838   2.866    0.11920E+03   0.16344E+06  -0.74797E+02   0.10538E+07  -0.39161E+03  -0.84820E-03
  0.850   2.887    0.14384E+01   0.16412E+06  -0.29912E-02   0.10555E+07  -0.74752E+01   0.40325E-02
  0.850   2.887   -0.23734E+04   0.30314E+04  -0.10642E+04   0.36399E+04  -0.13698E+05   0.73946E-02
  0.850   2.887    0.23734E+04   0.30316E+04   0.10643E+04   0.36400E+04   0.13698E+05   0.73907E-02
  0.850   2.887    0.34733E+03   0.30318E+04   0.11031E+04   0.36392E+04  -0.17378E+05  -0.76190E-02
  0.850   2.887   -0.12495E+03   0.16429E+06   0.76259E+02   0.10561E+07   0.39568E+03  -0.56247E-03
  0.850   2.887   -0.13684E+04   0.47880E+04   0.21714E+04  -0.23350E+05   0.18482E+04  -0.10817E-02
  0.850   2.887   -0.34766E+03   0.30317E+04  -0.11032E+04   0.36390E+04   0.17379E+05  -0.76175E-02
  0.850   2.887    0.13686E+04   0.47880E+04  -0.21714E+04  -0.23350E+05  -0.18487E+04  -0.10754E-02
  0.850   2.887    0.12329E+03   0.16429E+06  -0.76260E+02   0.10561E+07  -0.39397E+03  -0.56844E-03
  0.863   2.908   -0.77162E+00   0.16502E+06   0.16689E-01   0.10579E+07   0.74408E+01   0.28455E-02
  0.863   2.908   -0.19706E+04   0.32430E+04  -0.10675E+04   0.38424E+04  -0.14327E+05   0.73008E-02
  0.863   2.908    0.19710E+04   0.32431E+04   0.10675E+04   0.38426E+04   0.14327E+05   0.73020E-02
  0.863   2.908    0.95832E+03   0.32432E+04   0.11067E+04   0.38415E+04  -0.18210E+05  -0.87476E-02
  0.863   2.908   -0.81352E+02   0.16512E+06   0.76435E+02   0.10584E+07   0.34277E+03  -0.32143E-03
  0.863   2.908   -0.14700E+04   0.41316E+04   0.21782E+04  -0.24402E+05   0.19469E+04  -0.14150E-02
  0.863   2.908   -0.95851E+03   0.32431E+04  -0.11067E+04   0.38415E+04   0.18210E+05  -0.87474E-02
  0.863   2.908    0.14705E+04   0.41316E+04  -0.21782E+04  -0.24402E+05  -0.19472E+04  -0.14158E-02
  0.863   2.908    0.81628E+02   0.16512E+06  -0.76434E+02   0.10584E+07  -0.34857E+03  -0.32334E-03
  0.875   2.929   -0.30822E+01   0.16589E+06  -0.62577E-03   0.10600E+07   0.25998E+02   0.13055E-02
  0.875   2.929   -0.14983E+04   0.33564E+04  -0.10704E+04   0.39260E+04  -0.15014E+05   0.70572E-02
  0.875   2.929    0.14982E+04   0.33565E+04   0.10703E+04   0.39267E+04   0.15013E+05   0.70569E-02
  0.875   2.929    0.14232E+04   0.33565E+04   0.11099E+04   0.39252E+04  -0.18846E+05  -0.96438E-02
  0.875   2.929   -0.30206E+02   0.16591E+06   0.77212E+02   0.10605E+07   0.27508E+03  -0.11701E-03
  0.875   2.929   -0.14640E+04   0.34406E+04   0.21843E+04  -0.25456E+05   0.19179E+04  -0.15851E-02
  0.875   2.929   -0.14233E+04   0.33566E+04  -0.11099E+04   0.39252E+04   0.18846E+05  -0.96440E-02
  0.875   2.929    0.14639E+04   0.34406E+04  -0.21843E+04  -0.25456E+05  -0.19181E+04  -0.15846E-02
  0.875   2.929    0.34275E+02   0.16591E+06  -0.77213E+02   0.10605E+07  -0.30471E+03  -0.11201E-03
  0.887   2.950    0.42107E+01   0.16673E+06  -0.14418E-01   0.10621E+07  -0.36719E+02  -0.42069E-03
  0.887   2.950   -0.99179E+03   0.33695E+04  -0.10733E+04   0.38937E+04  -0.15724E+05   0.66751E-02
  0.887   2.950    0.99166E+03   0.33694E+04   0.10734E+04   0.38931E+04   0.15725E+05   0.66749E-02
  0.887   2.950    0.17440E+04   0.33693E+04   0.11132E+04   0.38914E+04  -0.19303E+05  -0.10237E-01
  0.887   2.950   -0.18202E+02   0.16672E+06   0.77493E+02   0.10626E+07   0.30627E+03   0.88699E-04
  0.887   2.950   -0.13686E+04   0.27426E+04   0.21904E+04  -0.26493E+05   0.17881E+04  -0.15927E-02
  0.887   2.950   -0.17438E+04   0.33693E+04  -0.11130E+04   0.38918E+04   0.19302E+05  -0.10237E-01
  0.887   2.950    0.13686E+04   0.27426E+04  -0.21904E+04  -0.26493E+05  -0.17888E+04  -0.15931E-02
  0.887   2.950    0.99967E+01   0.16672E+06  -0.77492E+02   0.10626E+07  -0.23561E+03   0.85385E-04
  0.900   2.971   -0.29226E+01   0.16750E+06   0.98750E-02   0.10642E+07   0.25017E+02  -0.21553E-02
  0.900   2.971   -0.48570E+03   0.32936E+04  -0.10764E+04   0.37617E+04  -0.16417E+05   0.61731E-02
  0.900   2.971    0.48578E+03   0.32936E+04   0.10763E+04   0.37623E+04   0.16417E+05   0.61729E-02
  0.900   2.971    0.19362E+04   0.32934E+04   0.11165E+04   0.37594E+04  -0.19607E+05  -0.10506E-01
  0.900   2.971   -0.50705E+02   0.16756E+06   0.78759E+02   0.10648E+07   0.30666E+03   0.32107E-03
  0.900   2.971   -0.12096E+04   0.20649E+04   0.21969E+04  -0.27489E+05   0.15912E+04  -0.14736E-02
  0.900   2.971   -0.19362E+04   0.32934E+04  -0.11165E+04   0.37597E+04   0.19608E+05  -0.10506E-01
  0.900   2.971    0.12096E+04   0.20649E+04  -0.21969E+04  -0.27489E+05  -0.15912E+04  -0.14738E-02
  0.900   2.971    0.52812E+02   0.16756E+06  -0.78760E+02   0.10648E+07  -0.32352E+03   0.32012E-03
  0.912   2.991   -0.11951E+01   0.16815E+06  -0.17469E-02   0.10661E+07   0.88455E+01  -0.37444E-02
  0.912   2.991   -0.67568E+01   0.31476E+04  -0.10794E+04   0.35563E+04  -0.17063E+05   0.55702E-02
  0.912   2.991    0.65885E+01   0.31477E+04   0.10793E+04   0.35566E+04   0.17063E+05   0.55703E-02
  0.912   2.991    0.20228E+04   0.31476E+04   0.11194E+04   0.35546E+04  -0.19785E+05  -0.10465E-01
  0.912   2.991   -0.15330E+03   0.16840E+06   0.77556E+02   0.10668E+07   0.42665E+03   0.61763E-03
  0.912   2.991   -0.10121E+04   0.14310E+04   0.22028E+04  -0.28404E+05   0.13566E+04  -0.12729E-02
  0.912   2.991   -0.20230E+04   0.31476E+04  -0.11195E+04   0.35547E+04   0.19786E+05  -0.10464E-01
  0.912   2.991    0.10120E+04   0.14311E+04  -0.22028E+04  -0.28404E+05  -0.13564E+04  -0.12723E-02
  0.912   2.991    0.15407E+03   0.16840E+06  -0.77555E+02   0.10668E+07  -0.43140E+03   0.61949E-03
  0.925   3.012    0.39591E+00   0.16868E+06   0.12973E-01   0.10677E+07  -0.39484E+00  -0.50697E-02
  0.925   3.012    0.43058E+03   0.29494E+04  -0.10820E+04   0.32995E+04  -0.17642E+05   0.48840E-02
  0.925   3.012   -0.43063E+03   0.29494E+04   0.10820E+04   0.32993E+04   0.17642E+05   0.48839E-02
  0.925   3.012    0.20299E+04   0.29494E+04   0.11222E+04   0.32979E+04  -0.19869E+05  -0.10138E-01
  0.925   3.012   -0.31461E+03   0.16921E+06   0.76872E+02   0.10687E+07   0.60058E+03   0.99606E-03
  0.925   3.012   -0.79645E+03   0.84838E+03   0.22081E+04  -0.29235E+05   0.11084E+04  -0.10340E-02
  0.925   3.012   -0.20305E+04   0.29495E+04  -0.11222E+04   0.32978E+04   0.19870E+05  -0.10137E-01
  0.925   3.012    0.79609E+03   0.84841E+03  -0.22081E+04  -0.29235E+05  -0.11078E+04  -0.10296E-02
  0.925   3.012    0.31476E+03   0.16921E+06  -0.76872E+02   0.10687E+07  -0.60791E+03   0.99870E-03
  0.938   3.032    0.16482E+01   0.16910E+06  -0.37192E-01   0.10689E+07  -0.13001E+02  -0.60485E-02
  0.938   3.032    0.82450E+03   0.27108E+04  -0.10844E+04   0.30056E+04  -0.18156E+05   0.41293E-02
  0.938   3.032   -0.82449E+03   0.27108E+04   0.10845E+04   0.30055E+04   0.18157E+05   0.41294E-02
  0.938   3.032    0.19849E+04   0.27105E+04   0.11249E+04   0.30032E+04  -0.19894E+05  -0.95351E-02
  0.938   3.032   -0.52358E+03   0.16999E+06   0.77921E+02   0.10704E+07   0.84598E+03   0.14572E-02
  0.938   3.032   -0.57579E+03   0.30825E+03   0.22133E+04  -0.29997E+05   0.86088E+03  -0.78157E-03
  0.938   3.032   -0.19848E+04   0.27106E+04  -0.11248E+04   0.30035E+04   0.19893E+05  -0.95349E-02
  0.938   3.032    0.57595E+03   0.30826E+03  -0.22133E+04  -0.29997E+05  -0.86146E+03  -0.78139E-03
  0.938   3.032    0.51799E+03   0.16999E+06  -0.77921E+02   0.10704E+07  -0.80074E+03   0.14502E-02
  0.950   3.052    0.10813E+01   0.16945E+06  -0.34570E-01   0.10704E+07  -0.90054E+01  -0.66133E-02
  0.950   3.052    0.11818E+04   0.24373E+04  -0.10872E+04   0.26824E+04  -0.18626E+05   0.33200E-02
  0.950   3.052   -0.11820E+04   0.24373E+04   0.10873E+04   0.26822E+04   0.18627E+05   0.33196E-02
  0.950   3.052    0.19107E+04   0.24370E+04   0.11279E+04   0.26798E+04  -0.19894E+05  -0.86325E-02
  0.950   3.052   -0.75184E+03   0.17075E+06   0.78915E+02   0.10723E+07   0.10676E+04   0.19591E-02
  0.950   3.052   -0.35970E+03  -0.21070E+03   0.22192E+04  -0.30731E+05   0.62542E+03  -0.53701E-03
  0.950   3.052   -0.19106E+04   0.24371E+04  -0.11279E+04   0.26799E+04   0.19894E+05  -0.86325E-02
  0.950   3.052    0.35953E+03  -0.21072E+03  -0.22192E+04  -0.30731E+05  -0.62510E+03  -0.53691E-03
  0.950   3.052    0.75096E+03   0.17075E+06  -0.78915E+02   0.10723E+07  -0.10584E+04   0.19613E-02
  0.963   3.072    0.78449E-01   0.16971E+06   0.12341E-01   0.10717E+07   0.15979E+01  -0.67032E-02
  0.963   3.072    0.15141E+04   0.21263E+04  -0.10899E+04   0.23281E+04  -0.19059E+05   0.24624E-02
  0.963   3.072   -0.15140E+04   0.21263E+04   0.10899E+04   0.23283E+04   0.19058E+05   0.24627E-02
  0.963   3.072    0.18282E+04   0.21260E+04   0.11306E+04   0.23252E+04  -0.19882E+05  -0.73559E-02
  0.963   3.072   -0.98210E+03   0.17141E+06   0.79830E+02   0.10739E+07   0.12965E+04   0.24650E-02
  0.963   3.072   -0.15252E+03  -0.73588E+03   0.22245E+04  -0.31445E+05   0.40480E+03  -0.30067E-03
  0.963   3.072   -0.18282E+04   0.21260E+04  -0.11306E+04   0.23253E+04   0.19882E+05  -0.73555E-02
  0.963   3.072    0.15252E+03  -0.73589E+03  -0.22245E+04  -0.31445E+05  -0.40506E+03  -0.30007E-03
  0.963   3.072    0.98177E+03   0.17141E+06  -0.79829E+02   0.10739E+07  -0.12961E+04   0.24673E-02
  0.975   3.092    0.47070E+00   0.16987E+06  -0.75562E-02   0.10727E+07  -0.48580E+01  -0.62598E-02
  0.975   3.092    0.18352E+04   0.17687E+04  -0.10923E+04   0.19345E+04  -0.19464E+05   0.15577E-02
  0.975   3.092   -0.18354E+04   0.17687E+04   0.10923E+04   0.19346E+04   0.19464E+05   0.15572E-02
  0.975   3.092    0.17617E+04   0.17685E+04   0.11328E+04   0.19320E+04  -0.19883E+05  -0.55797E-02
  0.975   3.092   -0.11839E+04   0.17191E+06   0.78767E+02   0.10752E+07   0.15063E+04   0.28901E-02
  0.975   3.092    0.41195E+02  -0.13104E+04   0.22290E+04  -0.32184E+05   0.20400E+03  -0.62341E-04
  0.975   3.092   -0.17617E+04   0.17686E+04  -0.11328E+04   0.19325E+04   0.19882E+05  -0.55799E-02
  0.975   3.092   -0.41418E+02  -0.13104E+04  -0.22290E+04  -0.32184E+05  -0.20370E+03  -0.62415E-04
  0.975   3.092    0.11804E+04   0.17191E+06  -0.78766E+02   0.10752E+07  -0.14781E+04   0.28909E-02
  0.988   3.112   -0.12496E+01   0.16996E+06  -0.21669E-01   0.10736E+07   0.87613E+01  -0.52375E-02
  0.988   3.112    0.21634E+04   0.13530E+04  -0.10946E+04   0.14912E+04  -0.19867E+05   0.59328E-03
  0.988   3.112   -0.21633E+04   0.13530E+04   0.10946E+04   0.14913E+04   0.19867E+05   0.59327E-03
  0.988   3.112    0.17415E+04   0.13530E+04   0.11355E+04   0.14896E+04  -0.19938E+05  -0.31473E-02
  0.988   3.112   -0.13147E+04   0.17226E+06   0.78965E+02   0.10764E+07   0.16072E+04   0.31213E-02
  0.988   3.112    0.21602E+03  -0.19894E+04   0.22342E+04  -0.33025E+05   0.27668E+02   0.19131E-03
  0.988   3.112   -0.17415E+04   0.13530E+04  -0.11355E+04   0.14895E+04   0.19938E+05  -0.31472E-02
  0.988   3.112   -0.21609E+03  -0.19894E+04  -0.22342E+04  -0.33025E+05  -0.27456E+02   0.19135E-03
  0.988   3.112    0.13168E+04   0.17226E+06  -0.78965E+02   0.10764E+07  -0.16229E+04   0.31206E-02
  1.000   3.132    0.90331E+00   0.16921E+06   0.11785E-01   0.10697E+07  -0.53987E+01  -0.36111E-02
  1.000   3.132    0.25054E+04   0.87496E+03  -0.10971E+04   0.99781E+03  -0.20251E+05  -0.45020E-03
  1.000   3.132   -0.25053E+04   0.87495E+03   0.10971E+04   0.99782E+03   0.20251E+05  -0.45041E-03
  1.000   3.132    0.17851E+04   0.87501E+03   0.11381E+04   0.99562E+03  -0.20028E+05   0.76680E-04
  1.000   3.132   -0.13514E+04   0.17157E+06   0.80476E+02   0.10726E+07   0.16459E+04   0.29999E-02
  1.000   3.132    0.36602E+03  -0.27935E+04   0.22393E+04  -0.33922E+05  -0.11961E+03   0.46945E-03
  1.000   3.132   -0.17848E+04   0.87495E+03  -0.11381E+04   0.99561E+03   0.20028E+05   0.77258E-04
  1.000   3.132   -0.36628E+03  -0.27935E+04  -0.22393E+04  -0.33922E+05   0.12003E+03   0.47010E-03
  1.000   3.132    0.13483E+04   0.17157E+06  -0.80476E+02   0.10726E+07  -0.16220E+04   0.29993E-02
  1.012   3.151   -0.11280E+01   0.16922E+06   0.64186E-02   0.10707E+07   0.93927E+01  -0.15331E-02
  1.012   3.151    0.28953E+04   0.32238E+03  -0.10994E+04   0.44065E+03  -0.20697E+05  -0.15961E-02
  1.012   3.151   -0.28952E+04   0.32242E+03   0.10993E+04   0.44088E+03   0.20697E+05  -0.15959E-02
  1.012   3.151    0.19587E+04   0.32261E+03   0.11405E+04   0.43934E+03  -0.20271E+05   0.40690E-02
  1.012   3.151   -0.12266E+04   0.17139E+06   0.80684E+02   0.10734E+07   0.14845E+04   0.24457E-02
  1.012   3.151    0.47491E+03  -0.38274E+04   0.22440E+04  -0.35072E+05  -0.22179E+03   0.77373E-03
  1.012   3.151   -0.19589E+04   0.32252E+03  -0.11406E+04   0.43883E+03   0.20272E+05   0.40692E-02
  1.012   3.151   -0.47527E+03  -0.38274E+04  -0.22440E+04  -0.35072E+05   0.22275E+03   0.77473E-03
  1.012   3.151    0.12298E+04   0.17139E+06  -0.80686E+02   0.10734E+07  -0.15113E+04   0.24336E-02
  1.025   3.170    0.98039E+00   0.16921E+06  -0.12633E-01   0.10716E+07  -0.47958E+01   0.80350E-03
  1.025   3.170    0.33226E+04  -0.26672E+03  -0.11014E+04  -0.13883E+03  -0.21169E+05  -0.28577E-02
  1.025   3.170   -0.33227E+04  -0.26675E+03   0.11015E+04  -0.13897E+03   0.21169E+05  -0.28577E-02
  1.025   3.170    0.22691E+04  -0.26671E+03   0.11428E+04  -0.14117E+03  -0.20643E+05   0.85712E-02
  1.025   3.170   -0.94289E+03   0.17089E+06   0.81201E+02   0.10738E+07   0.12066E+04   0.13683E-02
  1.025   3.170    0.53424E+03  -0.50478E+04   0.22484E+04  -0.36376E+05  -0.27301E+03   0.10766E-02
  1.025   3.170   -0.22689E+04  -0.26669E+03  -0.11428E+04  -0.14100E+03   0.20643E+05   0.85712E-02
  1.025   3.170   -0.53417E+03  -0.50478E+04  -0.22484E+04  -0.36376E+05   0.27274E+03   0.10762E-02
  1.025   3.170    0.94080E+03   0.17089E+06  -0.81201E+02   0.10738E+07  -0.11978E+04   0.13691E-02
  1.038   3.190    0.44773E+00   0.16921E+06  -0.30444E-03   0.10727E+07   0.16870E+01   0.30464E-02
  1.038   3.190    0.37742E+04  -0.83240E+03  -0.11037E+04  -0.68143E+03  -0.21656E+05  -0.42085E-02
  1.038   3.190   -0.37742E+04  -0.83249E+03   0.11036E+04  -0.68176E+03   0.21656E+05  -0.42086E-02
  1.038   3.190    0.27065E+04  -0.83226E+03   0.11449E+04  -0.68294E+03  -0.21131E+05   0.12943E-01
  1.038   3.190   -0.51733E+03   0.17016E+06   0.80804E+02   0.10740E+07   0.77658E+03  -0.10662E-03
  1.038   3.190    0.54062E+03  -0.63787E+04   0.22526E+04  -0.37757E+05  -0.27079E+03   0.13227E-02
  1.038   3.190   -0.27063E+04  -0.83230E+03  -0.11449E+04  -0.68296E+03   0.21130E+05   0.12944E-01
  1.038   3.190   -0.54068E+03  -0.63787E+04  -0.22526E+04  -0.37757E+05   0.27123E+03   0.13224E-02
  1.038   3.190    0.51686E+03   0.17016E+06  -0.80804E+02   0.10740E+07  -0.78197E+03  -0.10665E-03
  1.050   3.209   -0.68546E-01   0.16925E+06   0.23004E-02   0.10737E+07   0.39683E+01   0.48322E-02
  1.050   3.209    0.42216E+04  -0.12994E+04  -0.11058E+04  -0.11161E+04  -0.22127E+05  -0.55853E-02
  1.050   3.209   -0.42214E+04  -0.12995E+04   0.11058E+04  -0.11161E+04   0.22127E+05  -0.55850E-02
  1.050   3.209    0.32229E+04  -0.12996E+04   0.11472E+04  -0.11179E+04  -0.21684E+05   0.16341E-01
  1.050   3.209   -0.28680E+02   0.16935E+06   0.81536E+02   0.10742E+07   0.30529E+03  -0.17008E-02
  1.050   3.209    0.50396E+03  -0.76816E+04   0.22570E+04  -0.39080E+05  -0.22760E+03   0.14547E-02
  1.050   3.209   -0.32228E+04  -0.12996E+04  -0.11472E+04  -0.11178E+04   0.21683E+05   0.16341E-01
  1.050   3.209   -0.50426E+03  -0.76815E+04  -0.22570E+04  -0.39080E+05   0.22803E+03   0.14555E-02
  1.050   3.209    0.28712E+02   0.16935E+06  -0.81535E+02   0.10742E+07  -0.30535E+03  -0.16999E-02
  1.062   3.228    0.14926E+01   0.16936E+06   0.13420E-01   0.10747E+07  -0.10316E+02   0.59421E-02
  1.062   3.228    0.46323E+04  -0.16096E+04  -0.11078E+04  -0.13913E+04  -0.22552E+05  -0.69031E-02
  1.062   3.228   -0.46325E+04  -0.16097E+04   0.11078E+04  -0.13916E+04   0.22553E+05  -0.69029E-02
  1.062   3.228    0.37454E+04  -0.16094E+04   0.11495E+04  -0.13930E+04  -0.22231E+05   0.18068E-01
  1.062   3.228    0.42433E+03   0.16867E+06   0.81813E+02   0.10746E+07  -0.11731E+03  -0.30529E-02
  1.062   3.228    0.44462E+03  -0.88086E+04   0.22615E+04  -0.40210E+05  -0.16379E+03   0.14433E-02
  1.062   3.228   -0.37452E+04  -0.16094E+04  -0.11495E+04  -0.13927E+04   0.22230E+05   0.18068E-01
  1.062   3.228   -0.44472E+03  -0.88086E+04  -0.22615E+04  -0.40210E+05   0.16392E+03   0.14426E-02
  1.062   3.228   -0.42684E+03   0.16867E+06  -0.81813E+02   0.10746E+07   0.13234E+03  -0.30512E-02
  1.075   3.247   -0.35371E+00   0.16952E+06   0.78601E-02   0.10757E+07   0.77064E+01   0.63653E-02
  1.075   3.247    0.49798E+04  -0.17474E+04  -0.11097E+04  -0.14988E+04  -0.22906E+05  -0.80787E-02
  1.075   3.247   -0.49799E+04  -0.17475E+04   0.11097E+04  -0.14991E+04   0.22907E+05  -0.80782E-02
  1.075   3.247    0.42089E+04  -0.17471E+04   0.11513E+04  -0.14997E+04  -0.22705E+05   0.17913E-01
  1.075   3.247    0.76936E+03   0.16822E+06   0.82350E+02   0.10750E+07  -0.44441E+03  -0.39004E-02
  1.075   3.247    0.38282E+03  -0.96611E+04   0.22651E+04  -0.41045E+05  -0.99264E+02   0.12957E-02
  1.075   3.247   -0.42087E+04  -0.17470E+04  -0.11513E+04  -0.14994E+04   0.22705E+05   0.17913E-01
  1.075   3.247   -0.38307E+03  -0.96610E+04  -0.22651E+04  -0.41045E+05   0.99783E+02   0.12945E-02
  1.075   3.247   -0.76899E+03   0.16822E+06  -0.82350E+02   0.10750E+07   0.43791E+03  -0.38881E-02
  1.087   3.266    0.23339E+00   0.16978E+06   0.42790E-02   0.10769E+07   0.78175E+00   0.62313E-02
  1.087   3.266    0.52492E+04  -0.17391E+04  -0.11117E+04  -0.14684E+04  -0.23184E+05  -0.90429E-02
  1.087   3.266   -0.52492E+04  -0.17392E+04   0.11117E+04  -0.14686E+04   0.23184E+05  -0.90427E-02
  1.087   3.266    0.45794E+04  -0.17391E+04   0.11534E+04  -0.14698E+04  -0.23087E+05   0.16160E-01
  1.087   3.266    0.97040E+03   0.16811E+06   0.81851E+02   0.10759E+07  -0.61029E+03  -0.41482E-02
  1.087   3.266    0.32946E+03  -0.10223E+05   0.22691E+04  -0.41599E+05  -0.44365E+02   0.10476E-02
  1.087   3.266   -0.45793E+04  -0.17390E+04  -0.11533E+04  -0.14691E+04   0.23086E+05   0.16160E-01
  1.087   3.266   -0.32954E+03  -0.10223E+05  -0.22691E+04  -0.41599E+05   0.44590E+02   0.10470E-02
  1.087   3.266   -0.97314E+03   0.16811E+06  -0.81850E+02   0.10759E+07   0.62905E+03  -0.41466E-02
  1.100   3.284    0.15454E+00   0.17007E+06  -0.39336E-03   0.10781E+07   0.45174E+00   0.56915E-02
  1.100   3.284    0.54345E+04  -0.16338E+04  -0.11136E+04  -0.13506E+04  -0.23378E+05  -0.97396E-02
  1.100   3.284   -0.54345E+04  -0.16338E+04   0.11136E+04  -0.13508E+04   0.23378E+05  -0.97395E-02
  1.100   3.284    0.48520E+04  -0.16336E+04   0.11552E+04  -0.13512E+04  -0.23369E+05   0.13376E-01
  1.100   3.284    0.10445E+04   0.16827E+06   0.81077E+02   0.10769E+07  -0.67444E+03  -0.38963E-02
  1.100   3.284    0.28422E+03  -0.10529E+05   0.22727E+04  -0.41907E+05   0.17078E+01   0.73829E-03
  1.100   3.284   -0.48521E+04  -0.16336E+04  -0.11552E+04  -0.13511E+04   0.23369E+05   0.13376E-01
  1.100   3.284   -0.28429E+03  -0.10529E+05  -0.22727E+04  -0.41907E+05  -0.14992E+01   0.73834E-03
  1.100   3.284   -0.10451E+04   0.16827E+06  -0.81076E+02   0.10769E+07   0.67723E+03  -0.38956E-02
  1.113   3.303   -0.36001E+00   0.17035E+06  -0.61782E-02   0.10782E+07   0.22946E+01   0.48586E-02
  1.113   3.303    0.55360E+04  -0.14783E+04  -0.11154E+04  -0.11881E+04  -0.23479E+05  -0.10122E-01
  1.113   3.303   -0.55360E+04  -0.14782E+04   0.11154E+04  -0.11879E+04   0.23479E+05  -0.10122E-01
  1.113   3.303    0.50400E+04  -0.14782E+04   0.11574E+04  -0.11893E+04  -0.23560E+05   0.10160E-01
  1.113   3.303    0.10195E+04   0.16858E+06   0.82140E+02   0.10771E+07  -0.64169E+03  -0.32986E-02
  1.113   3.303    0.24096E+03  -0.10638E+05   0.22769E+04  -0.42013E+05   0.45374E+02   0.39856E-03
  1.113   3.303   -0.50400E+04  -0.14782E+04  -0.11574E+04  -0.11892E+04   0.23560E+05   0.10160E-01
  1.113   3.303   -0.24090E+03  -0.10638E+05  -0.22769E+04  -0.42013E+05  -0.45108E+02   0.39943E-03
  1.113   3.303   -0.10197E+04   0.16858E+06  -0.82139E+02   0.10771E+07   0.63872E+03  -0.33040E-02
  1.125   3.322    0.16088E+01   0.17082E+06  -0.66994E-02   0.10804E+07  -0.17342E+02   0.38128E-02
  1.125   3.322    0.55621E+04  -0.13081E+04  -0.11170E+04  -0.10134E+04  -0.23522E+05  -0.10160E-01
  1.125   3.322   -0.55620E+04  -0.13078E+04   0.11171E+04  -0.10133E+04   0.23523E+05  -0.10160E-01
  1.125   3.322    0.51623E+04  -0.13077E+04   0.11589E+04  -0.10139E+04  -0.23698E+05   0.69904E-02
  1.125   3.322    0.92882E+03   0.16920E+06   0.81780E+02   0.10794E+07  -0.53545E+03  -0.25237E-02
  1.125   3.322    0.19366E+03  -0.10607E+05   0.22800E+04  -0.42005E+05   0.91401E+02   0.52840E-04
  1.125   3.322   -0.51623E+04  -0.13079E+04  -0.11589E+04  -0.10142E+04   0.23697E+05   0.69906E-02
  1.125   3.322   -0.19295E+03  -0.10607E+05  -0.22800E+04  -0.42005E+05  -0.92843E+02   0.54921E-04
  1.125   3.322   -0.92997E+03   0.16920E+06  -0.81780E+02   0.10794E+07   0.55598E+03  -0.25262E-02
  1.137   3.340   -0.27506E+01   0.17126E+06  -0.65900E-02   0.10817E+07   0.23216E+02   0.26243E-02
  1.137   3.340    0.55260E+04  -0.11451E+04  -0.11190E+04  -0.85030E+03  -0.23507E+05  -0.98486E-02
  1.137   3.340   -0.55258E+04  -0.11451E+04   0.11189E+04  -0.85002E+03   0.23507E+05  -0.98487E-02
  1.137   3.340    0.52384E+04  -0.11449E+04   0.11610E+04  -0.85133E+03  -0.23789E+05   0.41759E-02
  1.137   3.340    0.80298E+03   0.16985E+06   0.82644E+02   0.10810E+07  -0.43752E+03  -0.16885E-02
  1.137   3.340    0.13805E+03  -0.10487E+05   0.22841E+04  -0.41916E+05   0.14478E+03  -0.27526E-03
  1.137   3.340   -0.52386E+04  -0.11450E+04  -0.11611E+04  -0.85134E+03   0.23789E+05   0.41763E-02
  1.137   3.340   -0.13819E+03  -0.10486E+05  -0.22841E+04  -0.41916E+05  -0.14403E+03  -0.27606E-03
  1.137   3.340   -0.79856E+03   0.16985E+06  -0.82643E+02   0.10810E+07   0.40224E+03  -0.16864E-02
  1.150   3.358   -0.32406E+01   0.17168E+06   0.10095E-01   0.10828E+07   0.22579E+02   0.13701E-02
  1.150   3.358    0.54457E+04  -0.10014E+04  -0.11206E+04  -0.70963E+03  -0.23454E+05  -0.91966E-02
  1.150   3.358   -0.54449E+04  -0.10002E+04   0.11205E+04  -0.70725E+03   0.23451E+05  -0.92008E-02
  1.150   3.358    0.52833E+04  -0.10012E+04   0.11627E+04  -0.71108E+03  -0.23849E+05   0.18748E-02
  1.150   3.358    0.65601E+03   0.17053E+06   0.83683E+02   0.10824E+07  -0.30326E+03  -0.86468E-03
  1.150   3.358    0.76531E+02  -0.10319E+05   0.22875E+04  -0.41787E+05   0.19948E+03  -0.57157E-03
  1.150   3.358   -0.52847E+04  -0.10026E+04  -0.11628E+04  -0.71311E+03   0.23851E+05   0.18778E-02
  1.150   3.358   -0.74638E+02  -0.10319E+05  -0.22875E+04  -0.41786E+05  -0.20351E+03  -0.56550E-03
  1.150   3.358   -0.64891E+03   0.17053E+06  -0.83676E+02   0.10824E+07   0.25901E+03  -0.86264E-03
  1.163   3.376   -0.25579E+01   0.17213E+06   0.21211E-01   0.10841E+07   0.18493E+02   0.12359E-03
  1.163   3.376    0.53233E+04  -0.87384E+03  -0.11222E+04  -0.58400E+03  -0.23363E+05  -0.82573E-02
  1.163   3.376   -0.53231E+04  -0.87370E+03   0.11222E+04  -0.58361E+03   0.23362E+05  -0.82572E-02
  1.163   3.376    0.53029E+04  -0.87363E+03   0.11643E+04  -0.58467E+03  -0.23884E+05   0.13644E-03
  1.163   3.376    0.49381E+03   0.17126E+06   0.82506E+02   0.10839E+07  -0.15483E+03  -0.99012E-04
  1.163   3.376    0.67836E+01  -0.10105E+05   0.22906E+04  -0.41613E+05   0.26281E+03  -0.81084E-03
  1.163   3.376   -0.53032E+04  -0.87375E+03  -0.11643E+04  -0.58496E+03   0.23885E+05   0.13674E-03
  1.163   3.376   -0.66175E+01  -0.10105E+05  -0.22906E+04  -0.41613E+05  -0.26292E+03  -0.81065E-03
  1.163   3.376   -0.48800E+03   0.17126E+06  -0.82506E+02   0.10839E+07   0.11147E+03  -0.91368E-04
  1.175   3.395   -0.10580E+01   0.17254E+06   0.78325E-02   0.10852E+07   0.62512E+01  -0.10545E-02
  1.175   3.395    0.51826E+04  -0.76755E+03  -0.11238E+04  -0.48061E+03  -0.23258E+05  -0.70542E-02
  1.175   3.395   -0.51825E+04  -0.76757E+03   0.11238E+04  -0.48031E+03   0.23258E+05  -0.70543E-02
  1.175   3.395    0.53097E+04  -0.76756E+03   0.11660E+04  -0.48153E+03  -0.23909E+05  -0.10698E-02
  1.175   3.395    0.32692E+03   0.17195E+06   0.82514E+02   0.10852E+07   0.12734E+02   0.60331E-03
  1.175   3.395   -0.66136E+02  -0.98857E+04   0.22939E+04  -0.41444E+05   0.32593E+03  -0.99633E-03
  1.175   3.395   -0.53097E+04  -0.76749E+03  -0.11660E+04  -0.48153E+03   0.23909E+05  -0.10700E-02
  1.175   3.395    0.65998E+02  -0.98857E+04  -0.22939E+04  -0.41444E+05  -0.32569E+03  -0.99682E-03
  1.175   3.395   -0.32694E+03   0.17195E+06  -0.82515E+02   0.10852E+07  -0.12574E+02   0.60155E-03
  1.188   3.413    0.12893E+00   0.17295E+06  -0.13807E-01   0.10863E+07  -0.30749E+01  -0.21186E-02
  1.188   3.413    0.50257E+04  -0.67885E+03  -0.11254E+04  -0.39326E+03  -0.23142E+05  -0.56429E-02
  1.188   3.413   -0.50257E+04  -0.67884E+03   0.11254E+04  -0.39291E+03   0.23142E+05  -0.56435E-02
  1.188   3.413    0.53063E+04  -0.67833E+03   0.11677E+04  -0.39382E+03  -0.23921E+05  -0.18116E-02
  1.188   3.413    0.16275E+03   0.17264E+06   0.82712E+02   0.10866E+07   0.16421E+03   0.12211E-02
  1.188   3.413   -0.14143E+03  -0.96599E+04   0.22972E+04  -0.41270E+05   0.38898E+03  -0.11337E-02
  1.188   3.413   -0.53062E+04  -0.67847E+03  -0.11677E+04  -0.39401E+03   0.23921E+05  -0.18116E-02
  1.188   3.413    0.14095E+03  -0.96599E+04  -0.22972E+04  -0.41270E+05  -0.38897E+03  -0.11276E-02
  1.188   3.413   -0.16488E+03   0.17264E+06  -0.82712E+02   0.10866E+07  -0.14452E+03   0.12185E-02
  1.200   3.430    0.21883E+01   0.17330E+06  -0.11338E-01   0.10872E+07  -0.20118E+02  -0.30382E-02
  1.200   3.430    0.48580E+04  -0.60380E+03  -0.11268E+04  -0.31854E+03  -0.23015E+05  -0.40742E-02
  1.200   3.430   -0.48580E+04  -0.60388E+03   0.11269E+04  -0.31912E+03   0.23016E+05  -0.40749E-02
  1.200   3.430    0.52916E+04  -0.60359E+03   0.11692E+04  -0.31960E+03  -0.23921E+05  -0.21807E-02
  1.200   3.430    0.48979E+01   0.17327E+06   0.83499E+02   0.10877E+07   0.29480E+03   0.17553E-02
  1.200   3.430   -0.21748E+03  -0.94273E+04   0.23001E+04  -0.41085E+05   0.45116E+03  -0.12258E-02
  1.200   3.430   -0.52915E+04  -0.60373E+03  -0.11692E+04  -0.32049E+03   0.23920E+05  -0.21811E-02
  1.200   3.430    0.21724E+03  -0.94273E+04  -0.23001E+04  -0.41085E+05  -0.45039E+03  -0.12217E-02
  1.200   3.430   -0.65972E+01   0.17327E+06  -0.83500E+02   0.10877E+07  -0.28048E+03   0.17515E-02
  1.213   3.448   -0.33573E+00   0.17365E+06  -0.86831E-03   0.10883E+07   0.44412E+01  -0.37863E-02
  1.213   3.448    0.46805E+04  -0.54044E+03  -0.11283E+04  -0.25638E+03  -0.22887E+05  -0.24128E-02
  1.213   3.448   -0.46806E+04  -0.54053E+03   0.11283E+04  -0.25661E+03   0.22888E+05  -0.24116E-02
  1.213   3.448    0.52660E+04  -0.54021E+03   0.11706E+04  -0.25678E+03  -0.23912E+05  -0.22778E-02
  1.213   3.448   -0.14364E+03   0.17387E+06   0.82476E+02   0.10889E+07   0.41036E+03   0.22006E-02
  1.213   3.448   -0.29278E+03  -0.91882E+04   0.23030E+04  -0.40905E+05   0.51032E+03  -0.12870E-02
  1.213   3.448   -0.52657E+04  -0.53979E+03  -0.11706E+04  -0.25610E+03   0.23912E+05  -0.22783E-02
  1.213   3.448    0.29226E+03  -0.91881E+04  -0.23030E+04  -0.40904E+05  -0.50945E+03  -0.12904E-02
  1.213   3.448    0.14331E+03   0.17387E+06  -0.82477E+02   0.10889E+07  -0.40907E+03   0.21963E-02
  1.225   3.466    0.24063E+00   0.17394E+06  -0.16960E-01   0.10892E+07  -0.45870E+01  -0.43376E-02
  1.225   3.466    0.44930E+04  -0.48368E+03  -0.11298E+04  -0.19802E+03  -0.22751E+05  -0.72832E-03
  1.225   3.466   -0.44930E+04  -0.48355E+03   0.11298E+04  -0.19755E+03   0.22751E+05  -0.72810E-03
  1.225   3.466    0.52181E+04  -0.48340E+03   0.11720E+04  -0.19943E+03  -0.23875E+05  -0.22068E-02
  1.225   3.466   -0.27976E+03   0.17441E+06   0.81949E+02   0.10901E+07   0.52761E+03   0.25493E-02
  1.225   3.466   -0.36251E+03  -0.89271E+04   0.23059E+04  -0.40692E+05   0.56135E+03  -0.13331E-02
  1.225   3.466   -0.52183E+04  -0.48336E+03  -0.11720E+04  -0.19768E+03   0.23874E+05  -0.22060E-02
  1.225   3.466    0.36280E+03  -0.89272E+04  -0.23059E+04  -0.40692E+05  -0.56138E+03  -0.13346E-02
  1.225   3.466    0.27717E+03   0.17441E+06  -0.81944E+02   0.10901E+07  -0.50270E+03   0.25559E-02
  1.238   3.484    0.25983E+01   0.17418E+06   0.85528E-02   0.10900E+07  -0.21657E+02  -0.46632E-02
  1.238   3.484    0.42949E+04  -0.42961E+03  -0.11312E+04  -0.14322E+03  -0.22607E+05   0.91056E-03
  1.238   3.484   -0.42950E+04  -0.42962E+03   0.11312E+04  -0.14294E+03   0.22607E+05   0.91078E-03
  1.238   3.484    0.51376E+04  -0.42963E+03   0.11734E+04  -0.14393E+03  -0.23808E+05  -0.20543E-02
  1.238   3.484   -0.39380E+03   0.17485E+06   0.84011E+02   0.10911E+07   0.61710E+03   0.28062E-02
  1.238   3.484   -0.42106E+03  -0.86308E+04   0.23088E+04  -0.40455E+05   0.59909E+03  -0.13573E-02
  1.238   3.484   -0.51377E+04  -0.42952E+03  -0.11734E+04  -0.14428E+03   0.23808E+05  -0.20536E-02
  1.238   3.484    0.42115E+03  -0.86308E+04  -0.23088E+04  -0.40455E+05  -0.60068E+03  -0.13585E-02
  1.238   3.484    0.38930E+03   0.17485E+06  -0.84013E+02   0.10911E+07  -0.57796E+03   0.28110E-02
  1.250   3.501    0.24254E+00   0.17434E+06   0.85902E-02   0.10908E+07  -0.47822E+01  -0.47375E-02
  1.250   3.501    0.40788E+04  -0.36970E+03  -0.11326E+04  -0.84253E+02  -0.22454E+05   0.24440E-02
  1.250   3.501   -0.40785E+04  -0.36898E+03   0.11326E+04  -0.81765E+02   0.22453E+05   0.24449E-02
  1.250   3.501    0.49837E+04  -0.36823E+03   0.11746E+04  -0.82160E+02  -0.23671E+05  -0.19021E-02
  1.250   3.501   -0.46787E+03   0.17513E+06   0.82427E+02   0.10920E+07   0.65262E+03   0.29524E-02
  1.250   3.501   -0.45182E+03  -0.82489E+04   0.23113E+04  -0.40142E+05   0.61018E+03  -0.13448E-02
  1.250   3.501   -0.49841E+04  -0.36920E+03  -0.11746E+04  -0.84652E+02   0.23672E+05  -0.19014E-02
  1.250   3.501    0.45345E+03  -0.82492E+04  -0.23113E+04  -0.40143E+05  -0.61655E+03  -0.13443E-02
  1.250   3.501    0.46654E+03   0.17513E+06  -0.82424E+02   0.10919E+07  -0.63652E+03   0.29565E-02
