  0.000   0.000   -0.13195E+07   0.13486E-10  -0.15612E+04  -0.92120E-09   0.82772E+07  -0.44524E-12
  0.000   0.000    0.51687E+05  -0.63255E+05  -0.26909E+05  -0.31798E+06  -0.26145E+06   0.13753E-02
  0.000   0.000    0.51687E+05   0.63255E+05  -0.26909E+05   0.31798E+06  -0.26145E+06  -0.13753E-02
  0.000   0.000    0.51733E+05  -0.59777E+05   0.26783E+05  -0.30157E+06  -0.26145E+06  -0.13973E-02
  0.000   0.000   -0.13179E+07   0.93088E+03   0.78063E+03   0.42708E+04   0.82698E+07  -0.31211E-04
  0.000   0.000   -0.55001E+05  -0.16994E+04   0.12712E+03  -0.82067E+04   0.27590E+06  -0.26459E-02
  0.000   0.000    0.51733E+05   0.59777E+05   0.26783E+05   0.30157E+06  -0.26145E+06   0.13973E-02
  0.000   0.000   -0.55001E+05   0.16994E+04   0.12712E+03   0.82067E+04   0.27590E+06   0.26459E-02
  0.000   0.000   -0.13179E+07  -0.93088E+03   0.78063E+03  -0.42708E+04   0.82698E+07   0.31211E-04
 -1.000  -1.000   -0.11261E+07   0.19043E-10  -0.75183E+03  -0.53751E-09   0.76391E+07  -0.10668E-12
 -1.000  -1.000    0.29343E+05  -0.26342E+05  -0.15289E+05  -0.16934E+06  -0.18750E+06   0.11402E-02
 -1.000  -1.000    0.29343E+05   0.26342E+05  -0.15289E+05   0.16934E+06  -0.18750E+06  -0.11402E-02
 -1.000  -1.000    0.29347E+05  -0.25531E+05   0.15103E+05  -0.16418E+06  -0.18750E+06  -0.11533E-02
 -1.000  -1.000   -0.11254E+07   0.42533E+03   0.37592E+03   0.26956E+04   0.76344E+07  -0.27887E-04
 -1.000  -1.000   -0.15646E+05  -0.40179E+03   0.18638E+03  -0.25806E+04   0.10177E+06  -0.16436E-02
 -1.000  -1.000    0.29347E+05   0.25531E+05   0.15103E+05   0.16418E+06  -0.18750E+06   0.11533E-02
 -1.000  -1.000   -0.15646E+05   0.40179E+03   0.18638E+03   0.25806E+04   0.10177E+06   0.16436E-02
 -1.000  -1.000   -0.11254E+07  -0.42533E+03   0.37592E+03  -0.26956E+04   0.76344E+07   0.27887E-04
  0.013   0.333   -0.13342E+07   0.22895E+00  -0.15275E+04   0.14705E+01   0.83353E+07   0.20549E-07
  0.013   0.333    0.50519E+05  -0.66633E+05  -0.29130E+05  -0.33149E+06  -0.25338E+06   0.13841E-02
  0.013   0.333    0.50519E+05   0.66633E+05  -0.29130E+05   0.33149E+06  -0.25338E+06  -0.13841E-02
  0.013   0.333    0.50576E+05  -0.62915E+05   0.29117E+05  -0.31418E+06  -0.25338E+06  -0.14020E-02
  0.013   0.333   -0.13329E+07   0.76875E+03   0.76374E+03   0.34081E+04   0.83294E+07  -0.24412E-04
  0.013   0.333   -0.61814E+05  -0.18101E+04   0.14271E+02  -0.86524E+04   0.30664E+06  -0.27061E-02
  0.013   0.333    0.50576E+05   0.62915E+05   0.29117E+05   0.31418E+06  -0.25338E+06   0.14019E-02
  0.013   0.333   -0.61814E+05   0.18102E+04   0.14348E+02   0.86529E+04   0.30664E+06   0.27061E-02
  0.013   0.333   -0.13329E+07  -0.76922E+03   0.76383E+03  -0.34114E+04   0.83294E+07   0.24412E-04
  0.025   0.494   -0.13629E+07   0.22739E+00  -0.15544E+04   0.25243E+01   0.84732E+07  -0.22455E-07
  0.025   0.494    0.47973E+05  -0.71863E+05  -0.32647E+05  -0.35270E+06  -0.23835E+06   0.14094E-02
  0.025   0.494    0.47973E+05   0.71863E+05  -0.32647E+05   0.35270E+06  -0.23835E+06  -0.14094E-02
  0.025   0.494    0.48047E+05  -0.67843E+05   0.32784E+05  -0.33435E+06  -0.23835E+06  -0.14190E-02
  0.025   0.494   -0.13622E+07   0.39676E+03   0.77750E+03   0.15385E+04   0.84705E+07  -0.12859E-04
  0.025   0.494   -0.73163E+05  -0.19463E+04  -0.13414E+03  -0.91815E+04   0.35756E+06  -0.28149E-02
  0.025   0.494    0.48047E+05   0.67843E+05   0.32784E+05   0.33434E+06  -0.23835E+06   0.14190E-02
  0.025   0.494   -0.73163E+05   0.19461E+04  -0.13426E+03   0.91803E+04   0.35756E+06   0.28149E-02
  0.025   0.494   -0.13622E+07  -0.39708E+03   0.77693E+03  -0.15429E+04   0.84705E+07   0.12858E-04
  0.038   0.606   -0.13865E+07  -0.10078E+01  -0.18925E+04  -0.73614E+01   0.85684E+07   0.61569E-08
  0.038   0.606    0.47393E+05  -0.77991E+05  -0.35461E+05  -0.37746E+06  -0.23357E+06   0.14216E-02
  0.038   0.606    0.47393E+05   0.77991E+05  -0.35461E+05   0.37746E+06  -0.23357E+06  -0.14216E-02
  0.038   0.606    0.47482E+05  -0.73676E+05   0.35593E+05  -0.35813E+06  -0.23357E+06  -0.14248E-02
  0.038   0.606   -0.13865E+07  -0.27623E+02   0.94666E+03  -0.51383E+03   0.85693E+07   0.20392E-06
  0.038   0.606   -0.84112E+05  -0.20823E+04  -0.12825E+03  -0.96740E+04   0.40445E+06  -0.29090E-02
  0.038   0.606    0.47481E+05   0.73676E+05   0.35593E+05   0.35813E+06  -0.23357E+06   0.14248E-02
  0.038   0.606   -0.84112E+05   0.20815E+04  -0.12848E+03   0.96705E+04   0.40445E+06   0.29090E-02
  0.038   0.606   -0.13865E+07   0.29474E+02   0.94579E+03   0.52644E+03   0.85693E+07  -0.20458E-06
  0.050   0.700   -0.14106E+07  -0.33169E+01  -0.27184E+04  -0.25252E+02   0.86608E+07  -0.82106E-07
  0.050   0.700    0.51960E+05  -0.85750E+05  -0.36825E+05  -0.40871E+06  -0.25336E+06   0.14272E-02
  0.050   0.700    0.51960E+05   0.85749E+05  -0.36825E+05   0.40871E+06  -0.25336E+06  -0.14274E-02
  0.050   0.700    0.52054E+05  -0.80988E+05   0.36673E+05  -0.38774E+06  -0.25336E+06  -0.14308E-02
  0.050   0.700   -0.14111E+07  -0.28600E+03   0.13591E+04  -0.17189E+04   0.86638E+07   0.49486E-05
  0.050   0.700   -0.92617E+05  -0.23011E+04   0.15596E+03  -0.10498E+05   0.43745E+06  -0.30121E-02
  0.050   0.700    0.52054E+05   0.80989E+05   0.36672E+05   0.38774E+06  -0.25336E+06   0.14309E-02
  0.050   0.700   -0.92617E+05   0.23009E+04   0.15584E+03   0.10497E+05   0.43745E+06   0.30121E-02
  0.050   0.700   -0.14111E+07   0.29019E+03   0.13595E+04   0.17497E+04   0.86638E+07  -0.49412E-05
  0.062   0.783   -0.14336E+07  -0.33218E+01  -0.40581E+04  -0.20957E+02   0.87425E+07   0.45628E-07
  0.062   0.783    0.64023E+05  -0.95443E+05  -0.36392E+05  -0.44735E+06  -0.30697E+06   0.14200E-02
  0.062   0.783    0.64023E+05   0.95443E+05  -0.36392E+05   0.44735E+06  -0.30697E+06  -0.14199E-02
  0.062   0.783    0.64109E+05  -0.89754E+05   0.35615E+05  -0.42256E+06  -0.30697E+06  -0.14355E-02
  0.062   0.783   -0.14336E+07   0.34870E+02   0.20289E+04  -0.22284E+03   0.87429E+07   0.61339E-05
  0.062   0.783   -0.96571E+05  -0.27724E+04   0.78093E+03  -0.12405E+05   0.44757E+06  -0.31203E-02
  0.062   0.783    0.64109E+05   0.89754E+05   0.35614E+05   0.42256E+06  -0.30697E+06   0.14357E-02
  0.062   0.783   -0.96571E+05   0.27721E+04   0.78073E+03   0.12403E+05   0.44757E+06   0.31203E-02
  0.062   0.783   -0.14336E+07  -0.27908E+02   0.20293E+04   0.27033E+03   0.87429E+07  -0.61286E-05
  0.075   0.858   -0.14529E+07   0.14408E+01  -0.56533E+04   0.70496E+01   0.87902E+07   0.15206E-07
  0.075   0.858    0.84486E+05  -0.10718E+06  -0.34187E+05  -0.49306E+06  -0.39595E+06   0.13930E-02
  0.075   0.858    0.84486E+05   0.10718E+06  -0.34187E+05   0.49306E+06  -0.39595E+06  -0.13933E-02
  0.075   0.858    0.84551E+05  -0.99511E+05   0.32521E+05  -0.45987E+06  -0.39595E+06  -0.14359E-02
  0.075   0.858   -0.14502E+07   0.15409E+04   0.28273E+04   0.65224E+04   0.87789E+07  -0.15969E-04
  0.075   0.858   -0.94767E+05  -0.37823E+04   0.16695E+04  -0.16606E+05   0.43062E+06  -0.32279E-02
  0.075   0.858    0.84552E+05   0.99511E+05   0.32521E+05   0.45987E+06  -0.39595E+06   0.14359E-02
  0.075   0.858   -0.94767E+05   0.37824E+04   0.16696E+04   0.16606E+05   0.43062E+06   0.32279E-02
  0.075   0.858   -0.14502E+07  -0.15465E+04   0.28264E+04  -0.65567E+04   0.87789E+07   0.15982E-04
  0.088   0.926   -0.14751E+07  -0.21736E+01  -0.69924E+04  -0.19542E+02   0.88606E+07   0.75406E-07
  0.088   0.926    0.11254E+06  -0.12095E+06  -0.30472E+05  -0.54551E+06  -0.51435E+06   0.13508E-02
  0.088   0.926    0.11254E+06   0.12095E+06  -0.30472E+05   0.54551E+06  -0.51435E+06  -0.13510E-02
  0.088   0.926    0.11257E+06  -0.10948E+06   0.27874E+05  -0.49629E+06  -0.51434E+06  -0.14374E-02
  0.088   0.926   -0.14665E+07   0.49455E+04   0.34967E+04   0.21351E+05   0.88236E+07  -0.36543E-04
  0.088   0.926   -0.87319E+05  -0.57097E+04   0.26000E+04  -0.24627E+05   0.38932E+06  -0.33477E-02
  0.088   0.926    0.11257E+06   0.10948E+06   0.27874E+05   0.49629E+06  -0.51435E+06   0.14376E-02
  0.088   0.926   -0.87319E+05   0.57104E+04   0.25998E+04   0.24630E+05   0.38932E+06   0.33477E-02
  0.088   0.926   -0.14665E+07  -0.49410E+04   0.34959E+04  -0.21308E+05   0.88236E+07   0.36559E-04
  0.100   0.990   -0.14997E+07   0.23749E+01  -0.74628E+04   0.13881E+02   0.89455E+07   0.16856E-06
  0.100   0.990    0.14559E+06  -0.13610E+06  -0.25558E+05  -0.60138E+06  -0.64875E+06   0.12938E-02
  0.100   0.990    0.14559E+06   0.13610E+06  -0.25558E+05   0.60138E+06  -0.64875E+06  -0.12936E-02
  0.100   0.990    0.14559E+06  -0.11837E+06   0.22296E+05  -0.52623E+06  -0.64875E+06  -0.14394E-02
  0.100   0.990   -0.14811E+07   0.10714E+05   0.37314E+04   0.45655E+05   0.88663E+07  -0.75848E-04
  0.100   0.990   -0.75135E+05  -0.88736E+04   0.32625E+04  -0.37591E+05   0.32932E+06  -0.34820E-02
  0.100   0.990    0.14559E+06   0.11837E+06   0.22296E+05   0.52623E+06  -0.64875E+06   0.14391E-02
  0.100   0.990   -0.75135E+05   0.88741E+04   0.32626E+04   0.37594E+05   0.32932E+06   0.34819E-02
  0.100   0.990   -0.14811E+07  -0.10720E+05   0.37320E+04  -0.45686E+05   0.88663E+07   0.75814E-04
  0.113   1.050   -0.15190E+07   0.70317E+00  -0.65421E+04   0.35184E+01   0.89867E+07   0.10942E-06
  0.113   1.050    0.17926E+06  -0.15056E+06  -0.19691E+05  -0.65100E+06  -0.77862E+06   0.12153E-02
  0.113   1.050    0.17926E+06   0.15056E+06  -0.19691E+05   0.65100E+06  -0.77862E+06  -0.12156E-02
  0.113   1.050    0.17922E+06  -0.12436E+06   0.16341E+05  -0.54187E+06  -0.77862E+06  -0.14294E-02
  0.113   1.050   -0.14868E+07   0.18608E+05   0.32715E+04   0.77739E+05   0.88520E+07  -0.12395E-03
  0.113   1.050   -0.59213E+05  -0.13146E+05   0.33469E+04  -0.54574E+05   0.25601E+06  -0.36128E-02
  0.113   1.050    0.17922E+06   0.12436E+06   0.16341E+05   0.54187E+06  -0.77862E+06   0.14294E-02
  0.113   1.050   -0.59213E+05   0.13146E+05   0.33468E+04   0.54575E+05   0.25601E+06   0.36128E-02
  0.113   1.050   -0.14868E+07  -0.18609E+05   0.32712E+04  -0.77742E+05   0.88520E+07   0.12397E-03
  0.125   1.107   -0.15366E+07   0.52959E+01  -0.39656E+04   0.35012E+02   0.90315E+07  -0.36072E-06
  0.125   1.107    0.20786E+06  -0.16014E+06  -0.13054E+05  -0.67813E+06  -0.88136E+06   0.11328E-02
  0.125   1.107    0.20786E+06   0.16014E+06  -0.13054E+05   0.67813E+06  -0.88136E+06  -0.11323E-02
  0.125   1.107    0.20778E+06  -0.12565E+06   0.10412E+05  -0.53743E+06  -0.88137E+06  -0.14186E-02
  0.125   1.107   -0.14900E+07   0.26906E+05   0.19831E+04   0.10995E+06   0.88410E+07  -0.17037E-03
  0.125   1.107   -0.40035E+05  -0.17310E+05   0.26353E+04  -0.70332E+05   0.17285E+06  -0.37644E-02
  0.125   1.107    0.20778E+06   0.12565E+06   0.10412E+05   0.53743E+06  -0.88136E+06   0.14185E-02
  0.125   1.107   -0.40035E+05   0.17311E+05   0.26355E+04   0.70333E+05   0.17285E+06   0.37643E-02
  0.125   1.107   -0.14900E+07  -0.26912E+05   0.19826E+04  -0.10999E+06   0.88410E+07   0.17030E-03
  0.138   1.161   -0.15316E+07   0.18006E+00   0.71085E+02   0.20285E+01   0.89636E+07  -0.34586E-06
  0.138   1.161    0.22316E+06  -0.15646E+06  -0.59821E+04  -0.64998E+06  -0.92457E+06   0.10459E-02
  0.138   1.161    0.22316E+06   0.15646E+06  -0.59821E+04   0.64998E+06  -0.92457E+06  -0.10461E-02
  0.138   1.161    0.22305E+06  -0.12002E+06   0.48467E+04  -0.50468E+06  -0.92457E+06  -0.13886E-02
  0.138   1.161   -0.14767E+07   0.31680E+05  -0.35851E+02   0.12639E+06   0.87444E+07  -0.24192E-03
  0.138   1.161   -0.16631E+05  -0.18303E+05   0.11261E+04  -0.72584E+05   0.76647E+05  -0.38932E-02
  0.138   1.161    0.22305E+06   0.12002E+06   0.48468E+04   0.50468E+06  -0.92457E+06   0.13886E-02
  0.138   1.161   -0.16631E+05   0.18303E+05   0.11261E+04   0.72585E+05   0.76647E+05   0.38932E-02
  0.138   1.161   -0.14767E+07  -0.31681E+05  -0.35824E+02  -0.12640E+06   0.87444E+07   0.24196E-03
  0.150   1.213   -0.15050E+07  -0.55972E+00   0.46753E+04  -0.52437E+01   0.88372E+07  -0.13072E-06
  0.150   1.213    0.21746E+06  -0.12998E+06   0.71411E+03  -0.53454E+06  -0.88406E+06   0.99730E-03
  0.150   1.213    0.21746E+06   0.12998E+06   0.71411E+03   0.53454E+06  -0.88406E+06  -0.99705E-03
  0.150   1.213    0.21733E+06  -0.10627E+06   0.99538E+02  -0.44209E+06  -0.88406E+06  -0.13626E-02
  0.150   1.213   -0.14569E+07   0.27709E+05  -0.23384E+04   0.10796E+06   0.86500E+07  -0.30919E-03
  0.150   1.213    0.12600E+05  -0.11940E+05  -0.82387E+03  -0.46106E+05  -0.37448E+05  -0.40363E-02
  0.150   1.213    0.21733E+06   0.10627E+06   0.99641E+02   0.44209E+06  -0.88406E+06   0.13626E-02
  0.150   1.213    0.12600E+05   0.11940E+05  -0.82371E+03   0.46107E+05  -0.37448E+05   0.40363E-02
  0.150   1.213   -0.14569E+07  -0.27707E+05  -0.23380E+04  -0.10795E+06   0.86500E+07   0.30914E-03
  0.163   1.262   -0.14355E+07   0.69218E+01   0.83277E+04   0.63933E+02   0.85268E+07   0.16519E-06
  0.163   1.262    0.18626E+06  -0.76171E+05   0.56992E+04  -0.31982E+06  -0.74668E+06   0.99082E-03
  0.163   1.262    0.18626E+06   0.76169E+05   0.56992E+04   0.31982E+06  -0.74668E+06  -0.98992E-03
  0.163   1.262    0.18612E+06  -0.83570E+05  -0.31991E+04  -0.34765E+06  -0.74668E+06  -0.13192E-02
  0.163   1.262   -0.14145E+07   0.12104E+05  -0.41650E+04   0.45945E+05   0.84469E+07  -0.41364E-03
  0.163   1.262    0.47785E+05   0.36222E+04  -0.25087E+04   0.14086E+05  -0.16832E+06  -0.41216E-02
  0.163   1.262    0.18612E+06   0.83572E+05  -0.31991E+04   0.34765E+06  -0.74668E+06   0.13198E-02
  0.163   1.262    0.47785E+05  -0.36191E+04  -0.25086E+04  -0.14072E+05  -0.16832E+06   0.41217E-02
  0.163   1.262   -0.14145E+07  -0.12120E+05  -0.41645E+04  -0.46086E+05   0.84469E+07   0.41352E-03
  0.175   1.310   -0.13438E+07   0.73086E+01   0.97422E+04   0.60419E+02   0.81749E+07   0.41915E-06
  0.175   1.310    0.13603E+06  -0.59591E+04   0.78817E+04  -0.55305E+05  -0.54616E+06   0.10433E-02
  0.175   1.310    0.13603E+06   0.59584E+04   0.78817E+04   0.55303E+05  -0.54616E+06  -0.10436E-02
  0.175   1.310    0.13588E+06  -0.53137E+05  -0.45976E+04  -0.22958E+06  -0.54616E+06  -0.12784E-02
  0.175   1.310   -0.13625E+07  -0.10798E+05  -0.48724E+04  -0.39968E+05   0.82438E+07  -0.50895E-03
  0.175   1.310    0.84839E+05   0.23515E+05  -0.32892E+04   0.87316E+05  -0.29959E+06  -0.41702E-02
  0.175   1.310    0.13588E+06   0.53138E+05  -0.45975E+04   0.22958E+06  -0.54616E+06   0.12784E-02
  0.175   1.310    0.84839E+05  -0.23513E+05  -0.32891E+04  -0.87310E+05  -0.29959E+06   0.41702E-02
  0.175   1.310   -0.13625E+07   0.10787E+05  -0.48710E+04   0.39873E+05   0.82438E+07   0.50905E-03
  0.188   1.356   -0.12497E+07   0.26904E+01   0.88630E+04   0.16709E+02   0.78157E+07   0.30337E-06
  0.188   1.356    0.79833E+05   0.59953E+05   0.73690E+04   0.18053E+06  -0.33317E+06   0.11393E-02
  0.188   1.356    0.79832E+05  -0.59954E+05   0.73689E+04  -0.18053E+06  -0.33317E+06  -0.11392E-02
  0.188   1.356    0.79700E+05  -0.17407E+05  -0.42746E+04  -0.97960E+05  -0.33317E+06  -0.12428E-02
  0.188   1.356   -0.13047E+07  -0.31768E+05  -0.44324E+04  -0.11458E+06   0.80140E+07  -0.61875E-03
  0.188   1.356    0.11676E+06   0.38605E+05  -0.30961E+04   0.13939E+06  -0.40512E+06  -0.41653E-02
  0.188   1.356    0.79701E+05   0.17408E+05  -0.42744E+04   0.97963E+05  -0.33317E+06   0.12427E-02
  0.188   1.356    0.11676E+06  -0.38603E+05  -0.30959E+04  -0.13938E+06  -0.40512E+06   0.41652E-02
  0.188   1.356   -0.13047E+07   0.31760E+05  -0.44312E+04   0.11451E+06   0.80140E+07   0.61867E-03
  0.200   1.400   -0.11762E+07  -0.67104E+01   0.66756E+04  -0.50781E+02   0.75488E+07  -0.72188E-07
  0.200   1.400    0.28703E+05   0.10664E+06   0.52572E+04   0.33648E+06  -0.14872E+06   0.12639E-02
  0.200   1.400    0.28703E+05  -0.10663E+06   0.52571E+04  -0.33647E+06  -0.14872E+06  -0.12644E-02
  0.200   1.400    0.28587E+05   0.20066E+05  -0.29055E+04   0.33028E+05  -0.14872E+06  -0.12334E-02
  0.200   1.400   -0.12528E+07  -0.44218E+05  -0.33378E+04  -0.15533E+06   0.78179E+07  -0.70430E-03
  0.200   1.400    0.13856E+06   0.43205E+05  -0.23505E+04   0.15180E+06  -0.46930E+06  -0.41344E-02
  0.200   1.400    0.28587E+05  -0.20066E+05  -0.29055E+04  -0.33028E+05  -0.14872E+06   0.12338E-02
  0.200   1.400    0.13856E+06  -0.43205E+05  -0.23504E+04  -0.15180E+06  -0.46930E+06   0.41346E-02
  0.200   1.400   -0.12528E+07   0.44224E+05  -0.33371E+04   0.15538E+06   0.78179E+07   0.70448E-03
  0.213   1.444   -0.11266E+07   0.25999E+01   0.42167E+04   0.21499E+02   0.73847E+07   0.26542E-06
  0.213   1.444   -0.13470E+05   0.13157E+06   0.26565E+04   0.40981E+06  -0.43727E+04   0.14070E-02
  0.213   1.444   -0.13470E+05  -0.13157E+06   0.26565E+04  -0.40981E+06  -0.43730E+04  -0.14054E-02
  0.213   1.444   -0.13566E+05   0.55644E+05  -0.11562E+04   0.15077E+06  -0.43748E+04  -0.12615E-02
  0.213   1.444   -0.12085E+07  -0.47286E+05  -0.21086E+04  -0.16186E+06   0.76653E+07  -0.76430E-03
  0.213   1.444    0.14883E+06   0.37881E+05  -0.14977E+04   0.12952E+06  -0.49046E+06  -0.40696E-02
  0.213   1.444   -0.13568E+05  -0.55645E+05  -0.11561E+04  -0.15078E+06  -0.43705E+04   0.12606E-02
  0.213   1.444    0.14883E+06  -0.37883E+05  -0.14976E+04  -0.12953E+06  -0.49046E+06   0.40692E-02
  0.213   1.444   -0.12085E+07   0.47287E+05  -0.21072E+04   0.16186E+06   0.76653E+07   0.76385E-03
  0.225   1.485   -0.10975E+07  -0.56736E+01   0.20696E+04  -0.45329E+02   0.72948E+07  -0.81049E-08
  0.225   1.485   -0.47302E+05   0.13963E+06   0.19771E+03   0.42244E+06   0.10469E+06   0.15657E-02
  0.225   1.485   -0.47302E+05  -0.13963E+06   0.19767E+03  -0.42244E+06   0.10469E+06  -0.15658E-02
  0.225   1.485   -0.47381E+05   0.86212E+05   0.57598E+03   0.24551E+06   0.10469E+06  -0.13435E-02
  0.225   1.485   -0.11725E+07  -0.43275E+05  -0.10331E+04  -0.14416E+06   0.75449E+07  -0.76472E-03
  0.225   1.485    0.14845E+06   0.26627E+05  -0.77028E+03   0.88416E+05  -0.47437E+06  -0.39667E-02
  0.225   1.485   -0.47379E+05  -0.86213E+05   0.57576E+03  -0.24552E+06   0.10469E+06   0.13440E-02
  0.225   1.485    0.14845E+06  -0.26624E+05  -0.77052E+03  -0.88410E+05  -0.47437E+06   0.39666E-02
  0.225   1.485   -0.11725E+07   0.43292E+05  -0.10350E+04   0.14430E+06   0.75449E+07   0.76482E-03
  0.238   1.526   -0.10842E+07  -0.15862E+02   0.41890E+03  -0.12733E+03   0.72609E+07  -0.41540E-06
  0.238   1.526   -0.74873E+05   0.13703E+06  -0.18972E+04   0.39941E+06   0.18768E+06   0.17591E-02
  0.238   1.526   -0.74874E+05  -0.13703E+06  -0.18973E+04  -0.39941E+06   0.18768E+06  -0.17586E-02
  0.238   1.526   -0.74932E+05   0.10968E+06   0.21275E+04   0.31207E+06   0.18769E+06  -0.15014E-02
  0.238   1.526   -0.11447E+07  -0.34883E+05  -0.20756E+03  -0.11301E+06   0.74570E+07  -0.74524E-03
  0.238   1.526    0.13896E+06   0.13594E+05  -0.22697E+03   0.43575E+05  -0.42903E+06  -0.38344E-02
  0.238   1.526   -0.74931E+05  -0.10968E+06   0.21274E+04  -0.31207E+06   0.18768E+06   0.15010E-02
  0.238   1.526    0.13896E+06  -0.13593E+05  -0.22733E+03  -0.43573E+05  -0.42902E+06   0.38343E-02
  0.238   1.526   -0.11447E+07   0.34914E+05  -0.21037E+03   0.11326E+06   0.74570E+07   0.74506E-03
  0.250   1.566   -0.10825E+07   0.13572E+01  -0.74700E+03   0.15545E+02   0.72660E+07  -0.80351E-06
  0.250   1.566   -0.98159E+05   0.12854E+06  -0.36129E+04   0.35848E+06   0.25262E+06   0.19968E-02
  0.250   1.566   -0.98159E+05  -0.12854E+06  -0.36129E+04  -0.35848E+06   0.25262E+06  -0.19975E-02
  0.250   1.566   -0.98198E+05   0.12502E+06   0.34643E+04   0.34909E+06   0.25262E+06  -0.17447E-02
  0.250   1.566   -0.11242E+07  -0.24078E+05   0.37389E+03  -0.75801E+05   0.73975E+07  -0.62955E-03
  0.250   1.566    0.12161E+06   0.16880E+04   0.15162E+03   0.45675E+04  -0.36065E+06  -0.36716E-02
  0.250   1.566   -0.98198E+05  -0.12502E+06   0.34642E+04  -0.34909E+06   0.25262E+06   0.17449E-02
  0.250   1.566    0.12161E+06  -0.16868E+04   0.15151E+03  -0.45644E+04  -0.36065E+06   0.36716E-02
  0.250   1.566   -0.11242E+07   0.24077E+05   0.37402E+03   0.75787E+05   0.73975E+07   0.62959E-03
  0.263   1.604   -0.10876E+07   0.30989E+01  -0.15089E+04   0.29990E+02   0.72889E+07   0.38757E-06
  0.263   1.604   -0.11853E+06   0.11714E+06  -0.50080E+04   0.30999E+06   0.30472E+06   0.22920E-02
  0.263   1.604   -0.11853E+06  -0.11714E+06  -0.50080E+04  -0.30999E+06   0.30472E+06  -0.22927E-02
  0.263   1.604   -0.11855E+06   0.13212E+06   0.46065E+04   0.35812E+06   0.30473E+06  -0.20771E-02
  0.263   1.604   -0.11087E+07  -0.12141E+05   0.75251E+03  -0.36811E+05   0.73528E+07  -0.44398E-03
  0.263   1.604    0.97517E+05  -0.75608E+04   0.40384E+03  -0.24218E+05  -0.27434E+06  -0.34767E-02
  0.263   1.604   -0.11855E+06  -0.13212E+06   0.46066E+04  -0.35812E+06   0.30472E+06   0.20773E-02
  0.263   1.604    0.97517E+05   0.75617E+04   0.40401E+03   0.24221E+05  -0.27434E+06   0.34767E-02
  0.263   1.604   -0.11087E+07   0.12137E+05   0.75643E+03   0.36777E+05   0.73528E+07   0.44387E-03
  0.275   1.642   -0.10990E+07  -0.13094E+02  -0.19503E+04  -0.10986E+03   0.73354E+07   0.34248E-06
  0.275   1.642   -0.13691E+06   0.10462E+06  -0.61536E+04   0.26069E+06   0.34829E+06   0.26741E-02
  0.275   1.642   -0.13692E+06  -0.10462E+06  -0.61538E+04  -0.26069E+06   0.34829E+06  -0.26734E-02
  0.275   1.642   -0.13692E+06   0.13194E+06   0.55929E+04   0.34480E+06   0.34829E+06  -0.25040E-02
  0.275   1.642   -0.10994E+07  -0.16651E+03   0.97478E+03   0.38444E+03   0.73351E+07  -0.20385E-03
  0.275   1.642    0.68135E+05  -0.13720E+05   0.56318E+03  -0.42229E+05  -0.17651E+06  -0.32794E-02
  0.275   1.642   -0.13692E+06  -0.13194E+06   0.55929E+04  -0.34480E+06   0.34829E+06   0.25035E-02
  0.275   1.642    0.68135E+05   0.13721E+05   0.56302E+03   0.42229E+05  -0.17651E+06   0.32795E-02
  0.275   1.642   -0.10994E+07   0.18761E+03   0.97568E+03  -0.20189E+03   0.73351E+07   0.20404E-03
  0.288   1.679   -0.11111E+07  -0.28788E+00  -0.21433E+04  -0.46951E+01   0.73756E+07   0.24212E-07
  0.288   1.679   -0.15312E+06   0.91568E+05  -0.71143E+04   0.21166E+06   0.38241E+06   0.31401E-02
  0.288   1.679   -0.15312E+06  -0.91568E+05  -0.71144E+04  -0.21166E+06   0.38241E+06  -0.31400E-02
  0.288   1.679   -0.15311E+06   0.12557E+06   0.64646E+04   0.31318E+06   0.38240E+06  -0.29901E-02
  0.288   1.679   -0.10926E+07   0.10727E+05   0.10728E+04   0.32376E+05   0.73195E+07   0.15934E-03
  0.288   1.679    0.35111E+05  -0.17053E+05   0.65149E+03  -0.50945E+05  -0.72522E+05  -0.30755E-02
  0.288   1.679   -0.15311E+06  -0.12557E+06   0.64645E+04  -0.31318E+06   0.38240E+06   0.29900E-02
  0.288   1.679    0.35111E+05   0.17053E+05   0.65147E+03   0.50945E+05  -0.72522E+05   0.30754E-02
  0.288   1.679   -0.10926E+07  -0.10735E+05   0.10699E+04  -0.32442E+05   0.73195E+07  -0.15938E-03
  0.300   1.715   -0.11238E+07  -0.44122E+00  -0.21383E+04   0.65823E+01   0.74221E+07  -0.15321E-06
  0.300   1.715   -0.16641E+06   0.78361E+05  -0.79411E+04   0.16480E+06   0.40669E+06   0.37159E-02
  0.300   1.715   -0.16641E+06  -0.78362E+05  -0.79411E+04  -0.16480E+06   0.40669E+06  -0.37160E-02
  0.300   1.715   -0.16639E+06   0.11470E+06   0.72600E+04   0.27048E+06   0.40670E+06  -0.35256E-02
  0.300   1.715   -0.10901E+07   0.19445E+05   0.10669E+04   0.56607E+05   0.73238E+07   0.59015E-03
  0.300   1.715    0.98055E+03  -0.18211E+05   0.68136E+03  -0.53023E+05   0.29342E+05  -0.29044E-02
  0.300   1.715   -0.16639E+06  -0.11470E+06   0.72606E+04  -0.27048E+06   0.40669E+06   0.35256E-02
  0.300   1.715    0.98048E+03   0.18211E+05   0.68198E+03   0.53028E+05   0.29343E+05   0.29044E-02
  0.300   1.715   -0.10901E+07  -0.19453E+05   0.10721E+04  -0.56686E+05   0.73238E+07  -0.59018E-03
  0.313   1.751   -0.11317E+07   0.72801E+01  -0.19814E+04   0.63489E+02   0.74495E+07  -0.21029E-06
  0.313   1.751   -0.17456E+06   0.64898E+05  -0.86717E+04   0.11918E+06   0.41470E+06   0.43740E-02
  0.313   1.751   -0.17456E+06  -0.64897E+05  -0.86716E+04  -0.11918E+06   0.41470E+06  -0.43741E-02
  0.313   1.751   -0.17452E+06   0.10057E+06   0.80120E+04   0.22032E+06   0.41469E+06  -0.40617E-02
  0.313   1.751   -0.10884E+07   0.24929E+05   0.99060E+03   0.70535E+05   0.73270E+07   0.11111E-02
  0.313   1.751   -0.31047E+05  -0.17859E+05   0.65999E+03  -0.50723E+05   0.12030E+06  -0.27584E-02
  0.313   1.751   -0.17452E+06  -0.10057E+06   0.80120E+04  -0.22032E+06   0.41469E+06   0.40617E-02
  0.313   1.751   -0.31047E+05   0.17860E+05   0.66010E+03   0.50725E+05   0.12030E+06   0.27584E-02
  0.313   1.751   -0.10884E+07  -0.24938E+05   0.99090E+03  -0.70615E+05   0.73270E+07  -0.11111E-02
  0.325   1.785   -0.11312E+07   0.62466E+01  -0.17136E+04   0.51978E+02   0.74540E+07   0.30277E-07
  0.325   1.785   -0.17472E+06   0.51268E+05  -0.93281E+04   0.75284E+05   0.40039E+06   0.50753E-02
  0.325   1.785   -0.17471E+06  -0.51267E+05  -0.93280E+04  -0.75283E+05   0.40039E+06  -0.50756E-02
  0.325   1.785   -0.17467E+06   0.84357E+05   0.87359E+04   0.16688E+06   0.40039E+06  -0.45690E-02
  0.325   1.785   -0.10851E+07   0.26610E+05   0.85653E+03   0.73398E+05   0.73268E+07   0.16034E-02
  0.325   1.785   -0.57048E+05  -0.16540E+05   0.59202E+03  -0.45893E+05   0.19032E+06  -0.26191E-02
  0.325   1.785   -0.17467E+06  -0.84358E+05   0.87361E+04  -0.16688E+06   0.40039E+06   0.45691E-02
  0.325   1.785   -0.57048E+05   0.16538E+05   0.59221E+03   0.45891E+05   0.19032E+06   0.26190E-02
  0.325   1.785   -0.10851E+07  -0.26619E+05   0.85693E+03  -0.73468E+05   0.73268E+07  -0.16035E-02
  0.338   1.819   -0.11202E+07   0.19242E+01  -0.13860E+04   0.21156E+02   0.74296E+07   0.43541E-06
  0.338   1.819   -0.16433E+06   0.37833E+05  -0.99148E+04   0.33911E+05   0.35839E+06   0.57327E-02
  0.338   1.819   -0.16433E+06  -0.37833E+05  -0.99147E+04  -0.33910E+05   0.35839E+06  -0.57331E-02
  0.338   1.819   -0.16428E+06   0.67040E+05   0.94260E+04   0.11295E+06   0.35839E+06  -0.50134E-02
  0.338   1.819   -0.10773E+07   0.24754E+05   0.69332E+03   0.66687E+05   0.73138E+07   0.20514E-02
  0.338   1.819   -0.73305E+05  -0.14562E+05   0.48822E+03  -0.39525E+05   0.23089E+06  -0.24244E-02
  0.338   1.819   -0.16428E+06  -0.67040E+05   0.94259E+04  -0.11295E+06   0.35839E+06   0.50137E-02
  0.338   1.819   -0.73304E+05   0.14562E+05   0.48809E+03   0.39524E+05   0.23089E+06   0.24242E-02
  0.338   1.819   -0.10773E+07  -0.24753E+05   0.69297E+03  -0.66684E+05   0.73138E+07  -0.20516E-02
  0.350   1.853   -0.10991E+07  -0.55025E+01  -0.10588E+04  -0.46202E+02   0.73817E+07  -0.52454E-06
  0.350   1.853   -0.14299E+06   0.25318E+05  -0.10426E+05  -0.31127E+04   0.28998E+06   0.62571E-02
  0.350   1.853   -0.14299E+06  -0.25318E+05  -0.10426E+05   0.31117E+04   0.28998E+06  -0.62572E-02
  0.350   1.853   -0.14294E+06   0.49628E+05   0.10059E+05   0.61370E+05   0.28998E+06  -0.53794E-02
  0.350   1.853   -0.10634E+07   0.20549E+05   0.53037E+03   0.54204E+05   0.72875E+07   0.23459E-02
  0.350   1.853   -0.77895E+05  -0.12081E+05   0.36650E+03  -0.32160E+05   0.23926E+06  -0.20864E-02
  0.350   1.853   -0.14294E+06  -0.49628E+05   0.10059E+05  -0.61370E+05   0.28998E+06   0.53793E-02
  0.350   1.853   -0.77895E+05   0.12081E+05   0.36637E+03   0.32159E+05   0.23926E+06   0.20864E-02
  0.350   1.853   -0.10634E+07  -0.20546E+05   0.52878E+03  -0.54173E+05   0.72875E+07  -0.23459E-02
  0.363   1.885   -0.10708E+07   0.65787E+01  -0.78228E+03   0.55413E+02   0.73155E+07   0.53786E-06
  0.363   1.885   -0.11317E+06   0.14477E+05  -0.10854E+05  -0.34233E+05   0.20305E+06   0.65607E-02
  0.363   1.885   -0.11317E+06  -0.14476E+05  -0.10854E+05   0.34234E+05   0.20305E+06  -0.65602E-02
  0.363   1.885   -0.11313E+06   0.33033E+05   0.10604E+05   0.14192E+05   0.20305E+06  -0.56429E-02
  0.363   1.885   -0.10437E+07   0.15610E+05   0.39278E+03   0.40379E+05   0.72455E+07   0.24370E-02
  0.363   1.885   -0.71864E+05  -0.91829E+04   0.24914E+03  -0.24067E+05   0.22023E+06  -0.15222E-02
  0.363   1.885   -0.11313E+06  -0.33034E+05   0.10604E+05  -0.14194E+05   0.20305E+06   0.56431E-02
  0.363   1.885   -0.71865E+05   0.91827E+04   0.24904E+03   0.24067E+05   0.22023E+06   0.15223E-02
  0.363   1.885   -0.10437E+07  -0.15616E+05   0.38948E+03  -0.40430E+05   0.72455E+07  -0.24369E-02
  0.375   1.918   -0.10419E+07   0.48173E+01  -0.57997E+03   0.38433E+02   0.72552E+07  -0.37076E-06
  0.375   1.918   -0.79558E+05   0.57500E+04  -0.11200E+05  -0.58641E+05   0.11117E+06   0.66519E-02
  0.375   1.918   -0.79558E+05  -0.57497E+04  -0.11200E+05   0.58642E+05   0.11117E+06  -0.66520E-02
  0.375   1.918   -0.79521E+05   0.17959E+05   0.11046E+05  -0.26915E+05   0.11116E+06  -0.58375E-02
  0.375   1.918   -0.10225E+07   0.11197E+05   0.29315E+03   0.28568E+05   0.72055E+07   0.22796E-02
  0.375   1.918   -0.58894E+05  -0.60021E+04   0.15385E+03  -0.15687E+05   0.18516E+06  -0.70408E-03
  0.375   1.918   -0.79521E+05  -0.17959E+05   0.11046E+05   0.26912E+05   0.11117E+06   0.58374E-02
  0.375   1.918   -0.58894E+05   0.60014E+04   0.15370E+03   0.15685E+05   0.18516E+06   0.70399E-03
  0.375   1.918   -0.10225E+07  -0.11206E+05   0.28747E+03  -0.28646E+05   0.72055E+07  -0.22797E-02
  0.388   1.949   -0.10151E+07   0.72101E+01  -0.45213E+03   0.61900E+02   0.72012E+07  -0.10590E-05
  0.388   1.949   -0.46386E+05  -0.10173E+04  -0.11474E+05  -0.77241E+05   0.24498E+05   0.65130E-02
  0.388   1.949   -0.46387E+05   0.10173E+04  -0.11473E+05   0.77242E+05   0.24500E+05  -0.65130E-02
  0.388   1.949   -0.46359E+05   0.45802E+04   0.11385E+05  -0.62071E+05   0.24494E+05  -0.59344E-02
  0.388   1.949   -0.10018E+07   0.76877E+04   0.23088E+03   0.19514E+05   0.71672E+07   0.19440E-02
  0.388   1.949   -0.43205E+05  -0.27025E+04   0.88897E+02  -0.74119E+04   0.14514E+06   0.35326E-03
  0.388   1.949   -0.46360E+05  -0.45811E+04   0.11384E+05   0.62063E+05   0.24506E+05   0.59344E-02
  0.388   1.949   -0.43205E+05   0.27008E+04   0.87534E+02   0.73998E+04   0.14514E+06  -0.35338E-03
  0.388   1.949   -0.10018E+07  -0.76850E+04   0.22121E+03  -0.19487E+05   0.71672E+07  -0.19441E-02
  0.400   1.981   -0.99287E+06  -0.70868E+01  -0.37950E+03  -0.67003E+02   0.71608E+07  -0.77815E-06
  0.400   1.981   -0.16515E+05  -0.63518E+04  -0.11691E+05  -0.91638E+05  -0.50375E+05   0.61675E-02
  0.400   1.981   -0.16515E+05   0.63517E+04  -0.11691E+05   0.91637E+05  -0.50376E+05  -0.61679E-02
  0.400   1.981   -0.16497E+05  -0.72059E+04   0.11639E+05  -0.91860E+05  -0.50377E+05  -0.59276E-02
  0.400   1.981   -0.98460E+06   0.47826E+04   0.18923E+03   0.12318E+05   0.71396E+07   0.13874E-02
  0.400   1.981   -0.28201E+05   0.51097E+03   0.51564E+02   0.27257E+03   0.10862E+06   0.15947E-02
  0.400   1.981   -0.16498E+05   0.72066E+04   0.11639E+05   0.91863E+05  -0.50376E+05   0.59279E-02
  0.400   1.981   -0.28201E+05  -0.50952E+03   0.51387E+02  -0.27084E+03   0.10862E+06  -0.15948E-02
  0.400   1.981   -0.98460E+06  -0.47647E+04   0.19084E+03  -0.12161E+05   0.71396E+07  -0.13875E-02
  0.413   2.011   -0.97518E+06   0.19903E+01  -0.34719E+03   0.16062E+02   0.71325E+07   0.33478E-05
  0.413   2.011    0.87871E+04  -0.10910E+05  -0.11866E+05  -0.10360E+06  -0.11130E+06   0.56148E-02
  0.413   2.011    0.87870E+04   0.10910E+05  -0.11866E+05   0.10360E+06  -0.11129E+06  -0.56151E-02
  0.413   2.011    0.87979E+04  -0.17606E+05   0.11828E+05  -0.11710E+06  -0.11130E+06  -0.57869E-02
  0.413   2.011   -0.97185E+06   0.19512E+04   0.17185E+03   0.55476E+04   0.71232E+07   0.75141E-03
  0.413   2.011   -0.15891E+05   0.34120E+04   0.37941E+02   0.68727E+04   0.80003E+05   0.29453E-02
  0.413   2.011    0.87980E+04   0.17607E+05   0.11828E+05   0.11710E+06  -0.11130E+06   0.57854E-02
  0.413   2.011   -0.15891E+05  -0.34114E+04   0.38096E+02  -0.68707E+04   0.80003E+05  -0.29453E-02
  0.413   2.011   -0.97185E+06  -0.19448E+04   0.17402E+03  -0.54919E+04   0.71232E+07  -0.75142E-03
  0.425   2.042   -0.96175E+06  -0.37977E+01  -0.33623E+03  -0.42509E+02   0.71160E+07   0.93524E-06
  0.425   2.042    0.29179E+05  -0.15244E+05  -0.12013E+05  -0.11454E+06  -0.15843E+06   0.48511E-02
  0.425   2.042    0.29178E+05   0.15244E+05  -0.12013E+05   0.11454E+06  -0.15843E+06  -0.48515E-02
  0.425   2.042    0.29184E+05  -0.26718E+05   0.11972E+05  -0.13830E+06  -0.15843E+06  -0.54713E-02
  0.425   2.042   -0.96374E+06  -0.11212E+04   0.16631E+03  -0.13958E+04   0.71187E+07   0.14311E-04
  0.425   2.042   -0.71814E+04   0.57783E+04   0.41453E+02   0.11959E+05   0.60794E+05   0.43135E-02
  0.425   2.042    0.29184E+05   0.26718E+05   0.11972E+05   0.13830E+06  -0.15843E+06   0.54715E-02
  0.425   2.042   -0.71812E+04  -0.57790E+04   0.41021E+02  -0.11963E+05   0.60793E+05  -0.43136E-02
  0.425   2.042   -0.96374E+06   0.11275E+04   0.16956E+03   0.14755E+04   0.71187E+07  -0.14413E-04
  0.438   2.071   -0.95202E+06   0.98415E+01  -0.34228E+03   0.83761E+02   0.71086E+07   0.10749E-05
  0.438   2.071    0.44724E+05  -0.19650E+05  -0.12137E+05  -0.12516E+06  -0.19281E+06   0.38950E-02
  0.438   2.071    0.44723E+05   0.19651E+05  -0.12136E+05   0.12516E+06  -0.19281E+06  -0.38952E-02
  0.438   2.071    0.44725E+05  -0.34470E+05   0.12082E+05  -0.15557E+06  -0.19281E+06  -0.49512E-02
  0.438   2.071   -0.95969E+06  -0.44219E+04   0.17080E+03  -0.86460E+04   0.71236E+07  -0.72122E-03
  0.438   2.071   -0.22001E+04   0.74285E+04   0.54643E+02   0.15246E+05   0.50630E+05   0.55964E-02
  0.438   2.071    0.44725E+05   0.34470E+05   0.12082E+05   0.15556E+06  -0.19281E+06   0.49504E-02
  0.438   2.071   -0.22002E+04  -0.74280E+04   0.55010E+02  -0.15241E+05   0.50630E+05  -0.55963E-02
  0.438   2.071   -0.95969E+06   0.43949E+04   0.17090E+03   0.84142E+04   0.71236E+07   0.72130E-03
  0.450   2.101   -0.94580E+06   0.55935E+01  -0.35896E+03   0.47290E+02   0.71094E+07   0.45497E-08
  0.450   2.101    0.55709E+05  -0.24133E+05  -0.12243E+05  -0.13547E+06  -0.21592E+06   0.27932E-02
  0.450   2.101    0.55708E+05   0.24133E+05  -0.12243E+05   0.13548E+06  -0.21591E+06  -0.27929E-02
  0.450   2.101    0.55717E+05  -0.40702E+05   0.12170E+05  -0.16882E+06  -0.21593E+06  -0.42115E-02
  0.450   2.101   -0.95888E+06  -0.75392E+04   0.18039E+03  -0.15018E+05   0.71354E+07  -0.13682E-02
  0.450   2.101   -0.52007E+03   0.82879E+04   0.73345E+02   0.16684E+05   0.47997E+05   0.66789E-02
  0.450   2.101    0.55718E+05   0.40705E+05   0.12170E+05   0.16883E+06  -0.21593E+06   0.42110E-02
  0.450   2.101   -0.51830E+03  -0.82741E+04   0.73402E+02  -0.16653E+05   0.47993E+05  -0.66789E-02
  0.450   2.101   -0.95888E+06   0.75270E+04   0.17828E+03   0.14896E+05   0.71354E+07   0.13682E-02
  0.463   2.130   -0.94296E+06  -0.85145E+01  -0.38264E+03  -0.72999E+02   0.71168E+07  -0.48726E-06
  0.463   2.130    0.62589E+05  -0.28446E+05  -0.12335E+05  -0.14497E+06  -0.22939E+06   0.16258E-02
  0.463   2.130    0.62589E+05   0.28446E+05  -0.12335E+05   0.14497E+06  -0.22939E+06  -0.16257E-02
  0.463   2.130    0.62589E+05  -0.45236E+05   0.12244E+05  -0.17793E+06  -0.22940E+06  -0.32796E-02
  0.463   2.130   -0.96030E+06  -0.99660E+04   0.19164E+03  -0.19575E+05   0.71513E+07  -0.18984E-02
  0.463   2.130   -0.13303E+04   0.83745E+04   0.93030E+02   0.16434E+05   0.50696E+05   0.74590E-02
  0.463   2.130    0.62588E+05   0.45236E+05   0.12243E+05   0.17793E+06  -0.22939E+06   0.32796E-02
  0.463   2.130   -0.13304E+04  -0.83762E+04   0.92156E+02  -0.16443E+05   0.50697E+05  -0.74590E-02
  0.463   2.130   -0.96030E+06   0.99852E+04   0.19143E+03   0.19750E+05   0.71513E+07   0.18983E-02
  0.475   2.158   -0.94363E+06  -0.86067E+01  -0.41198E+03  -0.85862E+02   0.71314E+07  -0.15001E-06
  0.475   2.158    0.66120E+05  -0.32284E+05  -0.12417E+05  -0.15310E+06  -0.23544E+06   0.48669E-03
  0.475   2.158    0.66120E+05   0.32284E+05  -0.12417E+05   0.15310E+06  -0.23544E+06  -0.48692E-03
  0.475   2.158    0.66120E+05  -0.48108E+05   0.12309E+05  -0.18325E+06  -0.23545E+06  -0.22069E-02
  0.475   2.158   -0.96334E+06  -0.11353E+05   0.21245E+03  -0.21956E+05   0.71697E+07  -0.22980E-02
  0.475   2.158   -0.36281E+04   0.78797E+04   0.11038E+03   0.15007E+05   0.56324E+05   0.78899E-02
  0.475   2.158    0.66118E+05   0.48107E+05   0.12307E+05   0.18324E+06  -0.23544E+06   0.22068E-02
  0.475   2.158   -0.36282E+04  -0.78821E+04   0.10908E+03  -0.15021E+05   0.56324E+05  -0.78898E-02
  0.475   2.158   -0.96334E+06   0.11357E+05   0.19934E+03   0.22016E+05   0.71697E+07   0.22980E-02
  0.488   2.186   -0.94737E+06  -0.65475E+01  -0.44141E+03  -0.46055E+02   0.71516E+07   0.99794E-06
  0.488   2.186    0.67130E+05  -0.35407E+05  -0.12491E+05  -0.15944E+06  -0.23618E+06  -0.55651E-03
  0.488   2.186    0.67131E+05   0.35405E+05  -0.12491E+05   0.15944E+06  -0.23618E+06   0.55375E-03
  0.488   2.186    0.67130E+05  -0.49441E+05   0.12368E+05  -0.18526E+06  -0.23619E+06  -0.10467E-02
  0.488   2.186   -0.96740E+06  -0.11552E+05   0.22036E+03  -0.21863E+05   0.71896E+07  -0.25526E-02
  0.488   2.186   -0.64842E+04   0.69833E+04   0.12329E+03   0.12844E+05   0.62832E+05   0.79511E-02
  0.488   2.186    0.67131E+05   0.49440E+05   0.12368E+05   0.18526E+06  -0.23619E+06   0.10518E-02
  0.488   2.186   -0.64853E+04  -0.69823E+04   0.12365E+03  -0.12839E+05   0.62834E+05  -0.79519E-02
  0.488   2.186   -0.96740E+06   0.11546E+05   0.22126E+03   0.21807E+05   0.71896E+07   0.25512E-02
  0.500   2.214   -0.95407E+06  -0.96647E+01  -0.46979E+03  -0.74045E+02   0.71778E+07   0.36347E-06
  0.500   2.214    0.66440E+05  -0.37718E+05  -0.12562E+05  -0.16395E+06  -0.23357E+06  -0.14627E-02
  0.500   2.214    0.66438E+05   0.37718E+05  -0.12562E+05   0.16395E+06  -0.23357E+06   0.14684E-02
  0.500   2.214    0.66437E+05  -0.49459E+05   0.12429E+05  -0.18462E+06  -0.23357E+06   0.13923E-03
  0.500   2.214   -0.97264E+06  -0.10695E+05   0.23720E+03  -0.19604E+05   0.72119E+07  -0.26240E-02
  0.500   2.214   -0.92033E+04   0.58334E+04   0.13380E+03   0.10268E+05   0.68811E+05   0.76654E-02
  0.500   2.214    0.66437E+05   0.49459E+05   0.12429E+05   0.18463E+06  -0.23357E+06  -0.14647E-03
  0.500   2.214   -0.92034E+04  -0.58336E+04   0.13359E+03  -0.10270E+05   0.68811E+05  -0.76644E-02
  0.500   2.214   -0.97264E+06   0.10713E+05   0.23296E+03   0.19707E+05   0.72119E+07   0.26264E-02
  0.512   2.242   -0.96198E+06   0.76058E+01  -0.49570E+03   0.62132E+02   0.72054E+07  -0.52863E-06
  0.512   2.242    0.64732E+05  -0.39286E+05  -0.12630E+05  -0.16688E+06  -0.22920E+06  -0.22483E-02
  0.512   2.242    0.64731E+05   0.39287E+05  -0.12630E+05   0.16689E+06  -0.22920E+06   0.22482E-02
  0.512   2.242    0.64729E+05  -0.48413E+05   0.12488E+05  -0.18203E+06  -0.22919E+06   0.13418E-02
  0.512   2.242   -0.97777E+06  -0.91373E+04   0.24572E+03  -0.16249E+05   0.72332E+07  -0.26385E-02
  0.512   2.242   -0.11363E+05   0.45324E+04   0.14057E+03   0.75219E+04   0.73479E+05   0.71005E-02
  0.512   2.242    0.64731E+05   0.48413E+05   0.12489E+05   0.18203E+06  -0.22920E+06  -0.13425E-02
  0.512   2.242   -0.11363E+05  -0.45302E+04   0.14147E+03  -0.75109E+04   0.73479E+05  -0.71004E-02
  0.512   2.242   -0.97777E+06   0.91204E+04   0.25022E+03   0.16110E+05   0.72332E+07   0.26386E-02
  0.525   2.269   -0.97100E+06  -0.30789E+02  -0.51762E+03  -0.22733E+03   0.72325E+07  -0.71401E-06
  0.525   2.269    0.62483E+05  -0.40232E+05  -0.12691E+05  -0.16849E+06  -0.22393E+06  -0.29185E-02
  0.525   2.269    0.62483E+05   0.40232E+05  -0.12691E+05   0.16849E+06  -0.22393E+06   0.29194E-02
  0.525   2.269    0.62485E+05  -0.46546E+05   0.12547E+05  -0.17797E+06  -0.22394E+06   0.25200E-02
  0.525   2.269   -0.98344E+06  -0.71064E+04   0.26361E+03  -0.11801E+05   0.72539E+07  -0.24854E-02
  0.525   2.269   -0.12809E+05   0.31271E+04   0.14690E+03   0.46776E+04   0.76613E+05   0.62938E-02
  0.525   2.269    0.62482E+05   0.46545E+05   0.12545E+05   0.17797E+06  -0.22393E+06  -0.25199E-02
  0.525   2.269   -0.12809E+05  -0.31306E+04   0.14495E+03  -0.46990E+04   0.76613E+05  -0.62937E-02
  0.525   2.269   -0.98344E+06   0.71796E+04   0.25400E+03   0.12347E+05   0.72539E+07   0.24855E-02
  0.537   2.296   -0.98081E+06  -0.33380E+01  -0.53461E+03  -0.28161E+02   0.72617E+07  -0.13935E-06
  0.537   2.296    0.60039E+05  -0.40731E+05  -0.12753E+05  -0.16925E+06  -0.21856E+06  -0.35057E-02
  0.537   2.296    0.60039E+05   0.40731E+05  -0.12754E+05   0.16925E+06  -0.21856E+06   0.35049E-02
  0.537   2.296    0.60037E+05  -0.44118E+05   0.12603E+05  -0.17307E+06  -0.21854E+06   0.36518E-02
  0.537   2.296   -0.98942E+06  -0.49965E+04   0.26299E+03  -0.77823E+04   0.72748E+07  -0.22848E-02
  0.537   2.296   -0.13579E+05   0.16739E+04   0.14885E+03   0.18825E+04   0.78394E+05   0.53235E-02
  0.537   2.296    0.60038E+05   0.44119E+05   0.12604E+05   0.17308E+06  -0.21855E+06  -0.36510E-02
  0.537   2.296   -0.13579E+05  -0.16737E+04   0.14968E+03  -0.18769E+04   0.78394E+05  -0.53235E-02
  0.537   2.296   -0.98942E+06   0.50131E+04   0.27254E+03   0.79337E+04   0.72748E+07   0.22847E-02
  0.550   2.322   -0.99042E+06   0.23869E+01  -0.54931E+03   0.24460E+02   0.72881E+07  -0.29218E-06
  0.550   2.322    0.57587E+05  -0.40920E+05  -0.12811E+05  -0.16941E+06  -0.21336E+06  -0.40348E-02
  0.550   2.322    0.57587E+05   0.40920E+05  -0.12811E+05   0.16941E+06  -0.21336E+06   0.40360E-02
  0.550   2.322    0.57587E+05  -0.41394E+05   0.12660E+05  -0.16784E+06  -0.21337E+06   0.47130E-02
  0.550   2.322   -0.99541E+06  -0.28755E+04   0.27909E+03  -0.38496E+04   0.72948E+07  -0.19764E-02
  0.550   2.322   -0.13828E+05   0.22028E+03   0.15189E+03  -0.81391E+03   0.79174E+05   0.42594E-02
  0.550   2.322    0.57586E+05   0.41393E+05   0.12659E+05   0.16784E+06  -0.21336E+06  -0.47132E-02
  0.550   2.322   -0.13829E+05  -0.22096E+03   0.15107E+03   0.80797E+03   0.79175E+05  -0.42594E-02
  0.550   2.322   -0.99541E+06   0.28707E+04   0.27067E+03   0.37999E+04   0.72948E+07   0.19764E-02
  0.562   2.349   -0.99989E+06   0.12760E+02  -0.56173E+03   0.11776E+03   0.73141E+07  -0.83594E-06
  0.562   2.349    0.55244E+05  -0.40931E+05  -0.12869E+05  -0.16926E+06  -0.20859E+06  -0.45314E-02
  0.562   2.349    0.55244E+05   0.40931E+05  -0.12869E+05   0.16927E+06  -0.20859E+06   0.45323E-02
  0.562   2.349    0.55243E+05  -0.38605E+05   0.12716E+05  -0.16272E+06  -0.20859E+06   0.56842E-02
  0.562   2.349   -0.10013E+07  -0.85028E+03   0.27592E+03  -0.32996E+03   0.73141E+07  -0.16245E-02
  0.562   2.349   -0.13760E+05  -0.11732E+04   0.15220E+03  -0.32828E+04   0.79376E+05   0.31596E-02
  0.562   2.349    0.55245E+05   0.38605E+05   0.12717E+05   0.16272E+06  -0.20860E+06  -0.56850E-02
  0.562   2.349   -0.13760E+05   0.11757E+04   0.15388E+03   0.33008E+04   0.79376E+05  -0.31598E-02
  0.562   2.349   -0.10013E+07   0.79658E+03   0.28516E+03  -0.13550E+03   0.73141E+07   0.16244E-02
  0.575   2.375   -0.10089E+07   0.16397E+02  -0.56955E+03   0.12399E+03   0.73382E+07  -0.27534E-06
  0.575   2.375    0.53059E+05  -0.40850E+05  -0.12925E+05  -0.16898E+06  -0.20429E+06  -0.50172E-02
  0.575   2.375    0.53059E+05   0.40850E+05  -0.12925E+05   0.16898E+06  -0.20429E+06   0.50180E-02
  0.575   2.375    0.53059E+05  -0.35930E+05   0.12771E+05  -0.15800E+06  -0.20429E+06   0.65613E-02
  0.575   2.375   -0.10070E+07   0.11045E+04   0.27948E+03   0.32069E+04   0.73328E+07  -0.10858E-02
  0.575   2.375   -0.13554E+05  -0.24666E+04   0.15336E+03  -0.54909E+04   0.79342E+05   0.20667E-02
  0.575   2.375    0.53060E+05   0.35931E+05   0.12772E+05   0.15801E+06  -0.20430E+06  -0.65615E-02
  0.575   2.375   -0.13554E+05   0.24691E+04   0.15492E+03   0.55065E+04   0.79342E+05  -0.20668E-02
  0.575   2.375   -0.10070E+07  -0.11289E+04   0.29040E+03  -0.33803E+04   0.73328E+07   0.10857E-02
  0.588   2.400   -0.10173E+07   0.50009E+00  -0.57693E+03  -0.41797E+01   0.73604E+07  -0.28192E-09
  0.588   2.400    0.51033E+05  -0.40733E+05  -0.12979E+05  -0.16864E+06  -0.20042E+06  -0.55126E-02
  0.588   2.400    0.51034E+05   0.40733E+05  -0.12979E+05   0.16864E+06  -0.20042E+06   0.55129E-02
  0.588   2.400    0.51033E+05  -0.33464E+05   0.12824E+05  -0.15383E+06  -0.20042E+06   0.73400E-02
  0.588   2.400   -0.10122E+07   0.29339E+04   0.28906E+03   0.63220E+04   0.73493E+07  -0.49434E-03
  0.588   2.400   -0.13338E+05  -0.36381E+04   0.15488E+03  -0.74100E+04   0.79291E+05   0.99905E-03
  0.588   2.400    0.51034E+05   0.33464E+05   0.12824E+05   0.15383E+06  -0.20042E+06  -0.73403E-02
  0.588   2.400   -0.13338E+05   0.36390E+04   0.15514E+03   0.74143E+04   0.79291E+05  -0.99915E-03
  0.588   2.400   -0.10122E+07  -0.29426E+04   0.28768E+03  -0.63815E+04   0.73493E+07   0.49426E-03
  0.600   2.426   -0.10249E+07  -0.14983E+02  -0.58228E+03  -0.11891E+03   0.73797E+07  -0.50112E-06
  0.600   2.426    0.49151E+05  -0.40604E+05  -0.13029E+05  -0.16829E+06  -0.19692E+06  -0.60526E-02
  0.600   2.426    0.49152E+05   0.40604E+05  -0.13029E+05   0.16829E+06  -0.19693E+06   0.60523E-02
  0.600   2.426    0.49150E+05  -0.31240E+05   0.12873E+05  -0.15020E+06  -0.19692E+06   0.80374E-02
  0.600   2.426   -0.10168E+07   0.46439E+04   0.28293E+03   0.92101E+04   0.73640E+07   0.19368E-03
  0.600   2.426   -0.13179E+05  -0.46819E+04   0.15471E+03  -0.90350E+04   0.79336E+05  -0.40194E-04
  0.600   2.426    0.49153E+05   0.31243E+05   0.12875E+05   0.15022E+06  -0.19694E+06  -0.80376E-02
  0.600   2.426   -0.13179E+05   0.46837E+04   0.15663E+03   0.90491E+04   0.79337E+05   0.40135E-04
  0.600   2.426   -0.10168E+07  -0.46118E+04   0.29901E+03  -0.89366E+04   0.73640E+07  -0.19377E-03
  0.613   2.451   -0.10320E+07   0.13955E+02  -0.58624E+03   0.10838E+03   0.73999E+07  -0.25192E-06
  0.613   2.451    0.47371E+05  -0.40457E+05  -0.13084E+05  -0.16797E+06  -0.19379E+06  -0.66738E-02
  0.613   2.451    0.47371E+05   0.40457E+05  -0.13084E+05   0.16797E+06  -0.19379E+06   0.66731E-02
  0.613   2.451    0.47367E+05  -0.29244E+05   0.12925E+05  -0.14712E+06  -0.19376E+06   0.86499E-02
  0.613   2.451   -0.10212E+07   0.61430E+04   0.29142E+03   0.11308E+05   0.73787E+07   0.97865E-03
  0.613   2.451   -0.13098E+05  -0.56024E+04   0.15578E+03  -0.10403E+05   0.79527E+05  -0.10741E-02
  0.613   2.451    0.47369E+05   0.29245E+05   0.12926E+05   0.14713E+06  -0.19377E+06  -0.86493E-02
  0.613   2.451   -0.13098E+05   0.56039E+04   0.15675E+03   0.10414E+05   0.79527E+05   0.10743E-02
  0.613   2.451   -0.10212E+07  -0.61749E+04   0.29476E+03  -0.11560E+05   0.73787E+07  -0.97845E-03
  0.625   2.476   -0.10380E+07   0.18102E+02  -0.58895E+03   0.15361E+03   0.74148E+07  -0.59766E-06
  0.625   2.476    0.45575E+05  -0.40170E+05  -0.13129E+05  -0.16740E+06  -0.19069E+06  -0.74281E-02
  0.625   2.476    0.45574E+05   0.40170E+05  -0.13128E+05   0.16740E+06  -0.19069E+06   0.74276E-02
  0.625   2.476    0.45575E+05  -0.27423E+05   0.12972E+05  -0.14443E+06  -0.19069E+06   0.91846E-02
  0.625   2.476   -0.10251E+07   0.74546E+04   0.29239E+03   0.13246E+05   0.73921E+07   0.18571E-02
  0.625   2.476   -0.13061E+05  -0.63699E+04   0.15620E+03  -0.11475E+05   0.79783E+05  -0.21362E-02
  0.625   2.476    0.45576E+05   0.27423E+05   0.12973E+05   0.14443E+06  -0.19070E+06  -0.91843E-02
  0.625   2.476   -0.13061E+05   0.63704E+04   0.15715E+03   0.11484E+05   0.79783E+05   0.21364E-02
  0.625   2.476   -0.10251E+07  -0.74782E+04   0.29687E+03  -0.13452E+05   0.73921E+07  -0.18568E-02
  0.637   2.500   -0.10429E+07  -0.81133E+01  -0.59184E+03  -0.82410E+02   0.74288E+07   0.38893E-06
  0.637   2.500    0.43608E+05  -0.39534E+05  -0.13175E+05  -0.16632E+06  -0.18746E+06  -0.83368E-02
  0.637   2.500    0.43608E+05   0.39534E+05  -0.13175E+05   0.16633E+06  -0.18746E+06   0.83365E-02
  0.637   2.500    0.43608E+05  -0.25720E+05   0.13017E+05  -0.14202E+06  -0.18745E+06   0.95950E-02
  0.637   2.500   -0.10282E+07   0.84099E+04   0.29608E+03   0.14506E+05   0.74031E+07   0.27196E-02
  0.637   2.500   -0.12991E+05  -0.68985E+04   0.15624E+03  -0.12131E+05   0.79973E+05  -0.32680E-02
  0.637   2.500    0.43610E+05   0.25721E+05   0.13018E+05   0.14202E+06  -0.18746E+06  -0.95956E-02
  0.637   2.500   -0.12991E+05   0.69005E+04   0.15767E+03   0.12146E+05   0.79974E+05   0.32681E-02
  0.637   2.500   -0.10282E+07  -0.84484E+04   0.29544E+03  -0.14802E+05   0.74031E+07  -0.27196E-02
  0.650   2.525   -0.10460E+07  -0.20735E+02  -0.59142E+03  -0.18053E+03   0.74384E+07  -0.58858E-06
  0.650   2.525    0.41194E+05  -0.38115E+05  -0.13216E+05  -0.16407E+06  -0.18364E+06  -0.94122E-02
  0.650   2.525    0.41195E+05   0.38115E+05  -0.13216E+05   0.16407E+06  -0.18365E+06   0.94121E-02
  0.650   2.525    0.41197E+05  -0.24093E+05   0.13061E+05  -0.13981E+06  -0.18366E+06   0.98498E-02
  0.650   2.525   -0.10308E+07   0.88527E+04   0.29953E+03   0.15250E+05   0.74128E+07   0.36203E-02
  0.650   2.525   -0.12751E+05  -0.70014E+04   0.15761E+03  -0.12122E+05   0.79901E+05  -0.44995E-02
  0.650   2.525    0.41196E+05   0.24093E+05   0.13060E+05   0.13981E+06  -0.18365E+06  -0.98493E-02
  0.650   2.525   -0.12751E+05   0.69996E+04   0.15626E+03   0.12109E+05   0.79901E+05   0.44995E-02
  0.650   2.525   -0.10308E+07  -0.88076E+04   0.29328E+03  -0.14848E+05   0.74128E+07  -0.36203E-02
  0.662   2.549   -0.10472E+07  -0.56383E+01  -0.59413E+03  -0.35382E+02   0.74477E+07   0.92447E-06
  0.662   2.549    0.37930E+05  -0.35234E+05  -0.13263E+05  -0.15976E+06  -0.17876E+06  -0.10559E-01
  0.662   2.549    0.37931E+05   0.35234E+05  -0.13263E+05   0.15976E+06  -0.17876E+06   0.10559E-01
  0.662   2.549    0.37931E+05  -0.22513E+05   0.13106E+05  -0.13780E+06  -0.17875E+06   0.98915E-02
  0.662   2.549   -0.10327E+07   0.83207E+04   0.29457E+03   0.14006E+05   0.74230E+07   0.44013E-02
  0.662   2.549   -0.12130E+05  -0.63437E+04   0.15629E+03  -0.10948E+05   0.79285E+05  -0.58133E-02
  0.662   2.549    0.37932E+05   0.22514E+05   0.13106E+05   0.13781E+06  -0.17876E+06  -0.98911E-02
  0.662   2.549   -0.12129E+05   0.63449E+04   0.15725E+03   0.10957E+05   0.79285E+05   0.58133E-02
  0.662   2.549   -0.10327E+07  -0.83326E+04   0.29919E+03  -0.14126E+05   0.74230E+07  -0.44012E-02
  0.675   2.573   -0.10448E+07   0.94837E+01  -0.59349E+03   0.78721E+02   0.74494E+07  -0.90160E-06
  0.675   2.573    0.33339E+05  -0.30070E+05  -0.13302E+05  -0.15218E+06  -0.17204E+06  -0.11488E-01
  0.675   2.573    0.33338E+05   0.30070E+05  -0.13302E+05   0.15218E+06  -0.17203E+06   0.11488E-01
  0.675   2.573    0.33340E+05  -0.20961E+05   0.13147E+05  -0.13589E+06  -0.17204E+06   0.96638E-02
  0.675   2.573   -0.10335E+07   0.65215E+04   0.29885E+03   0.11156E+05   0.74303E+07   0.49984E-02
  0.675   2.573   -0.10875E+05  -0.45349E+04   0.15598E+03  -0.81199E+04   0.77743E+05  -0.70811E-02
  0.675   2.573    0.33341E+05   0.20962E+05   0.13147E+05   0.13589E+06  -0.17204E+06  -0.96640E-02
  0.675   2.573   -0.10875E+05   0.45349E+04   0.15628E+03   0.81227E+04   0.77743E+05   0.70812E-02
  0.675   2.573   -0.10335E+07  -0.65312E+04   0.29471E+03  -0.11237E+05   0.74303E+07  -0.49983E-02
  0.688   2.597   -0.10390E+07  -0.85938E+01  -0.59303E+03  -0.66037E+02   0.74459E+07   0.39504E-06
  0.688   2.597    0.27333E+05  -0.22426E+05  -0.13339E+05  -0.14126E+06  -0.16348E+06  -0.11664E-01
  0.688   2.597    0.27333E+05   0.22426E+05  -0.13339E+05   0.14126E+06  -0.16348E+06   0.11664E-01
  0.688   2.597    0.27334E+05  -0.19449E+05   0.13183E+05  -0.13407E+06  -0.16348E+06   0.91187E-02
  0.688   2.597   -0.10332E+07   0.33552E+04   0.30139E+03   0.65151E+04   0.74343E+07   0.50116E-02
  0.688   2.597   -0.89201E+04  -0.14650E+04   0.15599E+03  -0.35590E+04   0.75220E+05  -0.80359E-02
  0.688   2.597    0.27332E+05   0.19448E+05   0.13182E+05   0.13407E+06  -0.16347E+06  -0.91188E-02
  0.688   2.597   -0.89202E+04   0.14640E+04   0.15453E+03   0.35469E+04   0.75220E+05   0.80359E-02
  0.688   2.597   -0.10332E+07  -0.33280E+04   0.29139E+03  -0.63064E+04   0.74343E+07  -0.50119E-02
  0.700   2.620   -0.10320E+07   0.20729E+03  -0.59435E+03   0.17686E+04   0.74435E+07  -0.92249E-08
  0.700   2.620    0.20816E+05  -0.13768E+05  -0.13384E+05  -0.12932E+06  -0.15458E+06  -0.10577E-01
  0.700   2.620    0.20808E+05   0.13771E+05  -0.13379E+05   0.12934E+06  -0.15452E+06   0.10582E-01
  0.700   2.620    0.20807E+05  -0.18018E+05   0.13221E+05  -0.13249E+06  -0.15450E+06   0.82306E-02
  0.700   2.620   -0.10326E+07  -0.67508E+03   0.29124E+03  -0.79722E+03   0.74400E+07   0.42654E-02
  0.700   2.620   -0.66898E+04   0.21569E+04   0.15047E+03   0.16849E+04   0.72427E+05  -0.84053E-02
  0.700   2.620    0.20813E+05   0.18015E+05   0.13225E+05   0.13247E+06  -0.15455E+06  -0.82341E-02
  0.700   2.620   -0.66897E+04  -0.21436E+04   0.15897E+03  -0.15881E+04   0.72426E+05   0.84048E-02
  0.700   2.620   -0.10326E+07   0.28142E+03   0.30167E+03  -0.25605E+04   0.74400E+07  -0.42658E-02
  0.713   2.643   -0.10262E+07   0.19752E+02  -0.59301E+03   0.17011E+03   0.74383E+07  -0.26979E-05
  0.713   2.643    0.15385E+05  -0.68311E+04  -0.13413E+05  -0.12011E+06  -0.14737E+06  -0.83203E-02
  0.713   2.643    0.15385E+05   0.68312E+04  -0.13413E+05   0.12011E+06  -0.14736E+06   0.83137E-02
  0.713   2.643    0.15381E+05  -0.16691E+05   0.13257E+05  -0.13106E+06  -0.14735E+06   0.70137E-02
  0.713   2.643   -0.10323E+07  -0.35682E+04   0.29240E+03  -0.36515E+04   0.74439E+07   0.27996E-02
  0.713   2.643   -0.49631E+04   0.49552E+04   0.15335E+03   0.55242E+04   0.70408E+05  -0.81870E-02
  0.713   2.643    0.15385E+05   0.16693E+05   0.13259E+05   0.13107E+06  -0.14737E+06  -0.70098E-02
  0.713   2.643   -0.49631E+04  -0.49511E+04   0.15602E+03  -0.54969E+04   0.70408E+05   0.81895E-02
  0.713   2.643   -0.10323E+07   0.35096E+04   0.30154E+03   0.31383E+04   0.74439E+07  -0.27976E-02
  0.725   2.666   -0.10245E+07  -0.14995E+02  -0.59676E+03  -0.12667E+03   0.74420E+07   0.13111E-06
  0.725   2.666    0.12085E+05  -0.33301E+04  -0.13450E+05  -0.11603E+06  -0.14343E+06  -0.55510E-02
  0.725   2.666    0.12085E+05   0.33299E+04  -0.13450E+05   0.11602E+06  -0.14343E+06   0.55521E-02
  0.725   2.666    0.12088E+05  -0.15529E+05   0.13296E+05  -0.12996E+06  -0.14344E+06   0.54802E-02
  0.725   2.666   -0.10332E+07  -0.49579E+04   0.29631E+03  -0.51337E+04   0.74514E+07   0.11240E-02
  0.725   2.666   -0.42446E+04   0.61124E+04   0.15557E+03   0.69783E+04   0.69879E+05  -0.76623E-02
  0.725   2.666    0.12087E+05   0.15529E+05   0.13295E+05   0.12996E+06  -0.14343E+06  -0.54826E-02
  0.725   2.666   -0.42448E+04  -0.61135E+04   0.15489E+03  -0.69871E+04   0.69880E+05   0.76619E-02
  0.725   2.666   -0.10332E+07   0.49949E+04   0.30006E+03   0.54339E+04   0.74514E+07  -0.11244E-02
  0.738   2.689   -0.10261E+07   0.15972E+02  -0.59955E+03   0.13235E+03   0.74486E+07  -0.66439E-06
  0.738   2.689    0.10669E+05  -0.28331E+04  -0.13485E+05  -0.11615E+06  -0.14215E+06  -0.28962E-02
  0.738   2.689    0.10669E+05   0.28331E+04  -0.13485E+05   0.11615E+06  -0.14215E+06   0.28991E-02
  0.738   2.689    0.10662E+05  -0.14535E+05   0.13321E+05  -0.12904E+06  -0.14209E+06   0.36914E-02
  0.738   2.689   -0.10345E+07  -0.49969E+04   0.27549E+03  -0.51683E+04   0.74554E+07  -0.45981E-03
  0.738   2.689   -0.43925E+04   0.58665E+04   0.15303E+03   0.65153E+04   0.70506E+05  -0.71017E-02
  0.738   2.689    0.10670E+05   0.14540E+05   0.13328E+05   0.12908E+06  -0.14214E+06  -0.36912E-02
  0.738   2.689   -0.43922E+04  -0.58596E+04   0.15935E+03  -0.64618E+04   0.70506E+05   0.71009E-02
  0.738   2.689   -0.10345E+07   0.49983E+04   0.32398E+03   0.51997E+04   0.74554E+07   0.45892E-03
  0.750   2.712   -0.10297E+07   0.26325E+02  -0.60340E+03   0.23359E+03   0.74589E+07   0.10321E-05
  0.750   2.712    0.10412E+05  -0.40654E+04  -0.13522E+05  -0.11860E+06  -0.14251E+06  -0.56708E-03
  0.750   2.712    0.10411E+05   0.40655E+04  -0.13522E+05   0.11860E+06  -0.14250E+06   0.56156E-03
  0.750   2.712    0.10411E+05  -0.13760E+05   0.13363E+05  -0.12856E+06  -0.14249E+06   0.16914E-02
  0.750   2.712   -0.10370E+07  -0.42456E+04   0.29609E+03  -0.41162E+04   0.74655E+07  -0.18521E-02
  0.750   2.712   -0.50619E+04   0.48511E+04   0.15627E+03   0.49971E+04   0.71871E+05  -0.65785E-02
  0.750   2.712    0.10413E+05   0.13761E+05   0.13365E+05   0.12856E+06  -0.14250E+06  -0.16910E-02
  0.750   2.712   -0.50619E+04  -0.48492E+04   0.15816E+03  -0.49806E+04   0.71871E+05   0.65801E-02
  0.750   2.712   -0.10370E+07   0.42309E+04   0.30693E+03   0.39680E+04   0.74655E+07   0.18538E-02
  0.762   2.735   -0.10339E+07   0.81648E+01  -0.60587E+03   0.74984E+02   0.74692E+07   0.36288E-06
  0.762   2.735    0.10692E+05  -0.59855E+04  -0.13555E+05  -0.12187E+06  -0.14354E+06   0.14924E-02
  0.762   2.735    0.10692E+05   0.59856E+04  -0.13555E+05   0.12187E+06  -0.14354E+06  -0.14925E-02
  0.762   2.735    0.10692E+05  -0.13175E+05   0.13396E+05  -0.12829E+06  -0.14353E+06  -0.46255E-03
  0.762   2.735   -0.10395E+07  -0.32239E+04   0.29869E+03  -0.26621E+04   0.74733E+07  -0.29838E-02
  0.762   2.735   -0.59506E+04   0.35933E+04   0.15752E+03   0.32202E+04   0.73461E+05  -0.60783E-02
  0.762   2.735    0.10694E+05   0.13176E+05   0.13397E+05   0.12830E+06  -0.14354E+06   0.46500E-03
  0.762   2.735   -0.59504E+04  -0.35916E+04   0.15895E+03  -0.32071E+04   0.73460E+05   0.60783E-02
  0.762   2.735   -0.10395E+07   0.32090E+04   0.30770E+03   0.25194E+04   0.74733E+07   0.29839E-02
  0.775   2.757   -0.10382E+07  -0.30659E+02  -0.60875E+03  -0.24312E+03   0.74789E+07  -0.21893E-05
  0.775   2.757    0.11172E+05  -0.80345E+04  -0.13587E+05  -0.12520E+06  -0.14480E+06   0.33878E-02
  0.775   2.757    0.11173E+05   0.80345E+04  -0.13587E+05   0.12520E+06  -0.14481E+06  -0.33974E-02
  0.775   2.757    0.11175E+05  -0.12780E+05   0.13429E+05  -0.12830E+06  -0.14481E+06  -0.27237E-02
  0.775   2.757   -0.10421E+07  -0.21973E+04   0.31299E+03  -0.10663E+04   0.74813E+07  -0.38126E-02
  0.775   2.757   -0.69083E+04   0.23650E+04   0.16009E+03   0.15259E+04   0.75092E+05  -0.55547E-02
  0.775   2.757    0.11174E+05   0.12780E+05   0.13428E+05   0.12829E+06  -0.14480E+06   0.27301E-02
  0.775   2.757   -0.69086E+04  -0.23670E+04   0.15836E+03  -0.15434E+04   0.75093E+05   0.55569E-02
  0.775   2.757   -0.10421E+07   0.22365E+04   0.29670E+03   0.13608E+04   0.74813E+07   0.38150E-02
  0.787   2.779   -0.10422E+07   0.23728E+02  -0.61331E+03   0.19593E+03   0.74880E+07   0.36734E-05
  0.787   2.779    0.11690E+05  -0.99464E+04  -0.13618E+05  -0.12826E+06  -0.14608E+06   0.52493E-02
  0.787   2.779    0.11686E+05   0.99468E+04  -0.13617E+05   0.12826E+06  -0.14606E+06  -0.52573E-02
  0.787   2.779    0.11690E+05  -0.12558E+05   0.13458E+05  -0.12851E+06  -0.14608E+06  -0.50540E-02
  0.787   2.779   -0.10447E+07  -0.13877E+04   0.30574E+03  -0.17328E+03   0.74888E+07  -0.44116E-02
  0.787   2.779   -0.78621E+04   0.12966E+04   0.15975E+03   0.11044E+03   0.76673E+05  -0.49982E-02
  0.787   2.779    0.11691E+05   0.12559E+05   0.13459E+05   0.12852E+06  -0.14608E+06   0.50432E-02
  0.787   2.779   -0.78622E+04  -0.12948E+04   0.16082E+03  -0.99746E+02   0.76674E+05   0.49996E-02
  0.787   2.779   -0.10447E+07   0.13655E+04   0.30732E+03  -0.11338E+02   0.74888E+07   0.44132E-02
  0.800   2.801   -0.10457E+07  -0.19829E+02  -0.61604E+03  -0.15327E+03   0.74966E+07  -0.17442E-05
  0.800   2.801    0.12127E+05  -0.11502E+05  -0.13648E+05  -0.13081E+06  -0.14722E+06   0.72617E-02
  0.800   2.801    0.12127E+05   0.11502E+05  -0.13649E+05   0.13081E+06  -0.14723E+06  -0.72592E-02
  0.800   2.801    0.12126E+05  -0.12496E+05   0.13486E+05  -0.12892E+06  -0.14721E+06  -0.73637E-02
  0.800   2.801   -0.10471E+07  -0.79263E+03   0.29819E+03   0.78401E+03   0.74955E+07  -0.49400E-02
  0.800   2.801   -0.87197E+04   0.48638E+03   0.16101E+03  -0.95485E+03   0.78090E+05  -0.43717E-02
  0.800   2.801    0.12129E+05   0.12497E+05   0.13488E+05   0.12893E+06  -0.14723E+06   0.73726E-02
  0.800   2.801   -0.87202E+04  -0.48474E+03   0.16267E+03   0.96634E+03   0.78091E+05   0.43714E-02
  0.800   2.801   -0.10471E+07   0.82023E+03   0.31889E+03  -0.58324E+03   0.74955E+07   0.49395E-02
  0.812   2.823   -0.10501E+07   0.43590E+02  -0.61038E+03   0.23885E+03   0.75069E+07  -0.15639E-04
  0.812   2.823    0.11963E+05  -0.13462E+05  -0.13680E+05  -0.13372E+06  -0.14762E+06   0.85169E-02
  0.812   2.823    0.11862E+05   0.13457E+05  -0.13680E+05   0.13372E+06  -0.14746E+06  -0.84097E-02
  0.812   2.823    0.11915E+05  -0.12824E+05   0.13523E+05  -0.12982E+06  -0.14754E+06  -0.91628E-02
  0.812   2.823   -0.10510E+07  -0.61428E+03   0.30437E+03   0.74074E+03   0.75042E+07  -0.20337E-02
  0.812   2.823   -0.10920E+05  -0.33324E+03   0.15471E+03  -0.19492E+04   0.81065E+05  -0.67371E-02
  0.812   2.823    0.11912E+05   0.12823E+05   0.13523E+05   0.12981E+06  -0.14754E+06   0.90127E-02
  0.812   2.823   -0.10920E+05   0.33408E+03   0.15518E+03   0.19553E+04   0.81060E+05   0.67461E-02
  0.812   2.823   -0.10510E+07   0.56512E+03   0.30592E+03  -0.11616E+04   0.75041E+07   0.20252E-02
  0.825   2.844   -0.10534E+07   0.10715E+02  -0.61559E+03   0.87882E+02   0.75144E+07  -0.93817E-06
  0.825   2.844    0.13337E+05  -0.15361E+05  -0.13707E+05  -0.13655E+06  -0.14985E+06   0.10120E-01
  0.825   2.844    0.13336E+05   0.15362E+05  -0.13707E+05   0.13655E+06  -0.14984E+06  -0.10121E-01
  0.825   2.844    0.13341E+05  -0.12895E+05   0.13548E+05  -0.13040E+06  -0.14986E+06  -0.11646E-01
  0.825   2.844   -0.10529E+07   0.27982E+03   0.30563E+03   0.19773E+04   0.75115E+07  -0.42376E-02
  0.825   2.844   -0.11186E+05  -0.12419E+04   0.15919E+03  -0.30859E+04   0.81697E+05  -0.40328E-02
  0.825   2.844    0.13342E+05   0.12896E+05   0.13549E+05   0.13040E+06  -0.14986E+06   0.11640E-01
  0.825   2.844   -0.11186E+05   0.12428E+04   0.15975E+03   0.30917E+04   0.81696E+05   0.40324E-02
  0.825   2.844   -0.10529E+07  -0.30134E+03   0.31110E+03  -0.21435E+04   0.75115E+07   0.42374E-02
  0.838   2.866   -0.10559E+07   0.10320E+02  -0.61976E+03   0.85116E+02   0.75208E+07  -0.38410E-06
  0.838   2.866    0.13866E+05  -0.16463E+05  -0.13733E+05  -0.13831E+06  -0.15099E+06   0.11887E-01
  0.838   2.866    0.13868E+05   0.16463E+05  -0.13733E+05   0.13831E+06  -0.15099E+06  -0.11884E-01
  0.838   2.866    0.13870E+05  -0.13276E+05   0.13573E+05  -0.13130E+06  -0.15100E+06  -0.13388E-01
  0.838   2.866   -0.10552E+07   0.38410E+03   0.31246E+03   0.21435E+04   0.75171E+07  -0.38660E-02
  0.838   2.866   -0.11938E+05  -0.16030E+04   0.16100E+03  -0.35194E+04   0.82850E+05  -0.35881E-02
  0.838   2.866    0.13869E+05   0.13275E+05   0.13572E+05   0.13129E+06  -0.15100E+06   0.13395E-01
  0.838   2.866   -0.11938E+05   0.16028E+04   0.16065E+03   0.35169E+04   0.82850E+05   0.35888E-02
  0.838   2.866   -0.10552E+07  -0.39440E+03   0.30761E+03  -0.22365E+04   0.75171E+07   0.38662E-02
  0.850   2.887   -0.10582E+07  -0.10043E+02  -0.62268E+03  -0.73148E+02   0.75263E+07  -0.16081E-05
  0.850   2.887    0.14440E+05  -0.17460E+05  -0.13758E+05  -0.13989E+06  -0.15216E+06   0.13399E-01
  0.850   2.887    0.14440E+05   0.17460E+05  -0.13758E+05   0.13989E+06  -0.15216E+06  -0.13395E-01
  0.850   2.887    0.14441E+05  -0.13792E+05   0.13595E+05  -0.13232E+06  -0.15215E+06  -0.14712E-01
  0.850   2.887   -0.10575E+07   0.39593E+03   0.30498E+03   0.21879E+04   0.75223E+07  -0.31919E-02
  0.850   2.887   -0.12673E+05  -0.18398E+04   0.16071E+03  -0.37792E+04   0.83948E+05  -0.33313E-02
  0.850   2.887    0.14443E+05   0.13794E+05   0.13597E+05   0.13233E+06  -0.15217E+06   0.14706E-01
  0.850   2.887   -0.12673E+05   0.18417E+04   0.16239E+03   0.37936E+04   0.83948E+05   0.33330E-02
  0.850   2.887   -0.10575E+07  -0.39605E+03   0.31751E+03  -0.22216E+04   0.75223E+07   0.31920E-02
  0.863   2.908   -0.10605E+07   0.10925E+02  -0.62421E+03   0.10008E+03   0.75327E+07  -0.20956E-06
  0.863   2.908    0.15076E+05  -0.18288E+05  -0.13785E+05  -0.14125E+06  -0.15339E+06   0.14612E-01
  0.863   2.908    0.15076E+05   0.18288E+05  -0.13785E+05   0.14125E+06  -0.15339E+06  -0.14614E-01
  0.863   2.908    0.15078E+05  -0.14421E+05   0.13623E+05  -0.13350E+06  -0.15340E+06  -0.15531E-01
  0.863   2.908   -0.10599E+07   0.34181E+03   0.31874E+03   0.21002E+04   0.75288E+07  -0.21377E-02
  0.863   2.908   -0.13293E+05  -0.19386E+04   0.16251E+03  -0.38854E+04   0.84898E+05  -0.31581E-02
  0.863   2.908    0.15077E+05   0.14420E+05   0.13622E+05   0.13349E+06  -0.15339E+06   0.15530E-01
  0.863   2.908   -0.13293E+05   0.19381E+04   0.16183E+03   0.38801E+04   0.84897E+05   0.31574E-02
  0.863   2.908   -0.10599E+07  -0.35127E+03   0.30615E+03  -0.22068E+04   0.75288E+07   0.21375E-02
  0.875   2.929   -0.10625E+07   0.40859E+02  -0.62566E+03   0.34069E+03   0.75369E+07  -0.34002E-05
  0.875   2.929    0.15751E+05  -0.18918E+05  -0.13807E+05  -0.14230E+06  -0.15459E+06   0.15484E-01
  0.875   2.929    0.15750E+05   0.18919E+05  -0.13806E+05   0.14231E+06  -0.15458E+06  -0.15483E-01
  0.875   2.929    0.15748E+05  -0.15101E+05   0.13641E+05  -0.13463E+06  -0.15456E+06  -0.15852E-01
  0.875   2.929   -0.10619E+07   0.27045E+03   0.30525E+03   0.19370E+04   0.75322E+07  -0.97332E-03
  0.875   2.929   -0.13752E+05  -0.19076E+04   0.16095E+03  -0.38145E+04   0.85601E+05  -0.29968E-02
  0.875   2.929    0.15752E+05   0.15103E+05   0.13644E+05   0.13464E+06  -0.15459E+06   0.15853E-01
  0.875   2.929   -0.13753E+05   0.19109E+04   0.16421E+03   0.38442E+04   0.85602E+05   0.29975E-02
  0.875   2.929   -0.10619E+07  -0.31111E+03   0.32142E+03  -0.22532E+04   0.75323E+07   0.97297E-03
  0.887   2.950   -0.10645E+07  -0.51743E+02  -0.62930E+03  -0.44798E+03   0.75408E+07  -0.63950E-06
  0.887   2.950    0.16451E+05  -0.19371E+05  -0.13827E+05  -0.14314E+06  -0.15579E+06   0.15997E-01
  0.887   2.950    0.16452E+05   0.19370E+05  -0.13828E+05   0.14313E+06  -0.15580E+06  -0.15997E-01
  0.887   2.950    0.16454E+05  -0.15809E+05   0.13666E+05  -0.13581E+06  -0.15580E+06  -0.15732E-01
  0.887   2.950   -0.10640E+07   0.32127E+03   0.31279E+03   0.25071E+04   0.75376E+07   0.29557E-03
  0.887   2.950   -0.14054E+05  -0.17818E+04   0.16373E+03  -0.36731E+04   0.86135E+05  -0.27904E-02
  0.887   2.950    0.16453E+05   0.15810E+05   0.13665E+05   0.13582E+06  -0.15580E+06   0.15732E-01
  0.887   2.950   -0.14054E+05   0.17793E+04   0.16224E+03   0.36556E+04   0.86134E+05   0.27906E-02
  0.887   2.950   -0.10640E+07  -0.22231E+03   0.31578E+03  -0.16537E+04   0.75376E+07  -0.29550E-03
  0.900   2.971   -0.10667E+07   0.36546E+02  -0.63006E+03   0.30785E+03   0.75470E+07  -0.60455E-06
  0.900   2.971    0.17158E+05  -0.19674E+05  -0.13853E+05  -0.14383E+06  -0.15702E+06   0.16177E-01
  0.900   2.971    0.17157E+05   0.19674E+05  -0.13853E+05   0.14383E+06  -0.15702E+06  -0.16177E-01
  0.900   2.971    0.17155E+05  -0.16498E+05   0.13687E+05  -0.13695E+06  -0.15700E+06  -0.15267E-01
  0.900   2.971   -0.10661E+07   0.30272E+03   0.29870E+03   0.20360E+04   0.75434E+07   0.15769E-02
  0.900   2.971   -0.14208E+05  -0.15816E+04   0.16107E+03  -0.34078E+04   0.86496E+05  -0.24923E-02
  0.900   2.971    0.17161E+05   0.16501E+05   0.13692E+05   0.13697E+06  -0.15704E+06   0.15267E-01
  0.900   2.971   -0.14208E+05   0.15876E+04   0.16580E+03   0.34507E+04   0.86496E+05   0.24923E-02
  0.900   2.971   -0.10662E+07  -0.32854E+03   0.33192E+03  -0.22384E+04   0.75434E+07  -0.15769E-02
  0.912   2.991   -0.10689E+07   0.15559E+02  -0.63296E+03   0.11074E+03   0.75529E+07  -0.37436E-07
  0.912   2.991    0.17840E+05  -0.19855E+05  -0.13878E+05  -0.14436E+06  -0.15820E+06   0.16067E-01
  0.912   2.991    0.17840E+05   0.19854E+05  -0.13878E+05   0.14436E+06  -0.15820E+06  -0.16066E-01
  0.912   2.991    0.17842E+05  -0.17145E+05   0.13716E+05  -0.13805E+06  -0.15821E+06  -0.14559E-01
  0.912   2.991   -0.10682E+07   0.42301E+03   0.31842E+03   0.22383E+04   0.75494E+07   0.27527E-02
  0.912   2.991   -0.14240E+05  -0.13518E+04   0.16427E+03  -0.31622E+04   0.86727E+05  -0.20778E-02
  0.912   2.991    0.17841E+05   0.17144E+05   0.13715E+05   0.13804E+06  -0.15820E+06   0.14558E-01
  0.912   2.991   -0.14240E+05   0.13513E+04   0.16349E+03   0.31572E+04   0.86727E+05   0.20778E-02
  0.912   2.991   -0.10682E+07  -0.43465E+03   0.31429E+03  -0.23007E+04   0.75494E+07  -0.27525E-02
  0.925   3.012   -0.10708E+07   0.52610E+00  -0.63352E+03  -0.28859E+01   0.75567E+07  -0.10457E-05
  0.925   3.012    0.18478E+05  -0.19938E+05  -0.13898E+05  -0.14474E+06  -0.15924E+06   0.15700E-01
  0.925   3.012    0.18478E+05   0.19938E+05  -0.13898E+05   0.14474E+06  -0.15924E+06  -0.15699E-01
  0.925   3.012    0.18479E+05  -0.17719E+05   0.13734E+05  -0.13897E+06  -0.15924E+06  -0.13689E-01
  0.925   3.012   -0.10698E+07   0.59750E+03   0.31725E+03   0.24202E+04   0.75525E+07   0.37761E-02
  0.925   3.012   -0.14172E+05  -0.11046E+04   0.16432E+03  -0.28812E+04   0.86807E+05  -0.15442E-02
  0.925   3.012    0.18478E+05   0.17718E+05   0.13734E+05   0.13896E+06  -0.15924E+06   0.13689E-01
  0.925   3.012   -0.14172E+05   0.11048E+04   0.16408E+03   0.28810E+04   0.86807E+05   0.15447E-02
  0.925   3.012   -0.10698E+07  -0.60843E+03   0.31706E+03  -0.25068E+04   0.75525E+07  -0.37758E-02
  0.938   3.032   -0.10726E+07  -0.16467E+02  -0.63858E+03  -0.14685E+03   0.75598E+07   0.33294E-06
  0.938   3.032    0.19081E+05  -0.19961E+05  -0.13915E+05  -0.14503E+06  -0.16020E+06   0.15088E-01
  0.938   3.032    0.19082E+05   0.19961E+05  -0.13916E+05   0.14502E+06  -0.16021E+06  -0.15089E-01
  0.938   3.032    0.19078E+05  -0.18227E+05   0.13747E+05  -0.13976E+06  -0.16017E+06  -0.12709E-01
  0.938   3.032   -0.10711E+07   0.85068E+03   0.30271E+03   0.29609E+04   0.75542E+07   0.45830E-02
  0.938   3.032   -0.14031E+05  -0.85761E+03   0.16283E+03  -0.25985E+04   0.86796E+05  -0.89543E-03
  0.938   3.032    0.19083E+05   0.18231E+05   0.13752E+05   0.13979E+06  -0.16021E+06   0.12709E-01
  0.938   3.032   -0.14031E+05   0.86107E+03   0.16606E+03   0.26235E+04   0.86796E+05   0.89550E-03
  0.938   3.032   -0.10711E+07  -0.79058E+03   0.33296E+03  -0.24368E+04   0.75542E+07  -0.45830E-02
  0.950   3.052   -0.10747E+07  -0.14073E+02  -0.64032E+03  -0.11944E+03   0.75657E+07   0.13354E-05
  0.950   3.052    0.19678E+05  -0.19964E+05  -0.13940E+05  -0.14536E+06  -0.16121E+06   0.14212E-01
  0.950   3.052    0.19679E+05   0.19963E+05  -0.13941E+05   0.14536E+06  -0.16122E+06  -0.14212E-01
  0.950   3.052    0.19676E+05  -0.18697E+05   0.13772E+05  -0.14058E+06  -0.16119E+06  -0.11629E-01
  0.950   3.052   -0.10727E+07   0.10669E+04   0.31550E+03   0.30245E+04   0.75592E+07   0.51945E-02
  0.950   3.052   -0.13843E+05  -0.62473E+03   0.16460E+03  -0.23597E+04   0.86779E+05  -0.13937E-03
  0.950   3.052    0.19677E+05   0.18698E+05   0.13773E+05   0.14059E+06  -0.16120E+06   0.11629E-01
  0.950   3.052   -0.13843E+05   0.62518E+03   0.16511E+03   0.23627E+04   0.86779E+05   0.13946E-03
  0.950   3.052   -0.10727E+07  -0.10509E+04   0.32209E+03  -0.28789E+04   0.75592E+07  -0.51942E-02
  0.963   3.072   -0.10764E+07   0.40434E+01  -0.63872E+03   0.38758E+02   0.75696E+07   0.69284E-06
  0.963   3.072    0.20275E+05  -0.19952E+05  -0.13960E+05  -0.14563E+06  -0.16217E+06   0.13000E-01
  0.963   3.072    0.20274E+05   0.19952E+05  -0.13960E+05   0.14562E+06  -0.16217E+06  -0.13000E-01
  0.963   3.072    0.20276E+05  -0.19129E+05   0.13795E+05  -0.14135E+06  -0.16217E+06  -0.10426E-01
  0.963   3.072   -0.10742E+07   0.12909E+04   0.31825E+03   0.31893E+04   0.75642E+07   0.55101E-02
  0.963   3.072   -0.13611E+05  -0.40625E+03   0.16543E+03  -0.21361E+04   0.86717E+05   0.72838E-03
  0.963   3.072    0.20275E+05   0.19128E+05   0.13795E+05   0.14135E+06  -0.16216E+06   0.10426E-01
  0.963   3.072   -0.13611E+05   0.40574E+03   0.16497E+03   0.21310E+04   0.86717E+05  -0.72830E-03
  0.963   3.072   -0.10742E+07  -0.12909E+04   0.32110E+03  -0.31928E+04   0.75642E+07  -0.55099E-02
  0.975   3.092   -0.10778E+07  -0.95705E+01  -0.64089E+03  -0.60677E+02   0.75716E+07  -0.82432E-06
  0.975   3.092    0.20903E+05  -0.19953E+05  -0.13977E+05  -0.14587E+06  -0.16309E+06   0.11337E-01
  0.975   3.092    0.20903E+05   0.19953E+05  -0.13977E+05   0.14587E+06  -0.16309E+06  -0.11336E-01
  0.975   3.092    0.20906E+05  -0.19532E+05   0.13814E+05  -0.14202E+06  -0.16311E+06  -0.90417E-02
  0.975   3.092   -0.10752E+07   0.15087E+04   0.32827E+03   0.35567E+04   0.75663E+07   0.54528E-02
  0.975   3.092   -0.13335E+05  -0.20821E+03   0.16692E+03  -0.19450E+04   0.86584E+05   0.17202E-02
  0.975   3.092    0.20902E+05   0.19530E+05   0.13811E+05   0.14200E+06  -0.16308E+06   0.90415E-02
  0.975   3.092   -0.13335E+05   0.20384E+03   0.16400E+03   0.19158E+04   0.86583E+05  -0.17204E-02
  0.975   3.092   -0.10752E+07  -0.14629E+04   0.31248E+03  -0.32133E+04   0.75663E+07  -0.54526E-02
  0.988   3.112   -0.10791E+07   0.11963E+02  -0.64356E+03   0.94425E+02   0.75759E+07  -0.12440E-05
  0.988   3.112    0.21612E+05  -0.20009E+05  -0.13998E+05  -0.14622E+06  -0.16412E+06   0.90764E-02
  0.988   3.112    0.21612E+05   0.20009E+05  -0.13998E+05   0.14622E+06  -0.16412E+06  -0.90761E-02
  0.988   3.112    0.21611E+05  -0.19931E+05   0.13829E+05  -0.14266E+06  -0.16410E+06  -0.73895E-02
  0.988   3.112   -0.10762E+07   0.15969E+04   0.31878E+03   0.34076E+04   0.75687E+07   0.48709E-02
  0.988   3.112   -0.13023E+05  -0.29543E+02   0.16509E+03  -0.17516E+04   0.86426E+05   0.28497E-02
  0.988   3.112    0.21612E+05   0.19932E+05   0.13831E+05   0.14267E+06  -0.16411E+06   0.73894E-02
  0.988   3.112   -0.13023E+05   0.31580E+02   0.16646E+03   0.17650E+04   0.86426E+05  -0.28496E-02
  0.988   3.112   -0.10762E+07  -0.16193E+04   0.32348E+03  -0.35934E+04   0.75687E+07  -0.48711E-02
  1.000   3.132   -0.10750E+07  -0.70122E+01  -0.64275E+03  -0.54839E+02   0.75575E+07  -0.15906E-05
  1.000   3.132    0.22364E+05  -0.20085E+05  -0.14015E+05  -0.14638E+06  -0.16494E+06   0.60373E-02
  1.000   3.132    0.22364E+05   0.20084E+05  -0.14015E+05   0.14637E+06  -0.16494E+06  -0.60376E-02
  1.000   3.132    0.22364E+05  -0.20301E+05   0.13848E+05  -0.14312E+06  -0.16494E+06  -0.53293E-02
  1.000   3.132   -0.10721E+07   0.16418E+04   0.31354E+03   0.36272E+04   0.75512E+07   0.38162E-02
  1.000   3.132   -0.12658E+05   0.11725E+03   0.16542E+03  -0.16116E+04   0.86135E+05   0.40871E-02
  1.000   3.132    0.22366E+05   0.20303E+05   0.13850E+05   0.14313E+06  -0.16495E+06   0.53292E-02
  1.000   3.132   -0.12658E+05  -0.11564E+03   0.16668E+03   0.16215E+04   0.86135E+05  -0.40871E-02
  1.000   3.132   -0.10721E+07  -0.16127E+04   0.33021E+03  -0.33848E+04   0.75512E+07  -0.38155E-02
  1.012   3.151   -0.10757E+07   0.15759E+02  -0.64556E+03   0.13184E+03   0.75603E+07   0.11114E-05
  1.012   3.151    0.23319E+05  -0.20328E+05  -0.14033E+05  -0.14688E+06  -0.16616E+06   0.22744E-02
  1.012   3.151    0.23319E+05   0.20328E+05  -0.14032E+05   0.14688E+06  -0.16615E+06  -0.22763E-02
  1.012   3.151    0.23317E+05  -0.20744E+05   0.13863E+05  -0.14378E+06  -0.16613E+06  -0.28741E-02
  1.012   3.151   -0.10730E+07   0.14692E+04   0.31407E+03   0.31746E+04   0.75539E+07   0.22084E-02
  1.012   3.151   -0.12301E+05   0.22131E+03   0.16432E+03  -0.15054E+04   0.85942E+05   0.54003E-02
  1.012   3.151    0.23322E+05   0.20747E+05   0.13867E+05   0.14380E+06  -0.16617E+06   0.28742E-02
  1.012   3.151   -0.12301E+05  -0.21580E+03   0.16830E+03   0.15449E+04   0.85942E+05  -0.54007E-02
  1.012   3.151   -0.10730E+07  -0.15142E+04   0.33097E+03  -0.35456E+04   0.75539E+07  -0.22082E-02
  1.025   3.170   -0.10759E+07  -0.60478E+01  -0.64645E+03  -0.37414E+02   0.75623E+07  -0.61919E-06
  1.025   3.170    0.24381E+05  -0.20697E+05  -0.14048E+05  -0.14748E+06  -0.16743E+06  -0.21057E-02
  1.025   3.170    0.24381E+05   0.20697E+05  -0.14048E+05   0.14748E+06  -0.16743E+06   0.21063E-02
  1.025   3.170    0.24382E+05  -0.21215E+05   0.13880E+05  -0.14447E+06  -0.16742E+06   0.15581E-04
  1.025   3.170   -0.10738E+07   0.12049E+04   0.32085E+03   0.30898E+04   0.75564E+07   0.27268E-03
  1.025   3.170   -0.11967E+05   0.26959E+03   0.16636E+03  -0.14859E+04   0.85776E+05   0.66011E-02
  1.025   3.170    0.24383E+05   0.21216E+05   0.13881E+05   0.14448E+06  -0.16743E+06  -0.15466E-04
  1.025   3.170   -0.11967E+05  -0.26946E+03   0.16671E+03   0.14869E+04   0.85776E+05  -0.66011E-02
  1.025   3.170   -0.10738E+07  -0.11918E+04   0.32538E+03  -0.30337E+04   0.75564E+07  -0.27243E-03
  1.038   3.190   -0.10760E+07  -0.89677E+00  -0.64796E+03   0.34093E+02   0.75652E+07  -0.89521E-06
  1.038   3.190    0.25482E+05  -0.21183E+05  -0.14065E+05  -0.14820E+06  -0.16874E+06  -0.66548E-02
  1.038   3.190    0.25482E+05   0.21183E+05  -0.14064E+05   0.14820E+06  -0.16874E+06   0.66549E-02
  1.038   3.190    0.25484E+05  -0.21702E+05   0.13898E+05  -0.14518E+06  -0.16875E+06   0.31865E-02
  1.038   3.190   -0.10746E+07   0.77709E+03   0.32423E+03   0.26018E+04   0.75606E+07  -0.17786E-02
  1.038   3.190   -0.11712E+05   0.26811E+03   0.16689E+03  -0.15006E+04   0.85708E+05   0.74095E-02
  1.038   3.190    0.25484E+05   0.21702E+05   0.13898E+05   0.14518E+06  -0.16874E+06  -0.31860E-02
  1.038   3.190   -0.11712E+05  -0.26812E+03   0.16674E+03   0.14993E+04   0.85708E+05  -0.74094E-02
  1.038   3.190   -0.10746E+07  -0.77898E+03   0.32335E+03  -0.26938E+04   0.75606E+07   0.17786E-02
  1.050   3.209   -0.10758E+07   0.67234E+01  -0.64825E+03   0.62300E+02   0.75672E+07   0.77490E-06
  1.050   3.209    0.26500E+05  -0.21734E+05  -0.14081E+05  -0.14896E+06  -0.16994E+06  -0.10723E-01
  1.050   3.209    0.26499E+05   0.21734E+05  -0.14080E+05   0.14896E+06  -0.16993E+06   0.10720E-01
  1.050   3.209    0.26501E+05  -0.22171E+05   0.13913E+05  -0.14584E+06  -0.16993E+06   0.63526E-02
  1.050   3.209   -0.10753E+07   0.30519E+03   0.31805E+03   0.21824E+04   0.75635E+07  -0.36182E-02
  1.050   3.209   -0.11579E+05   0.22633E+03   0.16652E+03  -0.15479E+04   0.85752E+05   0.75469E-02
  1.050   3.209    0.26502E+05   0.22172E+05   0.13914E+05   0.14585E+06  -0.16994E+06  -0.63528E-02
  1.050   3.209   -0.11579E+05  -0.22484E+03   0.16762E+03   0.15579E+04   0.85752E+05  -0.75469E-02
  1.050   3.209   -0.10753E+07  -0.30808E+03   0.33078E+03  -0.22061E+04   0.75635E+07   0.36174E-02
  1.062   3.228   -0.10759E+07  -0.16641E+02  -0.64888E+03  -0.11943E+03   0.75699E+07  -0.10250E-05
  1.062   3.228    0.27329E+05  -0.22280E+05  -0.14097E+05  -0.14972E+06  -0.17093E+06  -0.13716E-01
  1.062   3.228    0.27330E+05   0.22279E+05  -0.14097E+05   0.14972E+06  -0.17093E+06   0.13717E-01
  1.062   3.228    0.27335E+05  -0.22599E+05   0.13932E+05  -0.14647E+06  -0.17096E+06   0.91997E-02
  1.062   3.228   -0.10762E+07  -0.10774E+03   0.33087E+03   0.18869E+04   0.75673E+07  -0.49142E-02
  1.062   3.228   -0.11593E+05   0.16025E+03   0.16872E+03  -0.16391E+04   0.85946E+05   0.68692E-02
  1.062   3.228    0.27331E+05   0.22597E+05   0.13929E+05   0.14646E+06  -0.17093E+06  -0.91998E-02
  1.062   3.228   -0.11593E+05  -0.16464E+03   0.16600E+03   0.16095E+04   0.85946E+05  -0.68689E-02
  1.062   3.228   -0.10762E+07   0.13558E+03   0.31927E+03  -0.16995E+04   0.75673E+07   0.49143E-02
  1.075   3.247   -0.10762E+07   0.94880E+01  -0.65096E+03   0.96450E+02   0.75720E+07  -0.60651E-07
  1.075   3.247    0.27909E+05  -0.22753E+05  -0.14111E+05  -0.15035E+06  -0.17164E+06  -0.15369E-01
  1.075   3.247    0.27909E+05   0.22753E+05  -0.14111E+05   0.15036E+06  -0.17164E+06   0.15368E-01
  1.075   3.247    0.27912E+05  -0.22950E+05   0.13943E+05  -0.14697E+06  -0.17165E+06   0.11497E-01
  1.075   3.247   -0.10770E+07  -0.44138E+03   0.32450E+03   0.14651E+04   0.75695E+07  -0.55481E-02
  1.075   3.247   -0.11730E+05   0.98623E+02   0.16732E+03  -0.16926E+04   0.86227E+05   0.54497E-02
  1.075   3.247    0.27913E+05   0.22951E+05   0.13944E+05   0.14697E+06  -0.17165E+06  -0.11497E-01
  1.075   3.247   -0.11730E+05  -0.98502E+02   0.16780E+03   0.16952E+04   0.86227E+05  -0.54499E-02
  1.075   3.247   -0.10770E+07   0.43229E+03   0.32667E+03  -0.15480E+04   0.75695E+07   0.55480E-02
  1.087   3.266   -0.10771E+07  -0.11913E+01  -0.65204E+03   0.63511E+01   0.75759E+07  -0.29825E-06
  1.087   3.266    0.28258E+05  -0.23136E+05  -0.14127E+05  -0.15093E+06  -0.17216E+06  -0.15768E-01
  1.087   3.266    0.28258E+05   0.23136E+05  -0.14127E+05   0.15093E+06  -0.17216E+06   0.15767E-01
  1.087   3.266    0.28261E+05  -0.23228E+05   0.13960E+05  -0.14743E+06  -0.17217E+06   0.13142E-01
  1.087   3.266   -0.10781E+07  -0.59777E+03   0.32382E+03   0.14743E+04   0.75735E+07  -0.55277E-02
  1.087   3.266   -0.11955E+05   0.42656E+02   0.16837E+03  -0.17609E+04   0.86607E+05   0.35383E-02
  1.087   3.266    0.28260E+05   0.23228E+05   0.13959E+05   0.14743E+06  -0.17216E+06  -0.13142E-01
  1.087   3.266   -0.11955E+05  -0.44521E+02   0.16730E+03   0.17481E+04   0.86607E+05  -0.35386E-02
  1.087   3.266   -0.10781E+07   0.63074E+03   0.32862E+03  -0.12362E+04   0.75735E+07   0.55275E-02
  1.100   3.284   -0.10781E+07  -0.11059E+01  -0.65348E+03   0.80855E+00   0.75790E+07  -0.16971E-05
  1.100   3.284    0.28414E+05  -0.23419E+05  -0.14142E+05  -0.15139E+06  -0.17248E+06  -0.15209E-01
  1.100   3.284    0.28414E+05   0.23419E+05  -0.14142E+05   0.15139E+06  -0.17248E+06   0.15209E-01
  1.100   3.284    0.28417E+05  -0.23422E+05   0.13975E+05  -0.14779E+06  -0.17249E+06   0.14124E-01
  1.100   3.284   -0.10793E+07  -0.66681E+03   0.33110E+03   0.13346E+04   0.75766E+07  -0.50526E-02
  1.100   3.284   -0.12212E+05  -0.30555E+01   0.16844E+03  -0.18085E+04   0.87001E+05   0.14414E-02
  1.100   3.284    0.28416E+05   0.23421E+05   0.13974E+05   0.14779E+06  -0.17248E+06  -0.14124E-01
  1.100   3.284   -0.12212E+05   0.22417E+01   0.16772E+03   0.18021E+04   0.87001E+05  -0.14414E-02
  1.100   3.284   -0.10793E+07   0.67227E+03   0.32255E+03  -0.13022E+04   0.75766E+07   0.50523E-02
  1.113   3.303   -0.10785E+07   0.45415E+01  -0.65502E+03   0.32968E+02   0.75701E+07  -0.15343E-06
  1.113   3.303    0.28429E+05  -0.23614E+05  -0.14156E+05  -0.15169E+06  -0.17258E+06  -0.14044E-01
  1.113   3.303    0.28428E+05   0.23613E+05  -0.14155E+05   0.15169E+06  -0.17258E+06   0.14044E-01
  1.113   3.303    0.28433E+05  -0.23530E+05   0.13989E+05  -0.14800E+06  -0.17259E+06   0.14484E-01
  1.113   3.303   -0.10796E+07  -0.63833E+03   0.34182E+03   0.13248E+04   0.75680E+07  -0.42778E-02
  1.113   3.303   -0.12460E+05  -0.46876E+02   0.16903E+03  -0.18578E+04   0.87337E+05  -0.57018E-03
  1.113   3.303    0.28431E+05   0.23529E+05   0.13987E+05   0.14799E+06  -0.17258E+06  -0.14484E-01
  1.113   3.303   -0.12460E+05   0.45219E+02   0.16757E+03   0.18458E+04   0.87336E+05   0.57017E-03
  1.113   3.303   -0.10796E+07   0.63148E+03   0.31292E+03  -0.14038E+04   0.75680E+07   0.42778E-02
  1.125   3.322   -0.10807E+07  -0.23976E+02  -0.65552E+03  -0.21356E+03   0.75847E+07   0.17726E-07
  1.125   3.322    0.28365E+05  -0.23753E+05  -0.14167E+05  -0.15204E+06  -0.17272E+06  -0.12562E-01
  1.125   3.322    0.28366E+05   0.23752E+05  -0.14167E+05   0.15204E+06  -0.17273E+06   0.12562E-01
  1.125   3.322    0.28367E+05  -0.23572E+05   0.13998E+05  -0.14823E+06  -0.17273E+06   0.14279E-01
  1.125   3.322   -0.10816E+07  -0.52810E+03   0.33420E+03   0.15983E+04   0.75816E+07  -0.32924E-02
  1.125   3.322   -0.12681E+05  -0.93522E+02   0.16929E+03  -0.19088E+04   0.87700E+05  -0.23180E-02
  1.125   3.322    0.28366E+05   0.23573E+05   0.13997E+05   0.14823E+06  -0.17272E+06  -0.14280E-01
  1.125   3.322   -0.12681E+05   0.91431E+02   0.16762E+03   0.18939E+04   0.87700E+05   0.23183E-02
  1.125   3.322   -0.10816E+07   0.55747E+03   0.32140E+03  -0.13278E+04   0.75816E+07   0.32925E-02
  1.137   3.340   -0.10823E+07   0.36520E+02  -0.65719E+03   0.29840E+03   0.75889E+07   0.51946E-06
  1.137   3.340    0.28257E+05  -0.23848E+05  -0.14184E+05  -0.15232E+06  -0.17281E+06  -0.10974E-01
  1.137   3.340    0.28255E+05   0.23848E+05  -0.14183E+05   0.15232E+06  -0.17280E+06   0.10974E-01
  1.137   3.340    0.28258E+05  -0.23564E+05   0.14014E+05  -0.14841E+06  -0.17280E+06   0.13597E-01
  1.137   3.340   -0.10830E+07  -0.44934E+03   0.33159E+03   0.13484E+04   0.75859E+07  -0.21981E-02
  1.137   3.340   -0.12865E+05  -0.14385E+03   0.16857E+03  -0.19508E+04   0.88018E+05  -0.37140E-02
  1.137   3.340    0.28258E+05   0.23563E+05   0.14014E+05   0.14840E+06  -0.17280E+06  -0.13597E-01
  1.137   3.340   -0.12865E+05   0.14528E+03   0.16887E+03   0.19589E+04   0.88018E+05   0.37139E-02
  1.137   3.340   -0.10830E+07   0.38820E+03   0.32529E+03  -0.18265E+04   0.75859E+07   0.21976E-02
  1.150   3.358   -0.10837E+07   0.37462E+02  -0.65741E+03   0.30928E+03   0.75917E+07  -0.16284E-05
  1.150   3.358    0.28126E+05  -0.23913E+05  -0.14195E+05  -0.15254E+06  -0.17285E+06  -0.93975E-02
  1.150   3.358    0.28124E+05   0.23912E+05  -0.14194E+05   0.15254E+06  -0.17283E+06   0.94058E-02
  1.150   3.358    0.28126E+05  -0.23514E+05   0.14026E+05  -0.14853E+06  -0.17284E+06   0.12527E-01
  1.150   3.358   -0.10842E+07  -0.31256E+03   0.33213E+03   0.14551E+04   0.75890E+07  -0.11200E-02
  1.150   3.358   -0.13009E+05  -0.19969E+03   0.16849E+03  -0.20038E+04   0.88280E+05  -0.47416E-02
  1.150   3.358    0.28126E+05   0.23513E+05   0.14026E+05   0.14852E+06  -0.17284E+06  -0.12520E-01
  1.150   3.358   -0.13008E+05   0.20408E+03   0.16934E+03   0.20181E+04   0.88280E+05   0.47390E-02
  1.150   3.358   -0.10842E+07   0.24754E+03   0.32575E+03  -0.19861E+04   0.75890E+07   0.11223E-02
  1.163   3.376   -0.10854E+07   0.27709E+02  -0.65698E+03   0.21882E+03   0.75968E+07  -0.76388E-06
  1.163   3.376    0.27982E+05  -0.23957E+05  -0.14210E+05  -0.15278E+06  -0.17290E+06  -0.79340E-02
  1.163   3.376    0.27981E+05   0.23957E+05  -0.14210E+05   0.15278E+06  -0.17289E+06   0.79350E-02
  1.163   3.376    0.27983E+05  -0.23430E+05   0.14041E+05  -0.14863E+06  -0.17290E+06   0.11164E-01
  1.163   3.376   -0.10856E+07  -0.16345E+03   0.33736E+03   0.16093E+04   0.75926E+07  -0.97838E-04
  1.163   3.376   -0.13118E+05  -0.26469E+03   0.17011E+03  -0.20775E+04   0.88515E+05  -0.54275E-02
  1.163   3.376    0.27980E+05   0.23427E+05   0.14038E+05   0.14861E+06  -0.17288E+06  -0.11165E-01
  1.163   3.376   -0.13118E+05   0.26270E+03   0.16820E+03   0.20626E+04   0.88515E+05   0.54276E-02
  1.163   3.376   -0.10856E+07   0.10215E+03   0.32167E+03  -0.21087E+04   0.75926E+07   0.97698E-04
  1.175   3.395   -0.10868E+07   0.11877E+02  -0.65955E+03   0.79568E+02   0.75986E+07  -0.89553E-06
  1.175   3.395    0.27835E+05  -0.23982E+05  -0.14220E+05  -0.15294E+06  -0.17290E+06  -0.65908E-02
  1.175   3.395    0.27834E+05   0.23983E+05  -0.14220E+05   0.15295E+06  -0.17290E+06   0.65908E-02
  1.175   3.395    0.27836E+05  -0.23326E+05   0.14050E+05  -0.14868E+06  -0.17289E+06   0.95963E-02
  1.175   3.395   -0.10867E+07   0.99782E+01   0.32306E+03   0.19760E+04   0.75948E+07   0.76344E-03
  1.175   3.395   -0.13198E+05  -0.32608E+03   0.16832E+03  -0.21194E+04   0.88705E+05  -0.58370E-02
  1.175   3.395    0.27838E+05   0.23327E+05   0.14052E+05   0.14868E+06  -0.17291E+06  -0.95959E-02
  1.175   3.395   -0.13198E+05   0.32869E+03   0.17029E+03   0.21377E+04   0.88705E+05   0.58369E-02
  1.175   3.395   -0.10867E+07  -0.16859E+02   0.33687E+03  -0.20078E+04   0.75948E+07  -0.76360E-03
  1.188   3.413   -0.10882E+07  -0.56290E+01  -0.66113E+03  -0.52252E+02   0.76019E+07  -0.29173E-06
  1.188   3.413    0.27697E+05  -0.24003E+05  -0.14232E+05  -0.15313E+06  -0.17294E+06  -0.53870E-02
  1.188   3.413    0.27697E+05   0.24003E+05  -0.14232E+05   0.15312E+06  -0.17293E+06   0.53882E-02
  1.188   3.413    0.27703E+05  -0.23218E+05   0.14065E+05  -0.14876E+06  -0.17295E+06   0.78972E-02
  1.188   3.413   -0.10880E+07   0.16974E+03   0.33027E+03   0.22453E+04   0.75988E+07   0.16207E-02
  1.188   3.413   -0.13259E+05  -0.39277E+03   0.17010E+03  -0.21928E+04   0.88891E+05  -0.60263E-02
  1.188   3.413    0.27701E+05   0.23218E+05   0.14064E+05   0.14875E+06  -0.17294E+06  -0.78973E-02
  1.188   3.413   -0.13259E+05   0.39098E+03   0.16890E+03   0.21803E+04   0.88891E+05   0.60263E-02
  1.188   3.413   -0.10880E+07  -0.14176E+03   0.33069E+03  -0.19929E+04   0.75988E+07  -0.16204E-02
  1.200   3.430   -0.10894E+07  -0.18414E+02  -0.66286E+03  -0.16708E+03   0.76037E+07   0.13937E-06
  1.200   3.430    0.27560E+05  -0.24011E+05  -0.14242E+05  -0.15327E+06  -0.17294E+06  -0.43134E-02
  1.200   3.430    0.27561E+05   0.24011E+05  -0.14243E+05   0.15327E+06  -0.17294E+06   0.43132E-02
  1.200   3.430    0.27564E+05  -0.23095E+05   0.14073E+05  -0.14878E+06  -0.17294E+06   0.61274E-02
  1.200   3.430   -0.10889E+07   0.30936E+03   0.32834E+03   0.23940E+04   0.75999E+07   0.22888E-02
  1.200   3.430   -0.13297E+05  -0.45571E+03   0.16958E+03  -0.22414E+04   0.89028E+05  -0.60550E-02
  1.200   3.430    0.27564E+05   0.23096E+05   0.14073E+05   0.14878E+06  -0.17295E+06  -0.61256E-02
  1.200   3.430   -0.13297E+05   0.45583E+03   0.16965E+03   0.22415E+04   0.89028E+05   0.60544E-02
  1.200   3.430   -0.10889E+07  -0.27308E+03   0.33334E+03  -0.20783E+04   0.75999E+07  -0.22884E-02
  1.213   3.448   -0.10908E+07   0.17584E+01  -0.66258E+03   0.21309E+02   0.76071E+07  -0.81973E-06
  1.213   3.448    0.27428E+05  -0.24013E+05  -0.14255E+05  -0.15343E+06  -0.17298E+06  -0.33457E-02
  1.213   3.448    0.27429E+05   0.24013E+05  -0.14255E+05   0.15343E+06  -0.17298E+06   0.33423E-02
  1.213   3.448    0.27431E+05  -0.22971E+05   0.14084E+05  -0.14882E+06  -0.17298E+06   0.43258E-02
  1.213   3.448   -0.10900E+07   0.42003E+03   0.32978E+03   0.23737E+04   0.76026E+07   0.28756E-02
  1.213   3.448   -0.13322E+05  -0.51785E+03   0.16972E+03  -0.22945E+04   0.89167E+05  -0.59669E-02
  1.213   3.448    0.27431E+05   0.22972E+05   0.14084E+05   0.14883E+06  -0.17298E+06  -0.43264E-02
  1.213   3.448   -0.13322E+05   0.51735E+03   0.16984E+03   0.22927E+04   0.89167E+05   0.59669E-02
  1.213   3.448   -0.10900E+07  -0.41295E+03   0.33280E+03  -0.23104E+04   0.76026E+07  -0.28760E-02
  1.225   3.466   -0.10920E+07  -0.53935E+01  -0.66431E+03  -0.65097E+02   0.76101E+07   0.10189E-05
  1.225   3.466    0.27292E+05  -0.23998E+05  -0.14267E+05  -0.15357E+06  -0.17302E+06  -0.24592E-02
  1.225   3.466    0.27293E+05   0.23998E+05  -0.14267E+05   0.15357E+06  -0.17301E+06   0.24619E-02
  1.225   3.466    0.27294E+05  -0.22844E+05   0.14097E+05  -0.14888E+06  -0.17301E+06   0.25569E-02
  1.225   3.466   -0.10911E+07   0.54258E+03   0.33616E+03   0.25774E+04   0.76056E+07   0.32460E-02
  1.225   3.466   -0.13336E+05  -0.57422E+03   0.17031E+03  -0.23407E+04   0.89301E+05  -0.58054E-02
  1.225   3.466    0.27293E+05   0.22844E+05   0.14096E+05   0.14888E+06  -0.17301E+06  -0.25551E-02
  1.225   3.466   -0.13336E+05   0.57374E+03   0.16956E+03   0.23353E+04   0.89301E+05   0.58057E-02
  1.225   3.466   -0.10911E+07  -0.51252E+03   0.32733E+03  -0.22869E+04   0.76056E+07  -0.32459E-02
  1.238   3.484   -0.10931E+07  -0.28492E+02  -0.66326E+03  -0.25105E+03   0.76125E+07  -0.81102E-06
  1.238   3.484    0.27136E+05  -0.23954E+05  -0.14277E+05  -0.15366E+06  -0.17301E+06  -0.16233E-02
  1.238   3.484    0.27136E+05   0.23953E+05  -0.14277E+05   0.15366E+06  -0.17301E+06   0.16219E-02
  1.238   3.484    0.27140E+05  -0.22709E+05   0.14108E+05  -0.14891E+06  -0.17302E+06   0.85651E-03
  1.238   3.484   -0.10920E+07   0.64391E+03   0.34084E+03   0.27252E+04   0.76078E+07   0.35136E-02
  1.238   3.484   -0.13335E+05  -0.62156E+03   0.17158E+03  -0.23847E+04   0.89411E+05  -0.55920E-02
  1.238   3.484    0.27137E+05   0.22707E+05   0.14105E+05   0.14890E+06  -0.17300E+06  -0.85592E-03
  1.238   3.484   -0.13335E+05   0.61783E+03   0.16848E+03   0.23571E+04   0.89411E+05   0.55923E-02
  1.238   3.484   -0.10920E+07  -0.59334E+03   0.32337E+03  -0.22776E+04   0.76078E+07  -0.35133E-02
  1.250   3.501   -0.10941E+07  -0.55349E+01  -0.66573E+03  -0.49761E+02   0.76150E+07  -0.22172E-06
  1.250   3.501    0.26938E+05  -0.23854E+05  -0.14288E+05  -0.15371E+06  -0.17298E+06  -0.78846E-03
  1.250   3.501    0.26937E+05   0.23853E+05  -0.14288E+05   0.15371E+06  -0.17298E+06   0.78633E-03
  1.250   3.501    0.26937E+05  -0.22559E+05   0.14117E+05  -0.14893E+06  -0.17297E+06  -0.74143E-03
  1.250   3.501   -0.10928E+07   0.68585E+03   0.33464E+03   0.26221E+04   0.76101E+07   0.35717E-02
  1.250   3.501   -0.13318E+05  -0.64257E+03   0.17024E+03  -0.23827E+04   0.89506E+05  -0.53358E-02
  1.250   3.501    0.26937E+05   0.22560E+05   0.14117E+05   0.14893E+06  -0.17297E+06   0.74282E-03
  1.250   3.501   -0.13318E+05   0.64275E+03   0.16997E+03   0.23806E+04   0.89507E+05   0.53354E-02
  1.250   3.501   -0.10928E+07  -0.66898E+03   0.33024E+03  -0.24570E+04   0.76101E+07  -0.35729E-02
