  0.000   0.000    0.00000E+00   0.00000E+00   0.00000E+00   0.00000E+00   0.00000E+00   0.00000E+00
  0.000   0.000    0.00000E+00   0.00000E+00   0.00000E+00   0.00000E+00   0.00000E+00   0.00000E+00
  0.000   0.000    0.00000E+00   0.00000E+00   0.00000E+00   0.00000E+00   0.00000E+00   0.00000E+00
  0.000   0.000    0.00000E+00   0.00000E+00   0.00000E+00   0.00000E+00   0.00000E+00   0.00000E+00
  0.000   0.000    0.00000E+00   0.00000E+00   0.00000E+00   0.00000E+00   0.00000E+00   0.00000E+00
  0.000   0.000    0.00000E+00   0.00000E+00   0.00000E+00   0.00000E+00   0.00000E+00   0.00000E+00
  0.000   0.000    0.00000E+00   0.00000E+00   0.00000E+00   0.00000E+00   0.00000E+00   0.00000E+00
  0.000   0.000    0.00000E+00   0.00000E+00   0.00000E+00   0.00000E+00   0.00000E+00   0.00000E+00
  0.000   0.000    0.00000E+00   0.00000E+00   0.00000E+00   0.00000E+00   0.00000E+00   0.00000E+00
 -1.000  -1.000    0.00000E+00   0.00000E+00   0.00000E+00   0.00000E+00   0.00000E+00   0.00000E+00
 -1.000  -1.000    0.00000E+00   0.00000E+00   0.00000E+00   0.00000E+00   0.00000E+00   0.00000E+00
 -1.000  -1.000    0.00000E+00   0.00000E+00   0.00000E+00   0.00000E+00   0.00000E+00   0.00000E+00
 -1.000  -1.000    0.00000E+00   0.00000E+00   0.00000E+00   0.00000E+00   0.00000E+00   0.00000E+00
 -1.000  -1.000    0.00000E+00   0.00000E+00   0.00000E+00   0.00000E+00   0.00000E+00   0.00000E+00
 -1.000  -1.000    0.00000E+00   0.00000E+00   0.00000E+00   0.00000E+00   0.00000E+00   0.00000E+00
 -1.000  -1.000    0.00000E+00   0.00000E+00   0.00000E+00   0.00000E+00   0.00000E+00   0.00000E+00
 -1.000  -1.000    0.00000E+00   0.00000E+00   0.00000E+00   0.00000E+00   0.00000E+00   0.00000E+00
 -1.000  -1.000    0.00000E+00   0.00000E+00   0.00000E+00   0.00000E+00   0.00000E+00   0.00000E+00
  0.013   0.333   -0.89984E-05   0.41310E+02   0.11278E-04   0.20958E+03   0.42943E-04  -0.68464E-07
  0.013   0.333    0.11103E+01   0.39384E+02  -0.14277E+02   0.20032E+03  -0.53420E+01   0.37311E-07
  0.013   0.333   -0.11103E+01   0.39384E+02   0.14277E+02   0.20032E+03   0.53420E+01   0.37302E-07
  0.013   0.333    0.94572E+00   0.39384E+02   0.87949E+01   0.19981E+03  -0.48022E+01  -0.65805E-07
  0.013   0.333    0.19116E+01   0.37994E+02  -0.43310E+01   0.19322E+03  -0.94291E+01   0.34183E-07
  0.013   0.333    0.82316E-01   0.37601E+02   0.23071E+02   0.19127E+03  -0.70507E+00   0.36787E-07
  0.013   0.333   -0.94572E+00   0.39384E+02  -0.87949E+01   0.19981E+03   0.48022E+01  -0.65804E-07
  0.013   0.333   -0.82299E-01   0.37601E+02  -0.23071E+02   0.19127E+03   0.70499E+00   0.36797E-07
  0.013   0.333   -0.19116E+01   0.37994E+02   0.43310E+01   0.19322E+03   0.94290E+01   0.34175E-07
  0.025   0.494    0.28660E-04   0.50385E+03  -0.54106E-04   0.24976E+04   0.80765E-04  -0.85085E-06
  0.025   0.494    0.19975E+02   0.46917E+03  -0.15361E+03   0.23314E+04  -0.95738E+02   0.47568E-06
  0.025   0.494   -0.19975E+02   0.46917E+03   0.15361E+03   0.23314E+04   0.95738E+02   0.47551E-06
  0.025   0.494    0.15450E+02   0.46917E+03   0.10746E+03   0.23258E+04  -0.76391E+02  -0.81825E-06
  0.025   0.494    0.26063E+02   0.45864E+03  -0.32589E+02   0.22785E+04  -0.12631E+03   0.42267E-06
  0.025   0.494    0.22612E+01   0.43847E+03   0.26107E+03   0.21794E+04  -0.14525E+02   0.45506E-06
  0.025   0.494   -0.15450E+02   0.46917E+03  -0.10746E+03   0.23258E+04   0.76392E+02  -0.81822E-06
  0.025   0.494   -0.22612E+01   0.43847E+03  -0.26107E+03   0.21794E+04   0.14525E+02   0.45527E-06
  0.025   0.494   -0.26063E+02   0.45864E+03   0.32589E+02   0.22785E+04   0.12631E+03   0.42256E-06
  0.038   0.606    0.97417E-03   0.19321E+04  -0.76973E-03   0.93683E+04  -0.49671E-02  -0.32598E-05
  0.038   0.606    0.11478E+03   0.17323E+04  -0.51862E+03   0.84196E+04  -0.54500E+03   0.19068E-05
  0.038   0.606   -0.11478E+03   0.17323E+04   0.51862E+03   0.84196E+04   0.54499E+03   0.19077E-05
  0.038   0.606    0.85852E+02   0.17323E+04   0.37744E+03   0.84000E+04  -0.41460E+03  -0.31420E-05
  0.038   0.606    0.11189E+03   0.17380E+04  -0.90124E+02   0.84437E+04  -0.53303E+03   0.16085E-05
  0.038   0.606    0.14449E+02   0.15585E+04   0.89607E+03   0.75787E+04  -0.82011E+02   0.17449E-05
  0.038   0.606   -0.85852E+02   0.17323E+04  -0.37744E+03   0.84000E+04   0.41460E+03  -0.31421E-05
  0.038   0.606   -0.14450E+02   0.15585E+04  -0.89607E+03   0.75787E+04   0.82017E+02   0.17439E-05
  0.038   0.606   -0.11189E+03   0.17380E+04   0.90124E+02   0.84437E+04   0.53304E+03   0.16093E-05
  0.050   0.700    0.57728E-02   0.47955E+04   0.13527E-03   0.22738E+05  -0.33029E-01  -0.79789E-05
  0.050   0.700    0.41220E+03   0.40747E+04  -0.11195E+04   0.19366E+05  -0.19285E+04   0.49897E-05
  0.050   0.700   -0.41220E+03   0.40747E+04   0.11196E+04   0.19366E+05   0.19285E+04   0.49916E-05
  0.050   0.700    0.30813E+03   0.40747E+04   0.83678E+03   0.19323E+05  -0.14545E+04  -0.77202E-05
  0.050   0.700    0.31081E+03   0.42565E+04  -0.15733E+03   0.20217E+05  -0.14541E+04   0.39075E-05
  0.050   0.700    0.51969E+02   0.34511E+04   0.19564E+04   0.16415E+05  -0.27402E+03   0.42926E-05
  0.050   0.700   -0.30813E+03   0.40747E+04  -0.83678E+03   0.19323E+05   0.14545E+04  -0.77216E-05
  0.050   0.700   -0.51977E+02   0.34511E+04  -0.19564E+04   0.16415E+05   0.27406E+03   0.42881E-05
  0.050   0.700   -0.31082E+03   0.42565E+04   0.15733E+03   0.20217E+05   0.14542E+04   0.39066E-05
  0.062   0.783    0.21549E-01   0.94462E+04   0.10317E-03   0.43781E+05  -0.99441E-01  -0.15254E-04
  0.062   0.783    0.11250E+04   0.74665E+04  -0.18889E+04   0.34684E+05  -0.51683E+04   0.10431E-04
  0.062   0.783   -0.11250E+04   0.74665E+04   0.18889E+04   0.34684E+05   0.51682E+04   0.10451E-04
  0.062   0.783    0.85896E+03   0.74665E+04   0.14685E+04   0.34610E+05  -0.39634E+04  -0.14853E-04
  0.062   0.783    0.67445E+03   0.82765E+04  -0.17607E+03   0.38413E+05  -0.30953E+04   0.73931E-05
  0.062   0.783    0.13277E+03   0.57492E+04   0.33576E+04   0.26743E+05  -0.66558E+03   0.82837E-05
  0.062   0.783   -0.85896E+03   0.74665E+04  -0.14685E+04   0.34610E+05   0.39634E+04  -0.14858E-04
  0.062   0.783   -0.13279E+03   0.57492E+04  -0.33576E+04   0.26743E+05   0.66569E+03   0.82652E-05
  0.062   0.783   -0.67447E+03   0.82765E+04   0.17607E+03   0.38413E+05   0.30955E+04   0.74129E-05
  0.075   0.858   -0.59525E-02   0.16068E+05  -0.20914E-03   0.72734E+05   0.23990E-01  -0.24673E-04
  0.075   0.858    0.25462E+04   0.11551E+05  -0.27025E+04   0.52403E+05  -0.11458E+05   0.19000E-04
  0.075   0.858   -0.25462E+04   0.11551E+05   0.27025E+04   0.52403E+05   0.11458E+05   0.18984E-04
  0.075   0.858    0.20268E+04   0.11551E+05   0.22382E+04   0.52295E+05  -0.91357E+04  -0.24290E-04
  0.075   0.858    0.12146E+04   0.13961E+05  -0.59687E+02   0.63263E+05  -0.54605E+04   0.11893E-04
  0.075   0.858    0.25915E+03   0.75928E+04   0.49413E+04   0.34525E+05  -0.12516E+04   0.13533E-04
  0.075   0.858   -0.20268E+04   0.11551E+05  -0.22382E+04   0.52295E+05   0.91357E+04  -0.24286E-04
  0.075   0.858   -0.25914E+03   0.75928E+04  -0.49413E+04   0.34525E+05   0.12515E+04   0.13536E-04
  0.075   0.858   -0.12146E+04   0.13961E+05   0.59687E+02   0.63263E+05   0.54604E+04   0.11866E-04
  0.088   0.926    0.10897E-02   0.24755E+05   0.44731E-03   0.10943E+06  -0.50613E-01  -0.35311E-04
  0.088   0.926    0.50285E+04   0.15746E+05  -0.34245E+04   0.69760E+05  -0.22141E+05   0.31546E-04
  0.088   0.926   -0.50286E+04   0.15746E+05   0.34245E+04   0.69760E+05   0.22141E+05   0.31529E-04
  0.088   0.926    0.42666E+04   0.15746E+05   0.31065E+04   0.69623E+05  -0.18787E+05  -0.35408E-04
  0.088   0.926    0.18384E+04   0.21565E+05   0.26934E+03   0.95395E+05  -0.80912E+04   0.16964E-04
  0.088   0.926    0.37974E+03   0.77008E+04   0.65323E+04   0.34269E+05  -0.17901E+04   0.19560E-04
  0.088   0.926   -0.42666E+04   0.15746E+05  -0.31065E+04   0.69623E+05   0.18787E+05  -0.35416E-04
  0.088   0.926   -0.37976E+03   0.77008E+04  -0.65323E+04   0.34269E+05   0.17902E+04   0.19560E-04
  0.088   0.926   -0.18384E+04   0.21565E+05  -0.26934E+03   0.95395E+05   0.80913E+04   0.16931E-04
  0.100   0.990   -0.41847E-01   0.35585E+05  -0.95628E-03   0.15363E+06   0.18440E+00  -0.45879E-04
  0.100   0.990    0.89398E+04   0.19382E+05  -0.39492E+04   0.83853E+05  -0.38489E+05   0.49288E-04
  0.100   0.990   -0.89398E+04   0.19382E+05   0.39491E+04   0.83853E+05   0.38489E+05   0.49240E-04
  0.100   0.990    0.82821E+04   0.19382E+05   0.40287E+04   0.83696E+05  -0.35623E+05  -0.47491E-04
  0.100   0.990    0.22628E+04   0.31657E+05   0.83750E+03   0.13670E+06  -0.97489E+04   0.22248E-04
  0.100   0.990    0.32669E+03   0.44762E+04   0.79800E+04   0.19630E+05  -0.15588E+04   0.25367E-04
  0.100   0.990   -0.82821E+04   0.19382E+05  -0.40287E+04   0.83696E+05   0.35623E+05  -0.47440E-04
  0.100   0.990   -0.32663E+03   0.44762E+04  -0.79800E+04   0.19630E+05   0.15586E+04   0.25443E-04
  0.100   0.990   -0.22627E+04   0.31657E+05  -0.83750E+03   0.13670E+06   0.97485E+04   0.22233E-04
  0.113   1.050    0.26524E-01   0.48629E+05   0.11475E-02   0.20483E+06  -0.10519E+00  -0.54777E-04
  0.113   1.050    0.14583E+05   0.21831E+05  -0.42224E+04   0.92140E+05  -0.61307E+05   0.73440E-04
  0.113   1.050   -0.14583E+05   0.21831E+05   0.42224E+04   0.92140E+05   0.61307E+05   0.73419E-04
  0.113   1.050    0.15088E+05   0.21831E+05   0.49368E+04   0.91977E+05  -0.63336E+05  -0.59613E-04
  0.113   1.050    0.19415E+04   0.45251E+05   0.15882E+04   0.19058E+06  -0.81905E+04   0.27593E-04
  0.113   1.050   -0.25642E+03  -0.38507E+04   0.91625E+04  -0.15827E+05   0.88974E+03   0.29498E-04
  0.113   1.050   -0.15088E+05   0.21831E+05  -0.49368E+04   0.91977E+05   0.63336E+05  -0.59624E-04
  0.113   1.050    0.25642E+03  -0.38507E+04  -0.91625E+04  -0.15827E+05  -0.88966E+03   0.29481E-04
  0.113   1.050   -0.19415E+04   0.45251E+05  -0.15882E+04   0.19058E+06   0.81905E+04   0.27553E-04
  0.125   1.107   -0.34656E+00   0.64013E+05  -0.60888E-02   0.26312E+06   0.13694E+01  -0.61081E-04
  0.125   1.107    0.22133E+05   0.22662E+05  -0.42412E+04   0.93329E+05  -0.90857E+05   0.10602E-03
  0.125   1.107   -0.22133E+05   0.22662E+05   0.42411E+04   0.93329E+05   0.90856E+05   0.10601E-03
  0.125   1.107    0.25946E+05   0.22662E+05   0.57076E+04   0.93175E+05  -0.10632E+06  -0.71902E-04
  0.125   1.107    0.10690E+03   0.63807E+05   0.23624E+04   0.26216E+06  -0.50318E+03   0.33449E-04
  0.125   1.107   -0.19120E+04  -0.18956E+05   0.99534E+04  -0.77426E+05   0.76205E+04   0.29820E-04
  0.125   1.107   -0.25946E+05   0.22662E+05  -0.57076E+04   0.93175E+05   0.10632E+06  -0.71856E-04
  0.125   1.107    0.19120E+04  -0.18956E+05  -0.99534E+04  -0.77426E+05  -0.76210E+04   0.29955E-04
  0.125   1.107   -0.10641E+03   0.63807E+05  -0.23624E+04   0.26216E+06   0.50145E+03   0.33557E-04
  0.138   1.161    0.44228E-02   0.81464E+05   0.11845E-03   0.32642E+06   0.11433E+00  -0.63411E-04
  0.138   1.161    0.31424E+05   0.21553E+05  -0.40393E+04   0.86514E+05  -0.12580E+06   0.14824E-03
  0.138   1.161   -0.31424E+05   0.21553E+05   0.40393E+04   0.86514E+05   0.12580E+06   0.14819E-03
  0.138   1.161    0.41581E+05   0.21553E+05   0.61335E+04   0.86383E+05  -0.16614E+06  -0.83903E-04
  0.138   1.161   -0.38934E+04   0.88182E+05   0.28970E+04   0.35311E+06   0.15471E+05   0.40485E-04
  0.138   1.161   -0.50849E+04  -0.41647E+05   0.10179E+05  -0.16628E+06   0.20085E+05   0.24118E-04
  0.138   1.161   -0.41581E+05   0.21553E+05  -0.61335E+04   0.86383E+05   0.16614E+06  -0.83796E-04
  0.138   1.161    0.50849E+04  -0.41647E+05  -0.10179E+05  -0.16628E+06  -0.20085E+05   0.24159E-04
  0.138   1.161    0.38933E+04   0.88182E+05  -0.28970E+04   0.35311E+06  -0.15471E+05   0.40409E-04
  0.150   1.213    0.13773E-01   0.10061E+06  -0.10220E-02   0.39331E+06  -0.54434E-01  -0.61734E-04
  0.150   1.213    0.41997E+05   0.18464E+05  -0.36718E+04   0.72293E+05  -0.16407E+06   0.20225E-03
  0.150   1.213   -0.41997E+05   0.18464E+05   0.36718E+04   0.72293E+05   0.16407E+06   0.20226E-03
  0.150   1.213    0.60747E+05   0.18463E+05   0.59599E+04   0.72195E+05  -0.23687E+06  -0.97100E-04
  0.150   1.213   -0.97509E+04   0.11748E+06   0.28864E+04   0.45892E+06   0.37923E+05   0.48065E-04
  0.150   1.213   -0.93805E+04  -0.70495E+05   0.96395E+04  -0.27490E+06   0.36336E+05   0.11572E-04
  0.150   1.213   -0.60747E+05   0.18463E+05  -0.59599E+04   0.72195E+05   0.23687E+06  -0.97106E-04
  0.150   1.213    0.93806E+04  -0.70495E+05  -0.96395E+04  -0.27490E+06  -0.36336E+05   0.11778E-04
  0.150   1.213    0.97507E+04   0.11748E+06  -0.28864E+04   0.45892E+06  -0.37922E+05   0.48319E-04
  0.163   1.262   -0.59213E-01   0.12011E+06  -0.23039E-02   0.45738E+06   0.14862E+01  -0.54279E-04
  0.163   1.262    0.52758E+05   0.13418E+05  -0.32015E+04   0.51161E+05  -0.20080E+06   0.26684E-03
  0.163   1.262   -0.52758E+05   0.13419E+05   0.32015E+04   0.51162E+05   0.20080E+06   0.26701E-03
  0.163   1.262    0.78327E+05   0.13419E+05   0.50642E+04   0.51104E+05  -0.29755E+06  -0.11146E-03
  0.163   1.262   -0.15344E+05   0.14669E+06   0.21756E+04   0.55817E+06   0.58184E+05   0.50062E-04
  0.163   1.262   -0.12786E+05  -0.10010E+06   0.82749E+04  -0.38043E+06   0.48332E+05  -0.49828E-05
  0.163   1.262   -0.78327E+05   0.13418E+05  -0.50643E+04   0.51104E+05   0.29755E+06  -0.11112E-03
  0.163   1.262    0.12787E+05  -0.10010E+06  -0.82749E+04  -0.38043E+06  -0.48333E+05  -0.31276E-05
  0.163   1.262    0.15344E+05   0.14669E+06  -0.21756E+04   0.55817E+06  -0.58187E+05   0.52720E-04
  0.175   1.310   -0.18712E+00   0.13873E+06  -0.16620E-02   0.51528E+06   0.11133E+01  -0.39617E-04
  0.175   1.310    0.62443E+05   0.66997E+04  -0.26894E+04   0.24893E+05  -0.23183E+06   0.33889E-03
  0.175   1.310   -0.62443E+05   0.66998E+04   0.26894E+04   0.24893E+05   0.23183E+06   0.33883E-03
  0.175   1.310    0.87727E+05   0.66998E+04   0.36624E+04   0.24877E+05  -0.32508E+06  -0.12885E-03
  0.175   1.310   -0.17658E+05   0.16936E+06   0.97011E+03   0.62859E+06   0.65323E+05   0.42279E-04
  0.175   1.310   -0.12636E+05  -0.12338E+06   0.63616E+04  -0.45751E+06   0.46593E+05  -0.14980E-04
  0.175   1.310   -0.87727E+05   0.66998E+04  -0.36624E+04   0.24878E+05   0.32508E+06  -0.12872E-03
  0.175   1.310    0.12636E+05  -0.12338E+06  -0.63616E+04  -0.45751E+06  -0.46592E+05  -0.15072E-04
  0.175   1.310    0.17658E+05   0.16936E+06  -0.97011E+03   0.62859E+06  -0.65325E+05   0.41947E-04
  0.188   1.356    0.12253E+00   0.15496E+06   0.94864E-02   0.56072E+06  -0.32722E+00  -0.13845E-04
  0.188   1.356    0.69583E+05  -0.13425E+04  -0.21859E+04  -0.49032E+04  -0.25167E+06   0.41483E-03
  0.188   1.356   -0.69583E+05  -0.13428E+04   0.21859E+04  -0.49043E+04   0.25167E+06   0.41480E-03
  0.188   1.356    0.85715E+05  -0.13428E+04   0.22103E+04  -0.48794E+04  -0.30943E+06  -0.15018E-03
  0.188   1.356   -0.15263E+05   0.18149E+06  -0.26899E+03   0.65629E+06   0.54981E+05   0.12867E-04
  0.188   1.356   -0.80523E+04  -0.13590E+06   0.44061E+04  -0.49105E+06   0.28848E+05  -0.13154E-04
  0.188   1.356   -0.85715E+05  -0.13428E+04  -0.22103E+04  -0.48792E+04   0.30942E+06  -0.15017E-03
  0.188   1.356    0.80521E+04  -0.13590E+06  -0.44061E+04  -0.49105E+06  -0.28847E+05  -0.13606E-04
  0.188   1.356    0.15263E+05   0.18149E+06   0.26898E+03   0.65629E+06  -0.54981E+05   0.12175E-04
  0.200   1.400    0.41713E+00   0.16809E+06   0.26914E-02   0.59255E+06  -0.16725E+01   0.28578E-04
  0.200   1.400    0.73121E+05  -0.10308E+05  -0.17254E+04  -0.36433E+05  -0.25765E+06   0.49070E-03
  0.200   1.400   -0.73121E+05  -0.10309E+05   0.17254E+04  -0.36433E+05   0.25765E+06   0.49065E-03
  0.200   1.400    0.74794E+05  -0.10308E+05   0.10568E+04  -0.36374E+05  -0.26301E+06  -0.17783E-03
  0.200   1.400   -0.93417E+04   0.18440E+06  -0.11842E+04   0.64970E+06   0.32718E+05  -0.37747E-04
  0.200   1.400   -0.81634E+03  -0.13851E+06   0.27916E+04  -0.48768E+06   0.26615E+04   0.18068E-05
  0.200   1.400   -0.74794E+05  -0.10308E+05  -0.10568E+04  -0.36374E+05   0.26301E+06  -0.17807E-03
  0.200   1.400    0.81638E+03  -0.13851E+06  -0.27916E+04  -0.48768E+06  -0.26619E+04   0.23114E-05
  0.200   1.400    0.93414E+04   0.18440E+06   0.11842E+04   0.64970E+06  -0.32717E+05  -0.37125E-04
  0.213   1.444   -0.24339E+00   0.17779E+06  -0.18180E-03   0.61094E+06   0.38624E+00   0.94565E-04
  0.213   1.444    0.72387E+05  -0.19827E+05  -0.13247E+04  -0.68262E+05  -0.24860E+06   0.56014E-03
  0.213   1.444   -0.72388E+05  -0.19827E+05   0.13247E+04  -0.68262E+05   0.24860E+06   0.56028E-03
  0.213   1.444    0.59553E+05  -0.19827E+05   0.28832E+03  -0.68175E+05  -0.20407E+06  -0.21370E-03
  0.213   1.444   -0.20282E+04   0.18146E+06  -0.16844E+04   0.62324E+06   0.67914E+04  -0.10202E-03
  0.213   1.444    0.64398E+04  -0.13424E+06   0.16217E+04  -0.46074E+06  -0.22268E+05   0.27863E-04
  0.213   1.444   -0.59553E+05  -0.19827E+05  -0.28832E+03  -0.68175E+05   0.20406E+06  -0.21347E-03
  0.213   1.444   -0.64399E+04  -0.13424E+06  -0.16217E+04  -0.46074E+06   0.22268E+05   0.26844E-04
  0.213   1.444    0.20280E+04   0.18146E+06   0.16844E+04   0.62324E+06  -0.67903E+04  -0.10318E-03
  0.225   1.485    0.51752E+00   0.18441E+06  -0.23263E-02   0.61744E+06  -0.16856E+01   0.19071E-03
  0.225   1.485    0.67330E+05  -0.29546E+05  -0.98609E+03  -0.99085E+05  -0.22526E+06   0.61891E-03
  0.225   1.485   -0.67330E+05  -0.29546E+05   0.98607E+03  -0.99085E+05   0.22526E+06   0.61860E-03
  0.225   1.485    0.43641E+05  -0.29546E+05  -0.16772E+03  -0.98977E+05  -0.14563E+06  -0.25754E-03
  0.225   1.485    0.50582E+04   0.17581E+06  -0.18439E+04   0.58839E+06  -0.17083E+05  -0.17576E-03
  0.225   1.485    0.11867E+05  -0.12583E+06   0.82638E+03  -0.42084E+06  -0.39800E+05   0.56356E-04
  0.225   1.485   -0.43641E+05  -0.29546E+05   0.16772E+03  -0.98977E+05   0.14563E+06  -0.25770E-03
  0.225   1.485   -0.11867E+05  -0.12583E+06  -0.82639E+03  -0.42084E+06   0.39799E+05   0.56360E-04
  0.225   1.485   -0.50591E+04   0.17581E+06   0.18439E+04   0.58839E+06   0.17086E+05  -0.17569E-03
  0.238   1.526    0.59221E+00   0.18867E+06  -0.24036E-02   0.61561E+06  -0.26026E+01   0.32107E-03
  0.238   1.526    0.58444E+05  -0.39098E+05  -0.70216E+03  -0.12775E+06  -0.19049E+06   0.66731E-03
  0.238   1.526   -0.58444E+05  -0.39098E+05   0.70215E+03  -0.12775E+06   0.19050E+06   0.66756E-03
  0.238   1.526    0.28955E+05  -0.39098E+05  -0.41638E+03  -0.12763E+06  -0.94059E+05  -0.31076E-03
  0.238   1.526    0.11090E+05   0.16961E+06  -0.17754E+04   0.55320E+06  -0.36308E+05  -0.25113E-03
  0.238   1.526    0.14765E+05  -0.11501E+06   0.29318E+03  -0.37483E+06  -0.48181E+05   0.83558E-04
  0.238   1.526   -0.28955E+05  -0.39098E+05   0.41639E+03  -0.12763E+06   0.94058E+05  -0.31057E-03
  0.238   1.526   -0.14765E+05  -0.11501E+06  -0.29318E+03  -0.37483E+06   0.48179E+05   0.83169E-04
  0.238   1.526   -0.11092E+05   0.16961E+06   0.17754E+04   0.55320E+06   0.36314E+05  -0.25176E-03
  0.250   1.566    0.12457E+00   0.19119E+06   0.30422E-02   0.60790E+06  -0.19879E+00   0.48407E-03
  0.250   1.566    0.46549E+05  -0.47979E+05  -0.46123E+03  -0.15274E+06  -0.14779E+06   0.70916E-03
  0.250   1.566   -0.46549E+05  -0.47979E+05   0.46122E+03  -0.15274E+06   0.14779E+06   0.70917E-03
  0.250   1.566    0.16088E+05  -0.47979E+05  -0.54076E+03  -0.15261E+06  -0.50802E+05  -0.37081E-03
  0.250   1.566    0.15696E+05   0.16412E+06  -0.15714E+04   0.52165E+06  -0.50008E+05  -0.32542E-03
  0.250   1.566    0.15248E+05  -0.10248E+06  -0.72748E+02  -0.32547E+06  -0.48436E+05   0.10252E-03
  0.250   1.566   -0.16088E+05  -0.47979E+05   0.54076E+03  -0.15261E+06   0.50802E+05  -0.37085E-03
  0.250   1.566   -0.15248E+05  -0.10248E+06   0.72748E+02  -0.32547E+06   0.48437E+05   0.10294E-03
  0.250   1.566   -0.15696E+05   0.16412E+06   0.15714E+04   0.52165E+06   0.50009E+05  -0.32497E-03
  0.263   1.604    0.56968E+00   0.19233E+06   0.45365E-03   0.59556E+06  -0.13228E+01   0.67034E-03
  0.263   1.604    0.32669E+05  -0.55447E+05  -0.25080E+03  -0.17187E+06  -0.10093E+06   0.75040E-03
  0.263   1.604   -0.32669E+05  -0.55447E+05   0.25080E+03  -0.17187E+06   0.10093E+06   0.75053E-03
  0.263   1.604    0.49953E+04  -0.55447E+05  -0.59434E+03  -0.17174E+06  -0.15174E+05  -0.43458E-03
  0.263   1.604    0.18621E+05   0.16014E+06  -0.12945E+04   0.49572E+06  -0.57746E+05  -0.39206E-03
  0.263   1.604    0.13850E+05  -0.88358E+05  -0.33727E+03  -0.27326E+06  -0.42803E+05   0.10921E-03
  0.263   1.604   -0.49951E+04  -0.55447E+05   0.59433E+03  -0.17174E+06   0.15173E+05  -0.43449E-03
  0.263   1.604   -0.13849E+05  -0.88358E+05   0.33727E+03  -0.27326E+06   0.42802E+05   0.10947E-03
  0.263   1.604   -0.18622E+05   0.16014E+06   0.12945E+04   0.49572E+06   0.57750E+05  -0.39206E-03
  0.275   1.642   -0.16007E-01   0.19271E+06  -0.18657E-02   0.58180E+06  -0.75255E+00   0.86817E-03
  0.275   1.642    0.17927E+05  -0.60609E+05  -0.60021E+02  -0.18313E+06  -0.53891E+05   0.80833E-03
  0.275   1.642   -0.17927E+05  -0.60609E+05   0.60025E+02  -0.18313E+06   0.53891E+05   0.80828E-03
  0.275   1.642   -0.46005E+04  -0.60609E+05  -0.60825E+03  -0.18300E+06   0.14136E+05  -0.50389E-03
  0.275   1.642    0.19658E+05   0.15866E+06  -0.98416E+03   0.47887E+06  -0.59417E+05  -0.44893E-03
  0.275   1.642    0.11270E+05  -0.72483E+05  -0.54253E+03  -0.21850E+06  -0.33918E+05   0.10063E-03
  0.275   1.642    0.46006E+04  -0.60609E+05   0.60825E+03  -0.18300E+06  -0.14135E+05  -0.50381E-03
  0.275   1.642   -0.11270E+05  -0.72483E+05   0.54253E+03  -0.21850E+06   0.33917E+05   0.10068E-03
  0.275   1.642   -0.19658E+05   0.15866E+06   0.98415E+03   0.47887E+06   0.59419E+05  -0.44866E-03
  0.288   1.679    0.19415E+00   0.19259E+06   0.47065E-03   0.56622E+06  -0.40020E+00   0.10491E-02
  0.288   1.679    0.32468E+04  -0.62207E+05   0.11877E+03  -0.18302E+06  -0.93235E+04   0.89301E-03
  0.288   1.679   -0.32467E+04  -0.62207E+05  -0.11876E+03  -0.18302E+06   0.93236E+04   0.89322E-03
  0.288   1.679   -0.13008E+05  -0.62207E+05  -0.59926E+03  -0.18290E+06   0.38448E+05  -0.58224E-03
  0.288   1.679    0.18597E+05   0.16029E+06  -0.66566E+03   0.47116E+06  -0.54730E+05  -0.48314E-03
  0.288   1.679    0.81236E+04  -0.54126E+05  -0.71289E+03  -0.15883E+06  -0.23766E+05   0.76662E-04
  0.288   1.679    0.13008E+05  -0.62207E+05   0.59925E+03  -0.18290E+06  -0.38448E+05  -0.58215E-03
  0.288   1.679   -0.81236E+04  -0.54126E+05   0.71289E+03  -0.15883E+06   0.23766E+05   0.76578E-04
  0.288   1.679   -0.18597E+05   0.16029E+06   0.66566E+03   0.47116E+06   0.54730E+05  -0.48363E-03
  0.300   1.715    0.13373E+00   0.19313E+06   0.26827E-02   0.55370E+06  -0.30935E+00   0.11892E-02
  0.300   1.715   -0.10622E+05  -0.59088E+05   0.28825E+03  -0.16950E+06   0.30658E+05   0.10314E-02
  0.300   1.715    0.10622E+05  -0.59088E+05  -0.28825E+03  -0.16950E+06  -0.30658E+05   0.10314E-02
  0.300   1.715   -0.20443E+05  -0.59088E+05  -0.57557E+03  -0.16939E+06   0.58778E+05  -0.69462E-03
  0.300   1.715    0.15473E+05   0.16616E+06  -0.35792E+03   0.47631E+06  -0.44400E+05  -0.48519E-03
  0.300   1.715    0.48935E+04  -0.32592E+05  -0.85931E+03  -0.93159E+05  -0.13912E+05   0.43711E-04
  0.300   1.715    0.20443E+05  -0.59088E+05   0.57556E+03  -0.16939E+06  -0.58778E+05  -0.69459E-03
  0.300   1.715   -0.48935E+04  -0.32592E+05   0.85931E+03  -0.93159E+05   0.13912E+05   0.43977E-04
  0.300   1.715   -0.15473E+05   0.16616E+06   0.35792E+03   0.47631E+06   0.44400E+05  -0.48502E-03
  0.313   1.751   -0.15724E+00   0.19532E+06   0.22759E-02   0.54571E+06   0.75690E+00   0.12417E-02
  0.313   1.751   -0.23179E+05  -0.50171E+05   0.44436E+03  -0.14024E+06   0.64946E+05   0.12396E-02
  0.313   1.751    0.23179E+05  -0.50171E+05  -0.44435E+03  -0.14024E+06  -0.64945E+05   0.12394E-02
  0.313   1.751   -0.26912E+05  -0.50172E+05  -0.54063E+03  -0.14015E+06   0.75329E+05  -0.87859E-03
  0.313   1.751    0.10617E+05   0.17669E+06  -0.79639E+02   0.49359E+06  -0.29689E+05  -0.43447E-03
  0.313   1.751    0.18337E+04  -0.72197E+04  -0.98124E+03  -0.19909E+05  -0.50148E+04   0.13817E-04
  0.313   1.751    0.26912E+05  -0.50172E+05   0.54063E+03  -0.14015E+06  -0.75329E+05  -0.87864E-03
  0.313   1.751   -0.18338E+04  -0.72197E+04   0.98124E+03  -0.19909E+05   0.50157E+04   0.13864E-04
  0.313   1.751   -0.10617E+05   0.17669E+06   0.79640E+02   0.49359E+06   0.29687E+05  -0.43407E-03
  0.325   1.785   -0.33800E-01   0.20025E+06   0.23360E-02   0.54546E+06   0.46595E+00   0.11567E-02
  0.325   1.785   -0.34051E+05  -0.35275E+05   0.57519E+03  -0.96129E+05   0.92919E+05   0.15368E-02
  0.325   1.785    0.34051E+05  -0.35275E+05  -0.57519E+03  -0.96129E+05  -0.92919E+05   0.15369E-02
  0.325   1.785   -0.32229E+05  -0.35276E+05  -0.49589E+03  -0.96055E+05   0.87902E+05  -0.11938E-02
  0.325   1.785    0.48214E+04   0.19160E+06   0.14879E+03   0.52188E+06  -0.13145E+05  -0.31835E-03
  0.325   1.785   -0.96013E+03   0.21697E+05  -0.10683E+04   0.59342E+05   0.27059E+04   0.45870E-06
  0.325   1.785    0.32228E+05  -0.35276E+05   0.49590E+03  -0.96055E+05  -0.87902E+05  -0.11938E-02
  0.325   1.785    0.95995E+03   0.21697E+05   0.10683E+04   0.59342E+05  -0.27059E+04   0.61608E-06
  0.325   1.785   -0.48211E+04   0.19160E+06  -0.14878E+03   0.52188E+06   0.13144E+05  -0.31851E-03
  0.338   1.819   -0.53897E+00   0.20793E+06  -0.29466E-02   0.55210E+06   0.14193E+01   0.88242E-03
  0.338   1.819   -0.42911E+05  -0.15690E+05   0.66402E+03  -0.41680E+05   0.11409E+06   0.19285E-02
  0.338   1.819    0.42911E+05  -0.15690E+05  -0.66402E+03  -0.41680E+05  -0.11409E+06   0.19287E-02
  0.338   1.819   -0.36068E+05  -0.15690E+05  -0.44332E+03  -0.41633E+05   0.95865E+05  -0.16952E-02
  0.338   1.819   -0.81191E+03   0.20902E+06   0.30829E+03   0.55500E+06   0.21578E+04  -0.13974E-03
  0.338   1.819   -0.34791E+04   0.52312E+05  -0.11055E+04   0.13912E+06   0.93073E+04   0.11275E-04
  0.338   1.819    0.36068E+05  -0.15690E+05   0.44332E+03  -0.41633E+05  -0.95867E+05  -0.16954E-02
  0.338   1.819    0.34795E+04   0.52312E+05   0.11055E+04   0.13912E+06  -0.93080E+04   0.10907E-04
  0.338   1.819    0.81305E+03   0.20902E+06  -0.30830E+03   0.55500E+06  -0.21605E+04  -0.13904E-03
  0.350   1.853    0.20156E-02   0.21687E+06  -0.43910E-02   0.56161E+06  -0.26106E+00   0.39432E-03
  0.350   1.853   -0.49525E+05   0.56156E+04   0.69725E+03   0.14540E+05   0.12840E+06   0.24007E-02
  0.350   1.853    0.49525E+05   0.56157E+04  -0.69726E+03   0.14540E+05  -0.12840E+06   0.24008E-02
  0.350   1.853   -0.38223E+05   0.56155E+04  -0.38679E+03   0.14558E+05   0.99065E+05  -0.24117E-02
  0.350   1.853   -0.52739E+04   0.22572E+06   0.39040E+03   0.58455E+06   0.13672E+05   0.77516E-04
  0.350   1.853   -0.57080E+04   0.81275E+05  -0.10832E+04   0.21067E+06   0.14828E+05   0.38085E-04
  0.350   1.853    0.38223E+05   0.56154E+04   0.38677E+03   0.14558E+05  -0.99066E+05  -0.24117E-02
  0.350   1.853    0.57083E+04   0.81275E+05   0.10832E+04   0.21067E+06  -0.14829E+05   0.37815E-04
  0.350   1.853    0.52742E+04   0.22572E+06  -0.39040E+03   0.58455E+06  -0.13673E+05   0.77583E-04
  0.363   1.885   -0.32077E-01   0.22432E+06  -0.78056E-03   0.56626E+06   0.38815E+00  -0.28313E-03
  0.363   1.885   -0.53859E+05   0.24940E+05   0.67362E+03   0.62965E+05   0.13609E+06   0.29081E-02
  0.363   1.885    0.53859E+05   0.24940E+05  -0.67362E+03   0.62965E+05  -0.13609E+06   0.29081E-02
  0.363   1.885   -0.38806E+05   0.24940E+05  -0.33169E+03   0.62960E+05   0.98028E+05  -0.33102E-02
  0.363   1.885   -0.81310E+04   0.23819E+06   0.40345E+03   0.60129E+06   0.20549E+05   0.29314E-03
  0.363   1.885   -0.75712E+04   0.10494E+06  -0.10053E+04   0.26509E+06   0.19139E+05   0.58831E-04
  0.363   1.885    0.38806E+05   0.24940E+05   0.33169E+03   0.62960E+05  -0.98028E+05  -0.33103E-02
  0.363   1.885    0.75712E+04   0.10494E+06   0.10053E+04   0.26509E+06  -0.19139E+05   0.58933E-04
  0.363   1.885    0.81307E+04   0.23819E+06  -0.40345E+03   0.60129E+06  -0.20549E+05   0.29242E-03
  0.375   1.918   -0.29485E+00   0.22813E+06  -0.37432E-03   0.56207E+06   0.81521E+00  -0.10733E-02
  0.375   1.918   -0.56234E+05   0.39455E+05   0.60580E+03   0.97229E+05   0.13868E+06   0.34232E-02
  0.375   1.918    0.56234E+05   0.39455E+05  -0.60579E+03   0.97229E+05  -0.13868E+06   0.34233E-02
  0.375   1.918   -0.38359E+05   0.39455E+05  -0.28282E+03   0.97204E+05   0.94570E+05  -0.43386E-02
  0.375   1.918   -0.96722E+04   0.24475E+06   0.36949E+03   0.60308E+06   0.23862E+05   0.47739E-03
  0.375   1.918   -0.89633E+04   0.12122E+06  -0.88928E+03   0.29884E+06   0.22096E+05   0.48606E-04
  0.375   1.918    0.38359E+05   0.39455E+05   0.28282E+03   0.97204E+05  -0.94571E+05  -0.43387E-02
  0.375   1.918    0.89633E+04   0.12122E+06   0.88928E+03   0.29884E+06  -0.22096E+05   0.48475E-04
  0.375   1.918    0.96724E+04   0.24475E+06  -0.36949E+03   0.60308E+06  -0.23863E+05   0.47783E-03
  0.388   1.949   -0.24188E+00   0.22701E+06   0.28488E-02   0.54576E+06   0.76527E+00  -0.18711E-02
  0.388   1.949   -0.57002E+05   0.48026E+05   0.51291E+03   0.11548E+06   0.13715E+06   0.38949E-02
  0.388   1.949    0.57002E+05   0.48026E+05  -0.51290E+03   0.11548E+06  -0.13715E+06   0.38948E-02
  0.388   1.949   -0.37485E+05   0.48026E+05  -0.24235E+03   0.11545E+06   0.90171E+05  -0.53980E-02
  0.388   1.949   -0.10532E+05   0.24522E+06   0.31261E+03   0.58959E+06   0.25354E+05   0.62551E-03
  0.388   1.949   -0.97626E+04   0.12980E+06  -0.75635E+03   0.31220E+06   0.23472E+05  -0.10144E-04
  0.388   1.949    0.37486E+05   0.48026E+05   0.24236E+03   0.11545E+06  -0.90171E+05  -0.53979E-02
  0.388   1.949    0.97629E+04   0.12980E+06   0.75635E+03   0.31220E+06  -0.23472E+05  -0.10170E-04
  0.388   1.949    0.10532E+05   0.24522E+06  -0.31261E+03   0.58959E+06  -0.25355E+05   0.62566E-03
  0.400   1.981    0.10969E+00   0.22137E+06   0.10139E-02   0.51942E+06  -0.29331E+00  -0.25686E-02
  0.400   1.981   -0.56492E+05   0.51009E+05   0.41230E+03   0.11971E+06   0.13265E+06   0.43037E-02
  0.400   1.981    0.56492E+05   0.51010E+05  -0.41231E+03   0.11971E+06  -0.13265E+06   0.43033E-02
  0.400   1.981   -0.36700E+05   0.51009E+05  -0.20984E+03   0.11967E+06   0.86157E+05  -0.64108E-02
  0.400   1.981   -0.11229E+05   0.24087E+06   0.25021E+03   0.56524E+06   0.26382E+05   0.75497E-03
  0.400   1.981   -0.98810E+04   0.13176E+06  -0.62352E+03   0.30928E+06   0.23180E+05  -0.12125E-03
  0.400   1.981    0.36699E+05   0.51009E+05   0.20983E+03   0.11967E+06  -0.86156E+05  -0.64107E-02
  0.400   1.981    0.98808E+04   0.13176E+06   0.62352E+03   0.30928E+06  -0.23179E+05  -0.12071E-03
  0.400   1.981    0.11228E+05   0.24087E+06  -0.25021E+03   0.56524E+06  -0.26380E+05   0.75427E-03
  0.413   2.011   -0.20892E-02   0.21239E+06  -0.24268E-02   0.48651E+06   0.17472E+00  -0.30656E-02
  0.413   2.011   -0.54827E+05   0.49470E+05   0.31569E+03   0.11333E+06   0.12567E+06   0.46346E-02
  0.413   2.011    0.54826E+05   0.49470E+05  -0.31569E+03   0.11333E+06  -0.12567E+06   0.46353E-02
  0.413   2.011   -0.36220E+05   0.49470E+05  -0.18322E+03   0.11329E+06   0.83006E+05  -0.72874E-02
  0.413   2.011   -0.11893E+05   0.23312E+06   0.19084E+03   0.53403E+06   0.27275E+05   0.88730E-03
  0.413   2.011   -0.92708E+04   0.12845E+06  -0.50043E+03   0.29433E+06   0.21228E+05  -0.27650E-03
  0.413   2.011    0.36220E+05   0.49470E+05   0.18322E+03   0.11330E+06  -0.83006E+05  -0.72876E-02
  0.413   2.011    0.92702E+04   0.12845E+06   0.50043E+03   0.29433E+06  -0.21227E+05  -0.27688E-03
  0.413   2.011    0.11893E+05   0.23312E+06  -0.19084E+03   0.53403E+06  -0.27274E+05   0.88858E-03
  0.425   2.042   -0.39955E-01   0.20158E+06  -0.24446E-02   0.45085E+06   0.96186E-01  -0.32834E-02
  0.425   2.042   -0.51978E+05   0.44666E+05   0.22969E+03   0.99915E+05   0.11633E+06   0.48813E-02
  0.425   2.042    0.51978E+05   0.44666E+05  -0.22969E+03   0.99915E+05  -0.11633E+06   0.48810E-02
  0.425   2.042   -0.35973E+05   0.44667E+05  -0.16002E+03   0.99882E+05   0.80495E+05  -0.79267E-02
  0.425   2.042   -0.12284E+05   0.22303E+06   0.13734E+03   0.49889E+06   0.27505E+05   0.10354E-02
  0.425   2.042   -0.79575E+04   0.12104E+06  -0.39127E+03   0.27082E+06   0.17790E+05  -0.46053E-03
  0.425   2.042    0.35973E+05   0.44667E+05   0.16001E+03   0.99882E+05  -0.80495E+05  -0.79267E-02
  0.425   2.042    0.79565E+04   0.12104E+06   0.39128E+03   0.27082E+06  -0.17788E+05  -0.45921E-03
  0.425   2.042    0.12284E+05   0.22303E+06  -0.13734E+03   0.49889E+06  -0.27504E+05   0.10358E-02
  0.438   2.071   -0.70353E-02   0.19035E+06   0.18605E-02   0.41589E+06   0.29717E+00  -0.31837E-02
  0.438   2.071   -0.47898E+05   0.37855E+05   0.15748E+03   0.82719E+05   0.10472E+06   0.50415E-02
  0.438   2.071    0.47898E+05   0.37855E+05  -0.15748E+03   0.82720E+05  -0.10472E+06   0.50418E-02
  0.438   2.071   -0.35661E+05   0.37855E+05  -0.13814E+03   0.82692E+05   0.77950E+05  -0.82206E-02
  0.438   2.071   -0.11976E+05   0.21131E+06   0.89917E+02   0.46174E+06   0.26193E+05   0.11829E-02
  0.438   2.071   -0.60661E+04   0.11050E+06  -0.29714E+03   0.24151E+06   0.13247E+05  -0.64270E-03
  0.438   2.071    0.35661E+05   0.37855E+05   0.13814E+03   0.82693E+05  -0.77950E+05  -0.82206E-02
  0.438   2.071    0.60661E+04   0.11050E+06   0.29714E+03   0.24151E+06  -0.13248E+05  -0.64266E-03
  0.438   2.071    0.11977E+05   0.21131E+06  -0.89916E+02   0.46174E+06  -0.26195E+05   0.11832E-02
  0.450   2.101   -0.20775E-01   0.17979E+06  -0.96970E-02   0.38384E+06   0.20816E+00  -0.27803E-02
  0.450   2.101   -0.42649E+05   0.30229E+05   0.10021E+03   0.64542E+05   0.91111E+05   0.51155E-02
  0.450   2.101    0.42649E+05   0.30229E+05  -0.10026E+03   0.64542E+05  -0.91111E+05   0.51154E-02
  0.450   2.101   -0.34898E+05   0.30225E+05  -0.11625E+03   0.64515E+05   0.74532E+05  -0.80624E-02
  0.450   2.101   -0.10619E+05   0.19838E+06   0.48766E+02   0.42356E+06   0.22694E+05   0.12893E-02
  0.450   2.101   -0.38202E+04   0.97706E+05  -0.21777E+03   0.20866E+06   0.81549E+04  -0.78527E-03
  0.450   2.101    0.34898E+05   0.30225E+05   0.11627E+03   0.64516E+05  -0.74533E+05  -0.80626E-02
  0.450   2.101    0.38182E+04   0.97706E+05   0.21777E+03   0.20866E+06  -0.81436E+04  -0.78726E-03
  0.450   2.101    0.10620E+05   0.19838E+06  -0.48775E+02   0.42356E+06  -0.22696E+05   0.12900E-02
  0.463   2.130    0.32326E-02   0.17037E+06   0.37005E-02   0.35547E+06  -0.18173E+00  -0.21507E-02
  0.463   2.130   -0.36433E+05   0.22810E+05   0.57742E+02   0.47595E+05   0.76066E+05   0.51118E-02
  0.463   2.130    0.36433E+05   0.22810E+05  -0.57736E+02   0.47595E+05  -0.76066E+05   0.51119E-02
  0.463   2.130   -0.33386E+05   0.22810E+05  -0.95276E+02   0.47579E+05   0.69687E+05  -0.74141E-02
  0.463   2.130   -0.81486E+04   0.18472E+06   0.14879E+02   0.38544E+06   0.17021E+05   0.13064E-02
  0.463   2.130   -0.14761E+04   0.83643E+05  -0.15427E+03   0.17458E+06   0.30774E+04  -0.84971E-03
  0.463   2.130    0.33386E+05   0.22810E+05   0.95286E+02   0.47579E+05  -0.69687E+05  -0.74138E-02
  0.463   2.130    0.14764E+04   0.83643E+05   0.15427E+03   0.17458E+06  -0.30774E+04  -0.84998E-03
  0.463   2.130    0.81488E+04   0.18472E+06  -0.14876E+02   0.38544E+06  -0.17021E+05   0.13066E-02
  0.475   2.158    0.13309E+00   0.16230E+06   0.95283E-03   0.33107E+06  -0.22617E+00  -0.14010E-02
  0.475   2.158   -0.29626E+05   0.16362E+05   0.27968E+02   0.33377E+05   0.60476E+05   0.50483E-02
  0.475   2.158    0.29626E+05   0.16362E+05  -0.27965E+02   0.33377E+05  -0.60476E+05   0.50485E-02
  0.475   2.158   -0.31037E+05   0.16362E+05  -0.75053E+02   0.33365E+05   0.63334E+05  -0.63023E-02
  0.475   2.158   -0.48374E+04   0.17089E+06  -0.11401E+02   0.34862E+06   0.98825E+04   0.11977E-02
  0.475   2.158    0.74139E+03   0.69282E+05  -0.10406E+03   0.14138E+06  -0.15135E+04  -0.80433E-03
  0.475   2.158    0.31036E+05   0.16362E+05   0.75056E+02   0.33365E+05  -0.63333E+05  -0.63022E-02
  0.475   2.158   -0.74149E+03   0.69282E+05   0.10406E+03   0.14138E+06   0.15136E+04  -0.80369E-03
  0.475   2.158    0.48373E+04   0.17089E+06   0.11402E+02   0.34862E+06  -0.98825E+04   0.11972E-02
  0.488   2.186   -0.19108E+01   0.15529E+06   0.11831E-01   0.30977E+06   0.26729E+01  -0.62720E-03
  0.488   2.186   -0.22592E+05   0.11254E+05   0.84554E+01   0.22446E+05   0.45102E+05   0.49322E-02
  0.488   2.186    0.22592E+05   0.11252E+05  -0.84293E+01   0.22444E+05  -0.45101E+05   0.49309E-02
  0.488   2.186   -0.27965E+05   0.11255E+05  -0.56779E+02   0.22440E+05   0.55802E+05  -0.48257E-02
  0.488   2.186   -0.11644E+04   0.15750E+06  -0.29730E+02   0.31420E+06   0.23350E+04   0.95143E-03
  0.488   2.186    0.27085E+04   0.55417E+05  -0.66062E+02   0.11059E+06  -0.54029E+04  -0.63904E-03
  0.488   2.186    0.27964E+05   0.11254E+05   0.56808E+02   0.22438E+05  -0.55801E+05  -0.48261E-02
  0.488   2.186   -0.27095E+04   0.55417E+05   0.66067E+02   0.11059E+06   0.54046E+04  -0.64049E-03
  0.488   2.186    0.11655E+04   0.15750E+06   0.29746E+02   0.31420E+06  -0.23365E+04   0.95123E-03
  0.500   2.214    0.42923E+00   0.14901E+06  -0.11083E-02   0.29073E+06  -0.92189E+00   0.11405E-03
  0.500   2.214   -0.15656E+05   0.75194E+04  -0.36116E+01   0.14668E+05   0.30575E+05   0.47549E-02
  0.500   2.214    0.15657E+05   0.75197E+04   0.36110E+01   0.14669E+05  -0.30578E+05   0.47553E-02
  0.500   2.214   -0.24403E+05   0.75198E+04  -0.41113E+02   0.14663E+05   0.47629E+05  -0.31327E-02
  0.500   2.214    0.23750E+04   0.14505E+06  -0.40807E+02   0.28301E+06  -0.46243E+04   0.58580E-03
  0.500   2.214    0.43821E+04   0.42582E+05  -0.38183E+02   0.83115E+05  -0.85474E+04  -0.37225E-03
  0.500   2.214    0.24403E+05   0.75200E+04   0.41112E+02   0.14663E+05  -0.47629E+05  -0.31311E-02
  0.500   2.214   -0.43858E+04   0.42582E+05   0.38182E+02   0.83115E+05   0.85573E+04  -0.37010E-03
  0.500   2.214   -0.23755E+04   0.14505E+06   0.40806E+02   0.28301E+06   0.46255E+04   0.58200E-03
  0.512   2.242   -0.33567E+00   0.14327E+06  -0.10814E-02   0.27359E+06   0.91505E+00   0.81715E-03
  0.512   2.242   -0.90880E+04   0.49624E+04  -0.10539E+02   0.94742E+04   0.17381E+05   0.45078E-02
  0.512   2.242    0.90880E+04   0.49624E+04   0.10532E+02   0.94742E+04  -0.17381E+05   0.45083E-02
  0.512   2.242   -0.20617E+05   0.49623E+04  -0.28263E+02   0.94694E+04   0.39387E+05  -0.13837E-02
  0.512   2.242    0.54273E+04   0.13399E+06  -0.45807E+02   0.25587E+06  -0.10357E+05   0.13100E-03
  0.512   2.242    0.57638E+04   0.31033E+05  -0.18268E+02   0.59293E+05  -0.11006E+05  -0.30976E-04
  0.512   2.242    0.20618E+05   0.49624E+04   0.28258E+02   0.94695E+04  -0.39388E+05  -0.13834E-02
  0.512   2.242   -0.57636E+04   0.31033E+05   0.18267E+02   0.59293E+05   0.11005E+05  -0.30082E-04
  0.512   2.242   -0.54261E+04   0.13399E+06   0.45806E+02   0.25587E+06   0.10355E+05   0.13171E-03
  0.525   2.269    0.68309E-01   0.13796E+06  -0.39771E-03   0.25788E+06  -0.32870E+00   0.15081E-02
  0.525   2.269   -0.31031E+04   0.32638E+04  -0.14140E+02   0.60987E+04   0.58222E+04   0.41490E-02
  0.525   2.269    0.31030E+04   0.32638E+04   0.14140E+02   0.60989E+04  -0.58221E+04   0.41490E-02
  0.525   2.269   -0.16793E+05   0.32639E+04  -0.18034E+02   0.60957E+04   0.31405E+05   0.28710E-03
  0.525   2.269    0.78151E+04   0.12450E+06  -0.46173E+02   0.23273E+06  -0.14603E+05  -0.36546E-03
  0.525   2.269    0.68359E+04   0.20809E+05  -0.42959E+01   0.38925E+05  -0.12777E+05   0.34424E-03
  0.525   2.269    0.16793E+05   0.32639E+04   0.18033E+02   0.60958E+04  -0.31405E+05   0.28719E-03
  0.525   2.269   -0.68356E+04   0.20809E+05   0.42954E+01   0.38925E+05   0.12776E+05   0.34448E-03
  0.525   2.269   -0.78154E+04   0.12450E+06   0.46171E+02   0.23273E+06   0.14604E+05  -0.36556E-03
  0.537   2.296   -0.26342E+00   0.13316E+06   0.13439E-02   0.24373E+06   0.47234E+00   0.22171E-02
  0.537   2.296    0.21244E+04   0.20951E+04  -0.15729E+02   0.38330E+04  -0.38705E+04   0.36459E-02
  0.537   2.296   -0.21245E+04   0.20951E+04   0.15734E+02   0.38330E+04   0.38708E+04   0.36459E-02
  0.537   2.296   -0.13048E+05   0.20955E+04  -0.10146E+02   0.38317E+04   0.23893E+05   0.17625E-02
  0.537   2.296    0.95197E+04   0.11671E+06  -0.43414E+02   0.21362E+06  -0.17420E+05  -0.86841E-03
  0.537   2.296    0.75706E+04   0.11837E+05   0.52663E+01   0.21688E+05  -0.13856E+05   0.71466E-03
  0.537   2.296    0.13047E+05   0.20951E+04   0.10149E+02   0.38309E+04  -0.23892E+05   0.17623E-02
  0.537   2.296   -0.75707E+04   0.11837E+05  -0.52667E+01   0.21688E+05   0.13855E+05   0.71339E-03
  0.537   2.296   -0.95198E+04   0.11671E+06   0.43415E+02   0.21362E+06   0.17420E+05  -0.86750E-03
  0.550   2.322    0.50216E-02   0.12900E+06   0.15711E-03   0.23126E+06   0.15210E-01   0.29531E-02
  0.550   2.322    0.64951E+04   0.11787E+04  -0.16116E+02   0.21116E+04  -0.11629E+05   0.29730E-02
  0.550   2.322   -0.64951E+04   0.11786E+04   0.16106E+02   0.21114E+04   0.11629E+05   0.29722E-02
  0.550   2.322   -0.94180E+04   0.11785E+04  -0.41326E+01   0.21100E+04   0.16894E+05   0.29719E-02
  0.550   2.322    0.10601E+05   0.11063E+06  -0.38661E+02   0.19833E+06  -0.19003E+05  -0.13483E-02
  0.550   2.322    0.79380E+04   0.39626E+04   0.11742E+02   0.71235E+04  -0.14230E+05   0.10445E-02
  0.550   2.322    0.94181E+04   0.11786E+04   0.41259E+01   0.21102E+04  -0.16894E+05   0.29720E-02
  0.550   2.322   -0.79382E+04   0.39627E+04  -0.11743E+02   0.71235E+04   0.14230E+05   0.10453E-02
  0.550   2.322   -0.10602E+05   0.11063E+06   0.38660E+02   0.19833E+06   0.19003E+05  -0.13502E-02
  0.562   2.349    0.54356E-01   0.12553E+06   0.25173E-03   0.22049E+06  -0.33056E+00   0.36893E-02
  0.562   2.349    0.10007E+05   0.32792E+03  -0.15796E+02   0.57447E+03  -0.17564E+05   0.21168E-02
  0.562   2.349   -0.10007E+05   0.32805E+03   0.15796E+02   0.57498E+03   0.17565E+05   0.21163E-02
  0.562   2.349   -0.58848E+04   0.32820E+03   0.41384E+00   0.57461E+03   0.10345E+05   0.38897E-02
  0.562   2.349    0.11133E+05   0.10621E+06  -0.32836E+02   0.18654E+06  -0.19553E+05  -0.17968E-02
  0.562   2.349    0.79258E+04  -0.30156E+04   0.16030E+02  -0.52788E+04  -0.13920E+05   0.13136E-02
  0.562   2.349    0.58848E+04   0.32816E+03  -0.41325E+00   0.57450E+03  -0.10346E+05   0.38897E-02
  0.562   2.349   -0.79255E+04  -0.30156E+04  -0.16029E+02  -0.52789E+04   0.13920E+05   0.13142E-02
  0.562   2.349   -0.11133E+05   0.10621E+06   0.32837E+02   0.18654E+06   0.19553E+05  -0.17980E-02
  0.575   2.375   -0.13343E+00   0.12275E+06   0.98088E-03   0.21130E+06   0.35977E+00   0.43676E-02
  0.575   2.375    0.12754E+05  -0.55185E+03  -0.15120E+02  -0.95054E+03  -0.21945E+05   0.10741E-02
  0.575   2.375   -0.12754E+05  -0.55182E+03   0.15113E+02  -0.95058E+03   0.21946E+05   0.10735E-02
  0.575   2.375   -0.23775E+04  -0.55169E+03   0.38624E+01  -0.95068E+03   0.41008E+04   0.45253E-02
  0.575   2.375    0.11161E+05   0.10334E+06  -0.26590E+02   0.17789E+06  -0.19212E+05  -0.22136E-02
  0.575   2.375    0.75441E+04  -0.93338E+04   0.18830E+02  -0.16053E+05  -0.12986E+05   0.15126E-02
  0.575   2.375    0.23775E+04  -0.55177E+03  -0.38670E+01  -0.95082E+03  -0.41007E+04   0.45255E-02
  0.575   2.375   -0.75442E+04  -0.93338E+04  -0.18833E+02  -0.16053E+05   0.12986E+05   0.15130E-02
  0.575   2.375   -0.11162E+05   0.10334E+06   0.26591E+02   0.17789E+06   0.19213E+05  -0.22144E-02
  0.588   2.400    0.83722E-01   0.12054E+06   0.62902E-03   0.20342E+06  -0.12095E+00   0.49076E-02
  0.588   2.400    0.14885E+05  -0.14889E+04  -0.14277E+02  -0.25134E+04  -0.25112E+05  -0.15370E-03
  0.588   2.400   -0.14885E+05  -0.14889E+04   0.14274E+02  -0.25134E+04   0.25112E+05  -0.15388E-03
  0.588   2.400    0.12186E+04  -0.14891E+04   0.65584E+01  -0.25136E+04  -0.20489E+04   0.49143E-02
  0.588   2.400    0.10689E+05   0.10192E+06  -0.20365E+02   0.17199E+06  -0.18038E+05  -0.26054E-02
  0.588   2.400    0.68113E+04  -0.15245E+05   0.20715E+02  -0.25714E+05  -0.11494E+05   0.16496E-02
  0.588   2.400   -0.12185E+04  -0.14889E+04  -0.65594E+01  -0.25133E+04   0.20488E+04   0.49144E-02
  0.588   2.400   -0.68108E+04  -0.15245E+05  -0.20716E+02  -0.25714E+05   0.11493E+05   0.16500E-02
  0.588   2.400   -0.10690E+05   0.10192E+06   0.20367E+02   0.17199E+06   0.18039E+05  -0.26057E-02
  0.600   2.426    0.20253E-01   0.11882E+06   0.49244E-02   0.19664E+06  -0.90810E-01   0.52293E-02
  0.600   2.426    0.16565E+05  -0.24726E+04  -0.13336E+02  -0.40934E+04  -0.27406E+05  -0.15651E-02
  0.600   2.426   -0.16564E+05  -0.24726E+04   0.13340E+02  -0.40934E+04   0.27406E+05  -0.15654E-02
  0.600   2.426    0.50668E+04  -0.24726E+04   0.87510E+01  -0.40927E+04  -0.83781E+04   0.51145E-02
  0.600   2.426    0.96836E+04   0.10191E+06  -0.14329E+02   0.16866E+06  -0.16026E+05  -0.29772E-02
  0.600   2.426    0.57259E+04  -0.21032E+05   0.22019E+02  -0.34794E+05  -0.94759E+04   0.17464E-02
  0.600   2.426   -0.50668E+04  -0.24724E+04  -0.87539E+01  -0.40925E+04   0.83782E+04   0.51150E-02
  0.600   2.426   -0.57256E+04  -0.21032E+05  -0.22016E+02  -0.34794E+05   0.94753E+04   0.17469E-02
  0.600   2.426   -0.96837E+04   0.10191E+06   0.14325E+02   0.16866E+06   0.16026E+05  -0.29771E-02
  0.613   2.451   -0.62523E-01   0.11743E+06   0.86303E-04   0.19063E+06   0.15018E+00   0.52457E-02
  0.613   2.451    0.17932E+05  -0.34780E+04  -0.12383E+02  -0.56468E+04  -0.29106E+05  -0.31602E-02
  0.613   2.451   -0.17932E+05  -0.34781E+04   0.12381E+02  -0.56469E+04   0.29105E+05  -0.31599E-02
  0.613   2.451    0.94015E+04  -0.34781E+04   0.10679E+02  -0.56468E+04  -0.15257E+05   0.51873E-02
  0.613   2.451    0.80636E+04   0.10330E+06  -0.86019E+01   0.16769E+06  -0.13091E+05  -0.33133E-02
  0.613   2.451    0.42413E+04  -0.26974E+05   0.22983E+02  -0.43781E+05  -0.68855E+04   0.18271E-02
  0.613   2.451   -0.94016E+04  -0.34782E+04  -0.10681E+02  -0.56469E+04   0.15257E+05   0.51870E-02
  0.613   2.451   -0.42414E+04  -0.26974E+05  -0.22983E+02  -0.43781E+05   0.68853E+04   0.18263E-02
  0.613   2.451   -0.80633E+04   0.10330E+06   0.86035E+01   0.16769E+06   0.13090E+05  -0.33134E-02
  0.625   2.476    0.41568E+00   0.11626E+06  -0.70770E-03   0.18521E+06  -0.59949E+00   0.48962E-02
  0.625   2.476    0.19083E+05  -0.44784E+04  -0.11435E+02  -0.71347E+04  -0.30395E+05  -0.49420E-02
  0.625   2.476   -0.19083E+05  -0.44785E+04   0.11439E+02  -0.71349E+04   0.30395E+05  -0.49415E-02
  0.625   2.476    0.14517E+05  -0.44786E+04   0.12538E+02  -0.71345E+04  -0.23120E+05   0.52121E-02
  0.625   2.476    0.57232E+04   0.10616E+06  -0.32078E+01   0.16912E+06  -0.91179E+04  -0.35707E-02
  0.625   2.476    0.22590E+04  -0.33402E+05   0.23906E+02  -0.53202E+05  -0.35985E+04   0.18941E-02
  0.625   2.476   -0.14517E+05  -0.44784E+04  -0.12534E+02  -0.71343E+04   0.23119E+05   0.52117E-02
  0.625   2.476   -0.22589E+04  -0.33402E+05  -0.23902E+02  -0.53202E+05   0.35986E+04   0.18930E-02
  0.625   2.476   -0.57242E+04   0.10616E+06   0.32044E+01   0.16912E+06   0.91195E+04  -0.35709E-02
  0.637   2.500    0.10128E+00   0.11521E+06  -0.40752E-03   0.18015E+06  -0.21261E+00   0.41137E-02
  0.637   2.500    0.20067E+05  -0.54465E+04  -0.10508E+02  -0.85163E+04  -0.31372E+05  -0.68865E-02
  0.637   2.500   -0.20067E+05  -0.54465E+04   0.10507E+02  -0.85164E+04   0.31372E+05  -0.68865E-02
  0.637   2.500    0.20761E+05  -0.54470E+04   0.14447E+02  -0.85170E+04  -0.32456E+05   0.52506E-02
  0.637   2.500    0.25284E+04   0.11062E+06   0.18423E+01   0.17297E+06  -0.39544E+04  -0.36368E-02
  0.637   2.500   -0.37153E+03  -0.40629E+05   0.24896E+02  -0.63519E+05   0.58054E+03   0.18946E-02
  0.637   2.500   -0.20760E+05  -0.54466E+04  -0.14447E+02  -0.85164E+04   0.32456E+05   0.52508E-02
  0.637   2.500    0.37268E+03  -0.40629E+05  -0.24897E+02  -0.63519E+05  -0.58277E+03   0.18938E-02
  0.637   2.500   -0.25294E+04   0.11062E+06  -0.18409E+01   0.17297E+06   0.39558E+04  -0.36366E-02
  0.650   2.525    0.15629E+00   0.11417E+06  -0.19586E-03   0.17527E+06  -0.29874E+00   0.28786E-02
  0.650   2.525    0.20884E+05  -0.63573E+04  -0.95547E+01  -0.97603E+04  -0.32057E+05  -0.89563E-02
  0.650   2.525   -0.20885E+05  -0.63573E+04   0.95548E+01  -0.97604E+04   0.32058E+05  -0.89562E-02
  0.650   2.525    0.28409E+05  -0.63573E+04   0.16277E+02  -0.97597E+04  -0.43606E+05   0.53784E-02
  0.650   2.525   -0.16120E+04   0.11674E+06   0.63958E+01   0.17922E+06   0.24734E+04  -0.33210E-02
  0.650   2.525   -0.37865E+04  -0.48874E+05   0.25788E+02  -0.75021E+05   0.58123E+04   0.16837E-02
  0.650   2.525   -0.28409E+05  -0.63574E+04  -0.16277E+02  -0.97599E+04   0.43606E+05   0.53777E-02
  0.650   2.525    0.37851E+04  -0.48874E+05  -0.25787E+02  -0.75021E+05  -0.58103E+04   0.16845E-02
  0.650   2.525    0.16121E+04   0.11674E+06  -0.63963E+01   0.17922E+06  -0.24735E+04  -0.33209E-02
  0.662   2.549    0.88691E-01   0.11301E+06   0.35276E-03   0.17038E+06  -0.47142E-01   0.12090E-02
  0.662   2.549    0.21501E+05  -0.71817E+04  -0.86475E+01  -0.10828E+05  -0.32413E+05  -0.11075E-01
  0.662   2.549   -0.21501E+05  -0.71817E+04   0.86478E+01  -0.10828E+05   0.32414E+05  -0.11075E-01
  0.662   2.549    0.37319E+05  -0.71817E+04   0.18005E+02  -0.10828E+05  -0.56259E+05   0.56479E-02
  0.662   2.549   -0.65837E+04   0.12419E+06   0.10336E+02   0.18724E+06   0.99240E+04  -0.23214E-02
  0.662   2.549   -0.79308E+04  -0.57959E+05   0.26620E+02  -0.87376E+05   0.11958E+05   0.98629E-03
  0.662   2.549   -0.37319E+05  -0.71817E+04  -0.18005E+02  -0.10828E+05   0.56259E+05   0.56480E-02
  0.662   2.549    0.79287E+04  -0.57959E+05  -0.26620E+02  -0.87376E+05  -0.11952E+05   0.98573E-03
  0.662   2.549    0.65841E+04   0.12419E+06  -0.10336E+02   0.18724E+06  -0.99254E+04  -0.23216E-02
  0.675   2.573   -0.17885E+00   0.11162E+06  -0.22600E-03   0.16532E+06   0.19832E+00  -0.81915E-03
  0.675   2.573    0.21856E+05  -0.78943E+04  -0.77234E+01  -0.11693E+05  -0.32368E+05  -0.13126E-01
  0.675   2.573   -0.21856E+05  -0.78942E+04   0.77241E+01  -0.11693E+05   0.32368E+05  -0.13125E-01
  0.675   2.573    0.46219E+05  -0.78943E+04   0.18799E+02  -0.11692E+05  -0.68447E+05   0.60949E-02
  0.675   2.573   -0.11704E+05   0.13170E+06   0.12917E+02   0.19506E+06   0.17332E+05  -0.30735E-03
  0.675   2.573   -0.12196E+05  -0.66713E+05   0.26506E+02  -0.98800E+05   0.18062E+05  -0.54066E-03
  0.675   2.573   -0.46219E+05  -0.78941E+04  -0.18800E+02  -0.11692E+05   0.68448E+05   0.60933E-02
  0.675   2.573    0.12196E+05  -0.66713E+05  -0.26505E+02  -0.98800E+05  -0.18062E+05  -0.54182E-03
  0.675   2.573    0.11704E+05   0.13170E+06  -0.12918E+02   0.19506E+06  -0.17332E+05  -0.30797E-03
  0.688   2.597    0.62544E+00   0.10990E+06   0.67683E-04   0.15995E+06  -0.55234E+00  -0.30687E-02
  0.688   2.597    0.21881E+05  -0.84712E+04  -0.68233E+01  -0.12330E+05  -0.31843E+05  -0.14960E-01
  0.688   2.597   -0.21882E+05  -0.84720E+04   0.68155E+01  -0.12331E+05   0.31844E+05  -0.14964E-01
  0.688   2.597    0.52067E+05  -0.84716E+04   0.17990E+02  -0.12330E+05  -0.75769E+05   0.67196E-02
  0.688   2.597   -0.15409E+05   0.13646E+06   0.13438E+02   0.19860E+06   0.22422E+05   0.27431E-02
  0.688   2.597   -0.15098E+05  -0.72429E+05   0.24777E+02  -0.10540E+06   0.21972E+05  -0.29804E-02
  0.688   2.597   -0.52066E+05  -0.84715E+04  -0.17986E+02  -0.12329E+05   0.75767E+05   0.67260E-02
  0.688   2.597    0.15095E+05  -0.72429E+05  -0.24780E+02  -0.10540E+06  -0.21964E+05  -0.29626E-02
  0.688   2.597    0.15410E+05   0.13646E+06  -0.13434E+02   0.19860E+06  -0.22425E+05   0.27528E-02
  0.700   2.620    0.31750E+00   0.10779E+06  -0.53097E-03   0.15419E+06  -0.29159E-01  -0.53549E-02
  0.700   2.620    0.21526E+05  -0.89032E+04  -0.60002E+01  -0.12737E+05  -0.30790E+05  -0.16432E-01
  0.700   2.620   -0.21526E+05  -0.89033E+04   0.60042E+01  -0.12738E+05   0.30789E+05  -0.16430E-01
  0.700   2.620    0.51239E+05  -0.89028E+04   0.15101E+02  -0.12736E+05  -0.73288E+05   0.75166E-02
  0.700   2.620   -0.15860E+05   0.13522E+06   0.11590E+02   0.19343E+06   0.22685E+05   0.60902E-02
  0.700   2.620   -0.14846E+05  -0.71910E+05   0.21159E+02  -0.10286E+06   0.21233E+05  -0.56149E-02
  0.700   2.620   -0.51239E+05  -0.89030E+04  -0.15102E+02  -0.12736E+05   0.73288E+05   0.75135E-02
  0.700   2.620    0.14847E+05  -0.71910E+05  -0.21155E+02  -0.10286E+06  -0.21237E+05  -0.56229E-02
  0.700   2.620    0.15860E+05   0.13522E+06  -0.11592E+02   0.19343E+06  -0.22683E+05   0.60853E-02
  0.713   2.643   -0.57915E+00   0.10527E+06   0.42293E-03   0.14804E+06   0.10348E+01  -0.74705E-02
  0.713   2.643    0.20766E+05  -0.91924E+04  -0.51287E+01  -0.12930E+05  -0.29204E+05  -0.17402E-01
  0.713   2.643   -0.20766E+05  -0.91928E+04   0.51293E+01  -0.12931E+05   0.29204E+05  -0.17409E-01
  0.713   2.643    0.43137E+05  -0.91912E+04   0.10135E+02  -0.12930E+05  -0.60657E+05   0.84281E-02
  0.713   2.643   -0.12738E+05   0.12737E+06   0.74285E+01   0.17913E+06   0.17909E+05   0.83847E-02
  0.713   2.643   -0.11164E+05  -0.64598E+05   0.15261E+02  -0.90841E+05   0.15695E+05  -0.72481E-02
  0.713   2.643   -0.43136E+05  -0.91910E+04  -0.10135E+02  -0.12930E+05   0.60656E+05   0.84417E-02
  0.713   2.643    0.11164E+05  -0.64599E+05  -0.15260E+02  -0.90841E+05  -0.15698E+05  -0.72312E-02
  0.713   2.643    0.12738E+05   0.12737E+06  -0.74294E+01   0.17913E+06  -0.17910E+05   0.83941E-02
  0.725   2.666    0.21238E+00   0.10232E+06   0.19198E-03   0.14152E+06  -0.44408E+00  -0.92136E-02
  0.725   2.666    0.19601E+05  -0.93503E+04  -0.44715E+01  -0.12935E+05  -0.27107E+05  -0.17797E-01
  0.725   2.666   -0.19601E+05  -0.93500E+04   0.44701E+01  -0.12934E+05   0.27108E+05  -0.17796E-01
  0.725   2.666    0.31308E+05  -0.93499E+04   0.63575E+01  -0.12933E+05  -0.43293E+05   0.94453E-02
  0.725   2.666   -0.78136E+04   0.11599E+06   0.40967E+01   0.16041E+06   0.10803E+05   0.88897E-02
  0.725   2.666   -0.58211E+04  -0.53575E+05   0.10875E+02  -0.74090E+05   0.80493E+04  -0.71340E-02
  0.725   2.666   -0.31308E+05  -0.93496E+04  -0.63587E+01  -0.12933E+05   0.43293E+05   0.94416E-02
  0.725   2.666    0.58202E+04  -0.53576E+05  -0.10877E+02  -0.74090E+05  -0.80462E+04  -0.71340E-02
  0.725   2.666    0.78133E+04   0.11599E+06  -0.40955E+01   0.16041E+06  -0.10804E+05   0.88901E-02
  0.738   2.689    0.15913E+00   0.99068E+05  -0.73517E-03   0.13477E+06  -0.27487E+00  -0.10426E-01
  0.738   2.689    0.18087E+05  -0.94062E+04  -0.37815E+01  -0.12799E+05  -0.24605E+05  -0.17603E-01
  0.738   2.689   -0.18087E+05  -0.94062E+04   0.37844E+01  -0.12799E+05   0.24604E+05  -0.17602E-01
  0.738   2.689    0.19827E+05  -0.94058E+04   0.29724E+01  -0.12798E+05  -0.26965E+05   0.10504E-01
  0.738   2.689   -0.31222E+04   0.10465E+06   0.11356E+01   0.14236E+06   0.42455E+04   0.78606E-02
  0.738   2.689   -0.83287E+03  -0.42425E+05   0.68145E+01  -0.57710E+05   0.11298E+04  -0.56077E-02
  0.738   2.689   -0.19827E+05  -0.94057E+04  -0.29761E+01  -0.12798E+05   0.26965E+05   0.10504E-01
  0.738   2.689    0.83434E+03  -0.42425E+05  -0.68148E+01  -0.57709E+05  -0.11340E+04  -0.56128E-02
  0.738   2.689    0.31217E+04   0.10465E+06  -0.11353E+01   0.14236E+06  -0.42440E+04   0.78592E-02
  0.750   2.712    0.51108E-01   0.95594E+05  -0.44520E-03   0.12796E+06  -0.42390E-01  -0.10985E-01
  0.750   2.712    0.16286E+05  -0.93832E+04  -0.33413E+01  -0.12563E+05  -0.21799E+05  -0.16851E-01
  0.750   2.712   -0.16286E+05  -0.93830E+04   0.33430E+01  -0.12563E+05   0.21799E+05  -0.16856E-01
  0.750   2.712    0.10634E+05  -0.93830E+04   0.10667E+01  -0.12562E+05  -0.14229E+05   0.11581E-01
  0.750   2.712    0.36902E+03   0.95149E+05  -0.50886E+00   0.12736E+06  -0.49529E+03   0.59774E-02
  0.750   2.712    0.28623E+04  -0.32910E+05   0.44609E+01  -0.44050E+05  -0.38328E+04  -0.33632E-02
  0.750   2.712   -0.10634E+05  -0.93825E+04  -0.10668E+01  -0.12562E+05   0.14229E+05   0.11580E-01
  0.750   2.712   -0.28623E+04  -0.32910E+05  -0.44604E+01  -0.44050E+05   0.38325E+04  -0.33565E-02
  0.750   2.712   -0.36922E+03   0.95149E+05   0.50860E+00   0.12736E+06   0.49562E+03   0.59788E-02
  0.762   2.735   -0.68764E-02   0.92007E+05  -0.32742E-03   0.12120E+06   0.21588E-02  -0.10830E-01
  0.762   2.735    0.14269E+05  -0.92949E+04  -0.29491E+01  -0.12248E+05  -0.18795E+05  -0.15643E-01
  0.762   2.735   -0.14268E+05  -0.92950E+04   0.29494E+01  -0.12248E+05   0.18794E+05  -0.15643E-01
  0.762   2.735    0.39068E+04  -0.92940E+04  -0.15395E+00  -0.12246E+05  -0.51418E+04   0.12648E-01
  0.762   2.735    0.25754E+04   0.87741E+05  -0.14842E+01   0.11558E+06  -0.33931E+04   0.38149E-02
  0.762   2.735    0.52142E+04  -0.25265E+05   0.28458E+01  -0.33279E+05  -0.68696E+04  -0.94595E-03
  0.762   2.735   -0.39069E+04  -0.92939E+04   0.15218E+00  -0.12246E+05   0.51419E+04   0.12648E-01
  0.762   2.735   -0.52137E+04  -0.25265E+05  -0.28459E+01  -0.33279E+05   0.68677E+04  -0.94707E-03
  0.762   2.735   -0.25753E+04   0.87741E+05   0.14841E+01   0.11558E+06   0.33928E+04   0.38140E-02
  0.775   2.757    0.27272E+00   0.88419E+05   0.21826E-02   0.11468E+06  -0.11637E+00  -0.99157E-02
  0.775   2.757    0.12100E+05  -0.91359E+04  -0.27796E+01  -0.11855E+05  -0.15692E+05  -0.14029E-01
  0.775   2.757   -0.12101E+05  -0.91361E+04   0.27725E+01  -0.11855E+05   0.15694E+05  -0.14036E-01
  0.775   2.757   -0.84506E+03  -0.91349E+04  -0.78101E+00  -0.11852E+05   0.10987E+04   0.13633E-01
  0.775   2.757    0.37562E+04   0.82099E+05  -0.19488E+01   0.10649E+06  -0.48710E+04   0.17021E-02
  0.775   2.757    0.65002E+04  -0.19123E+05   0.20453E+01  -0.24805E+05  -0.84296E+04   0.12992E-02
  0.775   2.757    0.84570E+03  -0.91351E+04   0.78067E+00  -0.11853E+05  -0.10998E+04   0.13631E-01
  0.775   2.757   -0.65018E+04  -0.19124E+05  -0.20441E+01  -0.24805E+05   0.84330E+04   0.13027E-02
  0.775   2.757   -0.37564E+04   0.82099E+05   0.19470E+01   0.10649E+06   0.48713E+04   0.16972E-02
  0.787   2.779   -0.44790E+00   0.84909E+05   0.27285E-02   0.10846E+06   0.61552E+00  -0.82825E-02
  0.787   2.779    0.98323E+04  -0.88688E+04  -0.27520E+01  -0.11338E+05  -0.12557E+05  -0.12100E-01
  0.787   2.779   -0.98333E+04  -0.88684E+04   0.27481E+01  -0.11337E+05   0.12562E+05  -0.12109E-01
  0.787   2.779   -0.41965E+04  -0.88680E+04  -0.10143E+01  -0.11334E+05   0.53606E+04   0.14417E-01
  0.787   2.779    0.42270E+04   0.77760E+05  -0.20734E+01   0.99335E+05  -0.53951E+04  -0.18416E-03
  0.787   2.779    0.70378E+04  -0.14000E+05   0.18005E+01  -0.17890E+05  -0.89864E+04   0.31949E-02
  0.787   2.779    0.41959E+04  -0.88667E+04   0.10160E+01  -0.11332E+05  -0.53598E+04   0.14420E-01
  0.787   2.779   -0.70357E+04  -0.14000E+05  -0.18004E+01  -0.17890E+05   0.89856E+04   0.31964E-02
  0.787   2.779   -0.42303E+04   0.77760E+05   0.20727E+01   0.99335E+05   0.54022E+04  -0.18667E-03
  0.800   2.801    0.46580E+00   0.81648E+05  -0.25931E-03   0.10265E+06  -0.38728E+00  -0.62616E-02
  0.800   2.801    0.75241E+04  -0.83555E+04  -0.37983E+01  -0.10522E+05  -0.94582E+04  -0.99360E-02
  0.800   2.801   -0.75259E+04  -0.83555E+04   0.37978E+01  -0.10523E+05   0.94621E+04  -0.99332E-02
  0.800   2.801   -0.67361E+04  -0.83531E+04  -0.91672E+00  -0.10514E+05   0.84638E+04   0.14643E-01
  0.800   2.801    0.43702E+04   0.74237E+05  -0.23088E+01   0.93346E+05  -0.54857E+04  -0.17560E-02
  0.800   2.801    0.71454E+04  -0.92916E+04   0.29706E+01  -0.11701E+05  -0.89752E+04   0.46048E-02
  0.800   2.801    0.67367E+04  -0.83535E+04   0.91596E+00  -0.10515E+05  -0.84645E+04   0.14641E-01
  0.800   2.801   -0.71486E+04  -0.92917E+04  -0.29706E+01  -0.11701E+05   0.89810E+04   0.46044E-02
  0.800   2.801   -0.43702E+04   0.74237E+05   0.23085E+01   0.93346E+05   0.54869E+04  -0.17534E-02
  0.812   2.823   -0.22870E+02   0.80436E+05  -0.10832E+00   0.99454E+05   0.30735E+02  -0.31145E-02
  0.812   2.823    0.53479E+04  -0.60887E+04  -0.26813E+02  -0.77015E+04  -0.66629E+04  -0.77642E-02
  0.812   2.823   -0.53915E+04  -0.60875E+04   0.26745E+02  -0.77002E+04   0.66324E+04  -0.80780E-02
  0.812   2.823    0.10874E+04  -0.60953E+04  -0.23139E+02  -0.76792E+04  -0.97779E+03   0.14115E-01
  0.812   2.823   -0.21862E+03   0.80864E+05  -0.37858E+02   0.99717E+05   0.13449E+03   0.12482E-02
  0.812   2.823    0.20756E+04  -0.11907E+05   0.40918E+01  -0.14564E+05  -0.28114E+04   0.29381E-03
  0.812   2.823   -0.11253E+04  -0.60397E+04   0.22963E+02  -0.76063E+04   0.10280E+04   0.14555E-01
  0.812   2.823   -0.21349E+04  -0.11911E+05  -0.41312E+01  -0.14571E+05   0.27144E+04   0.84076E-03
  0.812   2.823    0.22151E+03   0.80862E+05   0.37796E+02   0.99714E+05  -0.10341E+03   0.13058E-02
  0.825   2.844    0.58930E+00   0.74371E+05  -0.16964E-03   0.90750E+05  -0.70646E+00   0.36763E-02
  0.825   2.844    0.26639E+04  -0.76879E+04   0.37546E+00  -0.93778E+04  -0.32482E+04  -0.46815E-02
  0.825   2.844   -0.26642E+04  -0.76876E+04  -0.37524E+00  -0.93775E+04   0.32486E+04  -0.46815E-02
  0.825   2.844   -0.71816E+04  -0.76862E+04  -0.26919E+01  -0.93778E+04   0.87935E+04   0.16402E-01
  0.825   2.844    0.22564E+04   0.70541E+05  -0.26016E+01   0.86050E+05  -0.27684E+04  -0.32207E-02
  0.825   2.844    0.49179E+04  -0.40279E+04  -0.30797E+01  -0.48857E+04  -0.60167E+04   0.54457E-02
  0.825   2.844    0.71825E+04  -0.76866E+04   0.26918E+01  -0.93783E+04  -0.87946E+04   0.16407E-01
  0.825   2.844   -0.49175E+04  -0.40283E+04   0.30799E+01  -0.48861E+04   0.60160E+04   0.54465E-02
  0.825   2.844   -0.22576E+04   0.70541E+05   0.26014E+01   0.86050E+05   0.27705E+04  -0.32225E-02
  0.838   2.866   -0.90103E-01   0.71650E+05   0.31357E-03   0.86152E+05   0.30525E+00   0.74896E-02
  0.838   2.866    0.41340E+03  -0.66180E+04   0.12204E+00  -0.79569E+04  -0.49466E+03  -0.18401E-02
  0.838   2.866   -0.41389E+03  -0.66181E+04  -0.12191E+00  -0.79570E+04   0.49537E+03  -0.18401E-02
  0.838   2.866   -0.78168E+04  -0.66166E+04  -0.20814E+01  -0.79555E+04   0.94176E+04   0.14792E-01
  0.838   2.866    0.19363E+04   0.68352E+05  -0.19398E+01   0.82173E+05  -0.23355E+04  -0.38081E-02
  0.838   2.866    0.41020E+04  -0.45266E+03  -0.22103E+01  -0.52643E+03  -0.49416E+04   0.52402E-02
  0.838   2.866    0.78169E+04  -0.66163E+04   0.20814E+01  -0.79551E+04  -0.94176E+04   0.14784E-01
  0.838   2.866   -0.41051E+04  -0.45255E+03   0.22105E+01  -0.52637E+03   0.49435E+04   0.52416E-02
  0.838   2.866   -0.19340E+04   0.68352E+05   0.19396E+01   0.82173E+05   0.23341E+04  -0.38057E-02
  0.850   2.887   -0.24086E+00   0.69221E+05   0.22722E-03   0.82033E+05   0.58747E+00   0.11495E-01
  0.850   2.887   -0.16919E+04  -0.53612E+04   0.97446E-01  -0.63546E+04   0.20077E+04   0.11267E-02
  0.850   2.887    0.16917E+04  -0.53612E+04  -0.96720E-01  -0.63546E+04  -0.20074E+04   0.11256E-02
  0.850   2.887   -0.77504E+04  -0.53601E+04  -0.18409E+01  -0.63527E+04   0.92005E+04   0.12407E-01
  0.850   2.887    0.15689E+04   0.66530E+05  -0.16843E+01   0.78834E+05  -0.18649E+04  -0.40494E-02
  0.850   2.887    0.30110E+04   0.25793E+04  -0.19408E+01   0.30717E+04  -0.35743E+04   0.44153E-02
  0.850   2.887    0.77500E+04  -0.53601E+04   0.18417E+01  -0.63529E+04  -0.91996E+04   0.12413E-01
  0.850   2.887   -0.30113E+04   0.25792E+04   0.19407E+01   0.30716E+04   0.35744E+04   0.44211E-02
  0.850   2.887   -0.15681E+04   0.66530E+05   0.16843E+01   0.78834E+05   0.18633E+04  -0.40426E-02
  0.863   2.908   -0.65822E-02   0.67210E+05  -0.12263E-03   0.78519E+05   0.12386E-02   0.14912E-01
  0.863   2.908   -0.35571E+04  -0.39298E+04   0.14550E+00  -0.45936E+04   0.41587E+04   0.41301E-02
  0.863   2.908    0.35578E+04  -0.39298E+04  -0.14601E+00  -0.45935E+04  -0.41594E+04   0.41314E-02
  0.863   2.908   -0.72881E+04  -0.39286E+04  -0.16215E+01  -0.45910E+04   0.85280E+04   0.90597E-02
  0.863   2.908    0.13607E+04   0.64847E+05  -0.14556E+01   0.75752E+05  -0.15936E+04  -0.41385E-02
  0.863   2.908    0.18432E+04   0.52451E+04  -0.17625E+01   0.61409E+04  -0.21576E+04   0.31995E-02
  0.863   2.908    0.72881E+04  -0.39287E+04   0.16212E+01  -0.45910E+04  -0.85282E+04   0.90603E-02
  0.863   2.908   -0.18425E+04   0.52450E+04   0.17627E+01   0.61408E+04   0.21572E+04   0.31983E-02
  0.863   2.908   -0.13613E+04   0.64847E+05   0.14554E+01   0.75752E+05   0.15938E+04  -0.41416E-02
  0.875   2.929   -0.16501E+00   0.65665E+05  -0.10302E-02   0.75642E+05   0.30572E+00   0.17210E-01
  0.875   2.929   -0.51155E+04  -0.23942E+04   0.21808E+00  -0.27602E+04   0.58956E+04   0.70850E-02
  0.875   2.929    0.51150E+04  -0.23943E+04  -0.21496E+00  -0.27604E+04  -0.58960E+04   0.70846E-02
  0.875   2.929   -0.65939E+04  -0.23936E+04  -0.14557E+01  -0.27590E+04   0.76082E+04   0.48206E-02
  0.875   2.929    0.13601E+04   0.63276E+05  -0.13013E+01   0.72883E+05  -0.15682E+04  -0.42193E-02
  0.875   2.929    0.71394E+03   0.75488E+04  -0.16734E+01   0.87069E+04  -0.82573E+03   0.17946E-02
  0.875   2.929    0.65940E+04  -0.23933E+04   0.14608E+01  -0.27587E+04  -0.76082E+04   0.48203E-02
  0.875   2.929   -0.71524E+03   0.75488E+04   0.16724E+01   0.87069E+04   0.82758E+03   0.17951E-02
  0.875   2.929   -0.13594E+04   0.63276E+05   0.13017E+01   0.72883E+05   0.15699E+04  -0.42182E-02
  0.887   2.950    0.20552E-01   0.64562E+05  -0.49728E-03   0.73341E+05   0.25274E-02   0.18066E-01
  0.887   2.950   -0.63391E+04  -0.84327E+03   0.29007E+00  -0.96117E+03   0.72048E+04   0.99142E-02
  0.887   2.950    0.63390E+04  -0.84330E+03  -0.28862E+00  -0.96120E+03  -0.72052E+04   0.99135E-02
  0.887   2.950   -0.58075E+04  -0.84231E+03  -0.13278E+01  -0.95839E+03   0.66092E+04  -0.86448E-04
  0.887   2.950    0.15343E+04   0.61847E+05  -0.11630E+01   0.70254E+05  -0.17446E+04  -0.43554E-02
  0.887   2.950   -0.29017E+03   0.95019E+04  -0.16138E+01   0.10806E+05   0.32653E+03   0.40837E-03
  0.887   2.950    0.58079E+04  -0.84223E+03   0.13282E+01  -0.95826E+03  -0.66097E+04  -0.87040E-04
  0.887   2.950    0.29014E+03   0.95019E+04   0.16134E+01   0.10806E+05  -0.32715E+03   0.40811E-03
  0.887   2.950   -0.15344E+04   0.61847E+05   0.11628E+01   0.70254E+05   0.17453E+04  -0.43539E-02
  0.900   2.971   -0.12098E+00   0.63823E+05  -0.22085E-04   0.71511E+05   0.15768E+00   0.17379E-01
  0.900   2.971   -0.72463E+04   0.64952E+03   0.36200E+00   0.72439E+03   0.81237E+04   0.12561E-01
  0.900   2.971    0.72462E+04   0.64947E+03  -0.36251E+00   0.72434E+03  -0.81235E+04   0.12561E-01
  0.900   2.971   -0.50493E+04   0.65039E+03  -0.12199E+01   0.72690E+03   0.56692E+04  -0.54119E-02
  0.900   2.971    0.18086E+04   0.60613E+05  -0.10564E+01   0.67913E+05  -0.20279E+04  -0.45472E-02
  0.900   2.971   -0.11210E+04   0.11145E+05  -0.15788E+01   0.12500E+05   0.12539E+04  -0.80884E-03
  0.900   2.971    0.50494E+04   0.65040E+03   0.12206E+01   0.72691E+03  -0.56692E+04  -0.54119E-02
  0.900   2.971    0.11209E+04   0.11145E+05   0.15791E+01   0.12500E+05  -0.12537E+04  -0.80877E-03
  0.900   2.971   -0.18085E+04   0.60613E+05   0.10568E+01   0.67913E+05   0.20279E+04  -0.45485E-02
  0.912   2.991    0.19203E+00   0.63352E+05   0.42420E-03   0.70028E+05   0.29321E+00   0.15234E-01
  0.912   2.991   -0.78919E+04   0.20400E+04   0.43203E+00   0.22516E+04   0.87288E+04   0.14991E-01
  0.912   2.991    0.78912E+04   0.20401E+04  -0.43348E+00   0.22519E+04  -0.87271E+04   0.14990E-01
  0.912   2.991   -0.44086E+04   0.20400E+04  -0.11525E+01   0.22525E+04   0.48845E+04  -0.10962E-01
  0.912   2.991    0.20882E+04   0.59642E+05  -0.96970E+00   0.65922E+05  -0.23101E+04  -0.47266E-02
  0.912   2.991   -0.17611E+04   0.12560E+05  -0.15806E+01   0.13894E+05   0.19450E+04  -0.17788E-02
  0.912   2.991    0.44084E+04   0.20400E+04   0.11480E+01   0.22524E+04  -0.48838E+04  -0.10962E-01
  0.912   2.991    0.17605E+04   0.12560E+05   0.15789E+01   0.13894E+05  -0.19437E+04  -0.17787E-02
  0.912   2.991   -0.20884E+04   0.59642E+05   0.96770E+00   0.65922E+05   0.23088E+04  -0.47246E-02
  0.925   3.012    0.50044E+00   0.63049E+05  -0.14977E-03   0.68766E+05  -0.13829E+01   0.11823E-01
  0.925   3.012   -0.83450E+04   0.33150E+04   0.47943E+00   0.36124E+04   0.91073E+04   0.17183E-01
  0.925   3.012    0.83441E+04   0.33154E+04  -0.47894E+00   0.36125E+04  -0.91057E+04   0.17175E-01
  0.925   3.012   -0.39436E+04   0.33149E+04  -0.10578E+01   0.36131E+04   0.43115E+04  -0.16640E-01
  0.925   3.012    0.22831E+04   0.58990E+05  -0.83995E+00   0.64336E+05  -0.24902E+04  -0.47651E-02
  0.925   3.012   -0.22164E+04   0.13841E+05  -0.15367E+01   0.15108E+05   0.24161E+04  -0.24957E-02
  0.925   3.012    0.39431E+04   0.33155E+04   0.10638E+01   0.36137E+04  -0.43117E+04  -0.16642E-01
  0.925   3.012    0.22167E+04   0.13841E+05   0.15393E+01   0.15108E+05  -0.24155E+04  -0.24881E-02
  0.925   3.012   -0.22850E+04   0.58990E+05   0.84269E+00   0.64337E+05   0.24937E+04  -0.47598E-02
  0.938   3.032   -0.65030E-01   0.62827E+05  -0.11694E-03   0.67621E+05   0.85899E+00   0.73774E-02
  0.938   3.032   -0.86788E+04   0.44845E+04   0.52727E+00   0.48235E+04   0.93469E+04   0.19121E-01
  0.938   3.032    0.86792E+04   0.44847E+04  -0.52827E+00   0.48241E+04  -0.93476E+04   0.19121E-01
  0.938   3.032   -0.36910E+04   0.44848E+04  -0.10073E+01   0.48247E+04   0.39834E+04  -0.22450E-01
  0.938   3.032    0.23197E+04   0.58699E+05  -0.72665E+00   0.63177E+05  -0.24978E+04  -0.45007E-02
  0.938   3.032   -0.25063E+04   0.15092E+05  -0.15326E+01   0.16255E+05   0.26958E+04  -0.29859E-02
  0.938   3.032    0.36905E+04   0.44848E+04   0.10032E+01   0.48246E+04  -0.39823E+04  -0.22450E-01
  0.938   3.032    0.25067E+04   0.15092E+05   0.15303E+01   0.16255E+05  -0.26965E+04  -0.29837E-02
  0.938   3.032   -0.23199E+04   0.58699E+05   0.72442E+00   0.63177E+05   0.24972E+04  -0.45012E-02
  0.950   3.052   -0.14494E+00   0.62634E+05   0.60946E-03   0.66537E+05   0.45268E+00   0.21413E-02
  0.950   3.052   -0.89525E+04   0.55640E+04   0.57429E+00   0.59078E+04   0.95168E+04   0.20816E-01
  0.950   3.052    0.89522E+04   0.55642E+04  -0.57397E+00   0.59081E+04  -0.95166E+04   0.20815E-01
  0.950   3.052   -0.36687E+04   0.55635E+04  -0.96349E+00   0.59075E+04   0.39077E+04  -0.28435E-01
  0.950   3.052    0.21400E+04   0.58808E+05  -0.60162E+00   0.62470E+05  -0.22738E+04  -0.37785E-02
  0.950   3.052   -0.26504E+04   0.16399E+05  -0.15362E+01   0.17432E+05   0.28138E+04  -0.33144E-02
  0.950   3.052    0.36686E+04   0.55635E+04   0.96091E+00   0.59075E+04  -0.39072E+04  -0.28435E-01
  0.950   3.052    0.26503E+04   0.16399E+05   0.15349E+01   0.17432E+05  -0.28139E+04  -0.33133E-02
  0.950   3.052   -0.21397E+04   0.58808E+05   0.60043E+00   0.62470E+05   0.22736E+04  -0.37795E-02
  0.963   3.072   -0.24722E-01   0.62418E+05  -0.89000E-03   0.65453E+05   0.16248E+01  -0.36178E-02
  0.963   3.072   -0.92092E+04   0.65680E+04   0.62567E+00   0.68847E+04   0.96637E+04   0.22280E-01
  0.963   3.072    0.92098E+04   0.65683E+04  -0.62707E+00   0.68858E+04  -0.96651E+04   0.22279E-01
  0.963   3.072   -0.38965E+04   0.65676E+04  -0.94778E+00   0.68842E+04   0.40964E+04  -0.34615E-01
  0.963   3.072    0.17013E+04   0.59351E+05  -0.47357E+00   0.62237E+05  -0.17855E+04  -0.24391E-02
  0.963   3.072   -0.26632E+04   0.17827E+05  -0.15667E+01   0.18707E+05   0.27904E+04  -0.35365E-02
  0.963   3.072    0.38959E+04   0.65675E+04   0.93729E+00   0.68839E+04  -0.40949E+04  -0.34614E-01
  0.963   3.072    0.26637E+04   0.17827E+05   0.15626E+01   0.18707E+05  -0.27919E+04  -0.35343E-02
  0.963   3.072   -0.17014E+04   0.59351E+05   0.46984E+00   0.62236E+05   0.17834E+04  -0.24375E-02
  0.975   3.092    0.69202E-01   0.62149E+05   0.16372E-02   0.64341E+05  -0.11294E+01  -0.95595E-02
  0.975   3.092   -0.94756E+04   0.74947E+04   0.64218E+00   0.77576E+04   0.98182E+04   0.23534E-01
  0.975   3.092    0.94746E+04   0.74944E+04  -0.64839E+00   0.77567E+04  -0.98162E+04   0.23534E-01
  0.975   3.092   -0.43804E+04   0.74938E+04  -0.92300E+00   0.77551E+04   0.45447E+04  -0.40870E-01
  0.975   3.092    0.98153E+03   0.60324E+05  -0.35231E+00   0.62452E+05  -0.10161E+04  -0.36460E-03
  0.975   3.092   -0.25526E+04   0.19406E+05  -0.15682E+01   0.20104E+05   0.26410E+04  -0.36777E-02
  0.975   3.092    0.43808E+04   0.74936E+04   0.92477E+00   0.77550E+04  -0.45459E+04  -0.40871E-01
  0.975   3.092    0.25519E+04   0.19406E+05   0.15729E+01   0.20104E+05  -0.26396E+04  -0.36847E-02
  0.975   3.092   -0.98138E+03   0.60324E+05   0.35581E+00   0.62452E+05   0.10165E+04  -0.36036E-03
  0.988   3.112    0.30271E+00   0.61776E+05   0.31204E-03   0.63148E+05  -0.10440E+01  -0.15211E-01
  0.988   3.112   -0.97491E+04   0.83091E+04   0.73914E+00   0.84915E+04   0.99745E+04   0.24592E-01
  0.988   3.112    0.97489E+04   0.83089E+04  -0.73506E+00   0.84909E+04  -0.99738E+04   0.24592E-01
  0.988   3.112   -0.51175E+04   0.83083E+04  -0.95072E+00   0.84890E+04   0.52408E+04  -0.46796E-01
  0.988   3.112   -0.14947E+02   0.61680E+05  -0.15630E+00   0.63048E+05   0.15982E+02   0.24744E-02
  0.988   3.112   -0.23194E+04   0.21103E+05  -0.16932E+01   0.21584E+05   0.23691E+04  -0.37475E-02
  0.988   3.112    0.51177E+04   0.83084E+04   0.95425E+00   0.84892E+04  -0.52413E+04  -0.46796E-01
  0.988   3.112    0.23191E+04   0.21103E+05   0.16939E+01   0.21584E+05  -0.23682E+04  -0.37484E-02
  0.988   3.112    0.14244E+02   0.61680E+05   0.15752E+00   0.63048E+05  -0.13777E+02   0.24738E-02
  1.000   3.132   -0.91923E+00   0.61668E+05  -0.36559E-03   0.62248E+05   0.21745E+01  -0.19806E-01
  1.000   3.132   -0.10077E+05   0.89997E+04   0.81233E+00   0.90821E+04   0.10181E+05   0.25265E-01
  1.000   3.132    0.10077E+05   0.90004E+04  -0.81761E+00   0.90833E+04  -0.10180E+05   0.25261E-01
  1.000   3.132   -0.61154E+04   0.89998E+04  -0.10068E+01   0.90804E+04   0.61833E+04  -0.51204E-01
  1.000   3.132   -0.12410E+04   0.63706E+05   0.50983E-02   0.64300E+05   0.12523E+04   0.58838E-02
  1.000   3.132   -0.19827E+04   0.22951E+05  -0.18236E+01   0.23180E+05   0.19989E+04  -0.36636E-02
  1.000   3.132    0.61148E+04   0.89997E+04   0.10015E+01   0.90802E+04  -0.61821E+04  -0.51201E-01
  1.000   3.132    0.19826E+04   0.22951E+05   0.18216E+01   0.23180E+05  -0.19987E+04  -0.36572E-02
  1.000   3.132    0.12415E+04   0.63706E+05  -0.75747E-02   0.64300E+05  -0.12537E+04   0.58768E-02
  1.012   3.151    0.11014E+00   0.60929E+05  -0.14056E-02   0.60764E+05   0.48329E+00  -0.22813E-01
  1.012   3.151   -0.10270E+05   0.93290E+04   0.80215E+00   0.93008E+04   0.10252E+05   0.25779E-01
  1.012   3.151    0.10269E+05   0.93289E+04  -0.81217E+00   0.93008E+04  -0.10250E+05   0.25777E-01
  1.012   3.151   -0.72050E+04   0.93290E+04  -0.97875E+00   0.93000E+04   0.71945E+04  -0.53373E-01
  1.012   3.151   -0.25591E+04   0.65267E+05   0.17454E+00   0.65078E+05   0.25524E+04   0.94649E-02
  1.012   3.151   -0.15304E+04   0.24410E+05  -0.17866E+01   0.24355E+05   0.15241E+04  -0.33711E-02
  1.012   3.151    0.72046E+04   0.93288E+04   0.97634E+00   0.92996E+04  -0.71940E+04  -0.53372E-01
  1.012   3.151    0.15294E+04   0.24410E+05   0.17878E+01   0.24355E+05  -0.15222E+04  -0.33721E-02
  1.012   3.151    0.25580E+04   0.65267E+05  -0.17498E+00   0.65078E+05  -0.25514E+04   0.94692E-02
  1.025   3.170   -0.61178E+00   0.59896E+05   0.39456E-03   0.58984E+05   0.40643E+00  -0.23428E-01
  1.025   3.170   -0.10310E+05   0.92111E+04   0.83954E+00   0.90707E+04   0.10164E+05   0.25800E-01
  1.025   3.170    0.10310E+05   0.92113E+04  -0.83752E+00   0.90708E+04  -0.10165E+05   0.25800E-01
  1.025   3.170   -0.82556E+04   0.92099E+04  -0.10094E+01   0.90656E+04   0.81407E+04  -0.51377E-01
  1.025   3.170   -0.37448E+04   0.66331E+05   0.31373E+00   0.65326E+05   0.36883E+04   0.12462E-01
  1.025   3.170   -0.10180E+04   0.25272E+05  -0.18445E+01   0.24905E+05   0.99951E+03  -0.27562E-02
  1.025   3.170    0.82555E+04   0.92097E+04   0.10102E+01   0.90655E+04  -0.81407E+04  -0.51376E-01
  1.025   3.170    0.10186E+04   0.25272E+05   0.18451E+01   0.24905E+05  -0.10009E+04  -0.27545E-02
  1.025   3.170    0.37461E+04   0.66331E+05  -0.31279E+00   0.65326E+05  -0.36901E+04   0.12458E-01
  1.038   3.190   -0.80916E+00   0.58571E+05  -0.87101E-03   0.56982E+05   0.35413E+01  -0.21337E-01
  1.038   3.190   -0.10119E+05   0.85561E+04   0.83823E+00   0.83238E+04   0.98553E+04   0.25091E-01
  1.038   3.190    0.10119E+05   0.85566E+04  -0.84300E+00   0.83254E+04  -0.98559E+04   0.25089E-01
  1.038   3.190   -0.90553E+04   0.85555E+04  -0.10266E+01   0.83204E+04   0.88215E+04  -0.44012E-01
  1.038   3.190   -0.45398E+04   0.66430E+05   0.41203E+00   0.64631E+05   0.44156E+04   0.13953E-01
  1.038   3.190   -0.51341E+03   0.25192E+05  -0.18766E+01   0.24527E+05   0.49660E+03  -0.17704E-02
  1.038   3.190    0.90549E+04   0.85552E+04   0.10234E+01   0.83192E+04  -0.88207E+04  -0.44010E-01
  1.038   3.190    0.51377E+03   0.25192E+05   0.18757E+01   0.24527E+05  -0.49790E+03  -0.17667E-02
  1.038   3.190    0.45408E+04   0.66431E+05  -0.41350E+00   0.64632E+05  -0.44204E+04   0.13944E-01
  1.050   3.209   -0.41485E+00   0.56979E+05  -0.30891E-02   0.54763E+05   0.14539E+01  -0.16920E-01
  1.050   3.209   -0.96391E+04   0.73947E+04   0.83591E+00   0.71051E+04   0.92764E+04   0.23470E-01
  1.050   3.209    0.96391E+04   0.73951E+04  -0.84940E+00   0.71057E+04  -0.92758E+04   0.23466E-01
  1.050   3.209   -0.94178E+04   0.73952E+04  -0.10520E+01   0.71052E+04   0.90609E+04  -0.31469E-01
  1.050   3.209   -0.47472E+04   0.65244E+05   0.47512E+00   0.62694E+05   0.45642E+04   0.13303E-01
  1.050   3.209   -0.83377E+02   0.23988E+05  -0.19047E+01   0.23070E+05   0.78508E+02  -0.49416E-03
  1.050   3.209    0.94188E+04   0.73953E+04   0.10465E+01   0.71050E+04  -0.90619E+04  -0.31469E-01
  1.050   3.209    0.82459E+02   0.23988E+05   0.19024E+01   0.23069E+05  -0.76905E+02  -0.49327E-03
  1.050   3.209    0.47465E+04   0.65245E+05  -0.48093E+00   0.62695E+05  -0.45621E+04   0.13302E-01
  1.062   3.228   -0.40979E+00   0.55187E+05   0.17394E-03   0.52397E+05  -0.37483E-01  -0.11118E-01
  1.062   3.228   -0.88692E+04   0.59038E+04   0.81768E+00   0.56064E+04   0.84344E+04   0.20856E-01
  1.062   3.228    0.88692E+04   0.59039E+04  -0.81740E+00   0.56065E+04  -0.84345E+04   0.20858E-01
  1.062   3.228   -0.92796E+04   0.59035E+04  -0.10334E+01   0.56029E+04   0.88233E+04  -0.15609E-01
  1.062   3.228   -0.43393E+04   0.62795E+05   0.46061E+00   0.59629E+05   0.41208E+04   0.10549E-01
  1.062   3.228    0.23735E+03   0.21763E+05  -0.18638E+01   0.20685E+05  -0.22735E+03   0.88005E-03
  1.062   3.228    0.92798E+04   0.59033E+04   0.10326E+01   0.56028E+04  -0.88234E+04  -0.15610E-01
  1.062   3.228   -0.23592E+03   0.21762E+05   0.18637E+01   0.20685E+05   0.22497E+03   0.87911E-03
  1.062   3.228    0.43417E+04   0.62795E+05  -0.46045E+00   0.59629E+05  -0.41241E+04   0.10554E-01
  1.075   3.247   -0.52031E+00   0.53303E+05   0.53025E-03   0.50014E+05   0.15702E+01  -0.49758E-02
  1.075   3.247   -0.78583E+04   0.43323E+04   0.79695E+00   0.40660E+04   0.73879E+04   0.17283E-01
  1.075   3.247    0.78590E+04   0.43327E+04  -0.79137E+00   0.40667E+04  -0.73894E+04   0.17282E-01
  1.075   3.247   -0.87097E+04   0.43319E+04  -0.10170E+01   0.40627E+04   0.81865E+04   0.73775E-03
  1.075   3.247   -0.34755E+04   0.59449E+05   0.37804E+00   0.55794E+05   0.32613E+04   0.63941E-02
  1.075   3.247    0.45607E+03   0.18866E+05  -0.17983E+01   0.17728E+05  -0.42990E+03   0.21487E-02
  1.075   3.247    0.87110E+04   0.43319E+04   0.10088E+01   0.40624E+04  -0.81877E+04   0.73698E-03
  1.075   3.247   -0.45491E+03   0.18866E+05   0.17990E+01   0.17728E+05   0.42660E+03   0.21505E-02
  1.075   3.247    0.34777E+04   0.59450E+05  -0.37547E+00   0.55795E+05  -0.32662E+04   0.63859E-02
  1.087   3.266   -0.39166E-01   0.51390E+05   0.19333E-03   0.47682E+05   0.14536E+01   0.78073E-03
  1.087   3.266   -0.66774E+04   0.28979E+04   0.76673E+00   0.26890E+04   0.62108E+04   0.12850E-01
  1.087   3.266    0.66775E+04   0.28978E+04  -0.76720E+00   0.26892E+04  -0.62110E+04   0.12849E-01
  1.087   3.266   -0.78567E+04   0.28984E+04  -0.98136E+00   0.26891E+04   0.73025E+04   0.15002E-01
  1.087   3.266   -0.23891E+04   0.55663E+05   0.32283E+00   0.51645E+05   0.22177E+04   0.17941E-02
  1.087   3.266    0.61320E+03   0.15693E+05  -0.17661E+01   0.14585E+05  -0.56913E+03   0.31792E-02
  1.087   3.266    0.78572E+04   0.28985E+04   0.98337E+00   0.26887E+04  -0.73031E+04   0.15002E-01
  1.087   3.266   -0.61370E+03   0.15693E+05   0.17673E+01   0.14585E+05   0.56937E+03   0.31808E-02
  1.087   3.266    0.23882E+04   0.55663E+05  -0.32234E+00   0.51645E+05  -0.22179E+04   0.17860E-02
  1.100   3.284    0.78920E-01   0.49498E+05  -0.33162E-03   0.45438E+05   0.55861E+00   0.58202E-02
  1.100   3.284   -0.54016E+04   0.17225E+04   0.75540E+00   0.15818E+04   0.49750E+04   0.76993E-02
  1.100   3.284    0.54017E+04   0.17226E+04  -0.75959E+00   0.15819E+04  -0.49750E+04   0.76990E-02
  1.100   3.284   -0.68728E+04   0.17226E+04  -0.94853E+00   0.15812E+04   0.63231E+04   0.25639E-01
  1.100   3.284   -0.12840E+04   0.51862E+05   0.23042E+00   0.47611E+05   0.11800E+04  -0.24259E-02
  1.100   3.284    0.75052E+03   0.12571E+05  -0.17170E+01   0.11566E+05  -0.68838E+03   0.39162E-02
  1.100   3.284    0.68733E+04   0.17227E+04   0.94832E+00   0.15812E+04  -0.63237E+04   0.25638E-01
  1.100   3.284   -0.75090E+03   0.12571E+05   0.17172E+01   0.11566E+05   0.68874E+03   0.39161E-02
  1.100   3.284    0.12838E+04   0.51862E+05  -0.23074E+00   0.47611E+05  -0.11803E+04  -0.24261E-02
  1.113   3.303    0.77128E+00   0.47654E+05  -0.62855E-03   0.43217E+05  -0.55829E-01   0.10021E-01
  1.113   3.303   -0.41015E+04   0.83580E+03   0.76619E+00   0.75839E+03   0.37374E+04   0.20266E-02
  1.113   3.303    0.41017E+04   0.83582E+03  -0.77025E+00   0.75862E+03  -0.37376E+04   0.20270E-02
  1.113   3.303   -0.58644E+04   0.83594E+03  -0.93367E+00   0.75842E+03   0.53336E+04   0.32220E-01
  1.113   3.303   -0.28988E+03   0.48287E+05   0.13678E+00   0.43793E+05   0.26353E+03  -0.57898E-02
  1.113   3.303    0.88794E+03   0.96799E+04  -0.17148E+01   0.88077E+04  -0.80409E+03   0.43485E-02
  1.113   3.303    0.58641E+04   0.83603E+03   0.93140E+00   0.75828E+03  -0.53333E+04   0.32221E-01
  1.113   3.303   -0.88801E+03   0.96800E+04   0.17148E+01   0.88077E+04   0.80428E+03   0.43483E-02
  1.113   3.303    0.28902E+03   0.48287E+05  -0.13711E+00   0.43793E+05  -0.26467E+03  -0.57830E-02
  1.125   3.322    0.25978E+01   0.45892E+05   0.66290E-03   0.41060E+05  -0.53414E+01   0.13305E-01
  1.125   3.322   -0.28433E+04   0.20917E+03   0.78710E+00   0.18792E+03   0.25629E+04  -0.39187E-02
  1.125   3.322    0.28434E+04   0.20881E+03  -0.78276E+00   0.18705E+03  -0.25632E+04  -0.39197E-02
  1.125   3.322   -0.48939E+04   0.20908E+03  -0.89776E+00   0.18700E+03   0.43952E+04   0.35111E-01
  1.125   3.322    0.53694E+03   0.45066E+05   0.62775E-01   0.40327E+05  -0.47564E+03  -0.81484E-02
  1.125   3.322    0.10245E+04   0.71078E+04  -0.16893E+01   0.63907E+04  -0.91471E+03   0.44813E-02
  1.125   3.322    0.48934E+04   0.20972E+03   0.89940E+00   0.18847E+03  -0.43945E+04   0.35112E-01
  1.125   3.322   -0.10255E+04   0.71079E+04   0.16891E+01   0.63909E+04   0.91630E+03   0.44829E-02
  1.125   3.322   -0.54247E+03   0.45066E+05  -0.62679E-01   0.40327E+05   0.48700E+03  -0.81458E-02
  1.137   3.340    0.18923E-01   0.44248E+05   0.20954E-02   0.39069E+05   0.21550E+01   0.15597E-01
  1.137   3.340   -0.16770E+04  -0.21413E+03   0.84771E+00  -0.18844E+03   0.15022E+04  -0.98734E-02
  1.137   3.340    0.16771E+04  -0.21414E+03  -0.85520E+00  -0.18845E+03  -0.15019E+04  -0.98737E-02
  1.137   3.340   -0.39894E+04  -0.21372E+03  -0.92401E+00  -0.18778E+03   0.35405E+04   0.35085E-01
  1.137   3.340    0.11977E+04   0.42261E+05  -0.19016E-01   0.37322E+05  -0.10574E+04  -0.95721E-02
  1.137   3.340    0.11509E+04   0.48739E+04  -0.17765E+01   0.43383E+04  -0.10145E+04   0.43321E-02
  1.137   3.340    0.39899E+04  -0.21345E+03   0.92418E+00  -0.18799E+03  -0.35412E+04   0.35083E-01
  1.137   3.340   -0.11514E+04   0.48740E+04   0.17796E+01   0.43383E+04   0.10142E+04   0.43310E-02
  1.137   3.340   -0.11982E+04   0.42261E+05   0.20409E-01   0.37322E+05   0.10548E+04  -0.95760E-02
  1.150   3.358    0.11477E+02   0.42817E+05  -0.69704E-03   0.37392E+05  -0.15734E+02   0.16846E-01
  1.150   3.358   -0.63556E+03  -0.48880E+03   0.88867E+00  -0.42588E+03   0.57699E+03  -0.15571E-01
  1.150   3.358    0.63648E+03  -0.48689E+03  -0.90274E+00  -0.42455E+03  -0.57892E+03  -0.15565E-01
  1.150   3.358   -0.31614E+04  -0.49041E+03  -0.95842E+00  -0.42774E+03   0.27780E+04   0.33024E-01
  1.150   3.358    0.16947E+04   0.39919E+05  -0.16417E+00   0.34829E+05  -0.14684E+04  -0.10257E-01
  1.150   3.358    0.12537E+04   0.29672E+04  -0.19436E+01   0.26274E+04  -0.10886E+04   0.39323E-02
  1.150   3.358    0.31606E+04  -0.48846E+03   0.10040E+01  -0.42460E+03  -0.27774E+04   0.33020E-01
  1.150   3.358   -0.12576E+04   0.29679E+04   0.19409E+01   0.26287E+04   0.10987E+04   0.39233E-02
  1.150   3.358   -0.17083E+04   0.39919E+05   0.18190E+00   0.34830E+05   0.14988E+04  -0.10167E-01
  1.163   3.376    0.61166E+00   0.41323E+05  -0.29407E-03   0.35577E+05  -0.82053E+00   0.17099E-01
  1.163   3.376    0.27603E+03  -0.65948E+03   0.10002E+01  -0.56700E+03  -0.21257E+03  -0.20802E-01
  1.163   3.376   -0.27593E+03  -0.65943E+03  -0.10016E+01  -0.56705E+03   0.21245E+03  -0.20801E-01
  1.163   3.376   -0.23920E+04  -0.65989E+03  -0.96942E+00  -0.56735E+03   0.20801E+04   0.29728E-01
  1.163   3.376    0.20582E+04   0.37802E+05  -0.14303E+00   0.32539E+05  -0.17700E+04  -0.10226E-01
  1.163   3.376    0.13237E+04   0.13153E+04  -0.19746E+01   0.11734E+04  -0.11372E+04   0.33395E-02
  1.163   3.376    0.23922E+04  -0.65967E+03   0.97199E+00  -0.56707E+03  -0.20803E+04   0.29728E-01
  1.163   3.376   -0.13235E+04   0.13154E+04   0.19751E+01   0.11735E+04   0.11368E+04   0.33402E-02
  1.163   3.376   -0.20591E+04   0.37802E+05   0.14168E+00   0.32539E+05   0.17725E+04  -0.10226E-01
  1.175   3.395   -0.76379E+00   0.39995E+05  -0.34448E-03   0.33993E+05   0.13191E+01   0.16421E-01
  1.175   3.395    0.10551E+04  -0.76248E+03   0.10973E+01  -0.64795E+03  -0.86883E+03  -0.25374E-01
  1.175   3.395   -0.10551E+04  -0.76249E+03  -0.10997E+01  -0.64808E+03   0.86907E+03  -0.25374E-01
  1.175   3.395   -0.16798E+04  -0.76247E+03  -0.10213E+01  -0.64750E+03   0.14518E+04   0.25897E-01
  1.175   3.395    0.22943E+04   0.36046E+05  -0.23482E+00   0.30644E+05  -0.19501E+04  -0.97314E-02
  1.175   3.395    0.13562E+04  -0.95739E+02  -0.21259E+01  -0.36202E+02  -0.11504E+04   0.26240E-02
  1.175   3.395    0.16797E+04  -0.76267E+03   0.10207E+01  -0.64774E+03  -0.14517E+04   0.25897E-01
  1.175   3.395   -0.13560E+04  -0.95834E+02   0.21266E+01  -0.36346E+02   0.11499E+04   0.26240E-02
  1.175   3.395   -0.22928E+04   0.36046E+05   0.23326E+00   0.30644E+05   0.19473E+04  -0.97313E-02
  1.188   3.413    0.18009E+01   0.38667E+05   0.35006E-01   0.32384E+05  -0.44348E+01   0.14931E-01
  1.188   3.413    0.17092E+04  -0.81891E+03   0.12580E+01  -0.68626E+03  -0.13999E+04  -0.29129E-01
  1.188   3.413   -0.17093E+04  -0.81876E+03  -0.12499E+01  -0.68595E+03   0.14004E+04  -0.29130E-01
  1.188   3.413   -0.10079E+04  -0.81886E+03  -0.11303E+01  -0.68552E+03   0.87183E+03   0.22048E-01
  1.188   3.413    0.24123E+04   0.34513E+05  -0.33294E+00   0.28917E+05  -0.20181E+04  -0.88438E-02
  1.188   3.413    0.13463E+04  -0.13184E+04  -0.23937E+01  -0.10533E+04  -0.11259E+04   0.18444E-02
  1.188   3.413    0.10078E+04  -0.81887E+03   0.11327E+01  -0.68528E+03  -0.87153E+03   0.22048E-01
  1.188   3.413   -0.13468E+04  -0.13185E+04   0.23933E+01  -0.10533E+04   0.11252E+04   0.18479E-02
  1.188   3.413   -0.24098E+04   0.34513E+05   0.33165E+00   0.28918E+05   0.20206E+04  -0.88049E-02
  1.200   3.430    0.22390E+01   0.37307E+05   0.47035E-02   0.30766E+05  -0.88789E+01   0.12733E-01
  1.200   3.430    0.22471E+04  -0.84680E+03   0.15442E+01  -0.69956E+03  -0.18152E+04  -0.31935E-01
  1.200   3.430   -0.22470E+04  -0.84636E+03  -0.15054E+01  -0.69797E+03   0.18149E+04  -0.31936E-01
  1.200   3.430   -0.35944E+03  -0.84632E+03  -0.13898E+01  -0.69778E+03   0.33165E+03   0.18562E-01
  1.200   3.430    0.24213E+04   0.33111E+05  -0.54169E+00   0.27314E+05  -0.19989E+04  -0.75809E-02
  1.200   3.430    0.12919E+04  -0.23864E+04  -0.29198E+01  -0.19065E+04  -0.10619E+04   0.10384E-02
  1.200   3.430    0.35939E+03  -0.84621E+03   0.13823E+01  -0.69776E+03  -0.33056E+03   0.18559E-01
  1.200   3.430   -0.12921E+04  -0.23865E+04   0.29150E+01  -0.19068E+04   0.10638E+04   0.10426E-02
  1.200   3.430   -0.24199E+04   0.33111E+05   0.55322E+00   0.27314E+05   0.19934E+04  -0.75494E-02
  1.213   3.448   -0.28240E+01   0.35799E+05  -0.22943E-02   0.29048E+05   0.23400E+01   0.99207E-02
  1.213   3.448    0.26701E+04  -0.85513E+03   0.17428E+01  -0.69493E+03  -0.21246E+04  -0.33686E-01
  1.213   3.448   -0.26704E+04  -0.85584E+03  -0.17327E+01  -0.69592E+03   0.21252E+04  -0.33685E-01
  1.213   3.448    0.28109E+03  -0.85499E+03  -0.15440E+01  -0.69385E+03  -0.18937E+03   0.15667E-01
  1.213   3.448    0.23238E+04   0.31769E+05  -0.62548E+00   0.25807E+05  -0.18882E+04  -0.59791E-02
  1.213   3.448    0.11843E+04  -0.33285E+04  -0.32494E+01  -0.26344E+04  -0.95960E+03   0.20862E-03
  1.213   3.448   -0.28064E+03  -0.85486E+03   0.15306E+01  -0.69377E+03   0.18906E+03   0.15665E-01
  1.213   3.448   -0.11840E+04  -0.33287E+04   0.32496E+01  -0.26346E+04   0.95890E+03   0.20858E-03
  1.213   3.448   -0.23208E+04   0.31769E+05   0.61661E+00   0.25806E+05   0.18845E+04  -0.60163E-02
  1.225   3.466   -0.10889E+01   0.34004E+05  -0.43716E-02   0.27014E+05   0.16280E+02   0.65989E-02
  1.225   3.466    0.29660E+04  -0.85127E+03   0.20516E+01  -0.67612E+03  -0.23056E+04  -0.34342E-01
  1.225   3.466   -0.29659E+04  -0.85132E+03  -0.21501E+01  -0.67768E+03   0.23053E+04  -0.34341E-01
  1.225   3.466    0.92020E+03  -0.85122E+03  -0.20404E+01  -0.67695E+03  -0.68026E+03   0.13495E-01
  1.225   3.466    0.21134E+04   0.30308E+05  -0.10611E+01   0.24051E+05  -0.16849E+04  -0.41474E-02
  1.225   3.466    0.10131E+04  -0.41437E+04  -0.41933E+01  -0.32006E+04  -0.80390E+03  -0.68126E-03
  1.225   3.466   -0.92029E+03  -0.85134E+03   0.20501E+01  -0.67612E+03   0.67862E+03   0.13499E-01
  1.225   3.466   -0.10129E+04  -0.41434E+04   0.41991E+01  -0.32004E+04   0.80415E+03  -0.68580E-03
  1.225   3.466   -0.21163E+04   0.30308E+05   0.10601E+01   0.24051E+05   0.16824E+04  -0.41590E-02
  1.238   3.484   -0.18487E+01   0.31743E+05   0.16828E-02   0.24581E+05  -0.28868E+01   0.28745E-02
  1.238   3.484    0.31158E+04  -0.83577E+03   0.26453E+01  -0.64855E+03  -0.23495E+04  -0.33909E-01
  1.238   3.484   -0.31157E+04  -0.83569E+03  -0.26110E+01  -0.64759E+03   0.23494E+04  -0.33907E-01
  1.238   3.484    0.15580E+04  -0.83583E+03  -0.26421E+01  -0.64805E+03  -0.11391E+04   0.12058E-01
  1.238   3.484    0.17971E+04   0.28579E+05  -0.14717E+01   0.22097E+05  -0.13920E+04  -0.20301E-02
  1.238   3.484    0.77015E+03  -0.48214E+04  -0.52928E+01  -0.36190E+04  -0.59786E+03  -0.16978E-02
  1.238   3.484   -0.15578E+04  -0.83553E+03   0.26644E+01  -0.64776E+03   0.11387E+04   0.12060E-01
  1.238   3.484   -0.77049E+03  -0.48213E+04   0.52911E+01  -0.36186E+04   0.59679E+03  -0.17021E-02
  1.238   3.484   -0.17959E+04   0.28579E+05   0.14748E+01   0.22098E+05   0.14024E+04  -0.20449E-02
  1.250   3.501    0.89010E+01   0.28432E+05  -0.32966E-01   0.21268E+05  -0.23150E+02  -0.11167E-02
  1.250   3.501    0.30605E+04  -0.79728E+03   0.32390E+01  -0.59955E+03  -0.22153E+04  -0.32489E-01
  1.250   3.501   -0.30604E+04  -0.79517E+03  -0.33020E+01  -0.59207E+03   0.22150E+04  -0.32489E-01
  1.250   3.501    0.21444E+04  -0.79477E+03  -0.35206E+01  -0.59561E+03  -0.15052E+04   0.11282E-01
  1.250   3.501    0.13445E+04   0.26055E+05  -0.17554E+01   0.19397E+05  -0.99055E+03   0.36195E-03
  1.250   3.501    0.45274E+03  -0.52529E+04  -0.68695E+01  -0.37701E+04  -0.35032E+03  -0.29266E-02
  1.250   3.501   -0.21451E+04  -0.79652E+03   0.35927E+01  -0.59801E+03   0.15054E+04   0.11288E-01
  1.250   3.501   -0.44724E+03  -0.52526E+04   0.68658E+01  -0.37692E+04   0.33358E+03  -0.29127E-02
  1.250   3.501   -0.13648E+04   0.26055E+05   0.17249E+01   0.19400E+05   0.10635E+04   0.38017E-03
