  0.000   0.000    0.00000E+00   0.00000E+00   0.00000E+00   0.00000E+00   0.00000E+00   0.00000E+00
  0.000   0.000    0.00000E+00   0.00000E+00   0.00000E+00   0.00000E+00   0.00000E+00   0.00000E+00
  0.000   0.000    0.00000E+00   0.00000E+00   0.00000E+00   0.00000E+00   0.00000E+00   0.00000E+00
  0.000   0.000    0.00000E+00   0.00000E+00   0.00000E+00   0.00000E+00   0.00000E+00   0.00000E+00
  0.000   0.000    0.00000E+00   0.00000E+00   0.00000E+00   0.00000E+00   0.00000E+00   0.00000E+00
  0.000   0.000    0.00000E+00   0.00000E+00   0.00000E+00   0.00000E+00   0.00000E+00   0.00000E+00
  0.000   0.000    0.00000E+00   0.00000E+00   0.00000E+00   0.00000E+00   0.00000E+00   0.00000E+00
  0.000   0.000    0.00000E+00   0.00000E+00   0.00000E+00   0.00000E+00   0.00000E+00   0.00000E+00
  0.000   0.000    0.00000E+00   0.00000E+00   0.00000E+00   0.00000E+00   0.00000E+00   0.00000E+00
 -1.000  -1.000    0.00000E+00   0.00000E+00   0.00000E+00   0.00000E+00   0.00000E+00   0.00000E+00
 -1.000  -1.000    0.00000E+00   0.00000E+00   0.00000E+00   0.00000E+00   0.00000E+00   0.00000E+00
 -1.000  -1.000    0.00000E+00   0.00000E+00   0.00000E+00   0.00000E+00   0.00000E+00   0.00000E+00
 -1.000  -1.000    0.00000E+00   0.00000E+00   0.00000E+00   0.00000E+00   0.00000E+00   0.00000E+00
 -1.000  -1.000    0.00000E+00   0.00000E+00   0.00000E+00   0.00000E+00   0.00000E+00   0.00000E+00
 -1.000  -1.000    0.00000E+00   0.00000E+00   0.00000E+00   0.00000E+00   0.00000E+00   0.00000E+00
 -1.000  -1.000    0.00000E+00   0.00000E+00   0.00000E+00   0.00000E+00   0.00000E+00   0.00000E+00
 -1.000  -1.000    0.00000E+00   0.00000E+00   0.00000E+00   0.00000E+00   0.00000E+00   0.00000E+00
 -1.000  -1.000    0.00000E+00   0.00000E+00   0.00000E+00   0.00000E+00   0.00000E+00   0.00000E+00
  0.013   0.333    0.14950E-10  -0.72869E-07  -0.28671E-08  -0.36970E-06  -0.80227E-10   0.12198E-15
  0.013   0.333   -0.15699E-08  -0.70063E-07   0.22550E-07  -0.35635E-06   0.74508E-08  -0.65759E-16
  0.013   0.333    0.16932E-08  -0.70014E-07  -0.28227E-07  -0.35611E-06  -0.80732E-08  -0.65484E-16
  0.013   0.333   -0.61373E-07   0.39745E-07   0.45579E-07   0.20164E-06   0.31246E-06  -0.65688E-16
  0.013   0.333   -0.63325E-07   0.36388E-07  -0.73940E-08   0.18553E-06   0.32181E-06   0.13345E-15
  0.013   0.333   -0.65561E-07   0.39223E-07   0.20016E-07   0.19904E-06   0.33259E-06  -0.61612E-16
  0.013   0.333    0.61266E-07   0.39661E-07  -0.51381E-07   0.20121E-06  -0.31193E-06  -0.65543E-16
  0.013   0.333    0.65542E-07   0.39089E-07  -0.25818E-07   0.19836E-06  -0.33249E-06  -0.61727E-16
  0.013   0.333    0.63310E-07   0.36362E-07   0.15335E-08   0.18539E-06  -0.32172E-06   0.13342E-15
  0.025   0.494   -0.72867E-11  -0.89890E-06   0.26777E-09  -0.44561E-05   0.36993E-10   0.15790E-14
  0.025   0.494   -0.19904E-07  -0.86444E-06   0.28321E-06  -0.42956E-05   0.92709E-07  -0.83920E-15
  0.025   0.494    0.19844E-07  -0.86447E-06  -0.28270E-06  -0.42957E-05  -0.92407E-07  -0.83899E-15
  0.025   0.494   -0.74733E-06   0.50235E-06   0.44029E-06   0.24901E-05   0.37175E-05  -0.83904E-15
  0.025   0.494   -0.77990E-06   0.44630E-06  -0.14829E-06   0.22228E-05   0.38722E-05   0.17387E-14
  0.025   0.494   -0.82461E-06   0.48089E-06   0.15530E-06   0.23845E-05   0.40873E-05  -0.78733E-15
  0.025   0.494    0.74687E-06   0.50236E-06  -0.44522E-06   0.24902E-05  -0.37153E-05  -0.83893E-15
  0.025   0.494    0.82456E-06   0.48066E-06  -0.16034E-06   0.23834E-05  -0.40871E-05  -0.78716E-15
  0.025   0.494    0.77985E-06   0.44656E-06   0.14327E-06   0.22241E-05  -0.38719E-05   0.17385E-14
  0.038   0.606   -0.14713E-08  -0.34374E-05   0.41208E-07  -0.16668E-04   0.74908E-08   0.63351E-14
  0.038   0.606   -0.82425E-07  -0.33086E-05   0.10285E-05  -0.16081E-04   0.37811E-06  -0.32918E-14
  0.038   0.606    0.61376E-07  -0.33182E-05  -0.95374E-06  -0.16128E-04  -0.27623E-06  -0.33281E-14
  0.038   0.606   -0.28057E-05   0.20037E-05   0.14516E-05   0.97156E-05   0.13653E-04  -0.32967E-14
  0.038   0.606   -0.29764E-05   0.16945E-05  -0.60160E-06   0.82538E-05   0.14454E-04   0.70647E-14
  0.038   0.606   -0.32567E-05   0.18277E-05   0.45303E-06   0.88655E-05   0.15790E-04  -0.30784E-14
  0.038   0.606    0.28234E-05   0.20177E-05  -0.13814E-05   0.97835E-05  -0.13738E-04  -0.33226E-14
  0.038   0.606    0.32588E-05   0.18506E-05  -0.38326E-06   0.89762E-05  -0.15800E-04  -0.30684E-14
  0.038   0.606    0.29776E-05   0.16983E-05   0.67934E-06   0.82726E-05  -0.14461E-04   0.70819E-14
  0.050   0.700   -0.21109E-08  -0.83957E-05   0.41724E-07  -0.39814E-04   0.10586E-07   0.16375E-13
  0.050   0.700   -0.18053E-06  -0.81156E-05   0.22626E-05  -0.38571E-04   0.80649E-06  -0.83202E-14
  0.050   0.700    0.14012E-06  -0.81347E-05  -0.21924E-05  -0.38662E-04  -0.61513E-06  -0.83899E-14
  0.050   0.700   -0.66946E-05   0.52281E-05   0.31126E-05   0.24789E-04   0.31857E-04  -0.83102E-14
  0.050   0.700   -0.72435E-05   0.41105E-05  -0.14857E-05   0.19575E-04   0.34398E-04   0.18646E-13
  0.050   0.700   -0.83287E-05   0.44723E-05   0.87294E-06   0.21216E-04   0.39487E-04  -0.75928E-14
  0.050   0.700    0.67672E-05   0.52723E-05  -0.29744E-05   0.24998E-04  -0.32200E-04  -0.83989E-14
  0.050   0.700    0.83363E-05   0.45546E-05  -0.73306E-06   0.21605E-04  -0.39524E-04  -0.75658E-14
  0.050   0.700    0.72483E-05   0.41116E-05   0.16485E-05   0.19582E-04  -0.34421E-04   0.18710E-13
  0.062   0.783   -0.13235E-07  -0.16020E-04   0.20762E-06  -0.74262E-04   0.65365E-07   0.33434E-13
  0.062   0.783   -0.43376E-06  -0.15524E-04   0.40861E-05  -0.72117E-04   0.19208E-05  -0.16167E-13
  0.062   0.783    0.99954E-07  -0.15685E-04  -0.37699E-05  -0.72863E-04  -0.37523E-06  -0.16763E-13
  0.062   0.783   -0.12455E-04   0.10885E-04   0.52936E-05   0.50448E-04   0.57939E-04  -0.16307E-13
  0.062   0.783   -0.13803E-04   0.77166E-05  -0.28038E-05   0.35916E-04   0.64068E-04   0.39317E-13
  0.062   0.783   -0.16975E-04   0.86032E-05   0.13260E-05   0.39894E-04   0.78668E-04  -0.14501E-13
  0.062   0.783    0.12525E-04   0.11039E-04  -0.52302E-05   0.51162E-04  -0.58260E-04  -0.16628E-13
  0.062   0.783    0.16981E-04   0.87761E-05  -0.12875E-05   0.40696E-04  -0.78694E-04  -0.14378E-13
  0.062   0.783    0.13797E-04   0.78321E-05   0.29149E-05   0.36454E-04  -0.64043E-04   0.39518E-13
  0.075   0.858    0.16926E-08  -0.25886E-04  -0.55233E-07  -0.11720E-03  -0.90685E-08   0.58736E-13
  0.075   0.858   -0.28400E-06  -0.25527E-04   0.58648E-05  -0.11581E-03   0.11507E-05  -0.27470E-13
  0.075   0.858    0.41563E-06  -0.25460E-04  -0.59403E-05  -0.11551E-03  -0.17460E-05  -0.27210E-13
  0.075   0.858   -0.19353E-04   0.19947E-04   0.78425E-05   0.90285E-04   0.87938E-04  -0.27415E-13
  0.075   0.858   -0.22232E-04   0.12471E-04  -0.43463E-05   0.56679E-04   0.10078E-03   0.72383E-13
  0.075   0.858   -0.29959E-04   0.14246E-04   0.19061E-05   0.64527E-04   0.13560E-03  -0.22514E-13
  0.075   0.858    0.19284E-04   0.19891E-04  -0.78828E-05   0.90033E-04  -0.87625E-04  -0.27288E-13
  0.075   0.858    0.29954E-04   0.14157E-04  -0.19444E-05   0.64125E-04  -0.13558E-03  -0.22534E-13
  0.075   0.858    0.22233E-04   0.12456E-04   0.42841E-05   0.56612E-04  -0.10078E-03   0.72288E-13
  0.088   0.926   -0.73869E-08  -0.36977E-04  -0.96326E-07  -0.16351E-03   0.29634E-07   0.93689E-13
  0.088   0.926   -0.20683E-06  -0.37192E-04   0.78447E-05  -0.16478E-03   0.73258E-06  -0.40093E-13
  0.088   0.926    0.52739E-06  -0.37019E-04  -0.79620E-05  -0.16402E-03  -0.21489E-05  -0.39486E-13
  0.088   0.926   -0.25813E-04   0.33094E-04   0.10564E-04   0.14629E-03   0.11459E-03  -0.39976E-13
  0.088   0.926   -0.31733E-04   0.17760E-04  -0.57308E-05   0.78809E-04   0.14048E-03   0.12235E-12
  0.088   0.926   -0.48223E-04   0.20617E-04   0.26169E-05   0.91209E-04   0.21316E-03  -0.29471E-13
  0.088   0.926    0.25621E-04   0.32946E-04  -0.10633E-04   0.14563E-03  -0.11375E-03  -0.39681E-13
  0.088   0.926    0.48217E-04   0.20372E-04  -0.26809E-05   0.90128E-04  -0.21313E-03  -0.29568E-13
  0.088   0.926    0.31741E-04   0.17732E-04   0.56083E-05   0.78682E-04  -0.14051E-03   0.12211E-12
  0.100   0.990   -0.67155E-07  -0.47875E-04  -0.21820E-06  -0.20674E-03   0.28144E-06   0.14099E-12
  0.100   0.990    0.14614E-06  -0.49878E-04   0.95873E-05  -0.21580E-03  -0.85212E-06  -0.52711E-13
  0.100   0.990    0.81293E-06  -0.49304E-04  -0.98250E-05  -0.21333E-03  -0.32857E-05  -0.50818E-13
  0.100   0.990   -0.29718E-04   0.51691E-04   0.13130E-04   0.22314E-03   0.12893E-03  -0.52605E-13
  0.100   0.990   -0.41184E-04   0.23220E-04  -0.68555E-05   0.10059E-03   0.17803E-03   0.19762E-12
  0.100   0.990   -0.73168E-04   0.27035E-04   0.33809E-05   0.11683E-03   0.31584E-03  -0.30835E-13
  0.100   0.990    0.28930E-04   0.51159E-04  -0.13311E-04   0.22084E-03  -0.12553E-03  -0.51201E-13
  0.100   0.990    0.73173E-04   0.26089E-04  -0.35497E-05   0.11274E-03  -0.31586E-03  -0.31266E-13
  0.100   0.990    0.41248E-04   0.23199E-04   0.64950E-05   0.10049E-03  -0.17830E-03   0.19671E-12
  0.113   1.050    0.89951E-07  -0.57062E-04   0.13605E-06  -0.24042E-03  -0.37263E-06   0.20591E-12
  0.113   1.050   -0.86586E-06  -0.61950E-04   0.11228E-04  -0.26150E-03   0.33970E-05  -0.60164E-13
  0.113   1.050    0.97740E-07  -0.62464E-04  -0.11097E-04  -0.26366E-03  -0.16358E-06  -0.61626E-13
  0.113   1.050   -0.26781E-04   0.76362E-04   0.15569E-04   0.32161E-03   0.11360E-03  -0.60735E-13
  0.113   1.050   -0.49868E-04   0.28556E-04  -0.71298E-05   0.12061E-03   0.21028E-03   0.31084E-12
  0.113   1.050   -0.10727E-03   0.30669E-04   0.43208E-05   0.12935E-03   0.45178E-03  -0.21831E-13
  0.113   1.050    0.26994E-04   0.76716E-04  -0.15557E-04   0.32310E-03  -0.11450E-03  -0.61687E-13
  0.113   1.050    0.10726E-03   0.31018E-04  -0.43426E-05   0.13082E-03  -0.45172E-03  -0.21372E-13
  0.113   1.050    0.49814E-04   0.28860E-04   0.72278E-05   0.12189E-03  -0.21005E-03   0.31134E-12
  0.125   1.107   -0.34966E-06  -0.63349E-04  -0.29013E-06  -0.26046E-03   0.14217E-05   0.30156E-12
  0.125   1.107   -0.39092E-06  -0.75560E-04   0.12098E-04  -0.31122E-03   0.13535E-05  -0.69182E-13
  0.125   1.107    0.25217E-05  -0.74058E-04  -0.12336E-04  -0.30506E-03  -0.10107E-04  -0.64760E-13
  0.125   1.107   -0.15346E-04   0.11079E-03   0.17302E-04   0.45534E-03   0.64033E-04  -0.69448E-13
  0.125   1.107   -0.56912E-04   0.34441E-04  -0.74931E-05   0.14183E-03   0.23412E-03   0.49268E-12
  0.125   1.107   -0.15413E-03   0.32643E-04   0.50199E-05   0.13443E-03   0.63344E-03   0.43647E-14
  0.125   1.107    0.12841E-04   0.10955E-03  -0.17549E-04   0.45023E-03  -0.53750E-04  -0.65875E-13
  0.125   1.107    0.15436E-03   0.29867E-04  -0.52602E-05   0.12303E-03  -0.63438E-03   0.28868E-14
  0.125   1.107    0.57300E-04   0.34999E-04   0.68718E-05   0.14410E-03  -0.23570E-03   0.49064E-12
  0.138   1.161   -0.15405E-06  -0.65656E-04  -0.84252E-07  -0.26311E-03   0.61193E-06   0.44666E-12
  0.138   1.161   -0.43007E-05  -0.87615E-04   0.12817E-04  -0.35176E-03   0.16999E-04  -0.74718E-13
  0.138   1.161    0.50481E-05  -0.86989E-04  -0.12875E-04  -0.34926E-03  -0.19992E-04  -0.72873E-13
  0.138   1.161    0.13358E-04   0.15447E-03   0.18507E-04   0.61883E-03  -0.52399E-04  -0.76149E-13
  0.138   1.161   -0.62106E-04   0.41764E-04  -0.70079E-05   0.16744E-03   0.24893E-03   0.77752E-12
  0.138   1.161   -0.21849E-03   0.26032E-04   0.56270E-05   0.10467E-03   0.87531E-03   0.52498E-13
  0.138   1.161   -0.14421E-04   0.15391E-03  -0.18561E-04   0.61659E-03   0.56652E-04  -0.74163E-13
  0.138   1.161    0.21863E-03   0.24895E-04  -0.56711E-05   0.10012E-03  -0.87586E-03   0.51819E-13
  0.138   1.161    0.62307E-04   0.41863E-04   0.67980E-05   0.16783E-03  -0.24973E-03   0.77649E-12
  0.150   1.213   -0.23796E-07  -0.63410E-04  -0.94420E-08  -0.24785E-03   0.92351E-07   0.68289E-12
  0.150   1.213   -0.12415E-04  -0.10068E-03   0.13085E-04  -0.39435E-03   0.48357E-04  -0.96205E-13
  0.150   1.213    0.12508E-04  -0.10058E-03  -0.13091E-04  -0.39394E-03  -0.48720E-04  -0.96106E-13
  0.150   1.213    0.60823E-04   0.20942E-03   0.18638E-04   0.81853E-03  -0.23648E-03  -0.98949E-13
  0.150   1.213   -0.65791E-04   0.49479E-04  -0.67575E-05   0.19330E-03   0.25710E-03   0.12383E-11
  0.150   1.213   -0.30559E-03   0.12759E-04   0.54847E-05   0.50372E-04   0.11944E-02   0.12053E-12
  0.150   1.213   -0.60999E-04   0.20929E-03  -0.18640E-04   0.81799E-03   0.23717E-03  -0.98336E-13
  0.150   1.213    0.30561E-03   0.12557E-04  -0.54810E-05   0.49584E-04  -0.11945E-02   0.12036E-12
  0.150   1.213    0.65827E-04   0.49431E-04   0.67236E-05   0.19311E-03  -0.25724E-03   0.12381E-11
  0.163   1.262   -0.31590E-06  -0.55435E-04  -0.10748E-06  -0.21093E-03   0.11940E-05   0.10592E-11
  0.163   1.262   -0.27441E-04  -0.11604E-03   0.12952E-04  -0.44268E-03   0.10443E-03  -0.16388E-12
  0.163   1.262    0.28931E-04  -0.11482E-03  -0.12974E-04  -0.43803E-03  -0.11010E-03  -0.16229E-12
  0.163   1.262    0.12378E-03   0.27573E-03   0.17240E-04   0.10497E-02  -0.46993E-03  -0.16866E-12
  0.163   1.262   -0.62663E-04   0.52312E-04  -0.73054E-05   0.19882E-03   0.23830E-03   0.19465E-11
  0.163   1.262   -0.41504E-03  -0.23878E-05   0.42308E-05  -0.84984E-05   0.15802E-02   0.21794E-12
  0.163   1.262   -0.12581E-03   0.27496E-03  -0.17263E-04   0.10468E-02   0.47767E-03  -0.16423E-12
  0.163   1.262    0.41534E-03  -0.45430E-05  -0.42603E-05  -0.16690E-04  -0.15813E-02   0.21707E-12
  0.163   1.262    0.63007E-04   0.52991E-04   0.70664E-05   0.20139E-03  -0.23960E-03   0.19458E-11
  0.175   1.310   -0.14544E-07  -0.39871E-04   0.51774E-08  -0.14774E-03   0.54192E-07   0.16661E-11
  0.175   1.310   -0.56059E-04  -0.13303E-03   0.12475E-04  -0.49496E-03   0.20831E-03  -0.32509E-12
  0.175   1.310    0.55981E-04  -0.13304E-03  -0.12479E-04  -0.49501E-03  -0.20802E-03  -0.32465E-12
  0.175   1.310    0.19805E-03   0.34982E-03   0.14493E-04   0.12988E-02  -0.73419E-03  -0.33170E-12
  0.175   1.310   -0.48396E-04   0.42201E-04  -0.83718E-05   0.15612E-03   0.17919E-03   0.30144E-11
  0.175   1.310   -0.54588E-03  -0.13960E-04   0.19468E-05  -0.51208E-04   0.20272E-02   0.32110E-12
  0.175   1.310   -0.19913E-03   0.34965E-03  -0.14508E-04   0.12982E-02   0.73818E-03  -0.33135E-12
  0.175   1.310    0.54602E-03  -0.15258E-04  -0.19818E-05  -0.56021E-04  -0.20277E-02   0.32089E-12
  0.175   1.310    0.48551E-04   0.43278E-04   0.83039E-05   0.16011E-03  -0.17976E-03   0.30137E-11
  0.188   1.356   -0.17015E-07  -0.13043E-04   0.46214E-07  -0.46584E-04   0.64783E-07   0.26112E-11
  0.188   1.356   -0.10069E-03  -0.15475E-03   0.11644E-04  -0.56085E-03   0.36467E-03  -0.65743E-12
  0.188   1.356    0.99966E-04  -0.15517E-03  -0.11665E-04  -0.56239E-03  -0.36204E-03  -0.65868E-12
  0.188   1.356    0.27765E-03   0.42607E-03   0.10874E-04   0.15410E-02  -0.10033E-02  -0.66337E-12
  0.188   1.356   -0.17561E-04   0.14340E-04  -0.96159E-05   0.51071E-04   0.62715E-04   0.45557E-11
  0.188   1.356   -0.69316E-03  -0.16681E-04  -0.85710E-06  -0.59739E-04   0.25078E-02   0.42757E-12
  0.188   1.356   -0.27206E-03   0.42819E-03  -0.10932E-04   0.15487E-02   0.98311E-03  -0.67081E-12
  0.188   1.356    0.69292E-03  -0.95248E-05   0.84756E-06  -0.33863E-04  -0.25070E-02   0.42750E-12
  0.188   1.356    0.17265E-04   0.10580E-04   0.10075E-04   0.37502E-04  -0.61665E-04   0.45640E-11
  0.200   1.400   -0.55160E-07   0.30679E-04   0.24246E-07   0.10909E-03   0.19603E-06   0.40564E-11
  0.200   1.400   -0.16523E-03  -0.18297E-03   0.10500E-04  -0.64598E-03   0.58308E-03  -0.12617E-11
  0.200   1.400    0.16491E-03  -0.18324E-03  -0.10512E-04  -0.64694E-03  -0.58197E-03  -0.12628E-11
  0.200   1.400    0.34983E-03   0.50429E-03   0.69891E-05   0.17768E-02  -0.12321E-02  -0.12742E-11
  0.200   1.400    0.38907E-04  -0.38669E-04  -0.11124E-04  -0.13722E-03  -0.13822E-03   0.67704E-11
  0.200   1.400   -0.85357E-03   0.16699E-05  -0.35704E-05   0.63930E-05   0.30088E-02   0.52808E-12
  0.200   1.400   -0.34842E-03   0.50509E-03  -0.70363E-05   0.17796E-02   0.12271E-02  -0.12769E-11
  0.200   1.400    0.85371E-03   0.36177E-05   0.35332E-05   0.13255E-04  -0.30093E-02   0.52667E-12
  0.200   1.400   -0.38700E-04  -0.39115E-04   0.11284E-04  -0.13878E-03   0.13749E-03   0.67750E-11
  0.213   1.444   -0.12988E-06   0.98293E-04   0.20518E-07   0.33909E-03   0.44700E-06   0.61786E-11
  0.213   1.444   -0.25272E-03  -0.21907E-03   0.90400E-05  -0.75384E-03   0.86935E-03  -0.22479E-11
  0.213   1.444    0.25247E-03  -0.21908E-03  -0.90551E-05  -0.75387E-03  -0.86851E-03  -0.22477E-11
  0.213   1.444    0.42665E-03   0.57517E-03   0.33521E-05   0.19751E-02  -0.14652E-02  -0.22672E-11
  0.213   1.444    0.11733E-03  -0.10506E-03  -0.12124E-04  -0.36195E-03  -0.40449E-03   0.98533E-11
  0.213   1.444   -0.10282E-02   0.27854E-04  -0.57260E-05   0.96087E-04   0.35329E-02   0.57307E-12
  0.213   1.444   -0.42632E-03   0.57522E-03  -0.33596E-05   0.19752E-02   0.14641E-02  -0.22687E-11
  0.213   1.444    0.10283E-02   0.28500E-04   0.57301E-05   0.98301E-04  -0.35331E-02   0.57302E-12
  0.213   1.444   -0.11726E-03  -0.10565E-03   0.12137E-04  -0.36396E-03   0.40426E-03   0.98557E-11
  0.225   1.485   -0.61903E-06   0.19640E-03   0.87361E-07   0.65933E-03   0.20762E-05   0.91627E-11
  0.225   1.485   -0.36295E-03  -0.26369E-03   0.72686E-05  -0.88401E-03   0.12165E-02  -0.37202E-11
  0.225   1.485    0.36220E-03  -0.26414E-03  -0.73187E-05  -0.88552E-03  -0.12140E-02  -0.37191E-11
  0.225   1.485    0.51171E-03   0.63428E-03   0.48900E-07   0.21218E-02  -0.17126E-02  -0.37370E-11
  0.225   1.485    0.21595E-03  -0.18165E-03  -0.12527E-04  -0.60912E-03  -0.72459E-03   0.14047E-10
  0.225   1.485   -0.12162E-02   0.58337E-04  -0.72908E-05   0.19555E-03   0.40716E-02   0.49529E-12
  0.225   1.485   -0.51213E-03   0.63388E-03  -0.84046E-07   0.21205E-02   0.17140E-02  -0.37443E-11
  0.225   1.485    0.12163E-02   0.56880E-04   0.72568E-05   0.19068E-03  -0.40720E-02   0.49311E-12
  0.225   1.485   -0.21562E-03  -0.17826E-03   0.12650E-04  -0.59779E-03   0.72347E-03   0.14048E-10
  0.238   1.526   -0.39856E-06   0.32873E-03   0.44104E-07   0.10747E-02   0.13003E-05   0.13218E-10
  0.238   1.526   -0.49104E-03  -0.31753E-03   0.52352E-05  -0.10372E-02   0.16038E-02  -0.57305E-11
  0.238   1.526    0.49075E-03  -0.31746E-03  -0.52622E-05  -0.10370E-02  -0.16029E-02  -0.57271E-11
  0.238   1.526    0.60607E-03   0.68284E-03  -0.29411E-05   0.22257E-02  -0.19770E-02  -0.57527E-11
  0.238   1.526    0.33816E-03  -0.25679E-03  -0.12524E-04  -0.83879E-03  -0.11051E-02   0.19665E-10
  0.238   1.526   -0.14164E-02   0.84098E-04  -0.82179E-05   0.27451E-03   0.46212E-02   0.30986E-12
  0.238   1.526   -0.60584E-03   0.68339E-03   0.28898E-05   0.22275E-02   0.19762E-02  -0.57562E-11
  0.238   1.526    0.14170E-02   0.85243E-04   0.81814E-05   0.27824E-03  -0.46230E-02   0.30333E-12
  0.238   1.526   -0.33740E-03  -0.25680E-03   0.12651E-04  -0.83879E-03   0.11026E-02   0.19677E-10
  0.250   1.566   -0.19819E-07   0.49388E-03   0.44467E-08   0.15727E-02   0.63579E-07   0.18519E-10
  0.250   1.566   -0.62826E-03  -0.37806E-03   0.29071E-05  -0.12033E-02   0.19995E-02  -0.82379E-11
  0.250   1.566    0.62821E-03  -0.37808E-03  -0.29096E-05  -0.12034E-02  -0.19994E-02  -0.82376E-11
  0.250   1.566    0.71009E-03   0.72422E-03  -0.56735E-05   0.23000E-02  -0.22574E-02  -0.82683E-11
  0.250   1.566    0.47649E-03  -0.33135E-03  -0.12151E-04  -0.10544E-02  -0.15169E-02   0.27042E-10
  0.250   1.566   -0.16260E-02   0.10378E-03  -0.86033E-05   0.32999E-03   0.51694E-02   0.40421E-14
  0.250   1.566   -0.71011E-03   0.72444E-03   0.56560E-05   0.23007E-02   0.22574E-02  -0.82683E-11
  0.250   1.566    0.16262E-02   0.10421E-03   0.85914E-05   0.33137E-03  -0.51701E-02  -0.23998E-15
  0.250   1.566   -0.47619E-03  -0.33153E-03   0.12192E-04  -0.10550E-02   0.15160E-02   0.27045E-10
  0.263   1.604   -0.62765E-06   0.68290E-03   0.59227E-07   0.21171E-02   0.19440E-05   0.25176E-10
  0.263   1.604   -0.75916E-03  -0.44319E-03   0.21864E-06  -0.13736E-02   0.23529E-02  -0.11043E-10
  0.263   1.604    0.75929E-03  -0.44237E-03  -0.25894E-06  -0.13711E-02  -0.23533E-02  -0.11038E-10
  0.263   1.604    0.81973E-03   0.76579E-03  -0.83122E-05   0.23681E-02  -0.25379E-02  -0.11071E-10
  0.263   1.604    0.62595E-03  -0.39979E-03  -0.11269E-04  -0.12388E-02  -0.19402E-02   0.36480E-10
  0.263   1.604   -0.18394E-02   0.11083E-03  -0.85660E-05   0.34314E-03   0.56951E-02  -0.28837E-12
  0.263   1.604   -0.81995E-03   0.76650E-03   0.82918E-05   0.23703E-02   0.25386E-02  -0.11070E-10
  0.263   1.604    0.18396E-02   0.11029E-03   0.85260E-05   0.34146E-03  -0.56957E-02  -0.29352E-12
  0.263   1.604   -0.62549E-03  -0.39917E-03   0.11362E-04  -0.12369E-02   0.19388E-02   0.36486E-10
  0.275   1.642   -0.25034E-07   0.88194E-03   0.13011E-08   0.26649E-02   0.72516E-07   0.33567E-10
  0.275   1.642   -0.86297E-03  -0.51190E-03  -0.28814E-05  -0.15467E-02   0.26074E-02  -0.13812E-10
  0.275   1.642    0.86301E-03  -0.51183E-03   0.28805E-05  -0.15465E-02  -0.26075E-02  -0.13812E-10
  0.275   1.642    0.92678E-03   0.82221E-03  -0.11004E-04   0.24787E-02  -0.27974E-02  -0.13861E-10
  0.275   1.642    0.77492E-03  -0.45528E-03  -0.99290E-05  -0.13753E-02  -0.23413E-02   0.48681E-10
  0.275   1.642   -0.20552E-02   0.10082E-03  -0.81187E-05   0.30430E-03   0.62033E-02  -0.35380E-12
  0.275   1.642   -0.92731E-03   0.82302E-03   0.10972E-04   0.24812E-02   0.27990E-02  -0.13850E-10
  0.275   1.642    0.20556E-02   0.10163E-03   0.80927E-05   0.30674E-03  -0.62047E-02  -0.35913E-12
  0.275   1.642   -0.77426E-03  -0.45689E-03   0.99925E-05  -0.13802E-02   0.23393E-02   0.48696E-10
  0.288   1.679   -0.13562E-06   0.10659E-02   0.17803E-07   0.31359E-02   0.39903E-06   0.43959E-10
  0.288   1.679   -0.91750E-03  -0.59166E-03  -0.65192E-05  -0.17407E-02   0.26995E-02  -0.15909E-10
  0.288   1.679    0.91767E-03  -0.59143E-03   0.65098E-05  -0.17401E-02  -0.27000E-02  -0.15902E-10
  0.288   1.679    0.10136E-02   0.90852E-03  -0.13896E-04   0.26673E-02  -0.29792E-02  -0.15951E-10
  0.288   1.679    0.90098E-03  -0.49123E-03  -0.79933E-05  -0.14450E-02  -0.26505E-02   0.64029E-10
  0.288   1.679   -0.22707E-02   0.76842E-04  -0.73651E-05   0.22584E-03   0.66745E-02   0.14966E-12
  0.288   1.679   -0.10146E-02   0.90896E-03   0.13860E-04   0.26686E-02   0.29820E-02  -0.15939E-10
  0.288   1.679    0.22712E-02   0.76772E-04   0.73321E-05   0.22564E-03  -0.66757E-02   0.14019E-12
  0.288   1.679   -0.90037E-03  -0.49217E-03   0.80903E-05  -0.14478E-02   0.26487E-02   0.64044E-10
  0.300   1.715   -0.17037E-07   0.12056E-02   0.17474E-08   0.34579E-02   0.49229E-07   0.57677E-10
  0.300   1.715   -0.90229E-03  -0.70411E-03  -0.10811E-04  -0.20199E-02   0.25887E-02  -0.16703E-10
  0.300   1.715    0.90225E-03  -0.70413E-03   0.10810E-04  -0.20199E-02  -0.25886E-02  -0.16700E-10
  0.300   1.715    0.10514E-02   0.10463E-02  -0.17132E-04   0.29959E-02  -0.30132E-02  -0.16746E-10
  0.300   1.715    0.98321E-03  -0.49295E-03  -0.54946E-05  -0.14140E-02  -0.28201E-02   0.84109E-10
  0.300   1.715   -0.25013E-02   0.43459E-04  -0.62948E-05   0.12458E-03   0.71691E-02   0.17775E-11
  0.300   1.715   -0.10511E-02   0.10462E-02   0.17139E-04   0.29953E-02   0.30125E-02  -0.16750E-10
  0.300   1.715    0.25012E-02   0.43289E-04   0.62995E-05   0.12410E-03  -0.71689E-02   0.17788E-11
  0.300   1.715   -0.98332E-03  -0.49221E-03   0.54874E-05  -0.14119E-02   0.28204E-02   0.84106E-10
  0.313   1.751    0.30937E-07   0.12582E-02  -0.85400E-08   0.35160E-02  -0.84479E-07   0.76516E-10
  0.313   1.751   -0.79957E-03  -0.88950E-03  -0.15847E-04  -0.24865E-02   0.22356E-02  -0.15281E-10
  0.313   1.751    0.79943E-03  -0.88962E-03   0.15851E-04  -0.24868E-02  -0.22352E-02  -0.15288E-10
  0.313   1.751    0.99585E-03   0.12556E-02  -0.20869E-04   0.35040E-02  -0.27808E-02  -0.15319E-10
  0.313   1.751    0.98362E-03  -0.44149E-03  -0.23702E-05  -0.12341E-02  -0.27489E-02   0.11040E-09
  0.313   1.751   -0.27669E-02   0.12617E-04  -0.49575E-05   0.35331E-04   0.77281E-02   0.49817E-11
  0.313   1.751   -0.99490E-03   0.12557E-02   0.20887E-04   0.35043E-02   0.27781E-02  -0.15336E-10
  0.313   1.751    0.27669E-02   0.13210E-04   0.49746E-05   0.36997E-04  -0.77280E-02   0.49855E-11
  0.313   1.751   -0.98370E-03  -0.44056E-03   0.23190E-05  -0.12315E-02   0.27492E-02   0.11040E-09
  0.325   1.785    0.10058E-07   0.11715E-02   0.71029E-08   0.31910E-02  -0.25721E-07   0.10418E-09
  0.325   1.785   -0.59772E-03  -0.12070E-02  -0.21599E-04  -0.32892E-02   0.16296E-02  -0.10771E-10
  0.325   1.785    0.59792E-03  -0.12069E-02   0.21596E-04  -0.32888E-02  -0.16301E-02  -0.10766E-10
  0.325   1.785    0.79771E-03   0.15547E-02  -0.25028E-04   0.42307E-02  -0.21709E-02  -0.10800E-10
  0.325   1.785    0.86545E-03  -0.32455E-03   0.11911E-05  -0.88459E-03  -0.23577E-02   0.14591E-09
  0.325   1.785   -0.31047E-02  -0.51501E-06  -0.33530E-05  -0.12403E-05   0.84543E-02   0.10074E-10
  0.325   1.785   -0.79700E-03   0.15545E-02   0.25037E-04   0.42301E-02   0.21689E-02  -0.10812E-10
  0.325   1.785    0.31048E-02  -0.56416E-06   0.33609E-05  -0.13664E-05  -0.84545E-02   0.10075E-10
  0.325   1.785   -0.86542E-03  -0.32280E-03  -0.11994E-05  -0.87984E-03   0.23577E-02   0.14591E-09
  0.338   1.819   -0.39488E-06   0.89452E-03  -0.42437E-07   0.23746E-02   0.10510E-05   0.14612E-09
  0.338   1.819   -0.29799E-03  -0.17106E-02  -0.27708E-04  -0.45438E-02   0.79236E-03  -0.20308E-11
  0.338   1.819    0.29584E-03  -0.17116E-02   0.27730E-04  -0.45464E-02  -0.78666E-03  -0.21050E-11
  0.338   1.819    0.41501E-03   0.19489E-02  -0.29328E-04   0.51707E-02  -0.10995E-02  -0.20607E-11
  0.338   1.819    0.59877E-03  -0.14219E-03   0.47028E-05  -0.37796E-03  -0.15898E-02   0.19449E-09
  0.338   1.819   -0.35476E-02   0.92859E-05  -0.14836E-05   0.24852E-04   0.94169E-02   0.16884E-10
  0.338   1.819   -0.41408E-03   0.19500E-02   0.29339E-04   0.51737E-02   0.10970E-02  -0.21073E-11
  0.338   1.819    0.35477E-02   0.10964E-04   0.14962E-05   0.29302E-04  -0.94173E-02   0.16887E-10
  0.338   1.819   -0.59855E-03  -0.14286E-03  -0.47636E-05  -0.37972E-03   0.15892E-02   0.19450E-09
  0.350   1.853   -0.81282E-07   0.40092E-03  -0.71888E-08   0.10373E-02   0.21023E-06   0.21029E-09
  0.350   1.853    0.10087E-03  -0.24320E-02  -0.33685E-04  -0.63002E-02  -0.26045E-03   0.12364E-10
  0.350   1.853   -0.10129E-03  -0.24322E-02   0.33689E-04  -0.63007E-02   0.26154E-03   0.12345E-10
  0.350   1.853   -0.15901E-03   0.24221E-02  -0.33265E-04   0.62682E-02   0.41472E-03   0.12312E-10
  0.350   1.853    0.18695E-03   0.77177E-04   0.77502E-05   0.19969E-03  -0.48368E-03   0.26111E-09
  0.350   1.853   -0.41005E-02   0.37789E-04   0.52837E-06   0.97984E-04   0.10616E-01   0.24797E-10
  0.350   1.853    0.15861E-03   0.24220E-02   0.33262E-04   0.62682E-02  -0.41369E-03   0.12325E-10
  0.350   1.853    0.41004E-02   0.37355E-04  -0.53482E-06   0.96858E-04  -0.10616E-01   0.24796E-10
  0.350   1.853   -0.18702E-03   0.75620E-04  -0.77475E-05   0.19565E-03   0.48388E-03   0.26111E-09
  0.363   1.885   -0.13607E-07  -0.28196E-03  -0.39980E-08  -0.71300E-03   0.34349E-07   0.30505E-09
  0.363   1.885    0.58635E-03  -0.33395E-02  -0.38828E-04  -0.84325E-02  -0.14798E-02   0.34594E-10
  0.363   1.885   -0.58640E-03  -0.33397E-02   0.38830E-04  -0.84329E-02   0.14799E-02   0.34578E-10
  0.363   1.885   -0.89744E-03   0.29355E-02  -0.36386E-04   0.74062E-02   0.22688E-02   0.34551E-10
  0.363   1.885   -0.33388E-03   0.29453E-03   0.98634E-05   0.74360E-03   0.84359E-03   0.35003E-09
  0.363   1.885   -0.47234E-02   0.59145E-04   0.25339E-05   0.14925E-03   0.11920E-01   0.32757E-10
  0.363   1.885    0.89751E-03   0.29357E-02   0.36386E-04   0.74065E-02  -0.22690E-02   0.34561E-10
  0.363   1.885    0.47234E-02   0.59014E-04  -0.25373E-05   0.14893E-03  -0.11920E-01   0.32762E-10
  0.363   1.885    0.33392E-03   0.29333E-03  -0.98716E-05   0.74056E-03  -0.84368E-03   0.35004E-09
  0.375   1.918   -0.35723E-06  -0.10770E-02  -0.21332E-07  -0.26550E-02   0.88043E-06   0.44160E-09
  0.375   1.918    0.11573E-02  -0.43677E-02  -0.42684E-04  -0.10764E-01  -0.28515E-02   0.67660E-10
  0.375   1.918   -0.11587E-02  -0.43685E-02   0.42693E-04  -0.10767E-01   0.28549E-02   0.67593E-10
  0.375   1.918   -0.17545E-02   0.34475E-02  -0.38445E-04   0.84903E-02   0.43267E-02   0.67607E-10
  0.375   1.918   -0.89985E-03   0.48086E-03   0.10979E-04   0.11852E-02   0.22182E-02   0.46858E-09
  0.375   1.918   -0.53456E-02   0.48933E-04   0.43030E-05   0.12027E-03   0.13168E-01   0.40053E-10
  0.375   1.918    0.17557E-02   0.34481E-02   0.38450E-04   0.84919E-02  -0.43296E-02   0.67550E-10
  0.375   1.918    0.53460E-02   0.49087E-04  -0.43053E-05   0.12065E-03  -0.13169E-01   0.40034E-10
  0.375   1.918    0.90022E-03   0.47857E-03  -0.11013E-04   0.11796E-02  -0.22191E-02   0.46860E-09
  0.388   1.949    0.14658E-06  -0.18789E-02   0.64085E-08  -0.45185E-02  -0.35381E-06   0.62765E-09
  0.388   1.949    0.18227E-02  -0.54305E-02  -0.45069E-04  -0.13059E-01  -0.43827E-02   0.11417E-09
  0.388   1.949   -0.18223E-02  -0.54301E-02   0.45065E-04  -0.13058E-01   0.43817E-02   0.11420E-09
  0.388   1.949   -0.26918E-02   0.39194E-02  -0.39449E-04   0.94190E-02   0.64755E-02   0.11415E-09
  0.388   1.949   -0.14498E-02   0.62712E-03   0.11288E-04   0.15084E-02   0.34867E-02   0.62069E-09
  0.388   1.949   -0.58748E-02  -0.10748E-04   0.56544E-05  -0.26402E-04   0.14121E-01   0.45390E-10
  0.388   1.949    0.26924E-02   0.39205E-02   0.39455E-04   0.94215E-02  -0.64768E-02   0.11408E-09
  0.388   1.949    0.58749E-02  -0.85425E-05  -0.56465E-05  -0.21113E-04  -0.14121E-01   0.45386E-10
  0.388   1.949    0.14500E-02   0.63014E-03  -0.11300E-04   0.15156E-02  -0.34872E-02   0.62069E-09
  0.400   1.981    0.26843E-06  -0.25788E-02   0.93026E-08  -0.60525E-02  -0.62953E-06   0.87121E-09
  0.400   1.981    0.25936E-02  -0.64445E-02  -0.45947E-04  -0.15125E-01  -0.60866E-02   0.17667E-09
  0.400   1.981   -0.25925E-02  -0.64440E-02   0.45943E-04  -0.15124E-01   0.60842E-02   0.17678E-09
  0.400   1.981   -0.36803E-02   0.43277E-02  -0.39493E-04   0.10151E-01   0.86396E-02   0.17663E-09
  0.400   1.981   -0.19270E-02   0.75748E-03   0.10995E-04   0.17783E-02   0.45229E-02   0.81258E-09
  0.400   1.981   -0.62254E-02  -0.12089E-03   0.64519E-05  -0.28450E-03   0.14605E-01   0.47848E-10
  0.400   1.981    0.36804E-02   0.43280E-02   0.39496E-04   0.10152E-01  -0.86400E-02   0.17665E-09
  0.400   1.981    0.62255E-02  -0.12029E-03  -0.64504E-05  -0.28310E-03  -0.14605E-01   0.47840E-10
  0.400   1.981    0.19271E-02   0.75887E-03  -0.10994E-04   0.17816E-02  -0.45231E-02   0.81257E-09
  0.413   2.011   -0.17909E-06  -0.30772E-02  -0.50255E-08  -0.70503E-02   0.41273E-06   0.11752E-08
  0.413   2.011    0.34760E-02  -0.73211E-02  -0.45343E-04  -0.16774E-01  -0.79635E-02   0.25671E-09
  0.413   2.011   -0.34766E-02  -0.73214E-02   0.45345E-04  -0.16774E-01   0.79649E-02   0.25664E-09
  0.413   2.011   -0.46934E-02   0.46576E-02  -0.38657E-04   0.10666E-01   0.10755E-01   0.25678E-09
  0.413   2.011   -0.22897E-02   0.89101E-03   0.10255E-04   0.20421E-02   0.52465E-02   0.10487E-08
  0.413   2.011   -0.63200E-02  -0.27767E-03   0.66565E-05  -0.63710E-03   0.14475E-01   0.46818E-10
  0.413   2.011    0.46952E-02   0.46591E-02   0.38664E-04   0.10669E-01  -0.10759E-01   0.25647E-09
  0.413   2.011    0.63204E-02  -0.27535E-03  -0.66508E-05  -0.63182E-03  -0.14476E-01   0.46804E-10
  0.413   2.011    0.22903E-02   0.89275E-03  -0.10284E-04   0.20461E-02  -0.52477E-02   0.10488E-08
  0.425   2.042    0.95474E-07  -0.32948E-02   0.19019E-08  -0.73711E-02  -0.21329E-06   0.15355E-08
  0.425   2.042    0.44613E-02  -0.79594E-02  -0.43280E-04  -0.17806E-01  -0.99798E-02   0.35462E-09
  0.425   2.042   -0.44610E-02  -0.79591E-02   0.43279E-04  -0.17805E-01   0.99792E-02   0.35475E-09
  0.425   2.042   -0.56882E-02   0.49021E-02  -0.36958E-04   0.10961E-01   0.12726E-01   0.35468E-09
  0.425   2.042   -0.24990E-02   0.10383E-02   0.91761E-05   0.23237E-02   0.55913E-02   0.13308E-08
  0.425   2.042   -0.60912E-02  -0.46114E-03   0.62671E-05  -0.10327E-02   0.13622E-01   0.43150E-10
  0.425   2.042    0.56903E-02   0.49037E-02   0.36966E-04   0.10965E-01  -0.12731E-01   0.35451E-09
  0.425   2.042    0.60916E-02  -0.45893E-03  -0.62618E-05  -0.10277E-02  -0.13623E-01   0.43105E-10
  0.425   2.042    0.24997E-02   0.10413E-02  -0.91975E-05   0.23303E-02  -0.55927E-02   0.13308E-08
  0.438   2.071    0.23296E-06  -0.31920E-02   0.45510E-08  -0.69763E-02  -0.51061E-06   0.19388E-08
  0.438   2.071    0.55090E-02  -0.82461E-02  -0.39806E-04  -0.18021E-01  -0.12038E-01   0.47075E-09
  0.438   2.071   -0.55084E-02  -0.82455E-02   0.39803E-04  -0.18020E-01   0.12037E-01   0.47076E-09
  0.438   2.071   -0.65989E-02   0.50593E-02  -0.34403E-04   0.11052E-01   0.14422E-01   0.47057E-09
  0.438   2.071   -0.25277E-02   0.11864E-02   0.77673E-05   0.25936E-02   0.55249E-02   0.16568E-08
  0.438   2.071   -0.54936E-02  -0.64257E-03   0.53430E-05  -0.14054E-02   0.12002E-01   0.39717E-10
  0.438   2.071    0.65983E-02   0.50592E-02   0.34404E-04   0.11052E-01  -0.14421E-01   0.47059E-09
  0.438   2.071    0.54937E-02  -0.64302E-03  -0.53469E-05  -0.14063E-02  -0.12002E-01   0.39743E-10
  0.438   2.071    0.25277E-02   0.11873E-02  -0.77536E-05   0.25956E-02  -0.55249E-02   0.16568E-08
  0.450   2.101   -0.56687E-07  -0.27842E-02  -0.29430E-08  -0.59466E-02   0.13531E-06   0.23606E-08
  0.450   2.101    0.65493E-02  -0.80795E-02  -0.35073E-04  -0.17253E-01  -0.13985E-01   0.60394E-09
  0.450   2.101   -0.65493E-02  -0.80797E-02   0.35080E-04  -0.17253E-01   0.13984E-01   0.60368E-09
  0.450   2.101   -0.73504E-02   0.51331E-02  -0.31063E-04   0.10957E-01   0.15696E-01   0.60302E-09
  0.450   2.101   -0.23662E-02   0.12909E-02   0.60722E-05   0.27577E-02   0.50539E-02   0.20179E-08
  0.450   2.101   -0.45177E-02  -0.78905E-03   0.40530E-05  -0.16860E-02   0.96440E-02   0.40774E-10
  0.450   2.101    0.73427E-02   0.51296E-02   0.31038E-04   0.10950E-01  -0.15679E-01   0.60291E-09
  0.450   2.101    0.45165E-02  -0.78437E-03  -0.40197E-05  -0.16762E-02  -0.96415E-02   0.40994E-10
  0.450   2.101    0.23645E-02   0.12964E-02  -0.60124E-05   0.27693E-02  -0.50503E-02   0.20176E-08
  0.463   2.130    0.19850E-06  -0.21542E-02   0.17238E-08  -0.44970E-02  -0.41194E-06   0.27799E-08
  0.463   2.130    0.75195E-02  -0.74270E-02  -0.29724E-04  -0.15500E-01  -0.15691E-01   0.75116E-09
  0.463   2.130   -0.75189E-02  -0.74265E-02   0.29721E-04  -0.15499E-01   0.15690E-01   0.75115E-09
  0.463   2.130   -0.78561E-02   0.51218E-02  -0.27184E-04   0.10685E-01   0.16394E-01   0.75094E-09
  0.463   2.130   -0.19993E-02   0.13079E-02   0.41150E-05   0.27304E-02   0.41738E-02   0.24045E-08
  0.463   2.130   -0.32003E-02  -0.84953E-03   0.24857E-05  -0.17740E-02   0.66770E-02   0.53680E-10
  0.463   2.130    0.78563E-02   0.51220E-02   0.27186E-04   0.10686E-01  -0.16395E-01   0.75094E-09
  0.463   2.130    0.32004E-02  -0.84914E-03  -0.24872E-05  -0.17731E-02  -0.66772E-02   0.53670E-10
  0.463   2.130    0.19994E-02   0.13097E-02  -0.41110E-05   0.27341E-02  -0.41740E-02   0.24045E-08
  0.475   2.158    0.14622E-06  -0.14029E-02   0.35244E-08  -0.28643E-02  -0.29901E-06   0.31816E-08
  0.475   2.158    0.83447E-02  -0.63093E-02  -0.24029E-04  -0.12873E-01  -0.17023E-01   0.90884E-09
  0.475   2.158   -0.83439E-02  -0.63086E-02   0.24026E-04  -0.12871E-01   0.17022E-01   0.90894E-09
  0.475   2.158   -0.81284E-02   0.50542E-02  -0.23054E-04   0.10309E-01   0.16583E-01   0.90859E-09
  0.475   2.158   -0.15029E-02   0.11983E-02   0.21782E-05   0.24458E-02   0.30680E-02   0.28117E-08
  0.475   2.158   -0.16244E-02  -0.80235E-03   0.93381E-06  -0.16381E-02   0.33135E-02   0.75156E-10
  0.475   2.158    0.81284E-02   0.50543E-02   0.23055E-04   0.10309E-01  -0.16583E-01   0.90876E-09
  0.475   2.158    0.16246E-02  -0.80342E-03  -0.93589E-06  -0.16402E-02  -0.33140E-02   0.75157E-10
  0.475   2.158    0.15031E-02   0.11988E-02  -0.21685E-05   0.24468E-02  -0.30683E-02   0.28118E-08
  0.488   2.186   -0.11971E-05  -0.62814E-03  -0.73073E-07  -0.12557E-02   0.24318E-05   0.35687E-08
  0.488   2.186    0.89788E-02  -0.48214E-02  -0.18547E-04  -0.96196E-02  -0.17912E-01   0.10699E-08
  0.488   2.186   -0.89925E-02  -0.48346E-02   0.18574E-04  -0.96458E-02   0.17939E-01   0.10687E-08
  0.488   2.186   -0.81855E-02   0.49380E-02  -0.19012E-04   0.98498E-02   0.16329E-01   0.10695E-08
  0.488   2.186   -0.91098E-03   0.96803E-03   0.34679E-06   0.19323E-02   0.18196E-02   0.32404E-08
  0.488   2.186    0.10795E-03  -0.64174E-03  -0.43999E-06  -0.12815E-02  -0.21519E-03   0.98047E-10
  0.488   2.186    0.81771E-02   0.49310E-02   0.18990E-04   0.98359E-02  -0.16313E-01   0.10688E-08
  0.488   2.186   -0.10874E-03  -0.63511E-03   0.45327E-06  -0.12681E-02   0.21676E-03   0.98354E-10
  0.488   2.186    0.90891E-03   0.93535E-03  -0.42684E-06   0.18672E-02  -0.18154E-02   0.32399E-08
  0.500   2.214   -0.11601E-06   0.11227E-03   0.16563E-08   0.21632E-03   0.22698E-06   0.39636E-08
  0.500   2.214    0.94353E-02  -0.31353E-02  -0.13698E-04  -0.61183E-02  -0.18410E-01   0.12206E-08
  0.500   2.214   -0.94348E-02  -0.31351E-02   0.13698E-04  -0.61178E-02   0.18409E-01   0.12200E-08
  0.500   2.214   -0.80658E-02   0.47571E-02  -0.15219E-04   0.92813E-02   0.15737E-01   0.12208E-08
  0.500   2.214   -0.27516E-03   0.58352E-03  -0.11200E-05   0.11398E-02   0.53917E-03   0.37002E-08
  0.500   2.214    0.18943E-02  -0.37021E-03  -0.15284E-05  -0.72355E-03  -0.36954E-02   0.10709E-09
  0.500   2.214    0.80654E-02   0.47570E-02   0.15219E-04   0.92809E-02  -0.15736E-01   0.12196E-08
  0.500   2.214   -0.18942E-02  -0.36952E-03   0.15297E-05  -0.72222E-03   0.36953E-02   0.10708E-09
  0.500   2.214    0.27535E-03   0.58448E-03   0.11246E-05   0.11416E-02  -0.53959E-03   0.37002E-08
  0.512   2.242    0.42621E-06   0.81352E-03   0.33789E-08   0.15508E-02  -0.83364E-06   0.44148E-08
  0.512   2.242    0.96824E-02  -0.13864E-02  -0.96291E-05  -0.26482E-02  -0.18491E-01   0.13527E-08
  0.512   2.242   -0.96795E-02  -0.13844E-02   0.96251E-05  -0.26445E-02   0.18485E-01   0.13526E-08
  0.512   2.242   -0.78341E-02   0.45009E-02  -0.11863E-04   0.85953E-02   0.14960E-01   0.13532E-08
  0.512   2.242    0.39133E-03   0.12748E-03  -0.22937E-05   0.24464E-03  -0.74503E-03   0.42243E-08
  0.512   2.242    0.36372E-02  -0.28350E-04  -0.22512E-05  -0.55331E-04  -0.69454E-02   0.75127E-10
  0.512   2.242    0.78368E-02   0.45021E-02   0.11865E-04   0.85977E-02  -0.14965E-01   0.13531E-08
  0.512   2.242   -0.36383E-02  -0.29716E-04   0.22490E-05  -0.57903E-04   0.69475E-02   0.75172E-10
  0.512   2.242   -0.39217E-03   0.13405E-03   0.22880E-05   0.25717E-03   0.74666E-03   0.42243E-08
  0.525   2.269   -0.91593E-07   0.15023E-02   0.99051E-09   0.28055E-02   0.17932E-06   0.49524E-08
  0.525   2.269    0.96991E-02   0.28333E-03  -0.63620E-05   0.52951E-03  -0.18131E-01   0.14487E-08
  0.525   2.269   -0.96991E-02   0.28344E-03   0.63619E-05   0.52975E-03   0.18131E-01   0.14487E-08
  0.525   2.269   -0.75413E-02   0.41404E-02  -0.89723E-05   0.77399E-02   0.14096E-01   0.14489E-08
  0.525   2.269    0.10751E-02  -0.36488E-03  -0.31074E-05  -0.68097E-03  -0.20075E-02   0.48339E-08
  0.525   2.269    0.52586E-02   0.34505E-03  -0.26062E-05   0.64388E-03  -0.98295E-02  -0.37016E-10
  0.525   2.269    0.75415E-02   0.41406E-02   0.89730E-05   0.77404E-02  -0.14097E-01   0.14488E-08
  0.525   2.269   -0.52587E-02   0.34443E-03   0.26059E-05   0.64274E-03   0.98297E-02  -0.37027E-10
  0.525   2.269   -0.10751E-02  -0.36474E-03   0.31076E-05  -0.68069E-03   0.20076E-02   0.48339E-08
  0.537   2.296    0.11193E-05   0.22078E-02  -0.90023E-08   0.40384E-02  -0.20488E-05   0.56194E-08
  0.537   2.296    0.94899E-02   0.17548E-02  -0.38706E-05   0.32122E-02  -0.17370E-01   0.14940E-08
  0.537   2.296   -0.94925E-02   0.17523E-02   0.38730E-05   0.32075E-02   0.17375E-01   0.14939E-08
  0.537   2.296   -0.72044E-02   0.36350E-02  -0.65310E-05   0.66539E-02   0.13185E-01   0.14945E-08
  0.537   2.296    0.17717E-02  -0.85760E-03  -0.36191E-05  -0.15687E-02  -0.32407E-02   0.55693E-08
  0.537   2.296    0.66991E-02   0.71392E-03  -0.26537E-05   0.13057E-02  -0.12261E-01  -0.27351E-09
  0.537   2.296    0.72035E-02   0.36351E-02   0.65325E-05   0.66539E-02  -0.13184E-01   0.14944E-08
  0.537   2.296   -0.66974E-02   0.71197E-03   0.26516E-05   0.13022E-02   0.12258E-01  -0.27372E-09
  0.537   2.296   -0.17695E-02  -0.87359E-03   0.36172E-05  -0.15980E-02   0.32368E-02   0.55696E-08
  0.550   2.322   -0.35600E-06   0.29393E-02   0.12877E-08   0.52669E-02   0.63907E-06   0.64410E-08
  0.550   2.322    0.90512E-02   0.29571E-02  -0.20250E-05   0.53018E-02  -0.16227E-01   0.14742E-08
  0.550   2.322   -0.90505E-02   0.29578E-02   0.20259E-05   0.53030E-02   0.16226E-01   0.14742E-08
  0.550   2.322   -0.68398E-02   0.29617E-02  -0.45036E-05   0.53101E-02   0.12261E-01   0.14745E-08
  0.550   2.322    0.24703E-02  -0.13454E-02  -0.38727E-05  -0.24110E-02  -0.44267E-02   0.64703E-08
  0.550   2.322    0.79252E-02   0.10422E-02  -0.24668E-05   0.18673E-02  -0.14207E-01  -0.68896E-09
  0.550   2.322    0.68401E-02   0.29619E-02   0.45006E-05   0.53105E-02  -0.12261E-01   0.14745E-08
  0.550   2.322   -0.79256E-02   0.10413E-02   0.24676E-05   0.18658E-02   0.14208E-01  -0.68892E-09
  0.550   2.322   -0.24708E-02  -0.13428E-02   0.38719E-05  -0.24064E-02   0.44275E-02   0.64701E-08
  0.562   2.349    0.29567E-06   0.36698E-02  -0.97568E-09   0.64435E-02  -0.46504E-06   0.74267E-08
  0.562   2.349    0.83868E-02   0.38687E-02  -0.68176E-06   0.67957E-02  -0.14731E-01   0.13729E-08
  0.562   2.349   -0.83872E-02   0.38684E-02   0.68309E-06   0.67955E-02   0.14732E-01   0.13729E-08
  0.562   2.349   -0.64539E-02   0.21072E-02  -0.28344E-05   0.37017E-02   0.11334E-01   0.13734E-08
  0.562   2.349    0.31502E-02  -0.17885E-02  -0.39284E-05  -0.31405E-02  -0.55314E-02   0.75710E-08
  0.562   2.349    0.89347E-02   0.13084E-02  -0.21422E-05   0.22974E-02  -0.15693E-01  -0.13368E-08
  0.562   2.349    0.64536E-02   0.21070E-02   0.28344E-05   0.37013E-02  -0.11334E-01   0.13734E-08
  0.562   2.349   -0.89346E-02   0.13086E-02   0.21429E-05   0.22975E-02   0.15693E-01  -0.13369E-08
  0.562   2.349   -0.31502E-02  -0.17898E-02   0.39270E-05  -0.31428E-02   0.55314E-02   0.75709E-08
  0.575   2.375    0.22145E-06   0.43415E-02  -0.95821E-09   0.74716E-02  -0.39845E-06   0.85741E-08
  0.575   2.375    0.75153E-02   0.44976E-02   0.29310E-06   0.77433E-02  -0.12937E-01   0.11724E-08
  0.575   2.375   -0.75152E-02   0.44976E-02  -0.29130E-06   0.77431E-02   0.12937E-01   0.11723E-08
  0.575   2.375   -0.60453E-02   0.10678E-02  -0.14878E-05   0.18387E-02   0.10405E-01   0.11730E-08
  0.575   2.375    0.37765E-02  -0.22012E-02  -0.38413E-05  -0.37884E-02  -0.64995E-02   0.88987E-08
  0.575   2.375    0.97457E-02   0.15051E-02  -0.17716E-05   0.25901E-02  -0.16776E-01  -0.22618E-08
  0.575   2.375    0.60455E-02   0.10679E-02   0.14849E-05   0.18389E-02  -0.10406E-01   0.11729E-08
  0.575   2.375   -0.97456E-02   0.15051E-02   0.17693E-05   0.25902E-02   0.16776E-01  -0.22619E-08
  0.575   2.375   -0.37763E-02  -0.22027E-02   0.38401E-05  -0.37910E-02   0.64991E-02   0.88987E-08
  0.588   2.400   -0.65934E-06   0.48763E-02   0.21963E-08   0.82277E-02   0.11069E-05   0.98733E-08
  0.588   2.400    0.64428E-02   0.48825E-02   0.10252E-05   0.82406E-02  -0.10873E-01   0.85404E-09
  0.588   2.400   -0.64428E-02   0.48827E-02  -0.10227E-05   0.82408E-02   0.10873E-01   0.85417E-09
  0.588   2.400   -0.56130E-02  -0.15309E-03  -0.41978E-06  -0.25782E-03   0.94708E-02   0.85471E-09
  0.588   2.400    0.43119E-02  -0.25916E-02  -0.36632E-05  -0.43728E-02  -0.72755E-02   0.10467E-07
  0.588   2.400    0.10392E-01   0.16407E-02  -0.14349E-05   0.27681E-02  -0.17537E-01  -0.34884E-08
  0.588   2.400    0.56130E-02  -0.15304E-03   0.41889E-06  -0.25775E-03  -0.94708E-02   0.85462E-09
  0.588   2.400   -0.10392E-01   0.16402E-02   0.14360E-05   0.27672E-02   0.17537E-01  -0.34884E-08
  0.588   2.400   -0.43123E-02  -0.25889E-02   0.36648E-05  -0.43682E-02   0.72760E-02   0.10467E-07
  0.600   2.426   -0.52650E-06   0.51928E-02   0.16336E-08   0.85927E-02   0.86407E-06   0.11330E-07
  0.600   2.426    0.51648E-02   0.50776E-02   0.16100E-05   0.84040E-02  -0.85472E-02   0.40497E-09
  0.600   2.426   -0.51644E-02   0.50780E-02  -0.16144E-05   0.84047E-02   0.85465E-02   0.40489E-09
  0.600   2.426   -0.51408E-02  -0.15551E-02   0.43137E-06  -0.25732E-02   0.85059E-02   0.40568E-09
  0.600   2.426    0.47079E-02  -0.29587E-02  -0.34034E-05  -0.48961E-02  -0.77904E-02   0.12289E-07
  0.600   2.426    0.10909E-01   0.17358E-02  -0.11750E-05   0.28720E-02  -0.18055E-01  -0.50139E-08
  0.600   2.426    0.51398E-02  -0.15559E-02  -0.43751E-06  -0.25746E-02  -0.85042E-02   0.40564E-09
  0.600   2.426   -0.10909E-01   0.17344E-02   0.11690E-05   0.28698E-02   0.18055E-01  -0.50138E-08
  0.600   2.426   -0.47086E-02  -0.29557E-02   0.34031E-05  -0.48910E-02   0.77915E-02   0.12289E-07
  0.613   2.451   -0.56853E-06   0.52062E-02   0.58128E-09   0.84511E-02   0.91321E-06   0.12959E-07
  0.613   2.451    0.36539E-02   0.51474E-02   0.21386E-05   0.83572E-02  -0.59317E-02  -0.17482E-09
  0.613   2.451   -0.36536E-02   0.51476E-02  -0.21389E-05   0.83575E-02   0.59314E-02  -0.17445E-09
  0.613   2.451   -0.45941E-02  -0.31397E-02   0.11415E-05  -0.50968E-02   0.74568E-02  -0.17371E-09
  0.613   2.451    0.49075E-02  -0.32905E-02  -0.30577E-05  -0.53415E-02  -0.79663E-02   0.14364E-07
  0.613   2.451    0.11322E-01   0.18134E-02  -0.99303E-06   0.29433E-02  -0.18381E-01  -0.67930E-08
  0.613   2.451    0.45945E-02  -0.31395E-02  -0.11427E-05  -0.50965E-02  -0.74575E-02  -0.17398E-09
  0.613   2.451   -0.11322E-01   0.18133E-02   0.99058E-06   0.29432E-02   0.18381E-01  -0.67930E-08
  0.613   2.451   -0.49075E-02  -0.32886E-02   0.30595E-05  -0.53383E-02   0.79663E-02   0.14364E-07
  0.625   2.476    0.61025E-06   0.48502E-02   0.26325E-08   0.77259E-02  -0.95406E-06   0.14837E-07
  0.625   2.476    0.18706E-02   0.51639E-02   0.26531E-05   0.82269E-02  -0.29797E-02  -0.86037E-09
  0.625   2.476   -0.18717E-02   0.51632E-02  -0.26537E-05   0.82258E-02   0.29815E-02  -0.86077E-09
  0.625   2.476   -0.38924E-02  -0.49013E-02   0.17758E-05  -0.78076E-02   0.61994E-02  -0.86022E-09
  0.625   2.476    0.48489E-02  -0.35384E-02  -0.26215E-05  -0.56363E-02  -0.77238E-02   0.16727E-07
  0.625   2.476    0.11629E-01   0.18754E-02  -0.87341E-06   0.29871E-02  -0.18525E-01  -0.87610E-08
  0.625   2.476    0.38928E-02  -0.49007E-02  -0.17710E-05  -0.78067E-02  -0.62001E-02  -0.85977E-09
  0.625   2.476   -0.11629E-01   0.18768E-02   0.87965E-06   0.29892E-02   0.18525E-01  -0.87610E-08
  0.625   2.476   -0.48486E-02  -0.35395E-02   0.26237E-05  -0.56382E-02   0.77234E-02   0.16727E-07
  0.637   2.500   -0.22110E-06   0.40714E-02   0.56604E-09   0.63658E-02   0.34105E-06   0.17045E-07
  0.637   2.500   -0.22838E-03   0.51976E-02   0.31874E-05   0.81275E-02   0.35744E-03  -0.15928E-08
  0.637   2.500    0.22811E-03   0.51975E-02  -0.31865E-05   0.81273E-02  -0.35692E-03  -0.15928E-08
  0.637   2.500   -0.28835E-02  -0.68227E-02   0.24243E-05  -0.10668E-01   0.45076E-02  -0.15913E-08
  0.637   2.500    0.44386E-02  -0.36007E-02  -0.20549E-05  -0.56297E-02  -0.69400E-02   0.19379E-07
  0.637   2.500    0.11779E-01   0.18746E-02  -0.76085E-06   0.29307E-02  -0.18417E-01  -0.10791E-07
  0.637   2.500    0.28804E-02  -0.68251E-02  -0.24268E-05  -0.10672E-01  -0.45027E-02  -0.15919E-08
  0.637   2.500   -0.11778E-01   0.18729E-02   0.75806E-06   0.29281E-02   0.18416E-01  -0.10791E-07
  0.637   2.500   -0.44386E-02  -0.35989E-02   0.20504E-05  -0.56270E-02   0.69399E-02   0.19379E-07
  0.650   2.525   -0.41456E-07   0.28439E-02   0.83428E-09   0.43659E-02   0.63076E-07   0.19765E-07
  0.650   2.525   -0.26784E-02   0.53195E-02   0.37319E-05   0.81669E-02   0.41121E-02  -0.22727E-08
  0.650   2.525    0.26781E-02   0.53190E-02  -0.37316E-05   0.81660E-02  -0.41116E-02  -0.22726E-08
  0.650   2.525   -0.12957E-02  -0.88680E-02   0.31881E-05  -0.13614E-01   0.19880E-02  -0.22719E-08
  0.650   2.525    0.35424E-02  -0.32841E-02  -0.12941E-05  -0.50413E-02  -0.54380E-02   0.22393E-07
  0.650   2.525    0.11643E-01   0.16629E-02  -0.54059E-06   0.25525E-02  -0.17874E-01  -0.12755E-07
  0.650   2.525    0.12959E-02  -0.88679E-02  -0.31877E-05  -0.13614E-01  -0.19884E-02  -0.22721E-08
  0.650   2.525   -0.11643E-01   0.16633E-02   0.54172E-06   0.25531E-02   0.17874E-01  -0.12755E-07
  0.650   2.525   -0.35424E-02  -0.32828E-02   0.12950E-05  -0.50395E-02   0.54382E-02   0.22393E-07
  0.662   2.549    0.92394E-07   0.11896E-02   0.15824E-09   0.17939E-02  -0.15403E-06   0.23221E-07
  0.662   2.549   -0.54848E-02   0.55815E-02   0.42937E-05   0.84154E-02   0.82694E-02  -0.27777E-08
  0.662   2.549    0.54851E-02   0.55815E-02  -0.42936E-05   0.84154E-02  -0.82703E-02  -0.27781E-08
  0.662   2.549    0.12607E-02  -0.10956E-01   0.41797E-05  -0.16518E-01  -0.19014E-02  -0.27773E-08
  0.662   2.549    0.20123E-02  -0.22898E-02  -0.30270E-06  -0.34522E-02  -0.30341E-02   0.25888E-07
  0.662   2.549    0.11004E-01   0.96905E-03  -0.11109E-06   0.14609E-02  -0.16590E-01  -0.14560E-07
  0.662   2.549   -0.12605E-02  -0.10956E-01  -0.41796E-05  -0.16518E-01   0.19010E-02  -0.27774E-08
  0.662   2.549   -0.11004E-01   0.96945E-03   0.11036E-06   0.14614E-02   0.16590E-01  -0.14560E-07
  0.662   2.549   -0.20123E-02  -0.22906E-02   0.30338E-06  -0.34534E-02   0.30341E-02   0.25888E-07
  0.675   2.573   -0.26541E-06  -0.81661E-03  -0.15223E-08  -0.12088E-02   0.41996E-06   0.27661E-07
  0.675   2.573   -0.86089E-02   0.60173E-02   0.48154E-05   0.89125E-02   0.12751E-01  -0.29829E-08
  0.675   2.573    0.86095E-02   0.60182E-02  -0.48166E-05   0.89139E-02  -0.12752E-01  -0.29832E-08
  0.675   2.573    0.52213E-02  -0.12973E-01   0.54074E-05  -0.19214E-01  -0.77335E-02  -0.29827E-08
  0.675   2.573   -0.30030E-03  -0.29680E-03   0.91843E-06  -0.43983E-03   0.44429E-03   0.30057E-07
  0.675   2.573    0.95918E-02  -0.54197E-03   0.59160E-06  -0.80258E-03  -0.14206E-01  -0.16198E-07
  0.675   2.573   -0.52240E-02  -0.12974E-01  -0.54083E-05  -0.19215E-01   0.77376E-02  -0.29827E-08
  0.675   2.573   -0.95912E-02  -0.54427E-03  -0.59451E-06  -0.80592E-03   0.14205E-01  -0.16198E-07
  0.675   2.573    0.30101E-03  -0.29471E-03  -0.92131E-06  -0.43678E-03  -0.44533E-03   0.30057E-07
  0.688   2.597    0.11055E-05  -0.30379E-02   0.31704E-08  -0.44199E-02  -0.17736E-05   0.33312E-07
  0.688   2.597   -0.11961E-01   0.66347E-02   0.52851E-05   0.96566E-02   0.17408E-01  -0.27986E-08
  0.688   2.597    0.11959E-01   0.66318E-02  -0.52815E-05   0.96523E-02  -0.17406E-01  -0.27961E-08
  0.688   2.597    0.10675E-01  -0.14779E-01   0.67521E-05  -0.21509E-01  -0.15536E-01  -0.27968E-08
  0.688   2.597   -0.33377E-02   0.27279E-02   0.22177E-05   0.39693E-02   0.48569E-02   0.35182E-07
  0.688   2.597    0.72906E-02  -0.29487E-02   0.14653E-05  -0.42909E-02  -0.10611E-01  -0.17797E-07
  0.688   2.597   -0.10665E-01  -0.14776E-01  -0.67495E-05  -0.21504E-01   0.15522E-01  -0.27964E-08
  0.688   2.597   -0.72931E-02  -0.29418E-02  -0.14611E-05  -0.42807E-02   0.10614E-01  -0.17795E-07
  0.688   2.597    0.33348E-02   0.27213E-02  -0.22018E-05   0.39600E-02  -0.48527E-02   0.35182E-07
  0.700   2.620    0.86162E-06  -0.52916E-02  -0.21210E-08  -0.75681E-02  -0.13010E-05   0.40319E-07
  0.700   2.620   -0.15408E-01   0.74108E-02   0.57042E-05   0.10602E-01   0.22042E-01  -0.21907E-08
  0.700   2.620    0.15406E-01   0.74082E-02  -0.57059E-05   0.10598E-01  -0.22038E-01  -0.21928E-08
  0.700   2.620    0.16746E-01  -0.16213E-01   0.78559E-05  -0.23193E-01  -0.23953E-01  -0.21909E-08
  0.700   2.620   -0.65355E-02   0.60167E-02   0.32039E-05   0.86055E-02   0.93475E-02   0.41480E-07
  0.700   2.620    0.44524E-02  -0.55552E-02   0.21603E-05  -0.79453E-02  -0.63702E-02  -0.19492E-07
  0.700   2.620   -0.16746E-01  -0.16214E-01  -0.78530E-05  -0.23193E-01   0.23954E-01  -0.21926E-08
  0.700   2.620   -0.44523E-02  -0.55551E-02  -0.21657E-05  -0.79452E-02   0.63697E-02  -0.19493E-07
  0.700   2.620    0.65356E-02   0.60190E-02  -0.32079E-05   0.86092E-02  -0.93472E-02   0.41479E-07
  0.713   2.643    0.43752E-06  -0.73726E-02  -0.62099E-09  -0.10370E-01  -0.73681E-06   0.48701E-07
  0.713   2.643   -0.18787E-01   0.83101E-02   0.59078E-05   0.11689E-01   0.26420E-01  -0.12144E-08
  0.713   2.643    0.18786E-01   0.83100E-02  -0.59093E-05   0.11689E-01  -0.26419E-01  -0.12069E-08
  0.713   2.643    0.21930E-01  -0.17157E-01   0.80810E-05  -0.24131E-01  -0.30841E-01  -0.12180E-08
  0.713   2.643   -0.90371E-02   0.82788E-02   0.33404E-05   0.11641E-01   0.12707E-01   0.48849E-07
  0.713   2.643    0.17713E-02  -0.71456E-02   0.21613E-05  -0.10047E-01  -0.24909E-02  -0.21150E-07
  0.713   2.643   -0.21931E-01  -0.17157E-01  -0.80817E-05  -0.24131E-01   0.30842E-01  -0.12071E-08
  0.713   2.643   -0.17710E-02  -0.71463E-02  -0.21628E-05  -0.10048E-01   0.24902E-02  -0.21148E-07
  0.713   2.643    0.90375E-02   0.82805E-02  -0.33423E-05   0.11644E-01  -0.12707E-01   0.48854E-07
  0.725   2.666   -0.71460E-06  -0.90840E-02   0.48480E-09  -0.12562E-01   0.11058E-05   0.58342E-07
  0.725   2.666   -0.21941E-01   0.92953E-02   0.62122E-05   0.12859E-01   0.30345E-01   0.44695E-10
  0.725   2.666    0.21943E-01   0.92963E-02  -0.62103E-05   0.12860E-01  -0.30349E-01   0.43544E-10
  0.725   2.666    0.25301E-01  -0.17531E-01   0.80615E-05  -0.24246E-01  -0.34990E-01   0.46669E-10
  0.725   2.666   -0.10301E-01   0.87666E-02   0.30892E-05   0.12123E-01   0.14243E-01   0.56918E-07
  0.725   2.666   -0.30582E-03  -0.70357E-02   0.18572E-05  -0.97277E-02   0.42107E-03  -0.22356E-07
  0.725   2.666   -0.25299E-01  -0.17530E-01  -0.80618E-05  -0.24246E-01   0.34988E-01   0.41064E-10
  0.725   2.666    0.30546E-03  -0.70328E-02  -0.18552E-05  -0.97237E-02  -0.42024E-03  -0.22356E-07
  0.725   2.666    0.10301E-01   0.87616E-02  -0.30858E-05   0.12115E-01  -0.14244E-01   0.56916E-07
  0.738   2.689    0.58400E-07  -0.10268E-01   0.41958E-08  -0.13965E-01  -0.74069E-07   0.68994E-07
  0.738   2.689   -0.24730E-01   0.10330E-01   0.62831E-05   0.14057E-01   0.33643E-01   0.14506E-08
  0.738   2.689    0.24728E-01   0.10330E-01  -0.62798E-05   0.14056E-01  -0.33641E-01   0.14479E-08
  0.738   2.689    0.27054E-01  -0.17323E-01   0.72887E-05  -0.23566E-01  -0.36802E-01   0.14488E-08
  0.738   2.689   -0.10389E-01   0.77389E-02   0.21827E-05   0.10524E-01   0.14130E-01   0.65319E-07
  0.738   2.689   -0.18528E-02  -0.55252E-02   0.10174E-05  -0.75119E-02   0.25161E-02  -0.22679E-07
  0.738   2.689   -0.27053E-01  -0.17322E-01  -0.72863E-05  -0.23565E-01   0.36801E-01   0.14488E-08
  0.738   2.689    0.18531E-02  -0.55247E-02  -0.10123E-05  -0.75111E-02  -0.25169E-02  -0.22680E-07
  0.738   2.689    0.10389E-01   0.77390E-02  -0.21801E-05   0.10524E-01  -0.14128E-01   0.65317E-07
  0.750   2.712    0.19191E-06  -0.10814E-01   0.19878E-08  -0.14470E-01  -0.32734E-06   0.80266E-07
  0.750   2.712   -0.27033E-01   0.11383E-01   0.65609E-05   0.15242E-01   0.36187E-01   0.28813E-08
  0.750   2.712    0.27032E-01   0.11382E-01  -0.65612E-05   0.15239E-01  -0.36185E-01   0.28880E-08
  0.750   2.712    0.27830E-01  -0.16578E-01   0.68899E-05  -0.22191E-01  -0.37252E-01   0.28852E-08
  0.750   2.712   -0.96330E-02   0.58820E-02   0.14302E-05   0.78691E-02   0.12890E-01   0.73849E-07
  0.750   2.712   -0.31198E-02  -0.33065E-02   0.33011E-06  -0.44209E-02   0.41709E-02  -0.21800E-07
  0.750   2.712   -0.27829E-01  -0.16576E-01  -0.68882E-05  -0.22189E-01   0.37250E-01   0.28835E-08
  0.750   2.712    0.31204E-02  -0.33044E-02  -0.32912E-06  -0.44178E-02  -0.41717E-02  -0.21799E-07
  0.750   2.712    0.96332E-02   0.58799E-02  -0.14287E-05   0.78663E-02  -0.12890E-01   0.73851E-07
  0.762   2.735    0.28651E-07  -0.10649E-01   0.14036E-08  -0.14020E-01  -0.44769E-07   0.91794E-07
  0.762   2.735   -0.28750E-01   0.12419E-01   0.68029E-05   0.16367E-01   0.37873E-01   0.42600E-08
  0.762   2.735    0.28748E-01   0.12419E-01  -0.68015E-05   0.16368E-01  -0.37870E-01   0.42597E-08
  0.762   2.735    0.28099E-01  -0.15368E-01   0.63207E-05  -0.20243E-01  -0.37012E-01   0.42556E-08
  0.762   2.735   -0.83054E-02   0.37458E-02   0.51519E-06   0.49293E-02   0.10933E-01   0.82505E-07
  0.762   2.735   -0.42595E-02  -0.92842E-03  -0.48357E-06  -0.12164E-02   0.56037E-02  -0.19475E-07
  0.762   2.735   -0.28099E-01  -0.15368E-01  -0.63207E-05  -0.20243E-01   0.37012E-01   0.42602E-08
  0.762   2.735    0.42597E-02  -0.92782E-03   0.48471E-06  -0.12158E-02  -0.56040E-02  -0.19475E-07
  0.762   2.735    0.83054E-02   0.37464E-02  -0.51537E-06   0.49302E-02  -0.10933E-01   0.82505E-07
  0.775   2.757   -0.34747E-06  -0.97482E-02  -0.22519E-08  -0.12631E-01   0.54391E-06   0.10297E-06
  0.775   2.757   -0.29786E-01   0.13379E-01   0.74546E-05   0.17366E-01   0.38633E-01   0.54986E-08
  0.775   2.757    0.29787E-01   0.13380E-01  -0.74278E-05   0.17366E-01  -0.38638E-01   0.55153E-08
  0.775   2.757    0.28065E-01  -0.13780E-01   0.59960E-05  -0.17873E-01  -0.36400E-01   0.54984E-08
  0.775   2.757   -0.65884E-02   0.16648E-02  -0.35602E-06   0.21530E-02   0.85347E-02   0.91120E-07
  0.775   2.757   -0.53017E-02   0.12814E-02  -0.12926E-05   0.16698E-02   0.68658E-02  -0.15418E-07
  0.775   2.757   -0.28065E-01  -0.13779E-01  -0.59974E-05  -0.17872E-01   0.36400E-01   0.55116E-08
  0.775   2.757    0.53020E-02   0.12835E-02   0.13133E-05   0.16737E-02  -0.68664E-02  -0.15419E-07
  0.775   2.757    0.65892E-02   0.16645E-02   0.36991E-06   0.21524E-02  -0.85360E-02   0.91122E-07
  0.787   2.779    0.10767E-05  -0.81432E-02  -0.72387E-08  -0.10381E-01  -0.12618E-05   0.11337E-06
  0.787   2.779   -0.30038E-01   0.14143E-01   0.84681E-05   0.18091E-01   0.38368E-01   0.65834E-08
  0.787   2.779    0.30044E-01   0.14143E-01  -0.84599E-05   0.18090E-01  -0.38386E-01   0.66045E-08
  0.787   2.779    0.27718E-01  -0.11881E-01   0.61405E-05  -0.15177E-01  -0.35409E-01   0.66070E-08
  0.787   2.779   -0.45983E-02  -0.18627E-03  -0.14249E-05  -0.24563E-03   0.58564E-02   0.99698E-07
  0.787   2.779   -0.62362E-02   0.31441E-02  -0.23338E-05   0.40277E-02   0.79487E-02  -0.94096E-08
  0.787   2.779   -0.27718E-01  -0.11881E-01  -0.61381E-05  -0.15176E-01   0.35409E-01   0.65804E-08
  0.787   2.779    0.62390E-02   0.31465E-02   0.23415E-05   0.40317E-02  -0.79533E-02  -0.94118E-08
  0.787   2.779    0.45997E-02  -0.19363E-03   0.14444E-05  -0.25716E-03  -0.58583E-02   0.99699E-07
  0.800   2.801   -0.12053E-05  -0.61629E-02   0.12790E-08  -0.76989E-02   0.16983E-05   0.12309E-06
  0.800   2.801   -0.29430E-01   0.14334E-01   0.12641E-04   0.18075E-01   0.37002E-01   0.75619E-08
  0.800   2.801    0.29434E-01   0.14334E-01  -0.12640E-04   0.18075E-01  -0.37013E-01   0.75522E-08
  0.800   2.801    0.26866E-01  -0.97327E-02   0.79444E-05  -0.12235E-01  -0.33786E-01   0.75375E-08
  0.800   2.801   -0.25617E-02  -0.17390E-02  -0.35347E-05  -0.22034E-02   0.31824E-02   0.10851E-06
  0.800   2.801   -0.72040E-02   0.45312E-02  -0.46961E-05   0.57191E-02   0.90199E-02  -0.15031E-08
  0.800   2.801   -0.26866E-01  -0.97327E-02  -0.79453E-05  -0.12235E-01   0.33786E-01   0.75575E-08
  0.800   2.801    0.72034E-02   0.45313E-02   0.46943E-05   0.57199E-02  -0.90202E-02  -0.15016E-08
  0.800   2.801    0.25616E-02  -0.17367E-02   0.35341E-05  -0.22003E-02  -0.31818E-02   0.10851E-06
  0.812   2.823    0.16041E-04  -0.34058E-02   0.12430E-06  -0.39908E-02  -0.21982E-04   0.12070E-06
  0.812   2.823   -0.27470E-01   0.13729E-01   0.37170E-04   0.17226E-01   0.34079E-01   0.82533E-08
  0.812   2.823    0.27658E-01   0.13723E-01  -0.36969E-04   0.17218E-01  -0.34194E-01   0.87716E-08
  0.812   2.823    0.30589E-01  -0.77399E-02   0.12340E-04  -0.95567E-02  -0.37839E-01   0.81097E-08
  0.812   2.823   -0.27841E-02   0.14112E-02  -0.14722E-04   0.16378E-02   0.32647E-02   0.11421E-06
  0.812   2.823   -0.10361E-01   0.42472E-03  -0.24218E-04   0.69145E-03   0.12640E-01   0.11738E-07
  0.812   2.823   -0.30580E-01  -0.77356E-02  -0.12298E-04  -0.95502E-02   0.37828E-01   0.87347E-08
  0.812   2.823    0.10357E-01   0.42231E-03   0.24240E-04   0.69045E-03  -0.12630E-01   0.11708E-07
  0.812   2.823    0.27985E-02   0.14124E-02   0.14751E-04   0.16404E-02  -0.32572E-02   0.11429E-06
  0.825   2.844   -0.17875E-05   0.35915E-02   0.30205E-08   0.43435E-02   0.21377E-05   0.12754E-06
  0.825   2.844   -0.24485E-01   0.16030E-01  -0.36410E-05   0.19519E-01   0.29876E-01   0.82369E-08
  0.825   2.844    0.24488E-01   0.16031E-01   0.36439E-05   0.19520E-01  -0.29882E-01   0.82375E-08
  0.825   2.844    0.25021E-01  -0.45776E-02  -0.24764E-05  -0.55848E-02  -0.30507E-01   0.82406E-08
  0.825   2.844    0.38677E-02  -0.31293E-02   0.12662E-05  -0.38176E-02  -0.46969E-02   0.12182E-06
  0.825   2.844   -0.68132E-02   0.53073E-02   0.11370E-05   0.64770E-02   0.83350E-02   0.24882E-07
  0.825   2.844   -0.25023E-01  -0.45775E-02   0.24754E-05  -0.55848E-02   0.30509E-01   0.82322E-08
  0.825   2.844    0.68154E-02   0.53070E-02  -0.11350E-05   0.64763E-02  -0.83382E-02   0.24879E-07
  0.825   2.844   -0.38690E-02  -0.31313E-02  -0.12742E-05  -0.38196E-02   0.46992E-02   0.12182E-06
  0.838   2.866    0.82593E-06   0.73097E-02  -0.11512E-08   0.87709E-02  -0.58356E-06   0.13049E-06
  0.838   2.866   -0.20630E-01   0.14442E-01  -0.72159E-06   0.17346E-01   0.24803E-01   0.86430E-08
  0.838   2.866    0.20625E-01   0.14441E-01   0.72751E-06   0.17346E-01  -0.24802E-01   0.86430E-08
  0.838   2.866    0.22082E-01  -0.17984E-02  -0.81516E-06  -0.21611E-02  -0.26536E-01   0.86366E-08
  0.838   2.866    0.63521E-02  -0.37077E-02  -0.77139E-08  -0.44602E-02  -0.76268E-02   0.13017E-06
  0.838   2.866   -0.72145E-02   0.51107E-02  -0.96147E-07   0.61489E-02   0.86843E-02   0.39573E-07
  0.838   2.866   -0.22082E-01  -0.17987E-02   0.81511E-06  -0.21614E-02   0.26537E-01   0.86455E-08
  0.838   2.866    0.72120E-02   0.51115E-02   0.96752E-07   0.61503E-02  -0.86829E-02   0.39576E-07
  0.838   2.866   -0.63480E-02  -0.37101E-02   0.47043E-08  -0.44627E-02   0.76239E-02   0.13017E-06
  0.850   2.887   -0.68407E-06   0.11210E-01   0.18853E-08   0.13275E-01   0.14306E-05   0.13146E-06
  0.850   2.887   -0.15775E-01   0.12107E-01   0.37444E-07   0.14339E-01   0.18696E-01   0.90418E-08
  0.850   2.887    0.15776E-01   0.12107E-01  -0.37282E-07   0.14339E-01  -0.18697E-01   0.90307E-08
  0.850   2.887    0.18483E-01   0.10971E-02  -0.55560E-06   0.13014E-02  -0.21893E-01   0.90372E-08
  0.850   2.887    0.87420E-02  -0.39426E-02  -0.55884E-06  -0.46757E-02  -0.10355E-01   0.13904E-06
  0.850   2.887   -0.75376E-02   0.43070E-02  -0.59598E-06   0.51096E-02   0.89370E-02   0.55787E-07
  0.850   2.887   -0.18484E-01   0.10974E-02   0.55342E-06   0.13020E-02   0.21895E-01   0.90298E-08
  0.850   2.887    0.75377E-02   0.43081E-02   0.59066E-06   0.51117E-02  -0.89375E-02   0.55792E-07
  0.850   2.887   -0.87420E-02  -0.39436E-02   0.55296E-06  -0.46767E-02   0.10355E-01   0.13905E-06
  0.863   2.908    0.18465E-07   0.14526E-01  -0.75843E-09   0.16965E-01  -0.10510E-06   0.13297E-06
  0.863   2.908   -0.10251E-01   0.88296E-02   0.17171E-06   0.10312E-01   0.11977E-01   0.96531E-08
  0.863   2.908    0.10251E-01   0.88296E-02  -0.16888E-06   0.10312E-01  -0.11976E-01   0.96528E-08
  0.863   2.908    0.14121E-01   0.40226E-02  -0.63029E-06   0.47007E-02  -0.16489E-01   0.96510E-08
  0.863   2.908    0.10717E-01  -0.40301E-02  -0.81583E-06  -0.47107E-02  -0.12519E-01   0.14953E-06
  0.863   2.908   -0.79923E-02   0.31159E-02  -0.79702E-06   0.36461E-02   0.93378E-02   0.72257E-07
  0.863   2.908   -0.14122E-01   0.40222E-02   0.63396E-06   0.47002E-02   0.16491E-01   0.96499E-08
  0.863   2.908    0.79927E-02   0.31164E-02   0.80682E-06   0.36473E-02  -0.93381E-02   0.72255E-07
  0.863   2.908   -0.10718E-01  -0.40331E-02   0.82555E-06  -0.47152E-02   0.12520E-01   0.14952E-06
  0.875   2.929    0.16194E-06   0.16746E-01   0.75216E-08   0.19290E-01  -0.10669E-06   0.13740E-06
  0.875   2.929   -0.44135E-02   0.46950E-02   0.73067E-07   0.54080E-02   0.50854E-02   0.10681E-07
  0.875   2.929    0.44144E-02   0.46949E-02  -0.70957E-07   0.54075E-02  -0.50849E-02   0.10682E-07
  0.875   2.929    0.91175E-02   0.68929E-02  -0.83544E-06   0.79413E-02  -0.10496E-01   0.10679E-07
  0.875   2.929    0.12047E-01  -0.41046E-02  -0.10216E-05  -0.47334E-02  -0.13877E-01   0.16257E-06
  0.875   2.929   -0.86711E-02   0.17470E-02  -0.93701E-06   0.20200E-02   0.99859E-02   0.87715E-07
  0.875   2.929   -0.91182E-02   0.68926E-02   0.81391E-06   0.79410E-02   0.10497E-01   0.10679E-07
  0.875   2.929    0.86712E-02   0.17470E-02   0.89390E-06   0.20188E-02  -0.99864E-02   0.87715E-07
  0.875   2.929   -0.12046E-01  -0.41048E-02   0.96866E-06  -0.47308E-02   0.13878E-01   0.16257E-06
  0.887   2.950    0.73330E-07   0.17559E-01   0.33366E-08   0.19949E-01  -0.83705E-07   0.14700E-06
  0.887   2.950    0.14052E-02  -0.80204E-04  -0.98944E-07  -0.87914E-04  -0.15958E-02   0.12182E-07
  0.887   2.950   -0.14049E-02  -0.79870E-04   0.98822E-07  -0.87208E-04   0.15964E-02   0.12184E-07
  0.887   2.950    0.36606E-02   0.96341E-02  -0.10473E-05   0.10946E-01  -0.41535E-02   0.12180E-07
  0.887   2.950    0.12597E-01  -0.42326E-02  -0.10768E-05  -0.48120E-02  -0.14313E-01   0.17893E-06
  0.887   2.950   -0.95812E-02   0.39768E-03  -0.94816E-06   0.45887E-03   0.10880E-01   0.10091E-06
  0.887   2.950   -0.36610E-02   0.96341E-02   0.10386E-05   0.10946E-01   0.41540E-02   0.12181E-07
  0.887   2.950    0.95812E-02   0.39747E-03   0.93145E-06   0.45780E-03  -0.10881E-01   0.10091E-06
  0.887   2.950   -0.12597E-01  -0.42327E-02   0.10579E-05  -0.48109E-02   0.14314E-01   0.17893E-06
  0.900   2.971    0.89158E-07   0.16870E-01  -0.21125E-08   0.18908E-01  -0.89889E-07   0.16348E-06
  0.900   2.971    0.69786E-02  -0.52496E-02  -0.33340E-06  -0.58765E-02  -0.78198E-02   0.13993E-07
  0.900   2.971   -0.69785E-02  -0.52497E-02   0.33181E-06  -0.58766E-02   0.78196E-02   0.13994E-07
  0.900   2.971   -0.20798E-02   0.12192E-01  -0.12705E-05   0.13662E-01   0.23344E-02   0.13990E-07
  0.900   2.971    0.12307E-01  -0.44149E-02  -0.11074E-05  -0.49502E-02  -0.13795E-01   0.19904E-06
  0.900   2.971   -0.10658E-01  -0.78467E-03  -0.93989E-06  -0.87253E-03   0.11937E-01   0.11065E-06
  0.900   2.971    0.20787E-02   0.12192E-01   0.12684E-05   0.13662E-01  -0.23331E-02   0.13992E-07
  0.900   2.971    0.10658E-01  -0.78414E-03   0.93670E-06  -0.87208E-03  -0.11937E-01   0.11065E-06
  0.900   2.971   -0.12307E-01  -0.44157E-02   0.11026E-05  -0.49507E-02   0.13795E-01   0.19904E-06
  0.912   2.991    0.25840E-07   0.14770E-01   0.92887E-08   0.16335E-01  -0.14229E-06   0.18780E-06
  0.912   2.991    0.12212E-01  -0.10624E-01  -0.59048E-06  -0.11736E-01  -0.13501E-01   0.15679E-07
  0.912   2.991   -0.12209E-01  -0.10623E-01   0.59968E-06  -0.11736E-01   0.13495E-01   0.15681E-07
  0.912   2.991   -0.80026E-02   0.14531E-01  -0.15186E-05   0.16063E-01   0.88493E-02   0.15677E-07
  0.912   2.991    0.11190E-01  -0.45812E-02  -0.11047E-05  -0.50664E-02  -0.12376E-01   0.22300E-06
  0.912   2.991   -0.11804E-01  -0.17235E-02  -0.91908E-06  -0.18991E-02   0.13041E-01   0.11584E-06
  0.912   2.991    0.80006E-02   0.14530E-01   0.15338E-05   0.16062E-01  -0.88465E-02   0.15678E-07
  0.912   2.991    0.11804E-01  -0.17240E-02   0.94096E-06  -0.18990E-02  -0.13040E-01   0.11584E-06
  0.912   2.991   -0.11190E-01  -0.45835E-02   0.11352E-05  -0.50702E-02   0.12374E-01   0.22300E-06
  0.925   3.012    0.16160E-05   0.11446E-01  -0.11064E-07   0.12494E-01  -0.12815E-05   0.22026E-06
  0.925   3.012    0.17122E-01  -0.16110E-01  -0.82665E-06  -0.17563E-01  -0.18677E-01   0.16533E-07
  0.925   3.012   -0.17118E-01  -0.16109E-01   0.82159E-06  -0.17561E-01   0.18670E-01   0.16549E-07
  0.925   3.012   -0.14092E-01   0.16634E-01  -0.17104E-05   0.18143E-01   0.15373E-01   0.16528E-07
  0.925   3.012    0.92892E-02  -0.46130E-02  -0.10692E-05  -0.50349E-02  -0.10138E-01   0.25061E-06
  0.925   3.012   -0.12917E-01  -0.24074E-02  -0.88699E-06  -0.26198E-02   0.14080E-01   0.11547E-06
  0.925   3.012    0.14092E-01   0.16629E-01   0.16934E-05   0.18137E-01  -0.15373E-01   0.16535E-07
  0.925   3.012    0.12914E-01  -0.24183E-02   0.86690E-06  -0.26319E-02  -0.14077E-01   0.11547E-06
  0.925   3.012   -0.92870E-02  -0.46115E-02   0.10381E-05  -0.50320E-02   0.10136E-01   0.25061E-06
  0.938   3.032    0.32693E-06   0.71325E-02   0.14267E-07   0.76869E-02  -0.84645E-06   0.26058E-06
  0.938   3.032    0.21805E-01  -0.21704E-01  -0.10656E-05  -0.23351E-01  -0.23471E-01   0.15658E-07
  0.938   3.032   -0.21806E-01  -0.21704E-01   0.10731E-05  -0.23351E-01   0.23473E-01   0.15659E-07
  0.938   3.032   -0.20407E-01   0.18485E-01  -0.18964E-05   0.19897E-01   0.21967E-01   0.15655E-07
  0.938   3.032    0.66411E-02  -0.43541E-02  -0.96736E-06  -0.46897E-02  -0.71555E-02   0.28155E-06
  0.938   3.032   -0.13906E-01  -0.28852E-02  -0.82498E-06  -0.31000E-02   0.14959E-01   0.10869E-06
  0.938   3.032    0.20408E-01   0.18485E-01   0.18976E-05   0.19896E-01  -0.21967E-01   0.15656E-07
  0.938   3.032    0.13906E-01  -0.28872E-02   0.82038E-06  -0.31030E-02  -0.14959E-01   0.10869E-06
  0.938   3.032   -0.66409E-02  -0.43520E-02   0.96646E-06  -0.46864E-02   0.71552E-02   0.28155E-06
  0.950   3.052   -0.19303E-06   0.20677E-02   0.12628E-07   0.22071E-02  -0.62335E-07   0.30802E-06
  0.950   3.052    0.26389E-01  -0.27450E-01  -0.13118E-05  -0.29151E-01  -0.28037E-01   0.12033E-07
  0.950   3.052   -0.26387E-01  -0.27449E-01   0.13259E-05  -0.29150E-01   0.28035E-01   0.12039E-07
  0.950   3.052   -0.27031E-01   0.20093E-01  -0.20603E-05   0.21346E-01   0.28717E-01   0.12033E-07
  0.950   3.052    0.32995E-02  -0.36506E-02  -0.81754E-06  -0.38812E-02  -0.35113E-02   0.31541E-06
  0.950   3.052   -0.14710E-01  -0.32015E-02  -0.73763E-06  -0.33968E-02   0.15618E-01   0.94771E-07
  0.950   3.052    0.27032E-01   0.20093E-01   0.20712E-05   0.21346E-01  -0.28717E-01   0.12035E-07
  0.950   3.052    0.14711E-01  -0.32005E-02   0.75156E-06  -0.33965E-02  -0.15618E-01   0.94770E-07
  0.950   3.052   -0.32993E-02  -0.36458E-02   0.84476E-06  -0.38743E-02   0.35113E-02   0.31541E-06
  0.963   3.072    0.68241E-06  -0.34872E-02   0.30809E-07  -0.36468E-02  -0.15812E-05   0.36131E-06
  0.963   3.072    0.30989E-01  -0.33364E-01  -0.15825E-05  -0.34977E-01  -0.32499E-01   0.47296E-08
  0.963   3.072   -0.30990E-01  -0.33364E-01   0.15907E-05  -0.34979E-01   0.32503E-01   0.47381E-08
  0.963   3.072   -0.34025E-01   0.21472E-01  -0.22729E-05   0.22517E-01   0.35683E-01   0.47288E-08
  0.963   3.072   -0.66461E-03  -0.23515E-02  -0.66947E-06  -0.24695E-02   0.68956E-03   0.35176E-06
  0.963   3.072   -0.15261E-01  -0.34086E-02  -0.67845E-06  -0.35714E-02   0.15993E-01   0.73422E-07
  0.963   3.072    0.34024E-01   0.21471E-01   0.22730E-05   0.22514E-01  -0.35681E-01   0.47325E-08
  0.963   3.072    0.15261E-01  -0.34100E-02   0.66581E-06  -0.35734E-02  -0.15992E-01   0.73421E-07
  0.963   3.072    0.66504E-03  -0.23503E-02   0.67681E-06  -0.24651E-02  -0.69021E-03   0.35176E-06
  0.975   3.092   -0.89192E-06  -0.91997E-02  -0.60782E-08  -0.95149E-02   0.18491E-05   0.41833E-06
  0.975   3.092    0.35686E-01  -0.39330E-01  -0.17110E-05  -0.40711E-01  -0.36951E-01  -0.69061E-08
  0.975   3.092   -0.35687E-01  -0.39331E-01   0.17075E-05  -0.40710E-01   0.36948E-01  -0.69197E-08
  0.975   3.092   -0.41340E-01   0.22642E-01  -0.22837E-05   0.23441E-01   0.42801E-01  -0.69070E-08
  0.975   3.092   -0.51291E-02  -0.34450E-03  -0.47327E-06  -0.35442E-03   0.53053E-02   0.39010E-06
  0.975   3.092   -0.15454E-01  -0.35467E-02  -0.59145E-06  -0.36712E-02   0.15987E-01   0.45052E-07
  0.975   3.092    0.41339E-01   0.22644E-01   0.22873E-05   0.23444E-01  -0.42801E-01  -0.69175E-08
  0.975   3.092    0.15455E-01  -0.35425E-02   0.60759E-06  -0.36660E-02  -0.15988E-01   0.45051E-07
  0.975   3.092    0.51277E-02  -0.35218E-03   0.48165E-06  -0.36885E-03  -0.53034E-02   0.39010E-06
  0.988   3.112   -0.63239E-07  -0.14612E-01  -0.14859E-07  -0.14926E-01   0.57469E-06   0.47570E-06
  0.988   3.112    0.40441E-01  -0.44948E-01  -0.21727E-05  -0.45935E-01  -0.41347E-01  -0.23031E-07
  0.988   3.112   -0.40440E-01  -0.44947E-01   0.21455E-05  -0.45935E-01   0.41344E-01  -0.23030E-07
  0.988   3.112   -0.48707E-01   0.23618E-01  -0.26662E-05   0.24142E-01   0.49788E-01  -0.23035E-07
  0.988   3.112   -0.98322E-02   0.23763E-02  -0.23218E-06   0.24286E-02   0.10045E-01   0.42952E-06
  0.988   3.112   -0.15111E-01  -0.36032E-02  -0.50393E-06  -0.36830E-02   0.15437E-01   0.11050E-07
  0.988   3.112    0.48707E-01   0.23619E-01   0.26517E-05   0.24143E-01  -0.49789E-01  -0.23036E-07
  0.988   3.112    0.15111E-01  -0.36027E-02   0.48117E-06  -0.36825E-02  -0.15437E-01   0.11050E-07
  0.988   3.112    0.98321E-02   0.23775E-02   0.21369E-06   0.24292E-02  -0.10045E-01   0.42952E-06
  1.000   3.132    0.13047E-05  -0.19241E-01   0.39753E-07  -0.19414E-01  -0.21634E-05   0.52482E-06
  1.000   3.132    0.45337E-01  -0.49734E-01  -0.24701E-05  -0.50192E-01  -0.45771E-01  -0.42675E-07
  1.000   3.132   -0.45334E-01  -0.49733E-01   0.25409E-05  -0.50191E-01   0.45764E-01  -0.42647E-07
  1.000   3.132   -0.55867E-01   0.24540E-01  -0.28618E-05   0.24770E-01   0.56392E-01  -0.42681E-07
  1.000   3.132   -0.14436E-01   0.57109E-02   0.12667E-06   0.57640E-02   0.14570E-01   0.46532E-06
  1.000   3.132   -0.13998E-01  -0.35576E-02  -0.35681E-06  -0.35925E-02   0.14118E-01  -0.25710E-07
  1.000   3.132    0.55865E-01   0.24536E-01   0.28897E-05   0.24764E-01  -0.56389E-01  -0.42659E-07
  1.000   3.132    0.13998E-01  -0.35600E-02   0.40107E-06  -0.35956E-02  -0.14119E-01  -0.25713E-07
  1.000   3.132    0.14434E-01   0.57151E-02  -0.42745E-07   0.57708E-02  -0.14567E-01   0.46531E-06
  1.012   3.151   -0.51448E-06  -0.22115E-01  -0.98549E-08  -0.22050E-01   0.29595E-06   0.56588E-06
  1.012   3.151    0.49315E-01  -0.51726E-01  -0.24367E-05  -0.51571E-01  -0.49191E-01  -0.64490E-07
  1.012   3.151   -0.49314E-01  -0.51726E-01   0.24596E-05  -0.51569E-01   0.49182E-01  -0.64489E-07
  1.012   3.151   -0.61012E-01   0.24983E-01  -0.27471E-05   0.24915E-01   0.60837E-01  -0.64501E-07
  1.012   3.151   -0.18083E-01   0.91803E-02   0.32638E-06   0.91575E-02   0.18037E-01   0.50077E-06
  1.012   3.151   -0.11481E-01  -0.32697E-02  -0.28980E-06  -0.32621E-02   0.11441E-01  -0.61458E-07
  1.012   3.151    0.61011E-01   0.24982E-01   0.27579E-05   0.24914E-01  -0.60835E-01  -0.64498E-07
  1.012   3.151    0.11482E-01  -0.32728E-02   0.30829E-06  -0.32671E-02  -0.11443E-01  -0.61460E-07
  1.012   3.151    0.18082E-01   0.91734E-02  -0.33446E-06   0.91462E-02  -0.18033E-01   0.50076E-06
  1.025   3.170   -0.14513E-06  -0.22644E-01  -0.14414E-07  -0.22298E-01   0.20577E-06   0.58953E-06
  1.025   3.170    0.51881E-01  -0.49649E-01  -0.24333E-05  -0.48891E-01  -0.51100E-01  -0.85607E-07
  1.025   3.170   -0.51884E-01  -0.49650E-01   0.24079E-05  -0.48893E-01   0.51105E-01  -0.85607E-07
  1.025   3.170   -0.63018E-01   0.24928E-01  -0.26816E-05   0.24549E-01   0.62063E-01  -0.85609E-07
  1.025   3.170   -0.20020E-01   0.12043E-01   0.55219E-06   0.11862E-01   0.19714E-01   0.52986E-06
  1.025   3.170   -0.72357E-02  -0.26660E-02  -0.25457E-06  -0.26301E-02   0.71163E-02  -0.92050E-07
  1.025   3.170    0.63019E-01   0.24928E-01   0.26794E-05   0.24549E-01  -0.62064E-01  -0.85609E-07
  1.025   3.170    0.72358E-02  -0.26658E-02   0.24830E-06  -0.26290E-02  -0.71163E-02  -0.92051E-07
  1.025   3.170    0.20021E-01   0.12044E-01  -0.56575E-06   0.11864E-01  -0.19716E-01   0.52986E-06
  1.038   3.190   -0.76576E-07  -0.20567E-01   0.15648E-07  -0.20013E-01  -0.54224E-07   0.59332E-06
  1.038   3.190    0.52263E-01  -0.42408E-01  -0.21472E-05  -0.41257E-01  -0.50851E-01  -0.10269E-06
  1.038   3.190   -0.52264E-01  -0.42410E-01   0.21729E-05  -0.41261E-01   0.50855E-01  -0.10268E-06
  1.038   3.190   -0.60660E-01   0.24176E-01  -0.23727E-05   0.23524E-01   0.59021E-01  -0.10270E-06
  1.038   3.190   -0.19616E-01   0.13444E-01   0.71862E-06   0.13080E-01   0.19090E-01   0.55019E-06
  1.038   3.190   -0.11828E-02  -0.17070E-02  -0.23414E-06  -0.16658E-02   0.11457E-02  -0.11456E-06
  1.038   3.190    0.60659E-01   0.24174E-01   0.23841E-05   0.23515E-01  -0.59021E-01  -0.10269E-06
  1.038   3.190    0.11827E-02  -0.17087E-02   0.24324E-06  -0.16680E-02  -0.11450E-02  -0.11457E-06
  1.038   3.190    0.19616E-01   0.13445E-01  -0.67036E-06   0.13090E-01  -0.19091E-01   0.55019E-06
  1.050   3.209    0.14837E-05  -0.16260E-01   0.82905E-07  -0.15638E-01  -0.14481E-05   0.58186E-06
  1.050   3.209    0.49944E-01  -0.30222E-01  -0.16539E-05  -0.29037E-01  -0.48008E-01  -0.11297E-06
  1.050   3.209   -0.49939E-01  -0.30220E-01   0.17814E-05  -0.29036E-01   0.48001E-01  -0.11294E-06
  1.050   3.209   -0.53579E-01   0.22543E-01  -0.19626E-05   0.21670E-01   0.51482E-01  -0.11297E-06
  1.050   3.209   -0.16738E-01   0.12773E-01   0.74124E-06   0.12272E-01   0.16095E-01   0.56219E-06
  1.050   3.209    0.61794E-02  -0.47979E-03  -0.24976E-06  -0.46538E-03  -0.59412E-02  -0.12917E-06
  1.050   3.209    0.53578E-01   0.22542E-01   0.19412E-05   0.21667E-01  -0.51482E-01  -0.11297E-06
  1.050   3.209   -0.61813E-02  -0.47481E-03   0.25137E-06  -0.45949E-03   0.59434E-02  -0.12916E-06
  1.050   3.209    0.16738E-01   0.12787E-01  -0.74174E-06   0.12295E-01  -0.16094E-01   0.56219E-06
  1.062   3.228   -0.47517E-06  -0.10649E-01  -0.22194E-07  -0.10125E-01   0.27216E-06   0.56523E-06
  1.062   3.228    0.44946E-01  -0.14936E-01  -0.10434E-05  -0.14181E-01  -0.42681E-01  -0.11494E-06
  1.062   3.228   -0.44947E-01  -0.14937E-01   0.10313E-05  -0.14182E-01   0.42682E-01  -0.11495E-06
  1.062   3.228   -0.42755E-01   0.19960E-01  -0.13322E-05   0.18954E-01   0.40596E-01  -0.11496E-06
  1.062   3.228   -0.11954E-01   0.10104E-01   0.61755E-06   0.96011E-02   0.11358E-01   0.56922E-06
  1.062   3.228    0.13779E-01   0.84103E-03  -0.29018E-06   0.79374E-03  -0.13084E-01  -0.13903E-06
  1.062   3.228    0.42755E-01   0.19960E-01   0.13327E-05   0.18955E-01  -0.40596E-01  -0.11495E-06
  1.062   3.228   -0.13779E-01   0.83905E-03   0.29314E-06   0.79111E-03   0.13084E-01  -0.13903E-06
  1.062   3.228    0.11954E-01   0.10099E-01  -0.65228E-06   0.95932E-02  -0.11358E-01   0.56922E-06
  1.075   3.247    0.78165E-06  -0.47529E-02   0.21271E-07  -0.44751E-02  -0.23834E-06   0.55379E-06
  1.075   3.247    0.37807E-01   0.70749E-03  -0.31203E-06   0.66811E-03  -0.35480E-01  -0.10843E-06
  1.075   3.247   -0.37804E-01   0.70960E-03   0.28892E-06   0.66743E-03   0.35477E-01  -0.10843E-06
  1.075   3.247   -0.30042E-01   0.16477E-01  -0.63708E-06   0.15465E-01   0.28190E-01  -0.10844E-06
  1.075   3.247   -0.62540E-02   0.60889E-02   0.42302E-06   0.57150E-02   0.58771E-02   0.57592E-06
  1.075   3.247    0.20385E-01   0.20465E-02  -0.31428E-06   0.19163E-02  -0.19129E-01  -0.14825E-06
  1.075   3.247    0.30042E-01   0.16476E-01   0.61793E-06   0.15462E-01  -0.28190E-01  -0.10844E-06
  1.075   3.247   -0.20385E-01   0.20505E-02   0.33752E-06   0.19208E-02   0.19128E-01  -0.14825E-06
  1.075   3.247    0.62543E-02   0.61017E-02  -0.46942E-06   0.57338E-02  -0.58775E-02   0.57591E-06
  1.087   3.266    0.15290E-06   0.73191E-03   0.28596E-07   0.66027E-03   0.46735E-06   0.55318E-06
  1.087   3.266    0.29199E-01   0.14249E-01   0.41596E-06   0.13225E-01  -0.27095E-01  -0.93826E-07
  1.087   3.266   -0.29198E-01   0.14250E-01  -0.40067E-06   0.13224E-01   0.27094E-01  -0.93826E-07
  1.087   3.266   -0.17308E-01   0.12202E-01   0.80479E-07   0.11329E-01   0.16049E-01  -0.93837E-07
  1.087   3.266   -0.56777E-03   0.16982E-02   0.22850E-06   0.15754E-02   0.53922E-03   0.58579E-06
  1.087   3.266    0.25079E-01   0.30157E-02  -0.30918E-06   0.27940E-02  -0.23266E-01  -0.15926E-06
  1.087   3.266    0.17307E-01   0.12202E-01  -0.93567E-07   0.11328E-01  -0.16050E-01  -0.93836E-07
  1.087   3.266   -0.25080E-01   0.30200E-02   0.30613E-06   0.27989E-02   0.23266E-01  -0.15926E-06
  1.087   3.266    0.56770E-03   0.17075E-02  -0.23320E-06   0.15916E-02  -0.53913E-03   0.58579E-06
  1.100   3.284    0.42268E-07   0.54924E-02   0.16912E-07   0.50249E-02   0.22066E-06   0.56352E-06
  1.100   3.284    0.19787E-01   0.24235E-01   0.10285E-05   0.22255E-01  -0.18164E-01  -0.71790E-07
  1.100   3.284   -0.19786E-01   0.24236E-01  -0.10090E-05   0.22256E-01   0.18164E-01  -0.71793E-07
  1.100   3.284   -0.58624E-02   0.72769E-02   0.73807E-06   0.66877E-02   0.53701E-02  -0.71802E-07
  1.100   3.284    0.44753E-02  -0.22921E-02  -0.11284E-07  -0.21028E-02  -0.40968E-02   0.60038E-06
  1.100   3.284    0.27495E-01   0.36983E-02  -0.28464E-06   0.33921E-02  -0.25234E-01  -0.17183E-06
  1.100   3.284    0.58613E-02   0.72762E-02  -0.74475E-06   0.66870E-02  -0.53695E-02  -0.71794E-07
  1.100   3.284   -0.27496E-01   0.37012E-02   0.27212E-06   0.33951E-02   0.25235E-01  -0.17183E-06
  1.100   3.284   -0.44755E-02  -0.22867E-02   0.14947E-07  -0.20953E-02   0.40969E-02   0.60038E-06
  1.113   3.303    0.31082E-06   0.94101E-02   0.36990E-08   0.85205E-02  -0.55536E-07   0.58184E-06
  1.113   3.303    0.10110E-01   0.30285E-01   0.15278E-05   0.27476E-01  -0.91672E-02  -0.43269E-07
  1.113   3.303   -0.10110E-01   0.30285E-01  -0.15238E-05   0.27477E-01   0.91668E-02  -0.43267E-07
  1.113   3.303    0.36818E-02   0.19046E-02   0.13055E-05   0.17352E-02  -0.33545E-02  -0.43268E-07
  1.113   3.303    0.85519E-02  -0.54328E-02  -0.23947E-06  -0.49237E-02  -0.77453E-02   0.61958E-06
  1.113   3.303    0.27732E-01   0.40861E-02  -0.22197E-06   0.37046E-02  -0.25144E-01  -0.18345E-06
  1.113   3.303   -0.36822E-02   0.19056E-02  -0.12987E-05   0.17363E-02   0.33543E-02  -0.43273E-07
  1.113   3.303   -0.27733E-01   0.40847E-02   0.20950E-06   0.37016E-02   0.25144E-01  -0.18345E-06
  1.113   3.303   -0.85516E-02  -0.54366E-02   0.28422E-06  -0.49311E-02   0.77450E-02   0.61959E-06
  1.125   3.322    0.10257E-05   0.12412E-01  -0.15589E-08   0.11097E-01  -0.19660E-05   0.60501E-06
  1.125   3.322    0.65028E-03   0.32774E-01   0.18575E-05   0.29340E-01  -0.57460E-03  -0.97241E-08
  1.125   3.322   -0.65619E-03   0.32774E-01  -0.18587E-05   0.29341E-01   0.58495E-03  -0.97250E-08
  1.125   3.322    0.11206E-01  -0.36568E-02   0.17179E-05  -0.32634E-02  -0.10044E-01  -0.97168E-08
  1.125   3.322    0.11539E-01  -0.76005E-02  -0.52688E-06  -0.68031E-02  -0.10321E-01   0.64276E-06
  1.125   3.322    0.26205E-01   0.41803E-02  -0.12080E-06   0.37379E-02  -0.23440E-01  -0.19049E-06
  1.125   3.322   -0.11208E-01  -0.36580E-02  -0.17237E-05  -0.32661E-02   0.10049E-01  -0.97218E-08
  1.125   3.322   -0.26206E-01   0.41829E-02   0.13707E-06   0.37438E-02   0.23441E-01  -0.19049E-06
  1.125   3.322   -0.11538E-01  -0.76008E-02   0.48082E-06  -0.68001E-02   0.10319E-01   0.64276E-06
  1.137   3.340   -0.69539E-06   0.14437E-01   0.48389E-07   0.12748E-01   0.15408E-05   0.63102E-06
  1.137   3.340   -0.81836E-02   0.32488E-01   0.21826E-05   0.28706E-01   0.72322E-02   0.26870E-07
  1.137   3.340    0.81837E-02   0.32490E-01  -0.21546E-05   0.28708E-01  -0.72356E-02   0.26858E-07
  1.137   3.340    0.16894E-01  -0.91412E-02   0.20930E-05  -0.80638E-02  -0.14942E-01   0.26861E-07
  1.137   3.340    0.13445E-01  -0.88671E-02  -0.82970E-06  -0.78367E-02  -0.11876E-01   0.66906E-06
  1.137   3.340    0.23461E-01   0.40064E-02  -0.57627E-07   0.35386E-02  -0.20710E-01  -0.18933E-06
  1.137   3.340   -0.16897E-01  -0.91426E-02  -0.21106E-05  -0.80634E-02   0.14943E-01   0.26882E-07
  1.137   3.340   -0.23462E-01   0.40114E-02   0.41542E-07   0.35431E-02   0.20710E-01  -0.18933E-06
  1.137   3.340   -0.13446E-01  -0.88563E-02   0.77903E-06  -0.78203E-02   0.11878E-01   0.66906E-06
  1.150   3.358   -0.47642E-06   0.15494E-01   0.13051E-06   0.13542E-01  -0.16353E-05   0.65929E-06
  1.150   3.358   -0.16142E-01   0.30338E-01   0.22809E-05   0.26491E-01   0.14120E-01   0.64168E-07
  1.150   3.358    0.16121E-01   0.30335E-01  -0.24264E-05   0.26482E-01  -0.14063E-01   0.64163E-07
  1.150   3.358    0.21066E-01  -0.14307E-01   0.24304E-05  -0.12481E-01  -0.18403E-01   0.64196E-07
  1.150   3.358    0.14350E-01  -0.93845E-02  -0.85531E-06  -0.81986E-02  -0.12522E-01   0.69793E-06
  1.150   3.358    0.20066E-01   0.36165E-02  -0.68841E-07   0.31518E-02  -0.17501E-01  -0.17730E-06
  1.150   3.358   -0.21073E-01  -0.14319E-01  -0.23628E-05  -0.12495E-01   0.18416E-01   0.64210E-07
  1.150   3.358   -0.20065E-01   0.36084E-02  -0.18367E-06   0.31550E-02   0.17500E-01  -0.17731E-06
  1.150   3.358   -0.14342E-01  -0.93843E-02   0.13260E-05  -0.81878E-02   0.12508E-01   0.69792E-06
  1.163   3.376    0.43707E-07   0.15523E-01   0.10876E-07   0.13389E-01  -0.19400E-06   0.69103E-06
  1.163   3.376   -0.22915E-01   0.26983E-01   0.23524E-05   0.23244E-01   0.19748E-01   0.99900E-07
  1.163   3.376    0.22914E-01   0.26981E-01  -0.23198E-05   0.23243E-01  -0.19747E-01   0.99896E-07
  1.163   3.376    0.23975E-01  -0.18882E-01   0.24183E-05  -0.16248E-01  -0.20662E-01   0.99928E-07
  1.163   3.376    0.14320E-01  -0.92814E-02  -0.14931E-05  -0.80011E-02  -0.12348E-01   0.72967E-06
  1.163   3.376    0.16309E-01   0.30310E-02   0.81783E-07   0.26127E-02  -0.14039E-01  -0.15340E-06
  1.163   3.376   -0.23976E-01  -0.18883E-01  -0.24224E-05  -0.16249E-01   0.20663E-01   0.99926E-07
  1.163   3.376   -0.16309E-01   0.30301E-02  -0.71678E-07   0.26131E-02   0.14040E-01  -0.15340E-06
  1.163   3.376   -0.14320E-01  -0.92793E-02   0.14662E-05  -0.79944E-02   0.12347E-01   0.72968E-06
  1.175   3.395   -0.17967E-06   0.14721E-01   0.10373E-07   0.12549E-01   0.29205E-06   0.72642E-06
  1.175   3.395   -0.28512E-01   0.23204E-01   0.23091E-05   0.19747E-01   0.24256E-01   0.13173E-06
  1.175   3.395    0.28513E-01   0.23205E-01  -0.22739E-05   0.19749E-01  -0.24259E-01   0.13173E-06
  1.175   3.395    0.25979E-01  -0.22738E-01   0.24273E-05  -0.19325E-01  -0.22114E-01   0.13176E-06
  1.175   3.395    0.13538E-01  -0.87193E-02  -0.18420E-05  -0.74267E-02  -0.11537E-01   0.76330E-06
  1.175   3.395    0.12615E-01   0.23515E-02   0.14165E-06   0.20060E-02  -0.10716E-01  -0.11789E-06
  1.175   3.395   -0.25977E-01  -0.22737E-01  -0.24262E-05  -0.19323E-01   0.22112E-01   0.13176E-06
  1.175   3.395   -0.12615E-01   0.23507E-02  -0.12670E-06   0.20048E-02   0.10716E-01  -0.11789E-06
  1.175   3.395   -0.13538E-01  -0.87206E-02   0.18264E-05  -0.74271E-02   0.11538E-01   0.76330E-06
  1.188   3.413    0.99774E-06   0.13169E-01   0.23269E-07   0.11083E-01  -0.16799E-05   0.76615E-06
  1.188   3.413   -0.32807E-01   0.19440E-01   0.22514E-05   0.16311E-01   0.27510E-01   0.15760E-06
  1.188   3.413    0.32805E-01   0.19439E-01  -0.22364E-05   0.16308E-01  -0.27507E-01   0.15762E-06
  1.188   3.413    0.27286E-01  -0.25666E-01   0.23350E-05  -0.21495E-01  -0.22885E-01   0.15762E-06
  1.188   3.413    0.12099E-01  -0.77734E-02  -0.22997E-05  -0.65352E-02  -0.10182E-01   0.79824E-06
  1.188   3.413    0.91317E-02   0.16307E-02   0.10450E-06   0.13760E-02  -0.76417E-02  -0.72744E-07
  1.188   3.413   -0.27288E-01  -0.25668E-01  -0.23951E-05  -0.21502E-01   0.22891E-01   0.15761E-06
  1.188   3.413   -0.91310E-02   0.16265E-02  -0.12413E-06   0.13737E-02   0.76417E-02  -0.72747E-07
  1.188   3.413   -0.12099E-01  -0.77913E-02   0.24052E-05  -0.65447E-02   0.10182E-01   0.79823E-06
  1.200   3.430    0.56214E-06   0.11001E-01  -0.15439E-06   0.91473E-02  -0.14666E-05   0.80981E-06
  1.200   3.430   -0.35772E-01   0.16020E-01   0.20769E-05   0.13244E-01   0.29530E-01   0.17570E-06
  1.200   3.430    0.35772E-01   0.16019E-01  -0.24399E-05   0.13240E-01  -0.29526E-01   0.17572E-06
  1.200   3.430    0.28047E-01  -0.27556E-01   0.22953E-05  -0.22725E-01  -0.23169E-01   0.17573E-06
  1.200   3.430    0.10130E-01  -0.65222E-02  -0.31009E-05  -0.53828E-02  -0.84084E-02   0.83316E-06
  1.200   3.430    0.59612E-02   0.90129E-03  -0.23038E-08   0.76051E-03  -0.49052E-02  -0.21050E-07
  1.200   3.430   -0.28048E-01  -0.27558E-01  -0.23085E-05  -0.22736E-01   0.23178E-01   0.17573E-06
  1.200   3.430   -0.59609E-02   0.89974E-03  -0.33554E-07   0.75614E-03   0.49031E-02  -0.21051E-07
  1.200   3.430   -0.10129E-01  -0.65423E-02   0.31853E-05  -0.54477E-02   0.84079E-02   0.83315E-06
  1.213   3.448    0.74799E-06   0.83436E-02  -0.67938E-07   0.68643E-02  -0.79166E-06   0.85583E-06
  1.213   3.448   -0.37324E-01   0.13148E-01   0.20941E-05   0.10706E-01   0.30334E-01   0.18483E-06
  1.213   3.448    0.37328E-01   0.13152E-01  -0.20362E-05   0.10709E-01  -0.30339E-01   0.18482E-06
  1.213   3.448    0.28400E-01  -0.28259E-01   0.18327E-05  -0.22938E-01  -0.23106E-01   0.18485E-06
  1.213   3.448    0.77347E-02  -0.50405E-02  -0.39288E-05  -0.41303E-02  -0.63512E-02   0.86626E-06
  1.213   3.448    0.31566E-02   0.17953E-03  -0.20038E-06   0.16923E-03  -0.25554E-02   0.33396E-07
  1.213   3.448   -0.28397E-01  -0.28255E-01  -0.19080E-05  -0.22935E-01   0.23103E-01   0.18485E-06
  1.213   3.448   -0.31567E-02   0.17991E-03   0.18279E-06   0.16757E-03   0.25555E-02   0.33395E-07
  1.213   3.448   -0.77353E-02  -0.50414E-02   0.37651E-05  -0.41323E-02   0.63517E-02   0.86626E-06
  1.225   3.466   -0.14446E-05   0.53433E-02   0.35121E-06   0.43670E-02   0.27820E-05   0.90180E-06
  1.225   3.466   -0.37352E-01   0.10876E-01   0.22473E-05   0.86554E-02   0.29725E-01   0.18454E-06
  1.225   3.466    0.37348E-01   0.10875E-01  -0.17843E-05   0.86640E-02  -0.29723E-01   0.18451E-06
  1.225   3.466    0.28292E-01  -0.27667E-01   0.14693E-05  -0.22004E-01  -0.22493E-01   0.18455E-06
  1.225   3.466    0.50321E-02  -0.33680E-02  -0.49476E-05  -0.27455E-02  -0.40971E-02   0.89584E-06
  1.225   3.466    0.71498E-03  -0.54255E-03  -0.63220E-06  -0.39467E-03  -0.56380E-03   0.86533E-07
  1.225   3.466   -0.28293E-01  -0.27666E-01  -0.13148E-05  -0.21978E-01   0.22474E-01   0.18455E-06
  1.225   3.466   -0.71464E-03  -0.54326E-03   0.67651E-06  -0.39882E-03   0.56461E-03   0.86531E-07
  1.225   3.466   -0.50321E-02  -0.33447E-02   0.51503E-05  -0.26791E-02   0.40998E-02   0.89585E-06
  1.238   3.484   -0.25105E-06   0.22140E-02  -0.27378E-07   0.18730E-02  -0.33716E-07   0.94416E-06
  1.238   3.484   -0.35762E-01   0.91554E-02   0.18567E-05   0.71214E-02   0.27748E-01   0.17515E-06
  1.238   3.484    0.35762E-01   0.91549E-02  -0.19400E-05   0.71069E-02  -0.27745E-01   0.17515E-06
  1.238   3.484    0.27686E-01  -0.25745E-01   0.45662E-06  -0.19950E-01  -0.21427E-01   0.17518E-06
  1.238   3.484    0.21833E-02  -0.15625E-02  -0.67511E-05  -0.12780E-02  -0.18185E-02   0.92007E-06
  1.238   3.484   -0.13541E-02  -0.12768E-02  -0.14737E-05  -0.93496E-03   0.10407E-02   0.13458E-06
  1.238   3.484   -0.27684E-01  -0.25742E-01  -0.54191E-06  -0.19955E-01   0.21433E-01   0.17519E-06
  1.238   3.484    0.13537E-02  -0.12794E-02   0.13917E-05  -0.93933E-03  -0.10411E-02   0.13458E-06
  1.238   3.484   -0.21836E-02  -0.15577E-02   0.65944E-05  -0.12696E-02   0.18175E-02   0.92007E-06
  1.250   3.501    0.10489E-05  -0.72485E-03   0.30722E-06  -0.34463E-03  -0.44585E-05   0.97959E-06
  1.250   3.501   -0.32146E-01   0.77530E-02   0.25487E-05   0.58470E-02   0.24173E-01   0.15792E-06
  1.250   3.501    0.32138E-01   0.77288E-02  -0.14390E-05   0.57640E-02  -0.24147E-01   0.15793E-06
  1.250   3.501    0.26052E-01  -0.22249E-01  -0.11139E-05  -0.16649E-01  -0.19350E-01   0.15794E-06
  1.250   3.501   -0.54820E-03   0.22777E-03  -0.94330E-05   0.52844E-04   0.23146E-03   0.93787E-06
  1.250   3.501   -0.29753E-02  -0.19789E-02  -0.31508E-05  -0.13861E-02   0.21973E-02   0.17452E-06
  1.250   3.501   -0.26068E-01  -0.22267E-01   0.81035E-06  -0.16695E-01   0.19391E-01   0.15794E-06
  1.250   3.501    0.29761E-02  -0.19861E-02   0.27982E-05  -0.14045E-02  -0.22028E-02   0.17453E-06
  1.250   3.501    0.54980E-03   0.23794E-03   0.88163E-05   0.98977E-04  -0.23429E-03   0.93789E-06
