  0.000   0.000    0.00000E+00   0.00000E+00   0.00000E+00   0.00000E+00   0.00000E+00   0.00000E+00
  0.000   0.000    0.00000E+00   0.00000E+00   0.00000E+00   0.00000E+00   0.00000E+00   0.00000E+00
  0.000   0.000    0.00000E+00   0.00000E+00   0.00000E+00   0.00000E+00   0.00000E+00   0.00000E+00
  0.000   0.000    0.00000E+00   0.00000E+00   0.00000E+00   0.00000E+00   0.00000E+00   0.00000E+00
  0.000   0.000    0.00000E+00   0.00000E+00   0.00000E+00   0.00000E+00   0.00000E+00   0.00000E+00
  0.000   0.000    0.00000E+00   0.00000E+00   0.00000E+00   0.00000E+00   0.00000E+00   0.00000E+00
  0.000   0.000    0.00000E+00   0.00000E+00   0.00000E+00   0.00000E+00   0.00000E+00   0.00000E+00
  0.000   0.000    0.00000E+00   0.00000E+00   0.00000E+00   0.00000E+00   0.00000E+00   0.00000E+00
  0.000   0.000    0.00000E+00   0.00000E+00   0.00000E+00   0.00000E+00   0.00000E+00   0.00000E+00
 -1.000  -1.000    0.00000E+00   0.00000E+00   0.00000E+00   0.00000E+00   0.00000E+00   0.00000E+00
 -1.000  -1.000    0.00000E+00   0.00000E+00   0.00000E+00   0.00000E+00   0.00000E+00   0.00000E+00
 -1.000  -1.000    0.00000E+00   0.00000E+00   0.00000E+00   0.00000E+00   0.00000E+00   0.00000E+00
 -1.000  -1.000    0.00000E+00   0.00000E+00   0.00000E+00   0.00000E+00   0.00000E+00   0.00000E+00
 -1.000  -1.000    0.00000E+00   0.00000E+00   0.00000E+00   0.00000E+00   0.00000E+00   0.00000E+00
 -1.000  -1.000    0.00000E+00   0.00000E+00   0.00000E+00   0.00000E+00   0.00000E+00   0.00000E+00
 -1.000  -1.000    0.00000E+00   0.00000E+00   0.00000E+00   0.00000E+00   0.00000E+00   0.00000E+00
 -1.000  -1.000    0.00000E+00   0.00000E+00   0.00000E+00   0.00000E+00   0.00000E+00   0.00000E+00
 -1.000  -1.000    0.00000E+00   0.00000E+00   0.00000E+00   0.00000E+00   0.00000E+00   0.00000E+00
  0.013   0.333    0.36889E+02  -0.89367E-05  -0.50015E+01  -0.42988E-04  -0.18777E+03   0.41315E-12
  0.013   0.333    0.38195E+02   0.94567E+00   0.18414E+02   0.45119E+01  -0.19395E+03  -0.57613E-07
  0.013   0.333    0.38195E+02  -0.94568E+00   0.18414E+02  -0.45119E+01  -0.19395E+03   0.57612E-07
  0.013   0.333    0.38196E+02   0.11103E+01  -0.21580E+02   0.56322E+01  -0.19445E+03  -0.15320E-08
  0.013   0.333    0.40205E+02   0.19116E+01   0.25013E+01   0.94291E+01  -0.20413E+03  -0.59490E-07
  0.013   0.333    0.39979E+02  -0.82231E-01   0.31651E+01  -0.12458E+00  -0.20300E+03   0.61589E-07
  0.013   0.333    0.38196E+02  -0.11103E+01  -0.21581E+02  -0.56322E+01  -0.19445E+03   0.15344E-08
  0.013   0.333    0.39979E+02   0.82229E-01   0.31643E+01   0.12457E+00  -0.20300E+03  -0.61590E-07
  0.013   0.333    0.40205E+02  -0.19116E+01   0.25005E+01  -0.94290E+01  -0.20413E+03   0.59490E-07
  0.025   0.494    0.44357E+03   0.43772E-04  -0.37632E+02   0.31525E-04  -0.22055E+04   0.10664E-10
  0.025   0.494    0.44869E+03   0.15449E+02   0.21294E+03   0.73149E+02  -0.22262E+04  -0.70709E-06
  0.025   0.494    0.44869E+03  -0.15449E+02   0.21294E+03  -0.73149E+02  -0.22262E+04   0.70699E-06
  0.025   0.494    0.44869E+03   0.19975E+02  -0.23961E+03   0.98979E+02  -0.22319E+04  -0.18787E-07
  0.025   0.494    0.48878E+03   0.26063E+02   0.18815E+02   0.12631E+03  -0.24246E+04  -0.73804E-06
  0.025   0.494    0.47942E+03  -0.22603E+01   0.26641E+02  -0.80419E+01  -0.23784E+04   0.78038E-06
  0.025   0.494    0.44869E+03  -0.19975E+02  -0.23960E+03  -0.98978E+02  -0.22319E+04   0.18861E-07
  0.025   0.494    0.47942E+03   0.22607E+01   0.26645E+02   0.80447E+01  -0.23784E+04  -0.78040E-06
  0.025   0.494    0.48878E+03  -0.26063E+02   0.18820E+02  -0.12631E+03  -0.24246E+04   0.73803E-06
  0.038   0.606    0.16733E+04   0.11469E-02  -0.10406E+03   0.57830E-02  -0.81354E+04  -0.29726E-10
  0.038   0.606    0.16162E+04   0.85852E+02   0.73579E+03   0.40334E+03  -0.78449E+04  -0.26681E-05
  0.038   0.606    0.16162E+04  -0.85851E+02   0.73579E+03  -0.40333E+03  -0.78449E+04   0.26684E-05
  0.038   0.606    0.16162E+04   0.11478E+03  -0.81739E+03   0.55626E+03  -0.78645E+04  -0.68430E-07
  0.038   0.606    0.18674E+04   0.11189E+03   0.52022E+02   0.53303E+03  -0.90601E+04  -0.28223E-05
  0.038   0.606    0.17903E+04  -0.14445E+02   0.81475E+02  -0.59479E+02  -0.86873E+04   0.30888E-05
  0.038   0.606    0.16162E+04  -0.11478E+03  -0.81737E+03  -0.55624E+03  -0.78645E+04   0.68171E-07
  0.038   0.606    0.17903E+04   0.14450E+02   0.81498E+02   0.59504E+02  -0.86873E+04  -0.30888E-05
  0.038   0.606    0.18674E+04  -0.11189E+03   0.52047E+02  -0.53303E+03  -0.90601E+04   0.28223E-05
  0.050   0.700    0.40767E+04   0.60376E-02  -0.18163E+03   0.33468E-01  -0.19375E+05  -0.19111E-09
  0.050   0.700    0.36580E+04   0.30813E+03   0.16137E+04   0.14296E+04  -0.17365E+05  -0.63949E-05
  0.050   0.700    0.36580E+04  -0.30812E+03   0.16137E+04  -0.14296E+04  -0.17365E+05   0.63998E-05
  0.050   0.700    0.36580E+04   0.41220E+03  -0.17772E+04   0.19534E+04  -0.17409E+05  -0.15441E-06
  0.050   0.700    0.46158E+04   0.31081E+03   0.90822E+02   0.14541E+04  -0.21898E+05  -0.68880E-05
  0.050   0.700    0.42830E+04  -0.51972E+02   0.16318E+03  -0.22424E+03  -0.20322E+05   0.79219E-05
  0.050   0.700    0.36580E+04  -0.41220E+03  -0.17772E+04  -0.19534E+04  -0.17409E+05   0.15144E-06
  0.050   0.700    0.42830E+04   0.51964E+02   0.16319E+03   0.22419E+03  -0.20322E+05  -0.79213E-05
  0.050   0.700    0.46158E+04  -0.31082E+03   0.90820E+02  -0.14541E+04  -0.21898E+05   0.68885E-05
  0.062   0.783    0.78864E+04   0.21538E-01  -0.20304E+03   0.99274E-01  -0.36622E+05  -0.54465E-09
  0.062   0.783    0.63187E+04   0.85899E+03   0.27881E+04   0.39206E+04  -0.29327E+05  -0.11883E-04
  0.062   0.783    0.63187E+04  -0.85897E+03   0.27881E+04  -0.39206E+04  -0.29327E+05   0.11886E-04
  0.062   0.783    0.63187E+04   0.11250E+04  -0.30311E+04   0.52110E+04  -0.29401E+05  -0.26073E-06
  0.062   0.783    0.90563E+04   0.67445E+03   0.10154E+03   0.30954E+04  -0.41991E+05  -0.13137E-04
  0.062   0.783    0.80402E+04  -0.13280E+03   0.24248E+03  -0.58005E+03  -0.37288E+05   0.16166E-04
  0.062   0.783    0.63187E+04  -0.11250E+04  -0.30311E+04  -0.52111E+04  -0.29401E+05   0.25217E-06
  0.062   0.783    0.80402E+04   0.13275E+03   0.24247E+03   0.57983E+03  -0.37288E+05  -0.16166E-04
  0.062   0.783    0.90563E+04  -0.67448E+03   0.10151E+03  -0.30955E+04  -0.41991E+05   0.13136E-04
  0.075   0.858    0.13259E+05  -0.45791E-02  -0.68365E+02  -0.18484E-01  -0.60106E+05   0.18098E-09
  0.075   0.858    0.89052E+04   0.20268E+04   0.41475E+04   0.90737E+04  -0.40381E+05  -0.18386E-04
  0.075   0.858    0.89052E+04  -0.20268E+04   0.41475E+04  -0.90737E+04  -0.40381E+05   0.18397E-04
  0.075   0.858    0.89052E+04   0.25462E+04  -0.44160E+04   0.11520E+05  -0.40488E+05  -0.33869E-06
  0.075   0.858    0.15366E+05   0.12146E+04   0.34176E+02   0.54605E+04  -0.69577E+05  -0.21182E-04
  0.075   0.858    0.12873E+05  -0.25916E+03   0.26762E+03  -0.11276E+04  -0.58305E+05   0.28557E-04
  0.075   0.858    0.89052E+04  -0.25462E+04  -0.44160E+04  -0.11520E+05  -0.40488E+05   0.34459E-06
  0.075   0.858    0.12873E+05   0.25919E+03   0.26762E+03   0.11277E+04  -0.58305E+05  -0.28556E-04
  0.075   0.858    0.15366E+05  -0.12146E+04   0.34192E+02  -0.54604E+04  -0.69577E+05   0.21185E-04
  0.088   0.926    0.20503E+05   0.17462E-02   0.31205E+03   0.44748E-01  -0.90722E+05  -0.18142E-10
  0.088   0.926    0.10368E+05   0.42667E+04   0.55679E+04   0.18708E+05  -0.45945E+05  -0.24503E-04
  0.088   0.926    0.10368E+05  -0.42666E+04   0.55679E+04  -0.18708E+05  -0.45945E+05   0.24520E-04
  0.088   0.926    0.10368E+05   0.50285E+04  -0.57521E+04   0.22220E+05  -0.46082E+05  -0.38142E-06
  0.088   0.926    0.23692E+05   0.18384E+04  -0.15603E+03   0.80912E+04  -0.10476E+06  -0.30318E-04
  0.088   0.926    0.18435E+05  -0.37981E+03   0.18284E+03  -0.16326E+04  -0.81530E+05   0.46081E-04
  0.088   0.926    0.10368E+05  -0.50286E+04  -0.57521E+04  -0.22220E+05  -0.46082E+05   0.36284E-06
  0.088   0.926    0.18435E+05   0.37974E+03   0.18282E+03   0.16323E+04  -0.81530E+05  -0.46080E-04
  0.088   0.926    0.23692E+05  -0.18384E+04  -0.15606E+03  -0.80913E+04  -0.10476E+06   0.30321E-04
  0.100   0.990    0.30353E+05  -0.45650E-01   0.96855E+03  -0.20134E+00  -0.13109E+06  -0.53474E-08
  0.100   0.990    0.94196E+04   0.82821E+04   0.69365E+04   0.35533E+05  -0.40824E+05  -0.28005E-04
  0.100   0.990    0.94196E+04  -0.82821E+04   0.69365E+04  -0.35533E+05  -0.40824E+05   0.27940E-04
  0.100   0.990    0.94196E+04   0.89399E+04  -0.68912E+04   0.38579E+05  -0.40981E+05  -0.34101E-06
  0.100   0.990    0.34279E+05   0.22628E+04  -0.48432E+03   0.97489E+04  -0.14800E+06  -0.39512E-04
  0.100   0.990    0.24365E+05  -0.32664E+03  -0.47069E+02  -0.13782E+04  -0.10522E+06   0.70173E-04
  0.100   0.990    0.94196E+04  -0.89398E+04  -0.68912E+04  -0.38579E+05  -0.40981E+05   0.41459E-06
  0.100   0.990    0.24365E+05   0.32667E+03  -0.47080E+02   0.13783E+04  -0.10522E+06  -0.70172E-04
  0.100   0.990    0.34279E+05  -0.22628E+04  -0.48433E+03  -0.97486E+04  -0.14800E+06   0.39518E-04
  0.113   1.050    0.44139E+05   0.26333E-01   0.18355E+04   0.10533E+00  -0.18589E+06   0.86496E-09
  0.113   1.050    0.46688E+04   0.15088E+05   0.81437E+04   0.63242E+05  -0.19881E+05  -0.25475E-04
  0.113   1.050    0.46688E+04  -0.15088E+05   0.81437E+04  -0.63242E+05  -0.19881E+05   0.25534E-04
  0.113   1.050    0.46688E+04   0.14583E+05  -0.77317E+04   0.61401E+05  -0.20044E+05  -0.58700E-06
  0.113   1.050    0.47511E+05   0.19415E+04  -0.91785E+03   0.81906E+04  -0.20011E+06  -0.47688E-04
  0.113   1.050    0.30417E+05   0.25633E+03  -0.41398E+03   0.10766E+04  -0.12813E+06   0.10288E-03
  0.113   1.050    0.46687E+04  -0.14583E+05  -0.77317E+04  -0.61401E+05  -0.20043E+05   0.57730E-06
  0.113   1.050    0.30417E+05  -0.25647E+03  -0.41400E+03  -0.10771E+04  -0.12813E+06  -0.10289E-03
  0.113   1.050    0.47511E+05  -0.19415E+04  -0.91789E+03  -0.81906E+04  -0.20011E+06   0.47687E-04
  0.125   1.107    0.63766E+05  -0.31303E+00   0.27293E+04  -0.12344E+01  -0.26196E+06  -0.78946E-08
  0.125   1.107   -0.51445E+04   0.25946E+05   0.90451E+04   0.10623E+06   0.20862E+05  -0.13130E-04
  0.125   1.107   -0.51445E+04  -0.25946E+05   0.90451E+04  -0.10623E+06   0.20861E+05   0.12966E-04
  0.125   1.107   -0.51447E+04   0.22133E+05  -0.81987E+04   0.90946E+05   0.20709E+05  -0.16362E-05
  0.125   1.107    0.63960E+05   0.10682E+03  -0.13648E+04   0.50296E+03  -0.26286E+06  -0.55051E-04
  0.125   1.107    0.36576E+05   0.19123E+04  -0.84831E+03   0.77993E+04  -0.15031E+06   0.14874E-03
  0.125   1.107   -0.51442E+04  -0.22133E+05  -0.81987E+04  -0.90945E+05   0.20707E+05   0.17005E-05
  0.125   1.107    0.36576E+05  -0.19117E+04  -0.84831E+03  -0.77968E+04  -0.15031E+06  -0.14873E-03
  0.125   1.107    0.63959E+05  -0.10649E+03  -0.13647E+04  -0.50183E+03  -0.26286E+06   0.55068E-04
  0.138   1.161    0.90464E+05   0.13233E-01   0.33454E+04  -0.88062E-01  -0.36218E+06  -0.20821E-07
  0.138   1.161   -0.20663E+05   0.41581E+05   0.94206E+04   0.16606E+06   0.82434E+05   0.14322E-04
  0.138   1.161   -0.20663E+05  -0.41581E+05   0.94206E+04  -0.16606E+06   0.82435E+05  -0.14370E-04
  0.138   1.161   -0.20663E+05   0.31424E+05  -0.82113E+04   0.12587E+06   0.82304E+05  -0.49415E-05
  0.138   1.161    0.83727E+05  -0.38934E+04  -0.16729E+04  -0.15471E+05  -0.33541E+06  -0.60343E-04
  0.138   1.161    0.42679E+05   0.50849E+04  -0.12105E+04   0.20236E+05  -0.17093E+06   0.21098E-03
  0.138   1.161   -0.20663E+05  -0.31424E+05  -0.82112E+04  -0.12587E+06   0.82303E+05   0.50340E-05
  0.138   1.161    0.42679E+05  -0.50848E+04  -0.12105E+04  -0.20236E+05  -0.17093E+06  -0.21097E-03
  0.138   1.161    0.83727E+05   0.38933E+04  -0.16728E+04   0.15471E+05  -0.33541E+06   0.60355E-04
  0.150   1.213    0.12315E+06   0.88427E-02   0.33309E+04   0.34928E-01  -0.48097E+06  -0.53043E-08
  0.150   1.213   -0.40940E+05   0.60747E+05   0.90076E+04   0.23681E+06   0.15961E+06   0.60307E-04
  0.150   1.213   -0.40940E+05  -0.60747E+05   0.90076E+04  -0.23681E+06   0.15961E+06  -0.60492E-04
  0.150   1.213   -0.40940E+05   0.41997E+05  -0.76857E+04   0.16413E+06   0.15952E+06  -0.12865E-04
  0.150   1.213    0.10626E+06  -0.97509E+04  -0.16656E+04  -0.37923E+05  -0.41529E+06  -0.64082E-04
  0.150   1.213    0.48190E+05   0.93806E+04  -0.13218E+04   0.36449E+05  -0.18825E+06   0.29637E-03
  0.150   1.213   -0.40940E+05  -0.41997E+05  -0.76857E+04  -0.16413E+06   0.15952E+06   0.12919E-04
  0.150   1.213    0.48190E+05  -0.93804E+04  -0.13217E+04  -0.36449E+05  -0.18825E+06  -0.29634E-03
  0.150   1.213    0.10626E+06   0.97507E+04  -0.16656E+04   0.37922E+05  -0.41529E+06   0.64113E-04
  0.163   1.262    0.15558E+06   0.95770E-01   0.25080E+04  -0.12650E+01  -0.59189E+06  -0.10198E-06
  0.163   1.262   -0.62357E+05   0.78327E+05   0.77009E+04   0.29752E+06   0.23697E+06   0.12176E-03
  0.163   1.262   -0.62357E+05  -0.78327E+05   0.77009E+04  -0.29752E+06   0.23697E+06  -0.12323E-03
  0.163   1.262   -0.62357E+05   0.52758E+05  -0.66242E+04   0.20083E+06   0.23692E+06  -0.28329E-04
  0.163   1.262    0.12899E+06  -0.15344E+05  -0.12540E+04  -0.58184E+05  -0.49106E+06  -0.60167E-04
  0.163   1.262    0.51336E+05   0.12786E+05  -0.10752E+04   0.48399E+05  -0.19528E+06   0.40317E-03
  0.163   1.262   -0.62357E+05  -0.52758E+05  -0.66242E+04  -0.20083E+06   0.23692E+06   0.28845E-04
  0.163   1.262    0.51336E+05  -0.12786E+05  -0.10752E+04  -0.48399E+05  -0.19528E+06  -0.40294E-03
  0.163   1.262    0.12899E+06   0.15344E+05  -0.12539E+04   0.58187E+05  -0.49106E+06   0.60459E-04
  0.175   1.310    0.17956E+06  -0.16552E+00   0.11145E+04  -0.11576E+01  -0.66631E+06  -0.21990E-07
  0.175   1.310   -0.80095E+05   0.87728E+05   0.57853E+04   0.32507E+06   0.29700E+06   0.19555E-03
  0.175   1.310   -0.80095E+05  -0.87728E+05   0.57853E+04  -0.32507E+06   0.29700E+06  -0.19554E-03
  0.175   1.310   -0.80094E+05   0.62443E+05  -0.52224E+04   0.23184E+06   0.29698E+06  -0.56317E-04
  0.175   1.310    0.14895E+06  -0.17658E+05  -0.55705E+03  -0.65323E+05  -0.55308E+06  -0.47971E-04
  0.175   1.310    0.50125E+05   0.12636E+05  -0.56041E+03   0.46610E+05  -0.18593E+06   0.53149E-03
  0.175   1.310   -0.80095E+05  -0.62443E+05  -0.52224E+04  -0.23183E+06   0.29698E+06   0.56332E-04
  0.175   1.310    0.50125E+05  -0.12636E+05  -0.56040E+03  -0.46611E+05  -0.18593E+06  -0.53149E-03
  0.175   1.310    0.14895E+06   0.17658E+05  -0.55707E+03   0.65325E+05  -0.55308E+06   0.47950E-04
  0.188   1.356    0.19026E+06   0.33974E-01  -0.31663E+03  -0.89153E-02  -0.68787E+06  -0.93465E-08
  0.188   1.356   -0.91090E+05   0.85715E+05   0.38168E+04   0.30944E+06   0.32914E+06   0.26939E-03
  0.188   1.356   -0.91090E+05  -0.85715E+05   0.38168E+04  -0.30944E+06   0.32914E+06  -0.26911E-03
  0.188   1.356   -0.91090E+05   0.69583E+05  -0.38019E+04   0.25166E+06   0.32916E+06  -0.10018E-03
  0.188   1.356    0.16379E+06  -0.15263E+05   0.15857E+03  -0.54981E+05  -0.59253E+06  -0.16158E-04
  0.188   1.356    0.43553E+05   0.80524E+04  -0.12152E+02   0.28820E+05  -0.15732E+06   0.67460E-03
  0.188   1.356   -0.91089E+05  -0.69583E+05  -0.38019E+04  -0.25166E+06   0.32916E+06   0.10014E-03
  0.188   1.356    0.43553E+05  -0.80520E+04  -0.12174E+02  -0.28818E+05  -0.15732E+06  -0.67463E-03
  0.188   1.356    0.16379E+06   0.15263E+05   0.15861E+03   0.54981E+05  -0.59253E+06   0.16104E-04
  0.200   1.400    0.18971E+06   0.37887E+00  -0.13728E+04   0.15703E+01  -0.66827E+06   0.38274E-07
  0.200   1.400   -0.95785E+05   0.74793E+05   0.22182E+04   0.26304E+06   0.33725E+06   0.34348E-03
  0.200   1.400   -0.95785E+05  -0.74793E+05   0.22182E+04  -0.26304E+06   0.33725E+06  -0.34375E-03
  0.200   1.400   -0.95786E+05   0.73121E+05  -0.26039E+04   0.25761E+06   0.33731E+06  -0.16420E-03
  0.200   1.400    0.17349E+06  -0.93418E+04   0.68665E+03  -0.32718E+05  -0.61148E+06   0.37059E-04
  0.200   1.400    0.32440E+05   0.81642E+03   0.38813E+03   0.25936E+04  -0.11407E+06   0.83383E-03
  0.200   1.400   -0.95786E+05  -0.73121E+05  -0.26039E+04  -0.25761E+06   0.33731E+06   0.16429E-03
  0.200   1.400    0.32440E+05  -0.81626E+03   0.38812E+03  -0.25930E+04  -0.11407E+06  -0.83383E-03
  0.200   1.400    0.17349E+06   0.93415E+04   0.68665E+03   0.32717E+05  -0.61148E+06  -0.37032E-04
  0.213   1.444    0.18251E+06  -0.22806E+00  -0.19489E+04  -0.32990E+00  -0.62674E+06  -0.10620E-06
  0.213   1.444   -0.96078E+05   0.59553E+05   0.10991E+04   0.20412E+06   0.32978E+06   0.42043E-03
  0.213   1.444   -0.96078E+05  -0.59553E+05   0.10991E+04  -0.20412E+06   0.32978E+06  -0.41994E-03
  0.213   1.444   -0.96078E+05   0.72388E+05  -0.16976E+04   0.24855E+06   0.32987E+06  -0.25111E-03
  0.213   1.444    0.17897E+06  -0.20282E+04   0.97467E+03  -0.67917E+04  -0.61488E+06   0.11363E-03
  0.213   1.444    0.18292E+05  -0.64399E+04   0.60036E+03  -0.22368E+05  -0.62561E+05   0.10063E-02
  0.213   1.444   -0.96078E+05  -0.72387E+05  -0.16976E+04  -0.24855E+06   0.32987E+06   0.25092E-03
  0.213   1.444    0.18292E+05   0.64400E+04   0.60037E+03   0.22369E+05  -0.62561E+05  -0.10062E-02
  0.213   1.444    0.17897E+06   0.20280E+04   0.97463E+03   0.67903E+04  -0.61488E+06  -0.11359E-03
  0.225   1.485    0.17275E+06   0.50848E+00  -0.21318E+04   0.16661E+01  -0.57805E+06   0.51246E-07
  0.225   1.485   -0.93693E+05   0.43641E+05   0.37678E+03   0.14569E+06   0.31337E+06   0.50418E-03
  0.225   1.485   -0.93693E+05  -0.43641E+05   0.37677E+03  -0.14569E+06   0.31337E+06  -0.50418E-03
  0.225   1.485   -0.93693E+05   0.67330E+05  -0.10434E+04   0.22520E+06   0.31348E+06  -0.35943E-03
  0.225   1.485    0.18149E+06   0.50582E+04   0.10659E+04   0.17083E+05  -0.60758E+06   0.21118E-03
  0.225   1.485    0.24996E+04  -0.11867E+05   0.66785E+03  -0.39923E+05  -0.80708E+04   0.11920E-02
  0.225   1.485   -0.93693E+05  -0.67330E+05  -0.10434E+04  -0.22520E+06   0.31348E+06   0.35948E-03
  0.225   1.485    0.24996E+04   0.11867E+05   0.66785E+03   0.39924E+05  -0.80709E+04  -0.11920E-02
  0.225   1.485    0.18149E+06  -0.50591E+04   0.10660E+04  -0.17086E+05  -0.60758E+06  -0.21119E-03
  0.238   1.526    0.16306E+06   0.61852E+00  -0.20513E+04   0.25878E+01  -0.53176E+06  -0.54368E-07
  0.238   1.526   -0.89642E+05   0.28955E+05  -0.74421E+02   0.94129E+05   0.29219E+06   0.59785E-03
  0.238   1.526   -0.89642E+05  -0.28955E+05  -0.74450E+02  -0.94128E+05   0.29219E+06  -0.59773E-03
  0.238   1.526   -0.89642E+05   0.58444E+05  -0.57200E+03   0.19042E+06   0.29231E+06  -0.48629E-03
  0.238   1.526    0.18227E+06   0.11090E+05   0.10256E+04   0.36308E+05  -0.59463E+06   0.33046E-03
  0.238   1.526   -0.13878E+05  -0.14765E+05   0.64715E+03  -0.48319E+05   0.45576E+05   0.13911E-02
  0.238   1.526   -0.89642E+05  -0.58444E+05  -0.57202E+03  -0.19042E+06   0.29231E+06   0.48626E-03
  0.238   1.526   -0.13878E+05   0.14765E+05   0.64713E+03   0.48321E+05   0.45576E+05  -0.13910E-02
  0.238   1.526    0.18227E+06  -0.11092E+05   0.10256E+04  -0.36314E+05  -0.59463E+06  -0.33041E-03
  0.250   1.566    0.15492E+06   0.11024E+00  -0.18146E+04   0.18037E+00  -0.49233E+06   0.40975E-07
  0.250   1.566   -0.84235E+05   0.16088E+05  -0.35733E+03   0.50877E+05   0.26755E+06   0.70115E-03
  0.250   1.566   -0.84235E+05  -0.16088E+05  -0.35734E+03  -0.50877E+05   0.26755E+06  -0.70119E-03
  0.250   1.566   -0.84235E+05   0.46549E+05  -0.22187E+03   0.14772E+06   0.26768E+06  -0.62254E-03
  0.250   1.566    0.18211E+06   0.15696E+05   0.90713E+03   0.50009E+05  -0.57898E+06   0.46737E-03
  0.250   1.566   -0.29928E+05  -0.15248E+05   0.57946E+03  -0.48587E+05   0.95439E+05   0.15995E-02
  0.250   1.566   -0.84235E+05  -0.46549E+05  -0.22189E+03  -0.14772E+06   0.26769E+06   0.62255E-03
  0.250   1.566   -0.29928E+05   0.15248E+05   0.57944E+03   0.48586E+05   0.95439E+05  -0.15996E-02
  0.250   1.566    0.18211E+06  -0.15696E+05   0.90715E+03  -0.50008E+05  -0.57898E+06  -0.46745E-03
  0.263   1.604    0.14927E+06   0.59400E+00  -0.14939E+04   0.15088E+01  -0.46202E+06   0.58878E-07
  0.263   1.604   -0.77291E+05   0.49951E+04  -0.54092E+03   0.15250E+05   0.23907E+06   0.80933E-03
  0.263   1.604   -0.77292E+05  -0.49949E+04  -0.54091E+03  -0.15249E+05   0.23908E+06  -0.80923E-03
  0.263   1.604   -0.77291E+05   0.32669E+05   0.52301E+02   0.10085E+06   0.23921E+06  -0.75109E-03
  0.263   1.604    0.18155E+06   0.18621E+05   0.74679E+03   0.57746E+05  -0.56212E+06   0.61406E-03
  0.263   1.604   -0.44622E+05  -0.13849E+05   0.48849E+03  -0.42956E+05   0.13843E+06   0.18096E-02
  0.263   1.604   -0.77291E+05  -0.32669E+05   0.52287E+02  -0.10085E+06   0.23921E+06   0.75114E-03
  0.263   1.604   -0.44622E+05   0.13850E+05   0.48848E+03   0.42957E+05   0.13843E+06  -0.18097E-02
  0.263   1.604    0.18155E+06  -0.18622E+05   0.74675E+03  -0.57750E+05  -0.56212E+06  -0.61417E-03
  0.275   1.642    0.14723E+06   0.20523E-01  -0.11347E+04   0.66619E+00  -0.44432E+06  -0.10586E-06
  0.275   1.642   -0.68403E+05  -0.46005E+04  -0.66740E+03  -0.14059E+05   0.20626E+06   0.91716E-03
  0.275   1.642   -0.68403E+05   0.46006E+04  -0.66740E+03   0.14059E+05   0.20626E+06  -0.91733E-03
  0.275   1.642   -0.68403E+05   0.17927E+05   0.28104E+03   0.53814E+05   0.20639E+06  -0.85611E-03
  0.275   1.642    0.18132E+06   0.19658E+05   0.56718E+03   0.59417E+05  -0.54736E+06   0.76212E-03
  0.275   1.642   -0.56820E+05  -0.11270E+05   0.38593E+03  -0.34069E+05   0.17177E+06   0.20275E-02
  0.275   1.642   -0.68403E+05  -0.17927E+05   0.28103E+03  -0.53815E+05   0.20639E+06   0.85615E-03
  0.275   1.642   -0.56820E+05   0.11270E+05   0.38593E+03   0.34070E+05   0.17177E+06  -0.20274E-02
  0.275   1.642    0.18132E+06  -0.19658E+05   0.56717E+03  -0.59419E+05  -0.54736E+06  -0.76200E-03
  0.288   1.679    0.14953E+06   0.23514E+00  -0.76615E+03   0.55493E+00  -0.43950E+06   0.95604E-08
  0.288   1.679   -0.56663E+05  -0.13007E+05  -0.76058E+03  -0.38374E+05   0.16635E+06   0.10022E-02
  0.288   1.679   -0.56663E+05   0.13008E+05  -0.76057E+03   0.38374E+05   0.16635E+06  -0.10022E-02
  0.288   1.679   -0.56662E+05   0.32468E+04   0.48282E+03   0.92509E+04   0.16647E+06  -0.90918E-03
  0.288   1.679    0.18179E+06   0.18597E+05   0.38292E+03   0.54730E+05  -0.53443E+06   0.88663E-03
  0.288   1.679   -0.65083E+05  -0.81236E+04   0.27706E+03  -0.23911E+05   0.19154E+06   0.22394E-02
  0.288   1.679   -0.56663E+05  -0.32468E+04   0.48282E+03  -0.92508E+04   0.16647E+06   0.90925E-03
  0.288   1.679   -0.65083E+05   0.81234E+04   0.27706E+03   0.23911E+05   0.19154E+06  -0.22394E-02
  0.288   1.679    0.18179E+06  -0.18597E+05   0.38295E+03  -0.54730E+05  -0.53443E+06  -0.88659E-03
  0.300   1.715    0.15728E+06   0.14471E+00  -0.41020E+03   0.35835E+00  -0.45082E+06   0.76761E-08
  0.300   1.715   -0.41216E+05  -0.20443E+05  -0.83149E+03  -0.58711E+05   0.11793E+06   0.10409E-02
  0.300   1.715   -0.41216E+05   0.20443E+05  -0.83148E+03   0.58711E+05   0.11793E+06  -0.10409E-02
  0.300   1.715   -0.41216E+05  -0.10622E+05   0.66551E+03  -0.30724E+05   0.11805E+06  -0.89596E-03
  0.300   1.715    0.18413E+06   0.15473E+05   0.20504E+03   0.44400E+05  -0.52786E+06   0.96914E-03
  0.300   1.715   -0.68097E+05  -0.48934E+04   0.16510E+03  -0.14044E+05   0.19538E+06   0.24715E-02
  0.300   1.715   -0.41216E+05   0.10622E+05   0.66550E+03   0.30724E+05   0.11805E+06   0.89599E-03
  0.300   1.715   -0.68097E+05   0.48934E+04   0.16509E+03   0.14044E+05   0.19538E+06  -0.24715E-02
  0.300   1.715    0.18413E+06  -0.15473E+05   0.20501E+03  -0.44400E+05  -0.52785E+06  -0.96914E-03
  0.313   1.751    0.17071E+06  -0.20959E+00  -0.88409E+02  -0.92382E+00  -0.47686E+06  -0.18317E-07
  0.313   1.751   -0.21265E+05  -0.26912E+05  -0.88166E+03  -0.75273E+05   0.59194E+05   0.98628E-03
  0.313   1.751   -0.21265E+05   0.26912E+05  -0.88165E+03   0.75273E+05   0.59194E+05  -0.98628E-03
  0.313   1.751   -0.21264E+05  -0.23179E+05   0.82626E+03  -0.65002E+05   0.59292E+05  -0.79453E-03
  0.313   1.751    0.18913E+06   0.10617E+05   0.44190E+02   0.29689E+05  -0.52838E+06   0.96990E-03
  0.313   1.751   -0.64638E+05  -0.18336E+04   0.54423E+02  -0.51279E+04   0.18071E+06   0.27361E-02
  0.313   1.751   -0.21264E+05   0.23179E+05   0.82627E+03   0.65002E+05   0.59292E+05   0.79444E-03
  0.313   1.751   -0.64638E+05   0.18335E+04   0.54426E+02   0.51274E+04   0.18071E+06  -0.27361E-02
  0.313   1.751    0.18913E+06  -0.10617E+05   0.44202E+02  -0.29687E+05  -0.52838E+06  -0.96993E-03
  0.325   1.785    0.18906E+06  -0.43583E-01   0.17539E+03  -0.46749E+00  -0.51495E+06   0.18122E-07
  0.325   1.785    0.30478E+04  -0.32229E+05  -0.90586E+03  -0.87860E+05  -0.84981E+04   0.79127E-03
  0.325   1.785    0.30479E+04   0.32229E+05  -0.90585E+03   0.87860E+05  -0.84982E+04  -0.79088E-03
  0.325   1.785    0.30480E+04  -0.34051E+05   0.95206E+03  -0.92962E+05  -0.84239E+04  -0.59517E-03
  0.325   1.785    0.19743E+06   0.48214E+04  -0.87644E+02   0.13145E+05  -0.53776E+06   0.85351E-03
  0.325   1.785   -0.54365E+05   0.96012E+03  -0.47151E+02   0.26200E+04   0.14817E+06   0.30732E-02
  0.325   1.785    0.30481E+04   0.34051E+05   0.95206E+03   0.92962E+05  -0.84241E+04   0.59518E-03
  0.325   1.785   -0.54365E+05  -0.96028E+03  -0.47155E+02  -0.26205E+04   0.14817E+06  -0.30731E-02
  0.325   1.785    0.19743E+06  -0.48212E+04  -0.87644E+02  -0.13144E+05  -0.53776E+06  -0.85343E-03
  0.338   1.819    0.20981E+06  -0.60414E+00   0.35922E+03  -0.16099E+01  -0.55709E+06  -0.10388E-06
  0.338   1.819    0.30039E+05  -0.36068E+05  -0.89655E+03  -0.95839E+05  -0.79934E+05   0.41356E-03
  0.338   1.819    0.30039E+05   0.36068E+05  -0.89656E+03   0.95839E+05  -0.79934E+05  -0.41311E-03
  0.338   1.819    0.30040E+05  -0.42911E+05   0.10245E+04  -0.11412E+06  -0.79888E+05  -0.29663E-03
  0.338   1.819    0.20840E+06  -0.81214E+03  -0.17955E+03  -0.21583E+04  -0.55335E+06   0.59075E-03
  0.338   1.819   -0.38396E+05   0.34798E+04  -0.12877E+03   0.92545E+04   0.10202E+06   0.35137E-02
  0.338   1.819    0.30040E+05   0.42911E+05   0.10245E+04   0.11412E+06  -0.79888E+05   0.29614E-03
  0.338   1.819   -0.38396E+05  -0.34794E+04  -0.12876E+03  -0.92533E+04   0.10202E+06  -0.35137E-02
  0.338   1.819    0.20840E+06   0.81294E+03  -0.17955E+03   0.21602E+04  -0.55335E+06  -0.59067E-03
  0.350   1.853    0.22911E+06  -0.29842E-01   0.45320E+03   0.20909E+00  -0.59333E+06  -0.53026E-07
  0.350   1.853    0.56461E+05  -0.38223E+05  -0.85036E+03  -0.99055E+05  -0.14636E+06  -0.15617E-03
  0.350   1.853    0.56461E+05   0.38223E+05  -0.85037E+03   0.99055E+05  -0.14636E+06   0.15605E-03
  0.350   1.853    0.56462E+05  -0.49525E+05   0.10301E+04  -0.12841E+06  -0.14634E+06   0.97217E-04
  0.350   1.853    0.21996E+06  -0.52741E+04  -0.22653E+03  -0.13672E+05  -0.56961E+06   0.18204E-03
  0.350   1.853   -0.19595E+05   0.57083E+04  -0.18031E+03   0.14807E+05   0.50802E+05   0.40672E-02
  0.350   1.853    0.56461E+05   0.49525E+05   0.10301E+04   0.12841E+06  -0.14634E+06  -0.97410E-04
  0.350   1.853   -0.19595E+05  -0.57084E+04  -0.18031E+03  -0.14808E+05   0.50802E+05  -0.40672E-02
  0.350   1.853    0.21996E+06   0.52741E+04  -0.22654E+03   0.13672E+05  -0.56961E+06  -0.18207E-03
  0.363   1.885    0.24319E+06  -0.78376E-01   0.46726E+03  -0.53672E+00  -0.61393E+06   0.86308E-07
  0.363   1.885    0.78639E+05  -0.38806E+05  -0.77286E+03  -0.98031E+05  -0.19863E+06  -0.88780E-03
  0.363   1.885    0.78639E+05   0.38806E+05  -0.77286E+03   0.98031E+05  -0.19863E+06   0.88820E-03
  0.363   1.885    0.78640E+05  -0.53859E+05   0.97064E+03  -0.13609E+06  -0.19864E+06   0.57892E-03
  0.363   1.885    0.22908E+06  -0.81310E+04  -0.23357E+03  -0.20549E+05  -0.57828E+06  -0.33410E-03
  0.363   1.885   -0.17003E+04   0.75714E+04  -0.19804E+03   0.19146E+05   0.43436E+04   0.46821E-02
  0.363   1.885    0.78639E+05   0.53859E+05   0.97064E+03   0.13609E+06  -0.19864E+06  -0.57858E-03
  0.363   1.885   -0.17003E+04  -0.75714E+04  -0.19804E+03  -0.19146E+05   0.43437E+04  -0.46820E-02
  0.363   1.885    0.22908E+06   0.81307E+04  -0.23357E+03   0.20549E+05  -0.57828E+06   0.33422E-03
  0.375   1.918    0.25056E+06  -0.27257E+00   0.42705E+03  -0.77543E+00  -0.61741E+06  -0.70725E-07
  0.375   1.918    0.94246E+05  -0.38359E+05  -0.67701E+03  -0.94585E+05  -0.23231E+06  -0.17420E-02
  0.375   1.918    0.94246E+05   0.38359E+05  -0.67700E+03   0.94584E+05  -0.23231E+06   0.17421E-02
  0.375   1.918    0.94247E+05  -0.56234E+05   0.86361E+03  -0.13866E+06  -0.23233E+06   0.11476E-02
  0.375   1.918    0.23378E+06  -0.96723E+04  -0.21351E+03  -0.23862E+05  -0.57601E+06  -0.89732E-03
  0.375   1.918    0.12214E+05   0.89634E+04  -0.18667E+03   0.22123E+05  -0.30047E+05   0.53106E-02
  0.375   1.918    0.94247E+05   0.56234E+05   0.86361E+03   0.13866E+06  -0.23233E+06  -0.11479E-02
  0.375   1.918    0.12214E+05  -0.89636E+04  -0.18666E+03  -0.22124E+05  -0.30047E+05  -0.53106E-02
  0.375   1.918    0.23378E+06   0.96724E+04  -0.21348E+03   0.23863E+05  -0.57601E+06   0.89735E-03
  0.388   1.949    0.25141E+06  -0.23666E+00   0.36067E+03  -0.76791E+00  -0.60450E+06   0.10463E-06
  0.388   1.949    0.10271E+06  -0.37485E+05  -0.57639E+03  -0.90190E+05  -0.24702E+06  -0.26745E-02
  0.388   1.949    0.10271E+06   0.37486E+05  -0.57638E+03   0.90190E+05  -0.24702E+06   0.26741E-02
  0.388   1.949    0.10271E+06  -0.57002E+05   0.73256E+03  -0.13713E+06  -0.24705E+06   0.18097E-02
  0.388   1.949    0.23315E+06  -0.10532E+05  -0.18033E+03  -0.25354E+05  -0.56052E+06  -0.14436E-02
  0.388   1.949    0.20754E+05   0.97629E+04  -0.15606E+03   0.23511E+05  -0.49850E+05   0.58404E-02
  0.388   1.949    0.10271E+06   0.57002E+05   0.73257E+03   0.13713E+06  -0.24705E+06  -0.18093E-02
  0.388   1.949    0.20754E+05  -0.97628E+04  -0.15606E+03  -0.23511E+05  -0.49851E+05  -0.58405E-02
  0.388   1.949    0.23315E+06   0.10532E+05  -0.18028E+03   0.25355E+05  -0.56052E+06   0.14435E-02
  0.400   1.981    0.24736E+06   0.52348E-01   0.28811E+03   0.18214E+00  -0.58048E+06   0.13517E-06
  0.400   1.981    0.10490E+06  -0.36699E+05  -0.48058E+03  -0.86178E+05  -0.24621E+06  -0.36598E-02
  0.400   1.981    0.10490E+06   0.36699E+05  -0.48059E+03   0.86178E+05  -0.24621E+06   0.36592E-02
  0.400   1.981    0.10490E+06  -0.56492E+05   0.59734E+03  -0.13263E+06  -0.24625E+06   0.25779E-02
  0.400   1.981    0.22789E+06  -0.11229E+05  -0.14404E+03  -0.26381E+05  -0.53474E+06  -0.19196E-02
  0.400   1.981    0.24050E+05   0.98809E+04  -0.11654E+03   0.23223E+05  -0.56389E+05   0.61934E-02
  0.400   1.981    0.10490E+06   0.56492E+05   0.59734E+03   0.13263E+06  -0.24625E+06  -0.25773E-02
  0.400   1.981    0.24050E+05  -0.98809E+04  -0.11654E+03  -0.23223E+05  -0.56389E+05  -0.61936E-02
  0.400   1.981    0.22789E+06   0.11228E+05  -0.14406E+03   0.26380E+05  -0.53474E+06   0.19194E-02
  0.413   2.011    0.23990E+06   0.73902E-01   0.21938E+03  -0.66733E-01  -0.54958E+06  -0.20445E-06
  0.413   2.011    0.10209E+06  -0.36220E+05  -0.39397E+03  -0.83027E+05  -0.23389E+06  -0.46707E-02
  0.413   2.011    0.10209E+06   0.36220E+05  -0.39398E+03   0.83027E+05  -0.23389E+06   0.46716E-02
  0.413   2.011    0.10209E+06  -0.54826E+05   0.47030E+03  -0.12565E+06  -0.23393E+06   0.34578E-02
  0.413   2.011    0.21928E+06  -0.11893E+05  -0.10968E+03  -0.27275E+05  -0.50230E+06  -0.22820E-02
  0.413   2.011    0.23082E+05   0.92705E+04  -0.76036E+02   0.21270E+05  -0.52832E+05   0.62913E-02
  0.413   2.011    0.10209E+06   0.54826E+05   0.47030E+03   0.12565E+06  -0.23393E+06  -0.34590E-02
  0.413   2.011    0.23082E+05  -0.92704E+04  -0.76034E+02  -0.21270E+05  -0.52832E+05  -0.62910E-02
  0.413   2.011    0.21928E+06   0.11893E+05  -0.10969E+03   0.27275E+05  -0.50230E+06   0.22824E-02
  0.425   2.042    0.22997E+06  -0.41749E-01   0.15750E+03  -0.90943E-01  -0.51443E+06  -0.12397E-08
  0.425   2.042    0.95472E+05  -0.35973E+05  -0.31748E+03  -0.80514E+05  -0.21358E+06  -0.56644E-02
  0.425   2.042    0.95472E+05   0.35973E+05  -0.31749E+03   0.80514E+05  -0.21358E+06   0.56642E-02
  0.425   2.042    0.95472E+05  -0.51978E+05   0.35753E+03  -0.11631E+06  -0.21361E+06   0.44413E-02
  0.425   2.042    0.20868E+06  -0.12284E+05  -0.78762E+02  -0.27505E+05  -0.46676E+06  -0.24916E-02
  0.425   2.042    0.19143E+05   0.79569E+04  -0.39776E+02   0.17827E+05  -0.42779E+05   0.60668E-02
  0.425   2.042    0.95472E+05   0.51978E+05   0.35753E+03   0.11631E+06  -0.21361E+06  -0.44413E-02
  0.425   2.042    0.19143E+05  -0.79569E+04  -0.39777E+02  -0.17827E+05  -0.42779E+05  -0.60667E-02
  0.425   2.042    0.20868E+06   0.12284E+05  -0.78769E+02   0.27505E+05  -0.46676E+06   0.24916E-02
  0.438   2.071    0.21802E+06  -0.19284E-01   0.10284E+03  -0.37715E+00  -0.47642E+06   0.13467E-07
  0.438   2.071    0.86115E+05  -0.35661E+05  -0.25052E+03  -0.77966E+05  -0.18820E+06  -0.65754E-02
  0.438   2.071    0.86115E+05   0.35661E+05  -0.25051E+03   0.77966E+05  -0.18820E+06   0.65759E-02
  0.438   2.071    0.86115E+05  -0.47899E+05   0.26156E+03  -0.10471E+06  -0.18822E+06   0.54904E-02
  0.438   2.071    0.19727E+06  -0.11976E+05  -0.51444E+02  -0.26193E+05  -0.43104E+06  -0.25194E-02
  0.438   2.071    0.13591E+05   0.60660E+04  -0.10786E+02   0.13279E+05  -0.29661E+05   0.54770E-02
  0.438   2.071    0.86115E+05   0.47899E+05   0.26156E+03   0.10471E+06  -0.18822E+06  -0.54907E-02
  0.438   2.071    0.13591E+05  -0.60658E+04  -0.10785E+02  -0.13278E+05  -0.29661E+05  -0.54769E-02
  0.438   2.071    0.19727E+06   0.11977E+05  -0.51432E+02   0.26195E+05  -0.43104E+06   0.25195E-02
  0.450   2.101    0.20430E+06  -0.54415E-01   0.55497E+02  -0.29515E+00  -0.43621E+06  -0.38233E-07
  0.450   2.101    0.75014E+05  -0.34901E+05  -0.19243E+03  -0.74554E+05  -0.16019E+06  -0.73214E-02
  0.450   2.101    0.75015E+05   0.34900E+05  -0.19248E+03   0.74553E+05  -0.16019E+06   0.73210E-02
  0.450   2.101    0.75017E+05  -0.42647E+05   0.18280E+03  -0.91097E+05  -0.16021E+06   0.65361E-02
  0.450   2.101    0.18592E+06  -0.10620E+05  -0.27823E+02  -0.22695E+05  -0.39695E+06  -0.23490E-02
  0.450   2.101    0.77089E+04   0.38193E+04   0.95361E+01   0.81747E+04  -0.16430E+05   0.45066E-02
  0.450   2.101    0.75020E+05   0.42648E+05   0.18278E+03   0.91100E+05  -0.16022E+06  -0.65364E-02
  0.450   2.101    0.77088E+04  -0.38188E+04   0.95109E+01  -0.81733E+04  -0.16428E+05  -0.45069E-02
  0.450   2.101    0.18592E+06   0.10621E+05  -0.27976E+02   0.22699E+05  -0.39695E+06   0.23490E-02
  0.463   2.130    0.18919E+06  -0.31238E-01   0.16478E+02   0.11813E+00  -0.39479E+06   0.10792E-06
  0.463   2.130    0.63146E+05  -0.33386E+05  -0.14345E+03  -0.69696E+05  -0.13178E+06  -0.78402E-02
  0.463   2.130    0.63146E+05   0.33386E+05  -0.14344E+03   0.69696E+05  -0.13178E+06   0.78402E-02
  0.463   2.130    0.63145E+05  -0.36433E+05   0.12173E+03  -0.76057E+05  -0.13180E+06   0.75060E-02
  0.463   2.130    0.17509E+06  -0.81486E+04  -0.82607E+01  -0.17020E+05  -0.36532E+06  -0.19953E-02
  0.463   2.130    0.25435E+04   0.14761E+04   0.21860E+02   0.30962E+04  -0.52791E+04   0.31951E-02
  0.463   2.130    0.63145E+05   0.36433E+05   0.12174E+03   0.76057E+05  -0.13180E+06  -0.75057E-02
  0.463   2.130    0.25434E+04  -0.14760E+04   0.21864E+02  -0.30958E+04  -0.52790E+04  -0.31951E-02
  0.463   2.130    0.17509E+06   0.81488E+04  -0.82491E+01   0.17021E+05  -0.36532E+06   0.19953E-02
  0.475   2.158    0.17347E+06   0.15330E+00  -0.13680E+02   0.29167E+00  -0.35389E+06   0.28756E-07
  0.475   2.158    0.51420E+05  -0.31036E+05  -0.10290E+03  -0.63340E+05  -0.10492E+06  -0.81176E-02
  0.475   2.158    0.51420E+05   0.31036E+05  -0.10289E+03   0.63341E+05  -0.10492E+06   0.81180E-02
  0.475   2.158    0.51420E+05  -0.29626E+05   0.75700E+02  -0.60469E+05  -0.10493E+06   0.83361E-02
  0.475   2.158    0.16510E+06  -0.48374E+04   0.68214E+01  -0.98825E+04  -0.33679E+06  -0.15002E-02
  0.475   2.158   -0.12327E+04  -0.74153E+03   0.27281E+02  -0.14997E+04   0.25396E+04   0.16231E-02
  0.475   2.158    0.51420E+05   0.29626E+05   0.75707E+02   0.60469E+05  -0.10493E+06  -0.83360E-02
  0.475   2.158   -0.12327E+04   0.74170E+03   0.27283E+02   0.14999E+04   0.25396E+04  -0.16230E-02
  0.475   2.158    0.16510E+06   0.48374E+04   0.68425E+01   0.98827E+04  -0.33679E+06   0.15003E-02
  0.488   2.186    0.15798E+06  -0.19224E+01  -0.34761E+02  -0.29490E+01  -0.31517E+06  -0.13436E-05
  0.488   2.186    0.40483E+05  -0.27963E+05  -0.70571E+02  -0.55804E+05  -0.80778E+05  -0.81770E-02
  0.488   2.186    0.40482E+05   0.27963E+05  -0.70552E+02   0.55804E+05  -0.80774E+05   0.81734E-02
  0.488   2.186    0.40482E+05  -0.22592E+05   0.42582E+02  -0.45096E+05  -0.80783E+05   0.89829E-02
  0.488   2.186    0.15597E+06  -0.11638E+04   0.17351E+02  -0.23337E+04  -0.31113E+06  -0.91200E-03
  0.488   2.186   -0.33945E+04  -0.27098E+04   0.27953E+02  -0.53945E+04   0.67931E+04  -0.10848E-03
  0.488   2.186    0.40481E+05   0.22593E+05   0.42627E+02   0.45098E+05  -0.80781E+05  -0.89843E-02
  0.488   2.186   -0.33935E+04   0.27093E+04   0.27956E+02   0.53939E+04   0.67915E+04   0.10906E-03
  0.488   2.186    0.15597E+06   0.11651E+04   0.17363E+02   0.23359E+04  -0.31112E+06   0.91209E-03
  0.500   2.214    0.14352E+06   0.33066E+00  -0.47366E+02   0.72370E+00  -0.28002E+06   0.28239E-05
  0.500   2.214    0.30693E+05  -0.24403E+05  -0.45449E+02  -0.47632E+05  -0.59902E+05  -0.80567E-02
  0.500   2.214    0.30693E+05   0.24403E+05  -0.45447E+02   0.47631E+05  -0.59904E+05   0.80623E-02
  0.500   2.214    0.30692E+05  -0.15656E+05   0.19647E+02  -0.30573E+05  -0.59906E+05   0.94324E-02
  0.500   2.214    0.14763E+06   0.23747E+04   0.23682E+02   0.46233E+04  -0.28804E+06  -0.27610E-03
  0.500   2.214   -0.40715E+04  -0.43837E+04   0.25808E+02  -0.85441E+04   0.79628E+04  -0.18943E-02
  0.500   2.214    0.30692E+05   0.15656E+05   0.19645E+02   0.30573E+05  -0.59906E+05  -0.94278E-02
  0.500   2.214   -0.40721E+04   0.43840E+04   0.25806E+02   0.85447E+04   0.79642E+04   0.18928E-02
  0.500   2.214    0.14764E+06  -0.23756E+04   0.23685E+02  -0.46255E+04  -0.28804E+06   0.27481E-03
  0.512   2.242    0.13072E+06  -0.34357E+00  -0.53033E+02  -0.84511E+00  -0.24965E+06   0.26449E-06
  0.512   2.242    0.22155E+05  -0.20618E+05  -0.26574E+02  -0.39392E+05  -0.42326E+05  -0.78438E-02
  0.512   2.242    0.22156E+05   0.20618E+05  -0.26580E+02   0.39391E+05  -0.42326E+05   0.78441E-02
  0.512   2.242    0.22156E+05  -0.90881E+04   0.42300E+01  -0.17378E+05  -0.42331E+05   0.96904E-02
  0.512   2.242    0.14012E+06   0.54271E+04   0.26528E+02   0.10357E+05  -0.26759E+06   0.39337E-03
  0.512   2.242   -0.36194E+04  -0.57638E+04   0.22359E+02  -0.11001E+05   0.69284E+04  -0.36431E-02
  0.512   2.242    0.22156E+05   0.90880E+04   0.42189E+01   0.17378E+05  -0.42331E+05  -0.96898E-02
  0.512   2.242   -0.36194E+04   0.57638E+04   0.22356E+02   0.11000E+05   0.69283E+04   0.36430E-02
  0.512   2.242    0.14012E+06  -0.54261E+04   0.26522E+02  -0.10355E+05  -0.26759E+06  -0.39335E-03
  0.525   2.269    0.11989E+06   0.59774E-01  -0.53388E+02   0.25036E+00  -0.22412E+06   0.20393E-06
  0.525   2.269    0.14788E+05  -0.16793E+05  -0.12688E+02  -0.31406E+05  -0.27658E+05  -0.75538E-02
  0.525   2.269    0.14788E+05   0.16793E+05  -0.12686E+02   0.31406E+05  -0.27658E+05   0.75540E-02
  0.525   2.269    0.14788E+05  -0.31031E+04  -0.58702E+01  -0.58202E+04  -0.27661E+05   0.97184E-02
  0.525   2.269    0.13343E+06   0.78152E+04   0.26692E+02   0.14603E+05  -0.24941E+06   0.10784E-02
  0.525   2.269   -0.24706E+04  -0.68359E+04   0.18532E+02  -0.12773E+05   0.46321E+04  -0.52705E-02
  0.525   2.269    0.14788E+05   0.31030E+04  -0.58688E+01   0.58202E+04  -0.27661E+05  -0.97180E-02
  0.525   2.269   -0.24707E+04   0.68360E+04   0.18532E+02   0.12773E+05   0.46323E+04   0.52703E-02
  0.525   2.269    0.13343E+06  -0.78155E+04   0.26700E+02  -0.14604E+05  -0.24941E+06  -0.10786E-02
  0.537   2.296    0.11115E+06  -0.36219E+00  -0.50136E+02  -0.64447E+00  -0.20345E+06  -0.19273E-06
  0.537   2.296    0.84307E+04  -0.13047E+05  -0.26430E+01  -0.23894E+05  -0.15444E+05  -0.72220E-02
  0.537   2.296    0.84303E+04   0.13048E+05  -0.26394E+01   0.23895E+05  -0.15443E+05   0.72213E-02
  0.537   2.296    0.84304E+04   0.21244E+04  -0.12274E+02   0.38714E+04  -0.15446E+05   0.95159E-02
  0.537   2.296    0.12764E+06   0.95200E+04   0.25072E+02   0.17421E+05  -0.23363E+06   0.17783E-02
  0.537   2.296   -0.10399E+04  -0.75712E+04   0.14893E+02  -0.13854E+05   0.19150E+04  -0.67183E-02
  0.537   2.296    0.84304E+04  -0.21241E+04  -0.12271E+02  -0.38708E+04  -0.15446E+05  -0.95165E-02
  0.537   2.296   -0.10397E+04   0.75707E+04   0.14894E+02   0.13853E+05   0.19146E+04   0.67185E-02
  0.537   2.296    0.12764E+06  -0.95200E+04   0.25066E+02  -0.17421E+05  -0.23363E+06  -0.17781E-02
  0.550   2.322    0.10448E+06   0.17300E-01  -0.44620E+02   0.11086E-01  -0.18731E+06  -0.59544E-08
  0.550   2.322    0.28851E+04  -0.94183E+04   0.45333E+01  -0.16896E+05  -0.51840E+04  -0.68610E-02
  0.550   2.322    0.28853E+04   0.94179E+04   0.45221E+01   0.16895E+05  -0.51843E+04   0.68614E-02
  0.550   2.322    0.28853E+04   0.64951E+04  -0.16205E+02   0.11630E+05  -0.51856E+04   0.90824E-02
  0.550   2.322    0.12285E+06   0.10602E+05   0.22306E+02   0.19003E+05  -0.22024E+06   0.24806E-02
  0.550   2.322    0.35855E+03  -0.79380E+04   0.11652E+02  -0.14228E+05  -0.63322E+03  -0.79550E-02
  0.550   2.322    0.28853E+04  -0.64952E+04  -0.16216E+02  -0.11630E+05  -0.51857E+04  -0.90822E-02
  0.550   2.322    0.35851E+03   0.79383E+04   0.11651E+02   0.14228E+05  -0.63312E+03   0.79549E-02
  0.550   2.322    0.12285E+06  -0.10602E+05   0.22314E+02  -0.19003E+05  -0.22024E+06  -0.24810E-02
  0.562   2.349    0.99784E+05   0.16709E-01  -0.37854E+02   0.11977E+00  -0.17527E+06   0.46991E-06
  0.562   2.349   -0.20437E+04  -0.58845E+04   0.96032E+01  -0.10345E+05   0.35790E+04  -0.64790E-02
  0.562   2.349   -0.20437E+04   0.58843E+04   0.96014E+01   0.10345E+05   0.35791E+04   0.64787E-02
  0.562   2.349   -0.20438E+04   0.10007E+05  -0.18480E+02   0.17565E+05   0.35788E+04   0.84228E-02
  0.562   2.349    0.11908E+06   0.11133E+05   0.18926E+02   0.19553E+05  -0.20915E+06   0.31655E-02
  0.562   2.349    0.15440E+04  -0.79256E+04   0.88504E+01  -0.13919E+05  -0.27041E+04  -0.89752E-02
  0.562   2.349   -0.20437E+04  -0.10007E+05  -0.18479E+02  -0.17565E+05   0.35781E+04  -0.84221E-02
  0.562   2.349    0.15441E+04   0.79255E+04   0.88504E+01   0.13919E+05  -0.27042E+04   0.89749E-02
  0.562   2.349    0.11908E+06  -0.11133E+05   0.18923E+02  -0.19553E+05  -0.20915E+06  -0.31661E-02
  0.575   2.375    0.96931E+05  -0.19669E+00  -0.30613E+02  -0.42036E+00  -0.16686E+06   0.89571E-07
  0.575   2.375   -0.65456E+04  -0.23775E+04   0.13204E+02  -0.41016E+04   0.11258E+05  -0.60738E-02
  0.575   2.375   -0.65459E+04   0.23775E+04   0.13196E+02   0.41017E+04   0.11259E+05   0.60735E-02
  0.575   2.375   -0.65457E+04   0.12754E+05  -0.19684E+02   0.21944E+05   0.11258E+05   0.75532E-02
  0.575   2.375    0.11627E+06   0.11162E+05   0.15308E+02   0.19213E+05  -0.20016E+06   0.37987E-02
  0.575   2.375    0.24705E+04  -0.75441E+04   0.64676E+01  -0.12986E+05  -0.42460E+04  -0.97979E-02
  0.575   2.375   -0.65457E+04  -0.12754E+05  -0.19693E+02  -0.21944E+05   0.11258E+05  -0.75527E-02
  0.575   2.375    0.24705E+04   0.75442E+04   0.64655E+01   0.12986E+05  -0.42461E+04   0.97977E-02
  0.575   2.375    0.11627E+06  -0.11161E+05   0.15303E+02  -0.19212E+05  -0.20016E+06  -0.37990E-02
  0.588   2.400    0.95818E+05   0.12071E+00  -0.23413E+02   0.18933E+00  -0.16170E+06   0.12752E-06
  0.588   2.400   -0.10800E+05   0.12182E+04   0.15833E+02   0.20485E+04   0.18218E+05  -0.56410E-02
  0.588   2.400   -0.10800E+05  -0.12182E+04   0.15829E+02  -0.20485E+04   0.18218E+05   0.56407E-02
  0.588   2.400   -0.10800E+05   0.14885E+05  -0.20282E+02   0.25111E+05   0.18218E+05   0.64782E-02
  0.588   2.400    0.11435E+06   0.10689E+05   0.11702E+02   0.18039E+05  -0.19297E+06   0.43381E-02
  0.588   2.400    0.31880E+04  -0.68110E+04   0.44330E+01  -0.11494E+05  -0.53747E+04  -0.10452E-01
  0.588   2.400   -0.10800E+05  -0.14885E+05  -0.20285E+02  -0.25111E+05   0.18218E+05  -0.64777E-02
  0.588   2.400    0.31880E+04   0.68111E+04   0.44315E+01   0.11494E+05  -0.53747E+04   0.10452E-01
  0.588   2.400    0.11435E+06  -0.10690E+05   0.11704E+02  -0.18039E+05  -0.19297E+06  -0.43383E-02
  0.600   2.426    0.96421E+05   0.58028E-02  -0.16437E+02   0.56754E-01  -0.15957E+06  -0.73980E-07
  0.600   2.426   -0.14989E+05   0.50648E+04   0.17834E+02   0.83766E+04   0.24798E+05  -0.51706E-02
  0.600   2.426   -0.14988E+05  -0.50649E+04   0.17846E+02  -0.83766E+04   0.24797E+05   0.51705E-02
  0.600   2.426   -0.14989E+05   0.16565E+05  -0.20479E+02   0.27408E+05   0.24798E+05   0.51974E-02
  0.600   2.426    0.11321E+06   0.96846E+04   0.82203E+01   0.16027E+05  -0.18736E+06   0.47403E-02
  0.600   2.426    0.38033E+04  -0.57261E+04   0.26281E+01  -0.94762E+04  -0.62902E+04  -0.10980E-01
  0.600   2.426   -0.14989E+05  -0.16565E+05  -0.20491E+02  -0.27408E+05   0.24798E+05  -0.51965E-02
  0.600   2.426    0.38033E+04   0.57260E+04   0.26326E+01   0.94760E+04  -0.62902E+04   0.10980E-01
  0.600   2.426    0.11321E+06  -0.96847E+04   0.82055E+01  -0.16028E+05  -0.18736E+06  -0.47405E-02
  0.613   2.451    0.98780E+05  -0.31017E-01  -0.98048E+01  -0.94735E-01  -0.16036E+06  -0.79053E-07
  0.613   2.451   -0.19297E+05   0.94014E+04   0.19505E+02   0.15257E+05   0.31320E+05  -0.46232E-02
  0.613   2.451   -0.19297E+05  -0.94013E+04   0.19504E+02  -0.15256E+05   0.31320E+05   0.46236E-02
  0.613   2.451   -0.19297E+05   0.17932E+05  -0.20490E+02   0.29105E+05   0.31320E+05   0.36776E-02
  0.613   2.451    0.11276E+06   0.80636E+04   0.49000E+01   0.13091E+05  -0.18306E+06   0.49454E-02
  0.613   2.451    0.44469E+04  -0.42414E+04   0.96453E+00  -0.68858E+04  -0.72155E+04  -0.11401E-01
  0.613   2.451   -0.19297E+05  -0.17932E+05  -0.20492E+02  -0.29105E+05   0.31321E+05  -0.36782E-02
  0.613   2.451    0.44469E+04   0.42410E+04   0.96465E+00   0.68852E+04  -0.72154E+04   0.11401E-01
  0.613   2.451    0.11276E+06  -0.80634E+04   0.48995E+01  -0.13091E+05  -0.18306E+06  -0.49453E-02
  0.625   2.476    0.10303E+06   0.44395E+00  -0.35837E+01   0.67721E+00  -0.16414E+06   0.29071E-07
  0.625   2.476   -0.23928E+05   0.14517E+05   0.21097E+02   0.23120E+05   0.38112E+05  -0.39236E-02
  0.625   2.476   -0.23928E+05  -0.14517E+05   0.21103E+02  -0.23120E+05   0.38113E+05   0.39243E-02
  0.625   2.476   -0.23928E+05   0.19083E+05  -0.20473E+02   0.30395E+05   0.38112E+05   0.18865E-02
  0.625   2.476    0.11296E+06   0.57232E+04   0.17961E+01   0.91180E+04  -0.17994E+06   0.48935E-02
  0.625   2.476    0.52614E+04  -0.22586E+04  -0.65020E+00  -0.35984E+04  -0.83781E+04  -0.11730E-01
  0.625   2.476   -0.23928E+05  -0.19083E+05  -0.20473E+02  -0.30395E+05   0.38112E+05  -0.18874E-02
  0.625   2.476    0.52614E+04   0.22588E+04  -0.65277E+00   0.35989E+04  -0.83782E+04   0.11730E-01
  0.625   2.476    0.11296E+06  -0.57241E+04   0.17889E+01  -0.91192E+04  -0.17994E+06  -0.48933E-02
  0.637   2.500    0.10937E+06  -0.18565E-01   0.22466E+01  -0.76342E-02  -0.17102E+06  -0.60595E-07
  0.637   2.500   -0.29084E+05   0.20760E+05   0.22768E+02   0.32456E+05   0.45470E+05  -0.29077E-02
  0.637   2.500   -0.29083E+05  -0.20761E+05   0.22768E+02  -0.32456E+05   0.45468E+05   0.29080E-02
  0.637   2.500   -0.29083E+05   0.20066E+05  -0.20510E+02   0.31371E+05   0.45470E+05  -0.22986E-03
  0.637   2.500    0.11376E+06   0.25288E+04  -0.11202E+01   0.39551E+04  -0.17787E+06   0.44804E-02
  0.637   2.500    0.63874E+04   0.37218E+03  -0.22906E+01   0.58122E+03  -0.99844E+04  -0.11891E-01
  0.637   2.500   -0.29084E+05  -0.20066E+05  -0.20511E+02  -0.31372E+05   0.45471E+05   0.23012E-03
  0.637   2.500    0.63876E+04  -0.37229E+03  -0.22900E+01  -0.58141E+03  -0.99848E+04   0.11891E-01
  0.637   2.500    0.11376E+06  -0.25291E+04  -0.11223E+01  -0.39555E+04  -0.17787E+06  -0.44805E-02
  0.650   2.525    0.11791E+06   0.19074E+00   0.75020E+01   0.34679E+00  -0.18102E+06   0.17633E-06
  0.650   2.525   -0.34897E+05   0.28409E+05   0.24339E+02   0.43607E+05   0.53567E+05  -0.13111E-02
  0.650   2.525   -0.34897E+05  -0.28409E+05   0.24339E+02  -0.43607E+05   0.53568E+05   0.13113E-02
  0.650   2.525   -0.34897E+05   0.20885E+05  -0.20466E+02   0.32057E+05   0.53567E+05  -0.27051E-02
  0.650   2.525    0.11512E+06  -0.16121E+04  -0.37484E+01  -0.24737E+04  -0.17672E+06   0.35846E-02
  0.650   2.525    0.79291E+04   0.37860E+04  -0.38980E+01   0.58111E+04  -0.12170E+05  -0.11766E-01
  0.650   2.525   -0.34897E+05  -0.20884E+05  -0.20466E+02  -0.32057E+05   0.53567E+05   0.27041E-02
  0.650   2.525    0.79290E+04  -0.37859E+04  -0.38982E+01  -0.58110E+04  -0.12169E+05   0.11766E-01
  0.650   2.525    0.11512E+06   0.16120E+04  -0.37478E+01   0.24734E+04  -0.17672E+06  -0.35846E-02
  0.662   2.549    0.12825E+06   0.76115E-01   0.12036E+02   0.49693E-01  -0.19337E+06  -0.51336E-07
  0.662   2.549   -0.41232E+05   0.37318E+05   0.25806E+02   0.56258E+05   0.62158E+05   0.12699E-02
  0.662   2.549   -0.41233E+05  -0.37318E+05   0.25807E+02  -0.56258E+05   0.62163E+05  -0.12696E-02
  0.662   2.549   -0.41232E+05   0.21500E+05  -0.20416E+02   0.32412E+05   0.62161E+05  -0.55438E-02
  0.662   2.549    0.11684E+06  -0.65839E+04  -0.60141E+01  -0.99246E+04  -0.17615E+06   0.20413E-02
  0.662   2.549    0.98610E+04   0.79299E+04  -0.54161E+01   0.11954E+05  -0.14864E+05  -0.11131E-01
  0.662   2.549   -0.41232E+05  -0.21500E+05  -0.20415E+02  -0.32412E+05   0.62161E+05   0.55438E-02
  0.662   2.549    0.98606E+04  -0.79297E+04  -0.54160E+01  -0.11954E+05  -0.14864E+05   0.11131E-01
  0.662   2.549    0.11684E+06   0.65836E+04  -0.60157E+01   0.99242E+04  -0.17615E+06  -0.20413E-02
  0.675   2.573    0.13870E+06  -0.22471E+00   0.14989E+02  -0.32959E+00  -0.20543E+06   0.68670E-06
  0.675   2.573   -0.47288E+05   0.46219E+05   0.26189E+02   0.68448E+05   0.70033E+05   0.52780E-02
  0.675   2.573   -0.47288E+05  -0.46219E+05   0.26191E+02  -0.68448E+05   0.70032E+05  -0.52763E-02
  0.675   2.573   -0.47287E+05   0.21856E+05  -0.19798E+02   0.32367E+05   0.70032E+05  -0.87098E-02
  0.675   2.573    0.11841E+06  -0.11704E+05  -0.74919E+01  -0.17332E+05  -0.17538E+06  -0.29641E-03
  0.675   2.573    0.11820E+05   0.12196E+05  -0.64069E+01   0.18062E+05  -0.17503E+05  -0.97132E-02
  0.675   2.573   -0.47288E+05  -0.21856E+05  -0.19796E+02  -0.32367E+05   0.70034E+05   0.87081E-02
  0.675   2.573    0.11820E+05  -0.12196E+05  -0.64056E+01  -0.18062E+05  -0.17503E+05   0.97127E-02
  0.675   2.573    0.11841E+06   0.11704E+05  -0.74914E+01   0.17333E+05  -0.17538E+06   0.29593E-03
  0.688   2.597    0.14554E+06   0.42674E+00   0.15581E+02   0.47280E+00  -0.21181E+06  -0.29390E-05
  0.688   2.597   -0.51238E+05   0.52065E+05   0.24696E+02   0.75767E+05   0.74563E+05   0.10784E-01
  0.688   2.597   -0.51240E+05  -0.52065E+05   0.24689E+02  -0.75767E+05   0.74568E+05  -0.10800E-01
  0.688   2.597   -0.51239E+05   0.21882E+05  -0.18288E+02   0.31843E+05   0.74568E+05  -0.12106E-01
  0.688   2.597    0.11883E+06  -0.15410E+05  -0.77816E+01  -0.22424E+05  -0.17294E+06  -0.33605E-02
  0.688   2.597    0.12926E+05   0.15096E+05  -0.64390E+01   0.21967E+05  -0.18808E+05  -0.73926E-02
  0.688   2.597   -0.51237E+05  -0.21881E+05  -0.18296E+02  -0.31842E+05   0.74564E+05   0.12113E-01
  0.688   2.597    0.12925E+05  -0.15096E+05  -0.64419E+01  -0.21967E+05  -0.18807E+05   0.73969E-02
  0.688   2.597    0.11883E+06   0.15409E+05  -0.77808E+01   0.22423E+05  -0.17294E+06   0.33653E-02
  0.700   2.620    0.14445E+06   0.18268E+00   0.13353E+02  -0.26681E+00  -0.20662E+06   0.14617E-05
  0.700   2.620   -0.50952E+05   0.51239E+05   0.20928E+02   0.73289E+05   0.72882E+05   0.16963E-01
  0.700   2.620   -0.50952E+05  -0.51239E+05   0.20938E+02  -0.73290E+05   0.72879E+05  -0.16956E-01
  0.700   2.620   -0.50952E+05   0.21526E+05  -0.15649E+02   0.30790E+05   0.72881E+05  -0.15615E-01
  0.700   2.620    0.11696E+06  -0.15860E+05  -0.66855E+01  -0.22684E+05  -0.16731E+06  -0.66133E-02
  0.700   2.620    0.12129E+05   0.14846E+05  -0.52588E+01   0.21234E+05  -0.17346E+05  -0.45248E-02
  0.700   2.620   -0.50952E+05  -0.21526E+05  -0.15641E+02  -0.30789E+05   0.72881E+05   0.15611E-01
  0.700   2.620    0.12129E+05  -0.14846E+05  -0.52540E+01  -0.21234E+05  -0.17347E+05   0.45227E-02
  0.700   2.620    0.11696E+06   0.15860E+05  -0.66837E+01   0.22685E+05  -0.16731E+06   0.66108E-02
  0.713   2.643    0.13468E+06  -0.45255E+00   0.85726E+01  -0.82031E+00  -0.18940E+06  -0.61818E-05
  0.713   2.643   -0.46082E+05   0.43137E+05   0.14795E+02   0.60659E+05   0.64800E+05   0.22228E-01
  0.713   2.643   -0.46082E+05  -0.43137E+05   0.14797E+02  -0.60659E+05   0.64799E+05  -0.22247E-01
  0.713   2.643   -0.46089E+05   0.20766E+05  -0.11779E+02   0.29207E+05   0.64814E+05  -0.19047E-01
  0.713   2.643    0.11262E+06  -0.12739E+05  -0.43212E+01  -0.17913E+05  -0.15838E+06  -0.91563E-02
  0.713   2.643    0.92558E+04   0.11165E+05  -0.29580E+01   0.15698E+05  -0.13008E+05  -0.18049E-02
  0.713   2.643   -0.46088E+05  -0.20766E+05  -0.11779E+02  -0.29207E+05   0.64812E+05   0.19063E-01
  0.713   2.643    0.92559E+04  -0.11165E+05  -0.29571E+01  -0.15698E+05  -0.13009E+05   0.18091E-02
  0.713   2.643    0.11262E+06   0.12740E+05  -0.43255E+01   0.17914E+05  -0.15838E+06   0.91622E-02
  0.725   2.666    0.12036E+06   0.83309E-01   0.46791E+01   0.21141E+00  -0.16645E+06   0.14310E-05
  0.725   2.666   -0.38718E+05   0.31308E+05   0.99298E+01   0.43295E+05   0.53544E+05   0.25678E-01
  0.725   2.666   -0.38719E+05  -0.31308E+05   0.99260E+01  -0.43294E+05   0.53546E+05  -0.25676E-01
  0.725   2.666   -0.38719E+05   0.19601E+05  -0.88242E+01   0.27108E+05   0.53547E+05  -0.22277E-01
  0.725   2.666    0.10683E+06  -0.78140E+04  -0.23440E+01  -0.10805E+05  -0.14775E+06  -0.10449E-01
  0.725   2.666    0.53278E+04   0.58203E+04  -0.10785E+01   0.80464E+04  -0.73636E+04   0.29953E-03
  0.725   2.666   -0.38719E+05  -0.19601E+05  -0.88264E+01  -0.27108E+05   0.53547E+05   0.22272E-01
  0.725   2.666    0.53278E+04  -0.58200E+04  -0.10805E+01  -0.80461E+04  -0.73634E+04  -0.29973E-03
  0.725   2.666    0.10683E+06   0.78133E+04  -0.23418E+01   0.10803E+05  -0.14775E+06   0.10448E-01
  0.738   2.689    0.10626E+06   0.11611E+00   0.12565E+01   0.19768E+00  -0.14455E+06   0.88185E-07
  0.738   2.689   -0.31265E+05   0.19827E+05   0.56247E+01   0.26966E+05   0.42530E+05   0.27488E-01
  0.738   2.689   -0.31264E+05  -0.19828E+05   0.56235E+01  -0.26966E+05   0.42528E+05  -0.27486E-01
  0.738   2.689   -0.31265E+05   0.18087E+05  -0.60770E+01   0.24603E+05   0.42531E+05  -0.25128E-01
  0.738   2.689    0.10086E+06  -0.31222E+04  -0.62978E+00  -0.42451E+04  -0.13721E+06  -0.10550E-01
  0.738   2.689    0.15112E+04   0.83318E+03   0.48022E+00   0.11302E+04  -0.20508E+04   0.18745E-02
  0.738   2.689   -0.31265E+05  -0.18087E+05  -0.60762E+01  -0.24603E+05   0.42531E+05   0.25128E-01
  0.738   2.689    0.15111E+04  -0.83267E+03   0.47765E+00  -0.11294E+04  -0.20507E+04  -0.18745E-02
  0.738   2.689    0.10086E+06   0.31219E+04  -0.63036E+00   0.42444E+04  -0.13721E+06   0.10550E-01
  0.750   2.712    0.94731E+05  -0.82661E-01  -0.63514E+00  -0.11320E+00  -0.12680E+06   0.30702E-06
  0.750   2.712   -0.24898E+05   0.10635E+05   0.31629E+01   0.14230E+05   0.33327E+05   0.28291E-01
  0.750   2.712   -0.24898E+05  -0.10634E+05   0.31644E+01  -0.14229E+05   0.33327E+05  -0.28295E-01
  0.750   2.712   -0.24899E+05   0.16286E+05  -0.44751E+01   0.21798E+05   0.33330E+05  -0.27483E-01
  0.750   2.712    0.95378E+05   0.36857E+03   0.31461E+00   0.49470E+03  -0.12767E+06  -0.97842E-02
  0.750   2.712   -0.16430E+04  -0.28628E+04   0.13230E+01  -0.38343E+04   0.22040E+04   0.31646E-02
  0.750   2.712   -0.24899E+05  -0.16286E+05  -0.44726E+01  -0.21798E+05   0.33330E+05   0.27483E-01
  0.750   2.712   -0.16429E+04   0.28626E+04   0.13242E+01   0.38340E+04   0.22040E+04  -0.31658E-02
  0.750   2.712    0.95378E+05  -0.36890E+03   0.31524E+00  -0.49522E+03  -0.12767E+06   0.97843E-02
  0.762   2.735    0.86056E+05  -0.50760E-01  -0.17513E+01  -0.47984E-01  -0.11336E+06   0.71398E-06
  0.762   2.735   -0.19771E+05   0.39073E+04   0.15359E+01   0.51432E+04   0.26043E+05   0.28604E-01
  0.762   2.735   -0.19770E+05  -0.39075E+04   0.15355E+01  -0.51437E+04   0.26043E+05  -0.28604E-01
  0.762   2.735   -0.19771E+05   0.14268E+05  -0.33217E+01   0.18793E+05   0.26046E+05  -0.29260E-01
  0.762   2.735    0.90523E+05   0.25752E+04   0.87185E+00   0.33926E+04  -0.11924E+06  -0.84486E-02
  0.762   2.735   -0.40780E+04  -0.52148E+04   0.17956E+01  -0.68712E+04   0.53770E+04   0.43301E-02
  0.762   2.735   -0.19771E+05  -0.14268E+05  -0.33218E+01  -0.18793E+05   0.26046E+05   0.29262E-01
  0.762   2.735   -0.40782E+04   0.52150E+04   0.17956E+01   0.68717E+04   0.53778E+04  -0.43301E-02
  0.762   2.735    0.90523E+05  -0.25753E+04   0.87317E+00  -0.33928E+04  -0.11924E+06   0.84487E-02
  0.775   2.757    0.79748E+05   0.36905E+00  -0.22566E+01   0.62243E-01  -0.10344E+06   0.19505E-05
  0.775   2.757   -0.15628E+05  -0.84489E+03   0.69890E+00  -0.10976E+04   0.20272E+05   0.28583E-01
  0.775   2.757   -0.15629E+05   0.84497E+03   0.68529E+00   0.10980E+04   0.20273E+05  -0.28586E-01
  0.775   2.757   -0.15629E+05   0.12100E+05  -0.26906E+01   0.15692E+05   0.20275E+05  -0.30327E-01
  0.775   2.757    0.86257E+05   0.37560E+04   0.11360E+01   0.48710E+04  -0.11188E+06  -0.67057E-02
  0.775   2.757   -0.59149E+04  -0.65021E+04   0.20631E+01  -0.84347E+04   0.76784E+04   0.53921E-02
  0.775   2.757   -0.15630E+05  -0.12099E+05  -0.27021E+01  -0.15691E+05   0.20276E+05   0.30333E-01
  0.775   2.757   -0.59147E+04   0.65020E+04   0.20503E+01   0.84339E+04   0.76771E+04  -0.53968E-02
  0.775   2.757    0.86257E+05  -0.37563E+04   0.11499E+01  -0.48706E+04  -0.11188E+06   0.67033E-02
  0.787   2.779    0.75154E+05  -0.29938E+00  -0.24186E+01  -0.45729E+00  -0.96008E+05  -0.32913E-05
  0.787   2.779   -0.12130E+05  -0.41929E+04   0.44397E+00  -0.53541E+04   0.15501E+05   0.28251E-01
  0.787   2.779   -0.12128E+05   0.41938E+04   0.43929E+00   0.53563E+04   0.15497E+05  -0.28251E-01
  0.787   2.779   -0.12130E+05   0.98323E+04  -0.26069E+01   0.12557E+05   0.15503E+05  -0.30610E-01
  0.787   2.779    0.82478E+05   0.42277E+04   0.12064E+01   0.53979E+04  -0.10536E+06  -0.46796E-02
  0.787   2.779   -0.72670E+04  -0.70376E+04   0.21712E+01  -0.89906E+04   0.92923E+04   0.63499E-02
  0.787   2.779   -0.12130E+05  -0.98322E+04  -0.26139E+01  -0.12557E+05   0.15503E+05   0.30603E-01
  0.787   2.779   -0.72653E+04   0.70377E+04   0.21640E+01   0.89901E+04   0.92869E+04  -0.63551E-02
  0.787   2.779    0.82477E+05  -0.42283E+04   0.12013E+01  -0.53981E+04  -0.10536E+06   0.46771E-02
  0.800   2.801    0.71568E+05   0.21047E+00  -0.26684E+01  -0.65106E-01  -0.89995E+05   0.29352E-05
  0.800   2.801   -0.88225E+04  -0.67352E+04   0.11892E+01  -0.84595E+04   0.11108E+05   0.27441E-01
  0.800   2.801   -0.88243E+04   0.67350E+04   0.11893E+01   0.84591E+04   0.11109E+05  -0.27442E-01
  0.800   2.801   -0.88254E+04   0.75240E+04  -0.38875E+01   0.94557E+04   0.11116E+05  -0.30028E-01
  0.800   2.801    0.79134E+05   0.43708E+04   0.13351E+01   0.54876E+04  -0.99494E+05  -0.26107E-02
  0.800   2.801   -0.81511E+04  -0.71500E+04   0.27078E+01  -0.89880E+04   0.10263E+05   0.73483E-02
  0.800   2.801   -0.88258E+04  -0.75238E+04  -0.38880E+01  -0.94554E+04   0.11116E+05   0.30033E-01
  0.800   2.801   -0.81502E+04   0.71499E+04   0.27075E+01   0.89876E+04   0.10259E+05  -0.73458E-02
  0.800   2.801    0.79134E+05  -0.43707E+04   0.13347E+01  -0.54867E+04  -0.99492E+05   0.26123E-02
  0.812   2.823    0.80944E+05  -0.40257E+02  -0.44034E+02  -0.53750E+02  -0.99731E+05  -0.91745E-04
  0.812   2.823   -0.98059E+04   0.10735E+04  -0.10477E+02   0.97114E+03   0.12133E+05   0.30929E-01
  0.812   2.823   -0.98465E+04  -0.10684E+04  -0.10458E+02  -0.96535E+03   0.12037E+05  -0.31361E-01
  0.812   2.823   -0.98586E+04   0.53562E+04  -0.16945E+02   0.66104E+04   0.12159E+05  -0.27686E-01
  0.812   2.823    0.80553E+05  -0.20561E+03   0.22233E+02  -0.97997E+02  -0.99518E+05  -0.25127E-02
  0.812   2.823   -0.42387E+04  -0.21519E+04   0.28893E+02  -0.28612E+04   0.55098E+04   0.10287E-01
  0.812   2.823   -0.98541E+04  -0.53462E+04  -0.16911E+02  -0.65971E+04   0.12154E+05   0.28499E-01
  0.812   2.823   -0.42219E+04   0.21467E+04   0.28898E+02   0.28544E+04   0.54878E+04  -0.10290E-01
  0.812   2.823    0.80553E+05   0.20437E+03   0.22270E+02   0.98148E+02  -0.99497E+05   0.25921E-02
  0.825   2.844    0.69166E+05   0.32214E+00  -0.30786E+01   0.39373E+00  -0.84362E+05  -0.35328E-05
  0.825   2.844   -0.51137E+04  -0.71817E+04  -0.33343E+01  -0.87939E+04   0.62201E+04   0.25580E-01
  0.825   2.844   -0.51134E+04   0.71814E+04  -0.33338E+01   0.87933E+04   0.62188E+04  -0.25580E-01
  0.825   2.844   -0.51150E+04   0.26633E+04   0.20066E+01   0.32486E+04   0.62196E+04  -0.25048E-01
  0.825   2.844    0.73068E+05   0.22560E+04   0.15156E+01   0.27675E+04  -0.89151E+05   0.39689E-02
  0.825   2.844   -0.90026E+04  -0.49191E+04   0.13380E+01  -0.60153E+04   0.10993E+05   0.69591E-02
  0.825   2.844   -0.51154E+04  -0.26630E+04   0.20070E+01  -0.32482E+04   0.62200E+04   0.25049E-01
  0.825   2.844   -0.90012E+04   0.49188E+04   0.13388E+01   0.60150E+04   0.10991E+05  -0.69603E-02
  0.825   2.844    0.73067E+05  -0.22570E+04   0.15201E+01  -0.27688E+04  -0.89149E+05  -0.39701E-02
  0.838   2.866    0.67184E+05  -0.14608E+00  -0.22661E+01  -0.50875E+00  -0.80764E+05   0.37937E-05
  0.838   2.866   -0.23763E+04  -0.78159E+04  -0.24867E+01  -0.94174E+04   0.28461E+04   0.22603E-01
  0.838   2.866   -0.23799E+04   0.78161E+04  -0.24870E+01   0.94175E+04   0.28482E+04  -0.22605E-01
  0.838   2.866   -0.23797E+04   0.41386E+03   0.13520E+01   0.49470E+03   0.28486E+04  -0.21123E-01
  0.838   2.866    0.70525E+05   0.19349E+04   0.11236E+01   0.23349E+04  -0.84796E+05   0.65128E-02
  0.838   2.866   -0.87585E+04  -0.41049E+04   0.11353E+01  -0.49440E+04   0.10538E+05   0.73838E-02
  0.838   2.866   -0.23792E+04  -0.41389E+03   0.13550E+01  -0.49463E+03   0.28486E+04   0.21119E-01
  0.838   2.866   -0.87604E+04   0.41053E+04   0.11379E+01   0.49444E+04   0.10539E+05  -0.73818E-02
  0.838   2.866    0.70527E+05  -0.19349E+04   0.11318E+01  -0.23344E+04  -0.84797E+05  -0.65107E-02
  0.850   2.887    0.65596E+05  -0.40110E+00  -0.19551E+01  -0.91835E+00  -0.77725E+05  -0.35729E-05
  0.850   2.887    0.58461E+02  -0.77504E+04  -0.21988E+01  -0.92011E+04  -0.78668E+02   0.18937E-01
  0.850   2.887    0.58207E+02   0.77504E+04  -0.21981E+01   0.92010E+04  -0.78773E+02  -0.18945E-01
  0.850   2.887    0.57559E+02  -0.16930E+04   0.11786E+01  -0.20097E+04  -0.77810E+02  -0.16166E-01
  0.850   2.887    0.68305E+05   0.15692E+04   0.97358E+00   0.18658E+04  -0.80944E+05   0.89681E-02
  0.850   2.887   -0.80870E+04  -0.30130E+04   0.10115E+01  -0.35775E+04   0.95903E+04   0.77250E-02
  0.850   2.887    0.56605E+02   0.16932E+04   0.11804E+01   0.20099E+04  -0.75646E+02   0.16170E-01
  0.850   2.887   -0.80869E+04   0.30126E+04   0.10129E+01   0.35770E+04   0.95899E+04  -0.77221E-02
  0.850   2.887    0.68305E+05  -0.15685E+04   0.97746E+00  -0.18641E+04  -0.80944E+05  -0.89647E-02
  0.863   2.908    0.64055E+05   0.69132E-02  -0.16841E+01   0.29157E-01  -0.74825E+05  -0.62084E-06
  0.863   2.908    0.23079E+04  -0.72874E+04  -0.19640E+01  -0.85266E+04  -0.27048E+04   0.14488E-01
  0.863   2.908    0.23092E+04   0.72874E+04  -0.19646E+01   0.85266E+04  -0.27060E+04  -0.14485E-01
  0.863   2.908    0.23075E+04  -0.35581E+04   0.11051E+01  -0.41603E+04  -0.27031E+04  -0.10515E-01
  0.863   2.908    0.66409E+05   0.13609E+04   0.84139E+00   0.15939E+04  -0.77580E+05   0.11000E-01
  0.863   2.908   -0.70545E+04  -0.18443E+04   0.85520E+00  -0.21603E+04   0.82481E+04   0.82005E-02
  0.863   2.908    0.23072E+04   0.35582E+04   0.11039E+01   0.41604E+04  -0.27028E+04   0.10516E-01
  0.863   2.908   -0.70544E+04   0.18443E+04   0.85359E+00   0.21603E+04   0.82481E+04  -0.82012E-02
  0.863   2.908    0.66408E+05  -0.13612E+04   0.84003E+00  -0.15938E+04  -0.77580E+05  -0.11001E-01
  0.875   2.929    0.62506E+05  -0.21756E+00  -0.15047E+01  -0.39927E+00  -0.71994E+05   0.16198E-06
  0.875   2.929    0.43532E+04  -0.65936E+04  -0.18398E+01  -0.76084E+04  -0.50212E+04   0.93622E-02
  0.875   2.929    0.43527E+04   0.65936E+04  -0.18358E+01   0.76080E+04  -0.50228E+04  -0.93633E-02
  0.875   2.929    0.43514E+04  -0.51156E+04   0.10823E+01  -0.58966E+04  -0.50189E+04  -0.45296E-02
  0.875   2.929    0.64861E+05   0.13598E+04   0.73811E+00   0.15684E+04  -0.74713E+05   0.12383E-01
  0.875   2.929   -0.57629E+04  -0.71588E+03   0.71425E+00  -0.82946E+03   0.66453E+04   0.89091E-02
  0.875   2.929    0.43521E+04   0.51156E+04   0.10949E+01   0.58967E+04  -0.50195E+04   0.45290E-02
  0.875   2.929   -0.57627E+04   0.71560E+03   0.73047E+00   0.82963E+03   0.66450E+04  -0.89091E-02
  0.875   2.929    0.64861E+05  -0.13595E+04   0.76628E+00  -0.15700E+04  -0.74713E+05  -0.12382E-01
  0.887   2.950    0.60994E+05   0.14906E-01  -0.13457E+01  -0.18312E-01  -0.69283E+05   0.27902E-06
  0.887   2.950    0.61677E+04  -0.58069E+04  -0.17014E+01  -0.66076E+04  -0.70137E+04   0.37593E-02
  0.887   2.950    0.61676E+04   0.58069E+04  -0.17001E+01   0.66075E+04  -0.70143E+04  -0.37607E-02
  0.887   2.950    0.61665E+04  -0.63394E+04   0.11014E+01  -0.72063E+04  -0.70110E+04   0.14515E-02
  0.887   2.950    0.63657E+05   0.15342E+04   0.66593E+00   0.17447E+04  -0.72312E+05   0.12961E-01
  0.887   2.950   -0.43333E+04   0.28913E+03   0.59662E+00   0.32394E+03   0.49296E+04   0.98569E-02
  0.887   2.950    0.61671E+04   0.63395E+04   0.11068E+01   0.72064E+04  -0.70118E+04  -0.14519E-02
  0.887   2.950   -0.43332E+04  -0.28909E+03   0.60224E+00  -0.32387E+03   0.49295E+04  -0.98569E-02
  0.887   2.950    0.63657E+05  -0.15343E+04   0.67769E+00  -0.17450E+04  -0.72312E+05  -0.12961E-01
  0.900   2.971    0.59618E+05  -0.13286E+00  -0.12145E+01  -0.16968E+00  -0.66796E+05  -0.13571E-06
  0.900   2.971    0.77575E+04  -0.50491E+04  -0.16197E+01  -0.56678E+04  -0.86995E+04  -0.21471E-02
  0.900   2.971    0.77576E+04   0.50492E+04  -0.16199E+01   0.56679E+04  -0.86997E+04   0.21475E-02
  0.900   2.971    0.77570E+04  -0.72470E+04   0.11210E+01  -0.81252E+04  -0.86974E+04   0.71942E-02
  0.900   2.971    0.62761E+05   0.18085E+04   0.60759E+00   0.20278E+04  -0.70321E+05   0.12678E-01
  0.900   2.971   -0.28797E+04   0.11203E+04   0.49457E+00   0.12512E+04   0.32338E+04   0.10979E-01
  0.900   2.971    0.77568E+04   0.72470E+04   0.11206E+01   0.81251E+04  -0.86973E+04  -0.71939E-02
  0.900   2.971   -0.28796E+04  -0.11202E+04   0.49461E+00  -0.12511E+04   0.32337E+04  -0.10979E-01
  0.900   2.971    0.62761E+05  -0.18085E+04   0.60606E+00  -0.20279E+04  -0.70321E+05  -0.12678E-01
  0.912   2.991    0.58499E+05   0.17967E+00  -0.11155E+01  -0.19036E+00  -0.64658E+05   0.59331E-06
  0.912   2.991    0.91617E+04  -0.44082E+04  -0.15836E+01  -0.48832E+04  -0.10135E+05  -0.82582E-02
  0.912   2.991    0.91603E+04   0.44078E+04  -0.15841E+01   0.48828E+04  -0.10133E+05   0.82568E-02
  0.912   2.991    0.91604E+04  -0.78912E+04   0.11654E+01  -0.87278E+04  -0.10132E+05   0.12599E-01
  0.912   2.991    0.62132E+05   0.20881E+04   0.55820E+00   0.23097E+04  -0.68678E+05   0.11543E-01
  0.912   2.991   -0.14879E+04   0.17601E+04   0.41550E+00   0.19419E+04   0.16521E+04   0.12176E-01
  0.912   2.991    0.91602E+04   0.78911E+04   0.11620E+01   0.87276E+04  -0.10131E+05  -0.12600E-01
  0.912   2.991   -0.14877E+04  -0.17602E+04   0.40921E+00  -0.19421E+04   0.16517E+04  -0.12176E-01
  0.912   2.991    0.62133E+05  -0.20886E+04   0.55275E+00  -0.23092E+04  -0.68679E+05  -0.11543E-01
  0.925   3.012    0.57748E+05   0.82518E+00  -0.96892E+00   0.14787E+01  -0.62981E+05   0.89735E-06
  0.925   3.012    0.10440E+05  -0.39442E+04  -0.15047E+01  -0.43118E+04  -0.11395E+05  -0.14561E-01
  0.925   3.012    0.10438E+05   0.39430E+04  -0.15061E+01   0.43103E+04  -0.11391E+05   0.14554E-01
  0.925   3.012    0.10438E+05  -0.83454E+04   0.11649E+01  -0.91077E+04  -0.11390E+05   0.17687E-01
  0.925   3.012    0.61721E+05   0.22832E+04   0.48403E+00   0.24902E+04  -0.67316E+05   0.95924E-02
  0.925   3.012   -0.20707E+03   0.22167E+04   0.33224E+00   0.24146E+04   0.23328E+03   0.13341E-01
  0.925   3.012    0.10438E+05   0.83451E+04   0.11656E+01   0.91075E+04  -0.11391E+05  -0.17685E-01
  0.925   3.012   -0.20763E+03  -0.22159E+04   0.33664E+00  -0.24137E+04   0.23367E+03  -0.13342E-01
  0.925   3.012    0.61722E+05  -0.22849E+04   0.48214E+00  -0.24937E+04  -0.67317E+05  -0.95911E-02
  0.938   3.032    0.57451E+05   0.28164E-02  -0.83374E+00  -0.56760E+00  -0.61833E+05   0.13434E-06
  0.938   3.032    0.11661E+05  -0.36905E+04  -0.14665E+01  -0.39819E+04  -0.12558E+05  -0.21109E-01
  0.938   3.032    0.11661E+05   0.36903E+04  -0.14661E+01   0.39819E+04  -0.12559E+05   0.21109E-01
  0.938   3.032    0.11661E+05  -0.86791E+04   0.11927E+01  -0.93477E+04  -0.12558E+05   0.22556E-01
  0.938   3.032    0.61485E+05   0.23199E+04   0.41491E+00   0.24980E+04  -0.66176E+05   0.68667E-02
  0.938   3.032    0.93911E+03   0.25063E+04   0.27563E+00   0.26951E+04  -0.10034E+04   0.14386E-01
  0.938   3.032    0.11661E+05   0.86790E+04   0.11931E+01   0.93474E+04  -0.12557E+05  -0.22555E-01
  0.938   3.032    0.93899E+03  -0.25065E+04   0.27428E+00  -0.26952E+04  -0.10032E+04  -0.14386E-01
  0.938   3.032    0.61485E+05  -0.23200E+04   0.41955E+00  -0.24972E+04  -0.66176E+05  -0.68661E-02
  0.950   3.052    0.57679E+05  -0.11401E+00  -0.68903E+00  -0.33392E+00  -0.61270E+05  -0.14660E-06
  0.950   3.052    0.12892E+05  -0.36700E+04  -0.14467E+01  -0.39087E+04  -0.13703E+05  -0.28002E-01
  0.950   3.052    0.12892E+05   0.36700E+04  -0.14462E+01   0.39089E+04  -0.13703E+05   0.28000E-01
  0.950   3.052    0.12893E+05  -0.89522E+04   0.12202E+01  -0.95166E+04  -0.13703E+05   0.27335E-01
  0.950   3.052    0.61400E+05   0.21397E+04   0.34492E+00   0.22733E+04  -0.65226E+05   0.34195E-02
  0.950   3.052    0.19452E+04   0.26511E+04   0.22251E+00   0.28144E+04  -0.20589E+04   0.15241E-01
  0.950   3.052    0.12892E+05   0.89521E+04   0.12162E+01   0.95163E+04  -0.13702E+05  -0.27333E-01
  0.950   3.052    0.19453E+04  -0.26508E+04   0.21847E+00  -0.28140E+04  -0.20590E+04  -0.15241E-01
  0.950   3.052    0.61400E+05  -0.21395E+04   0.33846E+00  -0.22733E+04  -0.65225E+05  -0.34196E-02
  0.963   3.072    0.58489E+05   0.26728E-01  -0.53451E+00  -0.13012E+01  -0.61333E+05   0.57472E-06
  0.963   3.072    0.14179E+05  -0.38963E+04  -0.14534E+01  -0.40957E+04  -0.14875E+05  -0.35300E-01
  0.963   3.072    0.14180E+05   0.38963E+04  -0.14497E+01   0.40965E+04  -0.14877E+05   0.35298E-01
  0.963   3.072    0.14180E+05  -0.92092E+04   0.12714E+01  -0.96643E+04  -0.14878E+05   0.32151E-01
  0.963   3.072    0.61443E+05   0.17015E+04   0.25858E+00   0.17858E+04  -0.64430E+05  -0.68902E-03
  0.963   3.072    0.28082E+04   0.26638E+04   0.18330E+00   0.27922E+04  -0.29372E+04   0.15836E-01
  0.963   3.072    0.14180E+05   0.92090E+04   0.12715E+01   0.96634E+04  -0.14877E+05  -0.32150E-01
  0.963   3.072    0.28081E+04  -0.26640E+04   0.18000E+00  -0.27921E+04  -0.29368E+04  -0.15837E-01
  0.963   3.072    0.61443E+05  -0.17015E+04   0.27652E+00  -0.17835E+04  -0.64430E+05   0.68901E-03
  0.975   3.092    0.59893E+05   0.12641E+00  -0.38455E+00   0.10099E+01  -0.62007E+05  -0.12722E-05
  0.975   3.092    0.15540E+05  -0.43811E+04  -0.14341E+01  -0.45470E+04  -0.16096E+05  -0.42960E-01
  0.975   3.092    0.15540E+05   0.43811E+04  -0.14421E+01   0.45461E+04  -0.16094E+05   0.42957E-01
  0.975   3.092    0.15541E+05  -0.94744E+04   0.12712E+01  -0.98158E+04  -0.16098E+05   0.37082E-01
  0.975   3.092    0.61592E+05   0.98132E+03   0.20637E+00   0.10158E+04  -0.63764E+05  -0.53254E-02
  0.975   3.092    0.35148E+04   0.25530E+04   0.16035E+00   0.26423E+04  -0.36308E+04   0.16066E-01
  0.975   3.092    0.15541E+05   0.94747E+04   0.12642E+01   0.98166E+04  -0.16099E+05  -0.37084E-01
  0.975   3.092    0.35152E+04  -0.25531E+04   0.15831E+00  -0.26428E+04  -0.36316E+04  -0.16067E-01
  0.975   3.092    0.61592E+05  -0.98142E+03   0.16434E+00  -0.10165E+04  -0.63763E+05   0.53243E-02
  0.988   3.112    0.61833E+05   0.25528E+00  -0.17637E+00   0.90670E+00  -0.63203E+05   0.77648E-07
  0.988   3.112    0.16939E+05  -0.51182E+04  -0.15209E+01  -0.52425E+04  -0.17323E+05  -0.50708E-01
  0.988   3.112    0.16939E+05   0.51180E+04  -0.15175E+01   0.52419E+04  -0.17322E+05   0.50707E-01
  0.988   3.112    0.16939E+05  -0.97484E+04   0.14001E+01  -0.99722E+04  -0.17323E+05   0.42099E-01
  0.988   3.112    0.61798E+05  -0.14926E+02   0.82857E-01  -0.15843E+02  -0.63171E+05  -0.10234E-01
  0.988   3.112    0.40320E+04   0.23201E+04   0.12192E+00   0.23713E+04  -0.41132E+04   0.15737E-01
  0.988   3.112    0.16940E+05   0.97486E+04   0.14097E+01   0.99728E+04  -0.17324E+05  -0.42100E-01
  0.988   3.112    0.40322E+04  -0.23202E+04   0.13064E+00  -0.23714E+04  -0.41135E+04  -0.15738E-01
  0.988   3.112    0.61798E+05   0.14280E+02   0.10287E+00   0.13672E+02  -0.63171E+05   0.10234E-01
  1.000   3.132    0.64568E+05  -0.97786E+00   0.12982E-01  -0.21937E+01  -0.65173E+05   0.14762E-05
  1.000   3.132    0.18390E+05  -0.61154E+04  -0.16382E+01  -0.61845E+04  -0.18570E+05  -0.57513E-01
  1.000   3.132    0.18389E+05   0.61158E+04  -0.16416E+01   0.61854E+04  -0.18568E+05   0.57507E-01
  1.000   3.132    0.18391E+05  -0.10077E+05   0.15257E+01  -0.10180E+05  -0.18573E+05   0.46672E-01
  1.000   3.132    0.62399E+05  -0.12408E+04   0.89444E-02  -0.12520E+04  -0.62983E+05  -0.14851E-01
  1.000   3.132    0.43315E+04   0.19839E+04   0.11108E+00   0.20029E+04  -0.43632E+04   0.14416E-01
  1.000   3.132    0.18390E+05   0.10076E+05   0.15051E+01   0.10178E+05  -0.18571E+05  -0.46665E-01
  1.000   3.132    0.43314E+04  -0.19834E+04   0.94092E-01  -0.20024E+04  -0.43636E+04  -0.14417E-01
  1.000   3.132    0.62399E+05   0.12416E+04  -0.36557E-01   0.12541E+04  -0.62982E+05   0.14849E-01
  1.012   3.151    0.66872E+05   0.95418E-01   0.20369E+00  -0.53259E+00  -0.66680E+05  -0.38590E-06
  1.012   3.151    0.19448E+05  -0.72056E+04  -0.15954E+01  -0.71965E+04  -0.19404E+05  -0.62951E-01
  1.012   3.151    0.19447E+05   0.72052E+04  -0.16021E+01   0.71956E+04  -0.19400E+05   0.62947E-01
  1.012   3.151    0.19448E+05  -0.10269E+05   0.15048E+01  -0.10250E+05  -0.19402E+05   0.50876E-01
  1.012   3.151    0.62418E+05  -0.25588E+04  -0.86398E-01  -0.25514E+04  -0.62245E+05  -0.18646E-01
  1.012   3.151    0.42758E+04   0.15310E+04   0.10415E+00   0.15272E+04  -0.42552E+04   0.11850E-01
  1.012   3.151    0.19447E+05   0.10269E+05   0.14940E+01   0.10250E+05  -0.19401E+05  -0.50876E-01
  1.012   3.151    0.42758E+04  -0.15309E+04   0.89612E-01  -0.15273E+04  -0.42557E+04  -0.11851E-01
  1.012   3.151    0.62417E+05   0.25580E+04  -0.11591E+00   0.25513E+04  -0.62243E+05   0.18644E-01
  1.025   3.170    0.68580E+05  -0.65486E+00   0.36973E+00  -0.41685E+00  -0.67541E+05   0.52221E-06
  1.025   3.170    0.19941E+05  -0.82560E+04  -0.16505E+01  -0.81430E+04  -0.19646E+05  -0.65210E-01
  1.025   3.170    0.19941E+05   0.82563E+04  -0.16486E+01   0.81435E+04  -0.19647E+05   0.65210E-01
  1.025   3.170    0.19943E+05  -0.10310E+05   0.15500E+01  -0.10162E+05  -0.19651E+05   0.53683E-01
  1.025   3.170    0.62066E+05  -0.37450E+04  -0.18927E+00  -0.36888E+04  -0.61123E+05  -0.20717E-01
  1.025   3.170    0.38239E+04   0.10194E+04   0.97302E-01   0.10051E+04  -0.37574E+04   0.74954E-02
  1.025   3.170    0.19943E+05   0.10309E+05   0.15561E+01   0.10162E+05  -0.19652E+05  -0.53682E-01
  1.025   3.170    0.38240E+04  -0.10195E+04   0.10117E+00  -0.10052E+04  -0.37574E+04  -0.74955E-02
  1.025   3.170    0.62066E+05   0.37461E+04  -0.17680E+00   0.36900E+04  -0.61124E+05   0.20718E-01
  1.038   3.190    0.69079E+05  -0.98256E+00   0.47903E+00  -0.43135E+01  -0.67213E+05   0.10086E-05
  1.038   3.190    0.19618E+05  -0.90555E+04  -0.16651E+01  -0.88229E+04  -0.19094E+05  -0.62944E-01
  1.038   3.190    0.19618E+05   0.90562E+04  -0.16672E+01   0.88253E+04  -0.19096E+05   0.62941E-01
  1.038   3.190    0.19620E+05  -0.10119E+05   0.15660E+01  -0.98550E+04  -0.19103E+05   0.54233E-01
  1.038   3.190    0.61195E+05  -0.45400E+04  -0.22655E+00  -0.44162E+04  -0.59533E+05  -0.20351E-01
  1.038   3.190    0.29746E+04   0.51480E+03   0.11129E+00   0.50240E+03  -0.28854E+04   0.12335E-02
  1.038   3.190    0.19620E+05   0.10118E+05   0.15543E+01   0.98521E+04  -0.19102E+05  -0.54229E-01
  1.038   3.190    0.29744E+04  -0.51476E+03   0.10122E+00  -0.50242E+03  -0.28851E+04  -0.12339E-02
  1.038   3.190    0.61195E+05   0.45410E+04  -0.25375E+00   0.44211E+04  -0.59533E+05   0.20349E-01
  1.050   3.209    0.67940E+05  -0.69162E+00   0.53356E+00  -0.19984E+01  -0.65285E+05   0.85052E-06
  1.050   3.209    0.18377E+05  -0.94187E+04  -0.17109E+01  -0.90624E+04  -0.17672E+05  -0.55783E-01
  1.050   3.209    0.18377E+05   0.94194E+04  -0.17239E+01   0.90636E+04  -0.17672E+05   0.55779E-01
  1.050   3.209    0.18376E+05  -0.96396E+04   0.15859E+01  -0.92762E+04  -0.17671E+05   0.51989E-01
  1.050   3.209    0.59717E+05  -0.47466E+04  -0.24750E+00  -0.45622E+04  -0.57391E+05  -0.17415E-01
  1.050   3.209    0.18340E+04   0.84452E+02   0.12171E+00   0.82198E+02  -0.17542E+04  -0.64262E-02
  1.050   3.209    0.18375E+05   0.96387E+04   0.15575E+01   0.92745E+04  -0.17670E+05  -0.51984E-01
  1.050   3.209    0.18336E+04  -0.83373E+02   0.10537E+00  -0.81345E+02  -0.17538E+04   0.64265E-02
  1.050   3.209    0.59717E+05   0.47463E+04  -0.30127E+00   0.45611E+04  -0.57391E+05   0.17412E-01
  1.062   3.228    0.65197E+05  -0.54731E+00   0.52298E+00   0.17067E-01  -0.61910E+05   0.33233E-07
  1.062   3.228    0.16354E+05  -0.92799E+04  -0.16692E+01  -0.88258E+04  -0.15540E+05  -0.44671E-01
  1.062   3.228    0.16354E+05   0.92799E+04  -0.16687E+01   0.88259E+04  -0.15539E+05   0.44672E-01
  1.062   3.228    0.16355E+05  -0.88691E+04   0.15405E+01  -0.84327E+04  -0.15544E+05   0.46955E-01
  1.062   3.228    0.57690E+05  -0.43395E+04  -0.26414E+00  -0.41218E+04  -0.54776E+05  -0.12489E-01
  1.062   3.228    0.60168E+03  -0.23603E+03   0.12543E+00  -0.22237E+03  -0.56276E+03  -0.14389E-01
  1.062   3.228    0.16355E+05   0.88689E+04   0.15444E+01   0.84328E+04  -0.15544E+05  -0.46956E-01
  1.062   3.228    0.60183E+03   0.23621E+03   0.12447E+00   0.22268E+03  -0.56306E+03   0.14389E-01
  1.062   3.228    0.57690E+05   0.43416E+04  -0.26179E+00   0.41244E+04  -0.54776E+05   0.12489E-01
  1.075   3.247    0.61315E+05  -0.77580E+00   0.46304E+00  -0.20185E+01  -0.57547E+05  -0.58264E-06
  1.075   3.247    0.13875E+05  -0.87095E+04  -0.16134E+01  -0.81871E+04  -0.13033E+05  -0.31508E-01
  1.075   3.247    0.13876E+05   0.87102E+04  -0.16052E+01   0.81885E+04  -0.13034E+05   0.31506E-01
  1.075   3.247    0.13877E+05  -0.78586E+04   0.14989E+01  -0.73867E+04  -0.13039E+05   0.39644E-01
  1.075   3.247    0.55311E+05  -0.34758E+04  -0.25879E+00  -0.32624E+04  -0.51902E+05  -0.65541E-02
  1.075   3.247   -0.50532E+03  -0.45509E+03   0.12556E+00  -0.42572E+03   0.48263E+03  -0.21372E-01
  1.075   3.247    0.13877E+05   0.78582E+04   0.15132E+01   0.73860E+04  -0.13039E+05  -0.39644E-01
  1.075   3.247   -0.50519E+03   0.45555E+03   0.13950E+00   0.42606E+03   0.48213E+03   0.21372E-01
  1.075   3.247    0.55311E+05   0.34776E+04  -0.19170E+00   0.32661E+04  -0.51902E+05   0.65535E-02
  1.087   3.266    0.56888E+05  -0.28045E-01   0.36204E+00  -0.17022E+01  -0.52783E+05  -0.41402E-06
  1.087   3.266    0.11277E+05  -0.78572E+04  -0.15854E+01  -0.73037E+04  -0.10479E+05  -0.18231E-01
  1.087   3.266    0.11277E+05   0.78573E+04  -0.15861E+01   0.73042E+04  -0.10479E+05   0.18229E-01
  1.087   3.266    0.11277E+05  -0.66782E+04   0.14532E+01  -0.62117E+04  -0.10479E+05   0.30749E-01
  1.087   3.266    0.52769E+05  -0.23891E+04  -0.19266E+00  -0.22176E+04  -0.48962E+05  -0.59010E-03
  1.087   3.266   -0.13388E+04  -0.61324E+03   0.11708E+00  -0.56764E+03   0.12506E+04  -0.26407E-01
  1.087   3.266    0.11277E+05   0.66782E+04   0.14549E+01   0.62111E+04  -0.10479E+05  -0.30748E-01
  1.087   3.266   -0.13389E+04   0.61320E+03   0.12318E+00   0.56739E+03   0.12507E+04   0.26407E-01
  1.087   3.266    0.52769E+05   0.23882E+04  -0.17573E+00   0.22178E+04  -0.48962E+05   0.58932E-03
  1.100   3.284    0.52456E+05   0.12610E+00   0.26106E+00  -0.59206E+00  -0.48157E+05  -0.68795E-06
  1.100   3.284    0.88095E+04  -0.68731E+04  -0.15298E+01  -0.63239E+04  -0.81041E+04  -0.62030E-02
  1.100   3.284    0.88098E+04   0.68732E+04  -0.15329E+01   0.63240E+04  -0.81046E+04   0.62037E-02
  1.100   3.284    0.88096E+04  -0.54019E+04   0.14279E+01  -0.49751E+04  -0.81053E+04   0.20933E-01
  1.100   3.284    0.50242E+05  -0.12840E+04  -0.11996E+00  -0.11800E+04  -0.46121E+05   0.47448E-02
  1.100   3.284   -0.18451E+04  -0.75057E+03   0.11488E+00  -0.68769E+03   0.17024E+04  -0.29087E-01
  1.100   3.284    0.88096E+04   0.54019E+04   0.14189E+01   0.49749E+04  -0.81053E+04  -0.20933E-01
  1.100   3.284   -0.18452E+04   0.75079E+03   0.10729E+00   0.68770E+03   0.17025E+04   0.29087E-01
  1.100   3.284    0.50242E+05   0.12838E+04  -0.13982E+00   0.11804E+04  -0.46121E+05  -0.47445E-02
  1.113   3.303    0.48323E+05   0.88161E+00   0.16374E+00   0.84765E-01  -0.43829E+05  -0.18293E-06
  1.113   3.303    0.66002E+04  -0.58641E+04  -0.15129E+01  -0.53332E+04  -0.60046E+04   0.39193E-02
  1.113   3.303    0.66004E+04   0.58642E+04  -0.15160E+01   0.53334E+04  -0.60051E+04  -0.39163E-02
  1.113   3.303    0.66003E+04  -0.41016E+04   0.14350E+01  -0.37376E+04  -0.60055E+04   0.10753E-01
  1.113   3.303    0.47827E+05  -0.28993E+03  -0.61956E-01  -0.26353E+03  -0.43374E+05   0.91079E-02
  1.113   3.303   -0.20507E+04  -0.88811E+03   0.99358E-01  -0.80403E+03   0.18690E+04  -0.29503E-01
  1.113   3.303    0.66002E+04   0.41017E+04   0.14216E+01   0.37374E+04  -0.60053E+04  -0.10753E-01
  1.113   3.303   -0.20507E+04   0.88799E+03   0.86199E-01   0.80378E+03   0.18690E+04   0.29503E-01
  1.113   3.303    0.47827E+05   0.28907E+03  -0.98029E-01   0.26479E+03  -0.43375E+05  -0.91074E-02
  1.125   3.322    0.44646E+05   0.25978E+01   0.67689E-01   0.54596E+01  -0.39953E+05   0.27444E-06
  1.125   3.322    0.46928E+04  -0.48934E+04  -0.14938E+01  -0.43951E+04  -0.42196E+04   0.12010E-01
  1.125   3.322    0.46924E+04   0.48928E+04  -0.14901E+01   0.43937E+04  -0.42188E+04  -0.12008E-01
  1.125   3.322    0.46927E+04  -0.28432E+04   0.14234E+01  -0.25624E+04  -0.42200E+04   0.69528E-03
  1.125   3.322    0.45583E+05   0.53697E+03  -0.51133E-01   0.47554E+03  -0.40784E+05   0.12373E-01
  1.125   3.322   -0.20234E+04  -0.10249E+04   0.61845E-01  -0.91538E+03   0.18200E+04  -0.28072E-01
  1.125   3.322    0.46921E+04   0.28438E+04   0.14341E+01   0.25640E+04  -0.42193E+04  -0.69488E-03
  1.125   3.322   -0.20235E+04   0.10254E+04   0.71964E-01   0.91615E+03   0.18202E+04   0.28072E-01
  1.125   3.322    0.45583E+05  -0.54261E+03  -0.17224E-01  -0.48727E+03  -0.40785E+05  -0.12373E-01
  1.137   3.340    0.41484E+05   0.24574E+00  -0.19933E-01  -0.18790E+01  -0.36637E+05  -0.10147E-05
  1.137   3.340    0.30766E+04  -0.39888E+04  -0.15611E+01  -0.35404E+04  -0.27395E+04   0.18250E-01
  1.137   3.340    0.30776E+04   0.39891E+04  -0.15656E+01   0.35407E+04  -0.27407E+04  -0.18248E-01
  1.137   3.340    0.30772E+04  -0.16771E+04   0.15273E+01  -0.15028E+04  -0.27403E+04  -0.88436E-02
  1.137   3.340    0.43557E+05   0.11978E+04  -0.13237E-02   0.10577E+04  -0.38459E+05   0.14524E-01
  1.137   3.340   -0.18414E+04  -0.11510E+04   0.41991E-01  -0.10150E+04   0.16365E+04  -0.25335E-01
  1.137   3.340    0.30771E+04   0.16770E+04   0.15284E+01   0.15023E+04  -0.27404E+04   0.88449E-02
  1.137   3.340   -0.18415E+04   0.11516E+04   0.41753E-01   0.10152E+04   0.16366E+04   0.25335E-01
  1.137   3.340    0.43557E+05  -0.11982E+04   0.21747E-01  -0.10550E+04  -0.38459E+05  -0.14524E-01
  1.150   3.358    0.38859E+05   0.10871E+02  -0.81935E-01   0.14751E+02  -0.33908E+05   0.12439E-05
  1.150   3.358    0.17238E+04  -0.31632E+04  -0.15726E+01  -0.27798E+04  -0.15290E+04   0.22942E-01
  1.150   3.358    0.17259E+04   0.31653E+04  -0.15986E+01   0.27806E+04  -0.15316E+04  -0.22922E-01
  1.150   3.358    0.17237E+04  -0.63869E+03   0.17051E+01  -0.58373E+03  -0.15300E+04  -0.17546E-01
  1.150   3.358    0.41828E+05   0.16934E+04   0.30942E+00   0.14663E+04  -0.36501E+05   0.15615E-01
  1.150   3.358   -0.15744E+04  -0.12552E+04   0.77557E-01  -0.10935E+04   0.13861E+04  -0.21807E-01
  1.150   3.358    0.17228E+04   0.63832E+03   0.15418E+01   0.58296E+03  -0.15266E+04   0.17548E-01
  1.150   3.358   -0.15743E+04   0.12558E+04  -0.56662E-01   0.10935E+04   0.13869E+04   0.21802E-01
  1.150   3.358    0.41831E+05  -0.17068E+04  -0.20346E+00  -0.14972E+04  -0.36505E+05  -0.15613E-01
  1.163   3.376    0.36571E+05   0.51962E+00  -0.19236E+00   0.71653E+00  -0.31478E+05  -0.34124E-06
  1.163   3.376    0.57912E+03  -0.23921E+04  -0.17326E+01  -0.20811E+04  -0.52645E+03   0.26420E-01
  1.163   3.376    0.57907E+03   0.23920E+04  -0.17327E+01   0.20809E+04  -0.52615E+03  -0.26420E-01
  1.163   3.376    0.57920E+03   0.27605E+03   0.17181E+01   0.21062E+03  -0.52552E+03  -0.25251E-01
  1.163   3.376    0.40132E+05   0.20579E+04   0.73618E-01   0.17691E+04  -0.34553E+05   0.15781E-01
  1.163   3.376   -0.12566E+04  -0.13236E+04  -0.25694E-01  -0.11373E+04   0.10948E+04  -0.17960E-01
  1.163   3.376    0.57893E+03  -0.27634E+03   0.17338E+01  -0.21075E+03  -0.52540E+03   0.25252E-01
  1.163   3.376   -0.12565E+04   0.13239E+04  -0.95849E-02   0.11378E+04   0.10947E+04   0.17959E-01
  1.163   3.376    0.40132E+05  -0.20590E+04   0.11638E+00  -0.17720E+04  -0.34553E+05  -0.15780E-01
  1.175   3.395    0.34695E+05  -0.66657E+00  -0.27749E+00  -0.11436E+01  -0.29496E+05  -0.21580E-06
  1.175   3.395   -0.38702E+03  -0.16797E+04  -0.18152E+01  -0.14518E+04   0.29848E+03   0.28998E-01
  1.175   3.395   -0.38707E+03   0.16797E+04  -0.18158E+01   0.14516E+04   0.29852E+03  -0.28999E-01
  1.175   3.395   -0.38713E+03   0.10550E+04   0.18531E+01   0.86853E+03   0.29932E+03  -0.31826E-01
  1.175   3.395    0.38666E+05   0.22941E+04   0.12030E+00   0.19504E+04  -0.32866E+05   0.15104E-01
  1.175   3.395   -0.92842E+03  -0.13563E+04  -0.49353E-01  -0.11512E+04   0.80371E+03  -0.14070E-01
  1.175   3.395   -0.38709E+03  -0.10552E+04   0.18659E+01  -0.86859E+03   0.29906E+03   0.31826E-01
  1.175   3.395   -0.92826E+03   0.13561E+04  -0.38497E-01   0.11511E+04   0.80356E+03   0.14070E-01
  1.175   3.395    0.38666E+05  -0.22927E+04   0.15727E+00  -0.19474E+04  -0.32866E+05  -0.15104E-01
  1.188   3.413    0.33113E+05   0.13855E+01  -0.38137E+00   0.35868E+01  -0.27739E+05  -0.53334E-07
  1.188   3.413   -0.12129E+04  -0.10080E+04  -0.20360E+01  -0.87199E+03   0.98115E+03   0.30953E-01
  1.188   3.413   -0.12128E+04   0.10082E+04  -0.20362E+01   0.87233E+03   0.98135E+03  -0.30951E-01
  1.188   3.413   -0.12136E+04   0.17082E+04   0.21102E+01   0.13989E+04   0.98245E+03  -0.37237E-01
  1.188   3.413    0.37265E+05   0.24142E+04   0.21033E+00   0.20200E+04  -0.31216E+05   0.13714E-01
  1.188   3.413   -0.60158E+03  -0.13475E+04  -0.67700E-01  -0.11273E+04   0.52063E+03  -0.10354E-01
  1.188   3.413   -0.12139E+04  -0.17083E+04   0.21038E+01  -0.13991E+04   0.98312E+03   0.37236E-01
  1.188   3.413   -0.60141E+03   0.13479E+04  -0.67014E-01   0.11275E+04   0.52079E+03   0.10352E-01
  1.188   3.413    0.37265E+05  -0.24111E+04   0.18649E+00  -0.20224E+04  -0.31216E+05  -0.13717E-01
  1.200   3.430    0.31716E+05   0.18845E+01  -0.58316E+00   0.75570E+01  -0.26167E+05  -0.11485E-05
  1.200   3.430   -0.19292E+04  -0.35857E+03  -0.24743E+01  -0.32793E+03   0.15493E+04   0.32507E-01
  1.200   3.430   -0.19292E+04   0.35881E+03  -0.24554E+01   0.32975E+03   0.15487E+04  -0.32506E-01
  1.200   3.430   -0.19291E+04   0.22470E+04   0.26335E+01   0.18144E+04   0.15490E+04  -0.41466E-01
  1.200   3.430    0.35901E+05   0.24217E+04   0.43939E+00   0.20008E+04  -0.29597E+05   0.11726E-01
  1.200   3.430   -0.28772E+03  -0.12922E+04  -0.38239E-01  -0.10647E+04   0.25833E+03  -0.69047E-02
  1.200   3.430   -0.19299E+04  -0.22480E+04   0.25287E+01  -0.18167E+04   0.15517E+04   0.41466E-01
  1.200   3.430   -0.28733E+03   0.12925E+04  -0.13299E+00   0.10643E+04   0.25757E+03   0.69031E-02
  1.200   3.430    0.35901E+05  -0.24202E+04   0.14892E+00  -0.19944E+04  -0.29597E+05  -0.11728E-01
  1.213   3.448    0.30445E+05  -0.25059E+01  -0.79011E+00  -0.21311E+01  -0.24736E+05  -0.99708E-06
  1.213   3.448   -0.25557E+04   0.28022E+03  -0.28064E+01   0.18821E+03   0.20271E+04   0.33844E-01
  1.213   3.448   -0.25563E+04  -0.28096E+03  -0.27996E+01  -0.18900E+03   0.20277E+04  -0.33844E-01
  1.213   3.448   -0.25575E+04   0.26695E+04   0.28982E+01   0.21239E+04   0.20316E+04  -0.44494E-01
  1.213   3.448    0.34455E+05   0.23250E+04   0.34783E+00   0.18915E+04  -0.27962E+05   0.92036E-02
  1.213   3.448    0.95475E+01  -0.11846E+04  -0.93278E-01  -0.96134E+03   0.16137E+02  -0.37502E-02
  1.213   3.448   -0.25571E+04  -0.26693E+04   0.29236E+01  -0.21232E+04   0.20310E+04   0.44493E-01
  1.213   3.448    0.97101E+01   0.11849E+04  -0.74233E-01   0.96184E+03   0.15973E+02   0.37510E-02
  1.213   3.448    0.34455E+05  -0.23216E+04   0.44360E+00  -0.18871E+04  -0.27962E+05  -0.92006E-02
  1.225   3.466    0.29108E+05  -0.96565E+00  -0.11440E+01  -0.14061E+02  -0.23101E+05   0.23552E-05
  1.225   3.466   -0.30967E+04   0.92025E+03  -0.35254E+01   0.67905E+03   0.24015E+04   0.35135E-01
  1.225   3.466   -0.30961E+04  -0.92018E+03  -0.35834E+01  -0.68149E+03   0.24008E+04  -0.35135E-01
  1.225   3.466   -0.30962E+04   0.29655E+04   0.35291E+01   0.23064E+04   0.24023E+04  -0.46360E-01
  1.225   3.466    0.32779E+05   0.21131E+04   0.43218E+00   0.16834E+04  -0.26038E+05   0.62085E-02
  1.225   3.466    0.28309E+03  -0.10129E+04  -0.11098E+00  -0.80324E+03  -0.19499E+03  -0.87312E-03
  1.225   3.466   -0.30957E+04  -0.29649E+04   0.36347E+01  -0.23026E+04   0.23984E+04   0.46360E-01
  1.225   3.466    0.28286E+03   0.10131E+04  -0.26731E-01   0.80469E+03  -0.19471E+03   0.87344E-03
  1.225   3.466    0.32779E+05  -0.21160E+04   0.70436E+00  -0.16803E+04  -0.26037E+05  -0.62078E-02
  1.238   3.484    0.27574E+05  -0.15878E+01  -0.17040E+01   0.24163E+01  -0.21316E+05  -0.19153E-07
  1.238   3.484   -0.35408E+04   0.15586E+04  -0.46062E+01   0.11404E+04   0.26673E+04   0.36507E-01
  1.238   3.484   -0.35407E+04  -0.15587E+04  -0.45829E+01  -0.11393E+04   0.26668E+04  -0.36503E-01
  1.238   3.484   -0.35403E+04   0.31170E+04   0.45892E+01   0.23499E+04   0.26653E+04  -0.47122E-01
  1.238   3.484    0.30696E+05   0.17965E+04   0.89414E+00   0.13903E+04  -0.23758E+05   0.28455E-02
  1.238   3.484    0.52538E+03  -0.76999E+03   0.12352E-01  -0.59764E+03  -0.36845E+03   0.17996E-02
  1.238   3.484   -0.35398E+04  -0.31167E+04   0.45732E+01  -0.23508E+04   0.26658E+04   0.47121E-01
  1.238   3.484    0.52537E+03   0.77031E+03   0.21673E-01   0.59807E+03  -0.36825E+03  -0.17994E-02
  1.238   3.484    0.30696E+05  -0.17954E+04   0.81749E+00  -0.14016E+04  -0.23758E+05  -0.28450E-02
  1.250   3.501    0.25303E+05   0.77363E+01  -0.25515E+01   0.20252E+02  -0.18790E+05  -0.73862E-06
  1.250   3.501   -0.38118E+04   0.21464E+04  -0.62932E+01   0.15101E+04   0.27592E+04   0.38071E-01
  1.250   3.501   -0.38111E+04  -0.21438E+04  -0.63152E+01  -0.15018E+04   0.27548E+04  -0.38079E-01
  1.250   3.501   -0.38090E+04   0.30571E+04   0.56787E+01   0.22072E+04   0.27391E+04  -0.46889E-01
  1.250   3.501    0.27667E+05   0.13438E+04   0.98596E+00   0.98359E+03  -0.20728E+05  -0.85754E-03
  1.250   3.501    0.71824E+03  -0.44980E+03   0.64501E-01  -0.34019E+03  -0.48890E+03   0.43715E-02
  1.250   3.501   -0.38102E+04  -0.30595E+04   0.59819E+01  -0.22117E+04   0.27398E+04   0.46889E-01
  1.250   3.501    0.71776E+03   0.45046E+03   0.40969E+00   0.34397E+03  -0.48726E+03  -0.43702E-02
  1.250   3.501    0.27668E+05  -0.13651E+04   0.17279E+01  -0.10605E+04  -0.20731E+05   0.85880E-03
