  0.000   0.000    0.00000E+00   0.00000E+00   0.00000E+00   0.00000E+00   0.00000E+00   0.00000E+00
  0.000   0.000    0.00000E+00   0.00000E+00   0.00000E+00   0.00000E+00   0.00000E+00   0.00000E+00
  0.000   0.000    0.00000E+00   0.00000E+00   0.00000E+00   0.00000E+00   0.00000E+00   0.00000E+00
  0.000   0.000    0.00000E+00   0.00000E+00   0.00000E+00   0.00000E+00   0.00000E+00   0.00000E+00
  0.000   0.000    0.00000E+00   0.00000E+00   0.00000E+00   0.00000E+00   0.00000E+00   0.00000E+00
  0.000   0.000    0.00000E+00   0.00000E+00   0.00000E+00   0.00000E+00   0.00000E+00   0.00000E+00
  0.000   0.000    0.00000E+00   0.00000E+00   0.00000E+00   0.00000E+00   0.00000E+00   0.00000E+00
  0.000   0.000    0.00000E+00   0.00000E+00   0.00000E+00   0.00000E+00   0.00000E+00   0.00000E+00
  0.000   0.000    0.00000E+00   0.00000E+00   0.00000E+00   0.00000E+00   0.00000E+00   0.00000E+00
 -1.000  -1.000    0.00000E+00   0.00000E+00   0.00000E+00   0.00000E+00   0.00000E+00   0.00000E+00
 -1.000  -1.000    0.00000E+00   0.00000E+00   0.00000E+00   0.00000E+00   0.00000E+00   0.00000E+00
 -1.000  -1.000    0.00000E+00   0.00000E+00   0.00000E+00   0.00000E+00   0.00000E+00   0.00000E+00
 -1.000  -1.000    0.00000E+00   0.00000E+00   0.00000E+00   0.00000E+00   0.00000E+00   0.00000E+00
 -1.000  -1.000    0.00000E+00   0.00000E+00   0.00000E+00   0.00000E+00   0.00000E+00   0.00000E+00
 -1.000  -1.000    0.00000E+00   0.00000E+00   0.00000E+00   0.00000E+00   0.00000E+00   0.00000E+00
 -1.000  -1.000    0.00000E+00   0.00000E+00   0.00000E+00   0.00000E+00   0.00000E+00   0.00000E+00
 -1.000  -1.000    0.00000E+00   0.00000E+00   0.00000E+00   0.00000E+00   0.00000E+00   0.00000E+00
 -1.000  -1.000    0.00000E+00   0.00000E+00   0.00000E+00   0.00000E+00   0.00000E+00   0.00000E+00
  0.013   0.333   -0.18777E+03   0.39346E-04   0.26997E+02   0.18765E-03   0.95578E+03  -0.21687E-11
  0.013   0.333   -0.19444E+03  -0.48011E+01  -0.92199E+02  -0.22904E+02   0.98734E+03   0.29331E-06
  0.013   0.333   -0.19444E+03   0.48011E+01  -0.92199E+02   0.22904E+02   0.98734E+03  -0.29331E-06
  0.013   0.333   -0.19394E+03  -0.53416E+01   0.10887E+03  -0.27095E+02   0.98734E+03   0.72871E-08
  0.013   0.333   -0.20412E+03  -0.94288E+01  -0.13505E+02  -0.46464E+02   0.10364E+04   0.30230E-06
  0.013   0.333   -0.20299E+03   0.70531E+00  -0.16671E+02   0.20955E+01   0.10307E+04  -0.31243E-06
  0.013   0.333   -0.19394E+03   0.53418E+01   0.10888E+03   0.27096E+02   0.98733E+03  -0.72997E-08
  0.013   0.333   -0.20299E+03  -0.70510E+00  -0.16659E+02  -0.20944E+01   0.10307E+04   0.31243E-06
  0.013   0.333   -0.20412E+03   0.94288E+01  -0.13493E+02   0.46464E+02   0.10364E+04  -0.30230E-06
  0.025   0.494   -0.22050E+04   0.99304E-04   0.19760E+03   0.14142E-02   0.10964E+05  -0.54987E-10
  0.025   0.494   -0.22314E+04  -0.76364E+02  -0.10483E+04  -0.36150E+03   0.11072E+05   0.35167E-05
  0.025   0.494   -0.22314E+04   0.76365E+02  -0.10483E+04   0.36150E+03   0.11072E+05  -0.35162E-05
  0.025   0.494   -0.22258E+04  -0.95721E+02   0.11841E+04  -0.47430E+03   0.11072E+05   0.87470E-07
  0.025   0.494   -0.24241E+04  -0.12629E+03  -0.98771E+02  -0.61169E+03   0.12025E+05   0.36636E-05
  0.025   0.494   -0.23779E+04   0.14522E+02  -0.13553E+03   0.56324E+02   0.11797E+05  -0.38673E-05
  0.025   0.494   -0.22258E+04   0.95716E+02   0.11840E+04   0.47427E+03   0.11072E+05  -0.87829E-07
  0.025   0.494   -0.23779E+04  -0.14530E+02  -0.13560E+03  -0.56368E+02   0.11797E+05   0.38674E-05
  0.025   0.494   -0.24241E+04   0.12629E+03  -0.98845E+02   0.61168E+03   0.12025E+05  -0.36636E-05
  0.038   0.606   -0.81331E+04  -0.70784E-02   0.53259E+03  -0.35400E-01   0.39543E+05   0.15133E-09
  0.038   0.606   -0.78623E+04  -0.41444E+03  -0.35517E+04  -0.19468E+04   0.38163E+05   0.12979E-04
  0.038   0.606   -0.78623E+04   0.41444E+03  -0.35517E+04   0.19467E+04   0.38163E+05  -0.12980E-04
  0.038   0.606   -0.78428E+04  -0.54486E+03   0.39550E+04  -0.26405E+04   0.38162E+05   0.31137E-06
  0.038   0.606   -0.90575E+04  -0.53290E+03  -0.26620E+03  -0.25376E+04   0.43945E+05   0.13702E-04
  0.038   0.606   -0.86849E+04   0.81980E+02  -0.40255E+03   0.34634E+03   0.42143E+05  -0.14972E-04
  0.038   0.606   -0.78428E+04   0.54482E+03   0.39547E+04   0.26403E+04   0.38163E+05  -0.31008E-06
  0.038   0.606   -0.86849E+04  -0.82039E+02  -0.40277E+03  -0.34662E+03   0.42143E+05   0.14971E-04
  0.038   0.606   -0.90575E+04   0.53290E+03  -0.26644E+03   0.25376E+04   0.43945E+05  -0.13702E-04
  0.050   0.700   -0.19369E+05  -0.58248E-01   0.91107E+03  -0.29919E+00   0.92055E+05   0.99696E-09
  0.050   0.700   -0.17403E+05  -0.14539E+04  -0.76258E+04  -0.67449E+04   0.82616E+05   0.30420E-04
  0.050   0.700   -0.17403E+05   0.14539E+04  -0.76258E+04   0.67445E+04   0.82616E+05  -0.30443E-04
  0.050   0.700   -0.17360E+05  -0.19278E+04   0.84126E+04  -0.91356E+04   0.82616E+05   0.68490E-06
  0.050   0.700   -0.21890E+05  -0.14536E+04  -0.45558E+03  -0.67990E+04   0.10385E+06   0.32699E-04
  0.050   0.700   -0.20316E+05   0.27404E+03  -0.78559E+03   0.11942E+04   0.96395E+05  -0.37547E-04
  0.050   0.700   -0.17360E+05   0.19279E+04   0.84126E+04   0.91358E+04   0.82616E+05  -0.67092E-06
  0.050   0.700   -0.20316E+05  -0.27397E+03  -0.78560E+03  -0.11939E+04   0.96395E+05   0.37544E-04
  0.050   0.700   -0.21890E+05   0.14537E+04  -0.45555E+03   0.67994E+04   0.10385E+06  -0.32701E-04
  0.062   0.783   -0.36607E+05  -0.12586E+00   0.10143E+04  -0.58078E+00   0.16999E+06   0.26743E-08
  0.062   0.783   -0.29390E+05  -0.39618E+04  -0.12886E+05  -0.18081E+05   0.13640E+06   0.55256E-04
  0.062   0.783   -0.29389E+05   0.39617E+04  -0.12887E+05   0.18081E+05   0.13640E+06  -0.55268E-04
  0.062   0.783   -0.29315E+05  -0.51661E+04   0.14029E+05  -0.23930E+05   0.13640E+06   0.11233E-05
  0.062   0.783   -0.41974E+05  -0.30941E+04  -0.50718E+03  -0.14198E+05   0.19462E+06   0.60954E-04
  0.062   0.783   -0.37272E+05   0.66560E+03  -0.11397E+04   0.29207E+04   0.17286E+06  -0.74887E-04
  0.062   0.783   -0.29315E+05   0.51662E+04   0.14029E+05   0.23931E+05   0.13640E+06  -0.10837E-05
  0.062   0.783   -0.37272E+05  -0.66541E+03  -0.11398E+04  -0.29198E+04   0.17286E+06   0.74887E-04
  0.062   0.783   -0.41974E+05   0.30944E+04  -0.50714E+03   0.14199E+05   0.19462E+06  -0.60948E-04
  0.075   0.858   -0.60101E+05   0.27619E-01   0.40439E+03   0.11485E+00   0.27245E+06  -0.90739E-09
  0.075   0.858   -0.40486E+05  -0.91347E+04  -0.18735E+05  -0.40892E+05   0.18358E+06   0.83539E-04
  0.075   0.858   -0.40486E+05   0.91347E+04  -0.18735E+05   0.40892E+05   0.18358E+06  -0.83590E-04
  0.075   0.858   -0.40378E+05  -0.11457E+05   0.19971E+05  -0.51834E+05   0.18358E+06   0.14041E-05
  0.075   0.858   -0.69572E+05  -0.54602E+04  -0.20216E+03  -0.24544E+05   0.31502E+06   0.96014E-04
  0.075   0.858   -0.58300E+05   0.12518E+04  -0.12316E+04   0.54604E+04   0.26404E+06  -0.12924E-03
  0.075   0.858   -0.40378E+05   0.11457E+05   0.19971E+05   0.51833E+05   0.18358E+06  -0.14306E-05
  0.075   0.858   -0.58300E+05  -0.12520E+04  -0.12316E+04  -0.54612E+04   0.26404E+06   0.12924E-03
  0.075   0.858   -0.69572E+05   0.54600E+04  -0.20222E+03   0.24543E+05   0.31502E+06  -0.96025E-04
  0.088   0.926   -0.90710E+05  -0.12317E+00  -0.12680E+04  -0.70835E+00   0.40138E+06   0.41019E-09
  0.088   0.926   -0.46077E+05  -0.18784E+05  -0.24569E+05  -0.82358E+05   0.20418E+06   0.10877E-03
  0.088   0.926   -0.46077E+05   0.18784E+05  -0.24569E+05   0.82357E+05   0.20418E+06  -0.10884E-03
  0.088   0.926   -0.45940E+05  -0.22138E+05   0.25407E+05  -0.97821E+05   0.20418E+06   0.15114E-05
  0.088   0.926   -0.10475E+06  -0.80905E+04   0.63387E+03  -0.35605E+05   0.46315E+06   0.13420E-03
  0.088   0.926   -0.81520E+05   0.17910E+04  -0.83202E+03   0.77121E+04   0.36053E+06  -0.20367E-03
  0.088   0.926   -0.45940E+05   0.22138E+05   0.25407E+05   0.97823E+05   0.20418E+06  -0.14303E-05
  0.088   0.926   -0.81520E+05  -0.17900E+04  -0.83180E+03  -0.77076E+04   0.36053E+06   0.20366E-03
  0.088   0.926   -0.10475E+06   0.80906E+04   0.63430E+03   0.35607E+05   0.46315E+06  -0.13421E-03
  0.100   0.990   -0.13102E+06   0.34266E+00  -0.40582E+04   0.14977E+01   0.56584E+06   0.22190E-07
  0.100   0.990   -0.40961E+05  -0.35604E+05  -0.29885E+05  -0.15275E+06   0.17752E+06   0.12145E-03
  0.100   0.990   -0.40961E+05   0.35605E+05  -0.29885E+05   0.15275E+06   0.17752E+06  -0.12117E-03
  0.100   0.990   -0.40804E+05  -0.38470E+05   0.29716E+05  -0.16601E+06   0.17751E+06   0.12589E-05
  0.100   0.990   -0.14793E+06  -0.97446E+04   0.20293E+04  -0.41980E+05   0.63869E+06   0.17071E-03
  0.100   0.990   -0.10516E+06   0.15584E+04   0.17654E+03   0.65892E+04   0.45414E+06  -0.30276E-03
  0.100   0.990   -0.40804E+05   0.38470E+05   0.29716E+05   0.16601E+06   0.17752E+06  -0.15754E-05
  0.100   0.990   -0.10516E+06  -0.15588E+04   0.17660E+03  -0.65912E+04   0.45414E+06   0.30275E-03
  0.100   0.990   -0.14793E+06   0.97440E+04   0.20292E+04   0.41977E+05   0.63869E+06  -0.17074E-03
  0.113   1.050   -0.18584E+06   0.30371E-01  -0.76054E+04   0.15144E+00   0.78264E+06  -0.36990E-08
  0.113   1.050   -0.20039E+05  -0.63317E+05  -0.34244E+05  -0.26540E+06   0.85314E+05   0.10804E-03
  0.113   1.050   -0.20039E+05   0.63317E+05  -0.34244E+05   0.26540E+06   0.85314E+05  -0.10829E-03
  0.113   1.050   -0.19877E+05  -0.61290E+05   0.32537E+05  -0.25807E+06   0.85315E+05   0.22330E-05
  0.113   1.050   -0.20006E+06  -0.81890E+04   0.38030E+04  -0.34545E+05   0.84263E+06   0.20103E-03
  0.113   1.050   -0.12809E+06  -0.88802E+03   0.17149E+04  -0.37283E+04   0.53957E+06  -0.43317E-03
  0.113   1.050   -0.19876E+05   0.61291E+05   0.32537E+05   0.25807E+06   0.85312E+05  -0.21924E-05
  0.113   1.050   -0.12809E+06   0.88882E+03   0.17150E+04   0.37315E+04   0.53957E+06   0.43319E-03
  0.113   1.050   -0.20006E+06   0.81889E+04   0.38032E+04   0.34544E+05   0.84263E+06  -0.20102E-03
  0.125   1.107   -0.26181E+06   0.12105E+01  -0.11092E+05   0.47612E+01   0.10755E+07   0.32021E-07
  0.125   1.107    0.20695E+05  -0.10626E+06  -0.37110E+05  -0.43504E+06  -0.83897E+05   0.54867E-04
  0.125   1.107    0.20695E+05   0.10626E+06  -0.37110E+05   0.43505E+06  -0.83896E+05  -0.54196E-04
  0.125   1.107    0.20850E+05  -0.90807E+05   0.33661E+05  -0.37313E+06  -0.83903E+05   0.64761E-05
  0.125   1.107   -0.26272E+06  -0.50349E+03   0.55470E+04  -0.23292E+04   0.10797E+07   0.22633E-03
  0.125   1.107   -0.15023E+06  -0.76166E+04   0.34566E+04  -0.31057E+05   0.61739E+06  -0.61096E-03
  0.125   1.107    0.20848E+05   0.90806E+05   0.33661E+05   0.37313E+06  -0.83894E+05  -0.67407E-05
  0.125   1.107   -0.15023E+06   0.76138E+04   0.34565E+04   0.31046E+05   0.61739E+06   0.61089E-03
  0.125   1.107   -0.26272E+06   0.50262E+03   0.55465E+04   0.23266E+04   0.10797E+07  -0.22640E-03
  0.138   1.161   -0.36217E+06   0.49859E-02  -0.13295E+05   0.58482E+00   0.14500E+07   0.82608E-07
  0.138   1.161    0.82299E+05  -0.16613E+06  -0.37701E+05  -0.66349E+06  -0.32832E+06  -0.56291E-04
  0.138   1.161    0.82299E+05   0.16613E+06  -0.37701E+05   0.66349E+06  -0.32832E+06   0.56486E-04
  0.138   1.161    0.82431E+05  -0.12579E+06   0.32882E+05  -0.50387E+06  -0.32832E+06   0.19576E-04
  0.138   1.161   -0.33540E+06   0.15469E+05   0.66481E+04   0.61469E+05   0.13436E+07   0.24184E-03
  0.138   1.161   -0.17092E+06  -0.20082E+05   0.48236E+04  -0.79915E+05   0.68453E+06  -0.84517E-03
  0.138   1.161    0.82430E+05   0.12579E+06   0.32882E+05   0.50387E+06  -0.32832E+06  -0.19946E-04
  0.138   1.161   -0.17092E+06   0.20082E+05   0.48236E+04   0.79913E+05   0.68453E+06   0.84513E-03
  0.138   1.161   -0.33540E+06  -0.15469E+05   0.66480E+04  -0.61470E+05   0.13436E+07  -0.24189E-03
  0.150   1.213   -0.48066E+06   0.79049E-02  -0.12921E+05   0.29484E-01   0.18773E+07   0.20533E-07
  0.150   1.213    0.15941E+06  -0.23671E+06  -0.35154E+05  -0.92278E+06  -0.62151E+06  -0.23436E-03
  0.150   1.213    0.15941E+06   0.23671E+06  -0.35154E+05   0.92278E+06  -0.62151E+06   0.23507E-03
  0.150   1.213    0.15951E+06  -0.16397E+06   0.30011E+05  -0.64079E+06  -0.62152E+06   0.50094E-04
  0.150   1.213   -0.41502E+06   0.37897E+05   0.64609E+04   0.14739E+06   0.16220E+07   0.25025E-03
  0.150   1.213   -0.18812E+06  -0.36312E+05   0.51420E+04  -0.14109E+06   0.73487E+06  -0.11576E-02
  0.150   1.213    0.15951E+06   0.16397E+06   0.30011E+05   0.64079E+06  -0.62151E+06  -0.50304E-04
  0.150   1.213   -0.18812E+06   0.36309E+05   0.51419E+04   0.14108E+06   0.73487E+06   0.11575E-02
  0.150   1.213   -0.41502E+06  -0.37896E+05   0.64605E+04  -0.14738E+06   0.16220E+07  -0.25037E-03
  0.163   1.262   -0.59197E+06   0.10394E+01  -0.94796E+04   0.10159E+02   0.22521E+07   0.38515E-06
  0.163   1.262    0.23695E+06  -0.29759E+06  -0.29303E+05  -0.11304E+07  -0.90048E+06  -0.46239E-03
  0.163   1.262    0.23695E+06   0.29759E+06  -0.29303E+05   0.11304E+07  -0.90048E+06   0.46798E-03
  0.163   1.262    0.23701E+06  -0.20083E+06   0.25218E+05  -0.76449E+06  -0.90048E+06   0.10783E-03
  0.163   1.262   -0.49114E+06   0.58191E+05   0.47397E+04   0.22065E+06   0.18697E+07   0.22883E-03
  0.163   1.262   -0.19531E+06  -0.48337E+05   0.40792E+04  -0.18296E+06   0.74297E+06  -0.15352E-02
  0.163   1.262    0.23701E+06   0.20083E+06   0.25218E+05   0.76449E+06  -0.90049E+06  -0.10979E-03
  0.163   1.262   -0.19531E+06   0.48339E+05   0.40795E+04   0.18297E+06   0.74297E+06   0.15343E-02
  0.163   1.262   -0.49114E+06  -0.58195E+05   0.47396E+04  -0.22068E+06   0.18697E+07  -0.22994E-03
  0.175   1.310   -0.66596E+06   0.19726E+01  -0.40858E+04   0.93398E+01   0.24713E+07   0.80801E-07
  0.175   1.310    0.29683E+06  -0.32491E+06  -0.21462E+05  -0.12039E+07  -0.11007E+07  -0.72455E-03
  0.175   1.310    0.29682E+06   0.32491E+06  -0.21462E+05   0.12039E+07  -0.11007E+07   0.72451E-03
  0.175   1.310    0.29684E+06  -0.23170E+06   0.19381E+05  -0.86025E+06  -0.11007E+07   0.20916E-03
  0.175   1.310   -0.55279E+06   0.65285E+05   0.20422E+04   0.24151E+06   0.20526E+07   0.17751E-03
  0.175   1.310   -0.18583E+06  -0.46565E+05   0.20716E+04  -0.17176E+06   0.68929E+06  -0.19727E-02
  0.175   1.310    0.29684E+06   0.23170E+06   0.19381E+05   0.86025E+06  -0.11007E+07  -0.20921E-03
  0.175   1.310   -0.18583E+06   0.46567E+05   0.20717E+04   0.17176E+06   0.68929E+06   0.19727E-02
  0.175   1.310   -0.55279E+06  -0.65289E+05   0.20422E+04  -0.24153E+06   0.20526E+07  -0.17744E-03
  0.188   1.356   -0.68774E+06   0.11320E+01   0.11795E+04   0.45726E+01   0.24865E+07   0.33774E-07
  0.188   1.356    0.32910E+06  -0.30937E+06  -0.13804E+05  -0.11168E+07  -0.11892E+07  -0.97333E-03
  0.188   1.356    0.32910E+06   0.30937E+06  -0.13804E+05   0.11168E+07  -0.11892E+07   0.97230E-03
  0.188   1.356    0.32908E+06  -0.25162E+06   0.13753E+05  -0.91004E+06  -0.11892E+07   0.36273E-03
  0.188   1.356   -0.59242E+06   0.54968E+05  -0.59077E+03   0.19801E+06   0.21431E+07   0.57650E-04
  0.188   1.356   -0.15729E+06  -0.28839E+05   0.40812E+02  -0.10321E+06   0.56813E+06  -0.24402E-02
  0.188   1.356    0.32908E+06   0.25163E+06   0.13753E+05   0.91004E+06  -0.11892E+07  -0.36262E-03
  0.188   1.356   -0.15729E+06   0.28842E+05   0.40894E+02   0.10322E+06   0.56813E+06   0.24403E-02
  0.188   1.356   -0.59242E+06  -0.54970E+05  -0.59070E+03  -0.19802E+06   0.21431E+07  -0.57452E-04
  0.200   1.400   -0.66827E+06  -0.25795E+01   0.48606E+04  -0.99204E+01   0.23541E+07  -0.13477E-06
  0.200   1.400    0.33731E+06  -0.26301E+06  -0.78209E+04  -0.92497E+06  -0.11876E+07  -0.12098E-02
  0.200   1.400    0.33731E+06   0.26301E+06  -0.78210E+04   0.92496E+06  -0.11876E+07   0.12107E-02
  0.200   1.400    0.33725E+06  -0.25765E+06   0.91801E+04  -0.90771E+06  -0.11876E+07   0.57944E-03
  0.200   1.400   -0.61148E+06   0.32718E+05  -0.24313E+04   0.11459E+06   0.21552E+07  -0.13169E-03
  0.200   1.400   -0.11407E+06  -0.26611E+04  -0.13678E+04  -0.83798E+04   0.40110E+06  -0.29392E-02
  0.200   1.400    0.33725E+06   0.25765E+06   0.91802E+04   0.90772E+06  -0.11876E+07  -0.57977E-03
  0.200   1.400   -0.11407E+06   0.26602E+04  -0.13678E+04   0.83764E+04   0.40110E+06   0.29392E-02
  0.200   1.400   -0.61148E+06  -0.32716E+05  -0.24312E+04  -0.11458E+06   0.21552E+07   0.13160E-03
  0.213   1.444   -0.62648E+06   0.14102E+01   0.67069E+04   0.32883E+01   0.21514E+07   0.36519E-06
  0.213   1.444    0.32973E+06  -0.20398E+06  -0.37790E+04  -0.69913E+06  -0.11318E+07  -0.14433E-02
  0.213   1.444    0.32973E+06   0.20398E+06  -0.37790E+04   0.69913E+06  -0.11318E+07   0.14416E-02
  0.213   1.444    0.32964E+06  -0.24850E+06   0.58326E+04  -0.85322E+06  -0.11318E+07   0.86346E-03
  0.213   1.444   -0.61463E+06   0.67881E+04  -0.33542E+04   0.22716E+05   0.21117E+07  -0.39161E-03
  0.213   1.444   -0.62534E+05   0.22260E+05  -0.20598E+04   0.77310E+05   0.21386E+06  -0.34563E-02
  0.213   1.444    0.32964E+06   0.24850E+06   0.58325E+04   0.85322E+06  -0.11318E+07  -0.86282E-03
  0.213   1.444   -0.62533E+05  -0.22259E+05  -0.20599E+04  -0.77309E+05   0.21386E+06   0.34560E-02
  0.213   1.444   -0.61463E+06  -0.67865E+04  -0.33539E+04  -0.22709E+05   0.21117E+07   0.39145E-03
  0.225   1.485   -0.57778E+06  -0.24855E+01   0.71411E+04  -0.82003E+01   0.19334E+07  -0.17204E-06
  0.225   1.485    0.31333E+06  -0.14556E+06  -0.12655E+04  -0.48592E+06  -0.10480E+07  -0.16867E-02
  0.225   1.485    0.31333E+06   0.14556E+06  -0.12655E+04   0.48592E+06  -0.10480E+07   0.16866E-02
  0.225   1.485    0.31322E+06  -0.22516E+06   0.34933E+04  -0.75308E+06  -0.10480E+07   0.12042E-02
  0.225   1.485   -0.60730E+06  -0.17074E+05  -0.35707E+04  -0.57657E+05   0.20330E+07  -0.70827E-03
  0.225   1.485   -0.80651E+04   0.39779E+05  -0.22320E+04   0.13382E+06   0.26005E+05  -0.39890E-02
  0.225   1.485    0.31322E+06   0.22516E+06   0.34934E+04   0.75308E+06  -0.10480E+07  -0.12043E-02
  0.225   1.485   -0.80657E+04  -0.39783E+05  -0.22319E+04  -0.13384E+06   0.26007E+05   0.39890E-02
  0.225   1.485   -0.60730E+06   0.17080E+05  -0.35708E+04   0.57678E+05   0.20330E+07   0.70829E-03
  0.238   1.526   -0.53137E+06  -0.56432E+01   0.66912E+04  -0.20269E+02   0.17328E+07   0.17125E-06
  0.238   1.526    0.29209E+06  -0.93989E+05   0.23829E+03  -0.30554E+06  -0.95207E+06  -0.19487E-02
  0.238   1.526    0.29210E+06   0.93990E+05   0.23835E+03   0.30554E+06  -0.95207E+06   0.19483E-02
  0.238   1.526    0.29197E+06  -0.19035E+06   0.18660E+04  -0.62022E+06  -0.95207E+06   0.15871E-02
  0.238   1.526   -0.59419E+06  -0.36279E+05  -0.33454E+04  -0.11877E+06   0.19385E+07  -0.10792E-02
  0.238   1.526    0.45544E+05   0.48141E+05  -0.21067E+04   0.15755E+06  -0.14956E+06  -0.45350E-02
  0.238   1.526    0.29197E+06   0.19035E+06   0.18661E+04   0.62021E+06  -0.95207E+06  -0.15870E-02
  0.238   1.526    0.45543E+05  -0.48148E+05  -0.21066E+04  -0.15757E+06  -0.14956E+06   0.45349E-02
  0.238   1.526   -0.59419E+06   0.36290E+05  -0.33454E+04   0.11881E+06   0.19385E+07   0.10790E-02
  0.250   1.566   -0.49185E+06  -0.88029E-01   0.57646E+04   0.26039E+00   0.15631E+07  -0.12946E-06
  0.250   1.566    0.26742E+06  -0.50752E+05   0.11313E+04  -0.16050E+06  -0.84941E+06  -0.22268E-02
  0.250   1.566    0.26742E+06   0.50751E+05   0.11313E+04   0.16049E+06  -0.84941E+06   0.22269E-02
  0.250   1.566    0.26729E+06  -0.14764E+06   0.70540E+03  -0.46852E+06  -0.84941E+06   0.19794E-02
  0.250   1.566   -0.57841E+06  -0.49960E+05  -0.28818E+04  -0.15918E+06   0.18389E+07  -0.14865E-02
  0.250   1.566    0.95347E+05   0.48389E+05  -0.18375E+04   0.15419E+06  -0.30406E+06  -0.50801E-02
  0.250   1.566    0.26729E+06   0.14764E+06   0.70548E+03   0.46852E+06  -0.84941E+06  -0.19794E-02
  0.250   1.566    0.95346E+05  -0.48388E+05  -0.18374E+04  -0.15418E+06  -0.30405E+06   0.50804E-02
  0.250   1.566   -0.57841E+06   0.49959E+05  -0.28819E+04   0.15917E+06   0.18389E+07   0.14867E-02
  0.263   1.604   -0.46175E+06  -0.62627E+00   0.46223E+04  -0.91678E+00   0.14292E+07  -0.17837E-06
  0.263   1.604    0.23907E+06  -0.15165E+05   0.16710E+04  -0.46285E+05  -0.73948E+06  -0.25042E-02
  0.263   1.604    0.23907E+06   0.15163E+05   0.16710E+04   0.46283E+05  -0.73948E+06   0.25040E-02
  0.263   1.604    0.23894E+06  -0.10087E+06  -0.16162E+03  -0.31141E+06  -0.73948E+06   0.23265E-02
  0.263   1.604   -0.56180E+06  -0.57713E+05  -0.23106E+04  -0.17898E+06   0.17395E+07  -0.19023E-02
  0.263   1.604    0.13836E+06   0.42777E+05  -0.15090E+04   0.13268E+06  -0.42923E+06  -0.55994E-02
  0.263   1.604    0.23894E+06   0.10087E+06  -0.16158E+03   0.31141E+06  -0.73948E+06  -0.23266E-02
  0.263   1.604    0.13836E+06  -0.42777E+05  -0.15089E+04  -0.13268E+06  -0.42923E+06   0.55998E-02
  0.263   1.604   -0.56180E+06   0.57716E+05  -0.23105E+04   0.17898E+06   0.17395E+07   0.19026E-02
  0.275   1.642   -0.44378E+06  -0.30979E+01   0.34195E+04  -0.11174E+02   0.13393E+07   0.30696E-06
  0.275   1.642    0.20614E+06   0.14119E+05   0.20101E+04   0.43135E+05  -0.62157E+06  -0.27650E-02
  0.275   1.642    0.20614E+06  -0.14117E+05   0.20101E+04  -0.43131E+05  -0.62158E+06   0.27655E-02
  0.275   1.642    0.20601E+06  -0.53824E+05  -0.84748E+03  -0.16157E+06  -0.62158E+06   0.25835E-02
  0.275   1.642   -0.54669E+06  -0.59342E+05  -0.17093E+04  -0.17937E+06   0.16503E+07  -0.22999E-02
  0.275   1.642    0.17156E+06   0.33873E+05  -0.11613E+04   0.10240E+06  -0.51863E+06  -0.61125E-02
  0.275   1.642    0.20601E+06   0.53823E+05  -0.84745E+03   0.16157E+06  -0.62158E+06  -0.25837E-02
  0.275   1.642    0.17156E+06  -0.33876E+05  -0.11613E+04  -0.10241E+06  -0.51863E+06   0.61122E-02
  0.275   1.642   -0.54669E+06   0.59347E+05  -0.17092E+04   0.17938E+06   0.16503E+07   0.22995E-02
  0.288   1.679   -0.43921E+06  -0.63088E+00   0.22484E+04  -0.14541E+01   0.12909E+07  -0.27916E-07
  0.288   1.679    0.16637E+06   0.38421E+05   0.22329E+04   0.11335E+06  -0.48841E+06  -0.29439E-02
  0.288   1.679    0.16637E+06  -0.38422E+05   0.22329E+04  -0.11335E+06  -0.48841E+06   0.29438E-02
  0.288   1.679    0.16624E+06  -0.93159E+04  -0.14188E+04  -0.26523E+05  -0.48841E+06   0.26733E-02
  0.288   1.679   -0.53408E+06  -0.54694E+05  -0.11238E+04  -0.16097E+06   0.15701E+07  -0.26066E-02
  0.288   1.679    0.19141E+06   0.23749E+05  -0.81201E+03   0.69905E+05  -0.56332E+06  -0.65780E-02
  0.288   1.679    0.16624E+06   0.93164E+04  -0.14188E+04   0.26524E+05  -0.48841E+06  -0.26735E-02
  0.288   1.679    0.19141E+06  -0.23748E+05  -0.81202E+03  -0.69900E+05  -0.56332E+06   0.65780E-02
  0.288   1.679   -0.53408E+06   0.54693E+05  -0.11239E+04   0.16096E+06   0.15701E+07   0.26065E-02
  0.300   1.715   -0.45022E+06  -0.99615E+00   0.11716E+04  -0.26941E+01   0.12905E+07  -0.25882E-07
  0.300   1.715    0.11789E+06   0.58698E+05   0.23793E+04   0.16858E+06  -0.33733E+06  -0.29792E-02
  0.300   1.715    0.11789E+06  -0.58698E+05   0.23793E+04  -0.16858E+06  -0.33733E+06   0.29791E-02
  0.300   1.715    0.11778E+06   0.30618E+05  -0.19057E+04   0.88561E+05  -0.33732E+06   0.25671E-02
  0.300   1.715   -0.52715E+06  -0.44339E+05  -0.58565E+03  -0.12724E+06   0.15112E+07  -0.27760E-02
  0.300   1.715    0.19512E+06   0.13891E+05  -0.47109E+03   0.39868E+05  -0.55984E+06  -0.70743E-02
  0.300   1.715    0.11777E+06  -0.30618E+05  -0.19057E+04  -0.88562E+05  -0.33732E+06  -0.25672E-02
  0.300   1.715    0.19512E+06  -0.13891E+05  -0.47105E+03  -0.39867E+05  -0.55984E+06   0.70744E-02
  0.300   1.715   -0.52715E+06   0.44339E+05  -0.58555E+03   0.12723E+06   0.15112E+07   0.27760E-02
  0.313   1.751   -0.47627E+06   0.15166E+01   0.24391E+03   0.51807E+01   0.13305E+07   0.56848E-07
  0.313   1.751    0.59217E+05   0.75234E+05   0.24592E+04   0.21043E+06  -0.16484E+06  -0.27506E-02
  0.313   1.751    0.59217E+05  -0.75235E+05   0.24592E+04  -0.21043E+06  -0.16484E+06   0.27506E-02
  0.313   1.751    0.59118E+05   0.64866E+05  -0.23058E+04   0.18191E+06  -0.16484E+06   0.22187E-02
  0.313   1.751   -0.52772E+06  -0.29650E+05  -0.12188E+03  -0.82913E+05   0.14743E+07  -0.27071E-02
  0.313   1.751    0.18048E+06   0.50075E+04  -0.15066E+03   0.14004E+05  -0.50456E+06  -0.76324E-02
  0.313   1.751    0.59118E+05  -0.64865E+05  -0.23058E+04  -0.18190E+06  -0.16484E+06  -0.22185E-02
  0.313   1.751    0.18048E+06  -0.50052E+04  -0.15065E+03  -0.13997E+05  -0.50456E+06   0.76324E-02
  0.313   1.751   -0.52772E+06   0.29649E+05  -0.12198E+03   0.82907E+05   0.14743E+07   0.27072E-02
  0.325   1.785   -0.51418E+06   0.11415E+01  -0.47964E+03   0.40577E+01   0.14005E+07  -0.43619E-07
  0.325   1.785   -0.84127E+04   0.87770E+05   0.24631E+04   0.23927E+06   0.23449E+05  -0.21501E-02
  0.325   1.785   -0.84128E+04  -0.87771E+05   0.24631E+04  -0.23927E+06   0.23448E+05   0.21491E-02
  0.325   1.785   -0.84880E+04   0.92783E+05  -0.25896E+04   0.25330E+06   0.23451E+05   0.16202E-02
  0.325   1.785   -0.53696E+06  -0.13125E+05   0.23969E+03  -0.35784E+05   0.14626E+07  -0.23217E-02
  0.325   1.785    0.14795E+06  -0.27042E+04   0.12908E+03  -0.73789E+04  -0.40324E+06  -0.83561E-02
  0.325   1.785   -0.84884E+04  -0.92782E+05  -0.25896E+04  -0.25330E+06   0.23452E+05  -0.16202E-02
  0.325   1.785    0.14795E+06   0.27046E+04   0.12908E+03   0.73804E+04  -0.40324E+06   0.83559E-02
  0.325   1.785   -0.53696E+06   0.13122E+05   0.23967E+03   0.35775E+05   0.14626E+07   0.23215E-02
  0.338   1.819   -0.55629E+06   0.13886E+01  -0.95479E+03   0.37025E+01   0.14771E+07   0.27538E-06
  0.338   1.819   -0.79774E+05   0.95726E+05   0.23767E+04   0.25436E+06   0.21227E+06  -0.10940E-02
  0.338   1.819   -0.79773E+05  -0.95726E+05   0.23767E+04  -0.25436E+06   0.21227E+06   0.10928E-02
  0.338   1.819   -0.79822E+05   0.11393E+06  -0.27165E+04   0.30299E+06   0.21228E+06   0.78762E-03
  0.338   1.819   -0.55255E+06   0.21573E+04   0.47724E+03   0.57330E+04   0.14671E+07  -0.15661E-02
  0.338   1.819    0.10187E+06  -0.92970E+04   0.34192E+03  -0.24725E+05  -0.27067E+06  -0.93137E-02
  0.338   1.819   -0.79822E+05  -0.11393E+06  -0.27164E+04  -0.30299E+06   0.21228E+06  -0.78633E-03
  0.338   1.819    0.10187E+06   0.92971E+04   0.34190E+03   0.24725E+05  -0.27067E+06   0.93135E-02
  0.338   1.819   -0.55255E+06  -0.21582E+04   0.47722E+03  -0.57349E+04   0.14671E+07   0.15659E-02
  0.350   1.853   -0.59232E+06  -0.14454E+01  -0.11736E+04  -0.44833E+01   0.15340E+07   0.13315E-06
  0.350   1.853   -0.14609E+06   0.98894E+05   0.21981E+04   0.25628E+06   0.37871E+06   0.40668E-03
  0.350   1.853   -0.14609E+06  -0.98894E+05   0.21981E+04  -0.25628E+06   0.37871E+06  -0.40643E-03
  0.350   1.853   -0.14611E+06   0.12818E+06  -0.26631E+04   0.33232E+06   0.37870E+06  -0.25055E-03
  0.350   1.853   -0.56863E+06   0.13651E+05   0.58662E+03   0.35388E+05   0.14725E+07  -0.47003E-03
  0.350   1.853    0.50711E+05  -0.14806E+05   0.46640E+03  -0.38405E+05  -0.13147E+06  -0.10512E-01
  0.350   1.853   -0.14611E+06  -0.12817E+06  -0.26630E+04  -0.33232E+06   0.37871E+06   0.25105E-03
  0.350   1.853    0.50711E+05   0.14806E+05   0.46640E+03   0.38406E+05  -0.13147E+06   0.10512E-01
  0.350   1.853   -0.56863E+06  -0.13650E+05   0.58667E+03  -0.35385E+05   0.14725E+07   0.47009E-03
  0.363   1.885   -0.61315E+06   0.12110E+01  -0.11797E+04   0.39112E+01   0.15479E+07  -0.21816E-06
  0.363   1.885   -0.19839E+06   0.97901E+05   0.19483E+04   0.24732E+06   0.50109E+06   0.22417E-02
  0.363   1.885   -0.19839E+06  -0.97901E+05   0.19483E+04  -0.24731E+06   0.50109E+06  -0.22427E-02
  0.363   1.885   -0.19838E+06   0.13592E+06  -0.24470E+04   0.34342E+06   0.50110E+06  -0.14592E-02
  0.363   1.885   -0.57754E+06   0.20524E+05   0.58970E+03   0.51871E+05   0.14579E+07   0.84325E-03
  0.363   1.885    0.43341E+04  -0.19117E+05   0.49940E+03  -0.48341E+05  -0.11071E+05  -0.11801E-01
  0.363   1.885   -0.19838E+06  -0.13592E+06  -0.24471E+04  -0.34342E+06   0.50110E+06   0.14583E-02
  0.363   1.885    0.43341E+04   0.19117E+05   0.49938E+03   0.48340E+05  -0.11070E+05   0.11801E-01
  0.363   1.885   -0.57754E+06  -0.20525E+05   0.58969E+03  -0.51874E+05   0.14579E+07  -0.84356E-03
  0.375   1.918   -0.61623E+06   0.14052E+01  -0.10516E+04   0.37175E+01   0.15185E+07   0.17193E-06
  0.375   1.918   -0.23189E+06   0.94388E+05   0.16648E+04   0.23274E+06   0.57160E+06   0.42878E-02
  0.375   1.918   -0.23189E+06  -0.94388E+05   0.16648E+04  -0.23274E+06   0.57160E+06  -0.42879E-02
  0.375   1.918   -0.23187E+06   0.13841E+06  -0.21237E+04   0.34130E+06   0.57160E+06  -0.28222E-02
  0.375   1.918   -0.57491E+06   0.23818E+05   0.52574E+03   0.58761E+05   0.14165E+07   0.22079E-02
  0.375   1.918   -0.29993E+05  -0.22055E+05   0.45908E+03  -0.54436E+05   0.73783E+05  -0.13057E-01
  0.375   1.918   -0.23187E+06  -0.13841E+06  -0.21237E+04  -0.34130E+06   0.57160E+06   0.28230E-02
  0.375   1.918   -0.29993E+05   0.22056E+05   0.45906E+03   0.54438E+05   0.73782E+05   0.13057E-01
  0.375   1.918   -0.57491E+06  -0.23819E+05   0.52566E+03  -0.58764E+05   0.14165E+07  -0.22080E-02
  0.388   1.949   -0.60329E+06   0.15090E+01  -0.86642E+03   0.41052E+01   0.14506E+07  -0.25985E-06
  0.388   1.949   -0.24656E+06   0.89987E+05   0.13829E+04   0.21651E+06   0.59294E+06   0.64212E-02
  0.388   1.949   -0.24656E+06  -0.89988E+05   0.13828E+04  -0.21651E+06   0.59294E+06  -0.64200E-02
  0.388   1.949   -0.24652E+06   0.13688E+06  -0.17575E+04   0.32929E+06   0.59294E+06  -0.43425E-02
  0.388   1.949   -0.55939E+06   0.25305E+05   0.43322E+03   0.60917E+05   0.13449E+07   0.34651E-02
  0.388   1.949   -0.49754E+05  -0.23426E+05   0.37443E+03  -0.56414E+05   0.11951E+06  -0.14010E-01
  0.388   1.949   -0.24652E+06  -0.13687E+06  -0.17575E+04  -0.32928E+06   0.59294E+06   0.43415E-02
  0.388   1.949   -0.49754E+05   0.23427E+05   0.37442E+03   0.56416E+05   0.11951E+06   0.14010E-01
  0.388   1.949   -0.55939E+06  -0.25305E+05   0.43308E+03  -0.60917E+05   0.13449E+07  -0.34648E-02
  0.400   1.981   -0.57926E+06  -0.35214E-01  -0.67544E+03  -0.22142E+00   0.13593E+07  -0.32361E-06
  0.400   1.981   -0.24573E+06   0.85972E+05   0.11252E+04   0.20188E+06   0.57673E+06   0.85734E-02
  0.400   1.981   -0.24573E+06  -0.85972E+05   0.11252E+04  -0.20188E+06   0.57673E+06  -0.85720E-02
  0.400   1.981   -0.24569E+06   0.13238E+06  -0.13986E+04   0.31079E+06   0.57674E+06  -0.60370E-02
  0.400   1.981   -0.53361E+06   0.26329E+05   0.33769E+03   0.61859E+05   0.12521E+07   0.44964E-02
  0.400   1.981   -0.56274E+05  -0.23132E+05   0.27285E+03  -0.54368E+05   0.13194E+06  -0.14500E-01
  0.400   1.981   -0.24569E+06  -0.13238E+06  -0.13986E+04  -0.31079E+06   0.57674E+06   0.60356E-02
  0.400   1.981   -0.56274E+05   0.23133E+05   0.27285E+03   0.54369E+05   0.13194E+06   0.14500E-01
  0.400   1.981   -0.53361E+06  -0.26325E+05   0.33773E+03  -0.61850E+05   0.12521E+07  -0.44960E-02
  0.413   2.011   -0.54838E+06   0.96238E-01  -0.50204E+03   0.75991E+00   0.12563E+07   0.46835E-06
  0.413   2.011   -0.23342E+06   0.82821E+05   0.90042E+03   0.18985E+06   0.53479E+06   0.10679E-01
  0.413   2.011   -0.23342E+06  -0.82821E+05   0.90044E+03  -0.18985E+06   0.53479E+06  -0.10681E-01
  0.413   2.011   -0.23338E+06   0.12540E+06  -0.10749E+04   0.28739E+06   0.53479E+06  -0.79044E-02
  0.413   2.011   -0.50120E+06   0.27217E+05   0.25099E+03   0.62417E+05   0.11481E+07   0.52178E-02
  0.413   2.011   -0.52719E+05  -0.21182E+05   0.17377E+03  -0.48600E+05   0.12067E+06  -0.14377E-01
  0.413   2.011   -0.23338E+06  -0.12540E+06  -0.10749E+04  -0.28740E+06   0.53480E+06   0.79071E-02
  0.413   2.011   -0.52719E+05   0.21182E+05   0.17376E+03   0.48600E+05   0.12067E+06   0.14377E-01
  0.413   2.011   -0.50120E+06  -0.27216E+05   0.25102E+03  -0.62416E+05   0.11481E+07  -0.52185E-02
  0.425   2.042   -0.51329E+06   0.63840E+00  -0.35197E+03   0.14224E+01   0.11482E+07  -0.74666E-08
  0.425   2.042   -0.21314E+06   0.80313E+05   0.70849E+03   0.17975E+06   0.47682E+06   0.12645E-01
  0.425   2.042   -0.21314E+06  -0.80314E+05   0.70850E+03  -0.17976E+06   0.47682E+06  -0.12645E-01
  0.425   2.042   -0.21311E+06   0.11608E+06  -0.79786E+03   0.25975E+06   0.47682E+06  -0.99130E-02
  0.425   2.042   -0.46572E+06   0.27445E+05   0.17601E+03   0.61450E+05   0.10417E+07   0.55627E-02
  0.425   2.042   -0.42687E+05  -0.17751E+05   0.88756E+02  -0.39770E+05   0.95394E+05  -0.13538E-01
  0.425   2.042   -0.21311E+06  -0.11607E+06  -0.79786E+03  -0.25975E+06   0.47682E+06   0.99128E-02
  0.425   2.042   -0.42687E+05   0.17751E+05   0.88757E+02   0.39769E+05   0.95393E+05   0.13537E-01
  0.425   2.042   -0.46572E+06  -0.27445E+05   0.17602E+03  -0.61451E+05   0.10417E+07  -0.55626E-02
  0.438   2.071   -0.47526E+06   0.90814E+00  -0.22451E+03   0.27145E+01   0.10385E+07  -0.39976E-07
  0.438   2.071   -0.18776E+06   0.77757E+05   0.54602E+03   0.17000E+06   0.41034E+06   0.14335E-01
  0.438   2.071   -0.18776E+06  -0.77757E+05   0.54599E+03  -0.17000E+06   0.41034E+06  -0.14336E-01
  0.438   2.071   -0.18774E+06   0.10447E+06  -0.57007E+03   0.22837E+06   0.41034E+06  -0.11968E-01
  0.438   2.071   -0.42999E+06   0.26130E+05   0.11230E+03   0.57148E+05   0.93952E+06   0.54937E-02
  0.438   2.071   -0.29592E+05  -0.13217E+05   0.23507E+02  -0.28933E+05   0.64583E+05  -0.11937E-01
  0.438   2.071   -0.18774E+06  -0.10447E+06  -0.57008E+03  -0.22836E+06   0.41034E+06   0.11969E-01
  0.438   2.071   -0.29592E+05   0.13216E+05   0.23502E+02   0.28930E+05   0.64583E+05   0.11936E-01
  0.438   2.071   -0.42999E+06  -0.26133E+05   0.11227E+03  -0.57156E+05   0.93952E+06  -0.54940E-02
  0.450   2.101   -0.43515E+06   0.25216E+00  -0.11844E+03   0.91969E+00   0.92911E+06   0.71710E-07
  0.450   2.101   -0.15982E+06   0.74356E+05   0.40982E+03   0.15884E+06   0.34127E+06   0.15596E-01
  0.450   2.101   -0.15982E+06  -0.74355E+05   0.40993E+03  -0.15884E+06   0.34127E+06  -0.15595E-01
  0.450   2.101   -0.15981E+06   0.90893E+05  -0.38933E+03   0.19415E+06   0.34131E+06  -0.13923E-01
  0.450   2.101   -0.39603E+06   0.22641E+05   0.59338E+02   0.48384E+05   0.84552E+06   0.50058E-02
  0.450   2.101   -0.16392E+05  -0.81336E+04  -0.20320E+02  -0.17409E+05   0.34936E+05  -0.95981E-02
  0.450   2.101   -0.15983E+06  -0.90901E+05  -0.38932E+03  -0.19417E+06   0.34134E+06   0.13924E-01
  0.450   2.101   -0.16393E+05   0.81287E+04  -0.20253E+02   0.17398E+05   0.34935E+05   0.95990E-02
  0.450   2.101   -0.39603E+06  -0.22649E+05   0.59757E+02  -0.48404E+05   0.84553E+06  -0.50060E-02
  0.463   2.130   -0.39374E+06  -0.31949E+00  -0.34462E+02  -0.10481E+01   0.82162E+06  -0.21934E-06
  0.463   2.130   -0.13145E+06   0.69498E+05   0.29850E+03   0.14508E+06   0.27433E+06   0.16317E-01
  0.463   2.130   -0.13145E+06  -0.69498E+05   0.29848E+03  -0.14508E+06   0.27433E+06  -0.16317E-01
  0.463   2.130   -0.13143E+06   0.75865E+05  -0.25330E+03   0.15837E+06   0.27433E+06  -0.15621E-01
  0.463   2.130   -0.36435E+06   0.16977E+05   0.17279E+02   0.35461E+05   0.76022E+06   0.41549E-02
  0.463   2.130   -0.52669E+04  -0.30704E+04  -0.45484E+02  -0.64401E+04   0.10931E+05  -0.66488E-02
  0.463   2.130   -0.13143E+06  -0.75865E+05  -0.25332E+03  -0.15837E+06   0.27432E+06   0.15620E-01
  0.463   2.130   -0.52668E+04   0.30704E+04  -0.45494E+02   0.64401E+04   0.10931E+05   0.66488E-02
  0.463   2.130   -0.36435E+06  -0.16976E+05   0.17251E+02  -0.35459E+05   0.76022E+06  -0.41549E-02
  0.475   2.158   -0.35291E+06   0.25003E-01   0.27710E+02   0.93746E-01   0.71995E+06  -0.61827E-07
  0.475   2.158   -0.10464E+06   0.63155E+05   0.20930E+03   0.12889E+06   0.21349E+06   0.16514E-01
  0.475   2.158   -0.10464E+06  -0.63155E+05   0.20929E+03  -0.12889E+06   0.21349E+06  -0.16515E-01
  0.475   2.158   -0.10462E+06   0.60309E+05  -0.15399E+03   0.12309E+06   0.21350E+06  -0.16958E-01
  0.475   2.158   -0.33585E+06   0.98560E+04  -0.13813E+02   0.20135E+05   0.68510E+06   0.30545E-02
  0.475   2.158    0.25310E+04   0.15077E+04  -0.55487E+02   0.30493E+04  -0.52139E+04  -0.33019E-02
  0.475   2.158   -0.10462E+06  -0.60308E+05  -0.15400E+03  -0.12309E+06   0.21349E+06   0.16958E-01
  0.475   2.158    0.25311E+04  -0.15089E+04  -0.55495E+02  -0.30514E+04  -0.52140E+04   0.33017E-02
  0.475   2.158   -0.33585E+06  -0.98568E+04  -0.13864E+02  -0.20137E+05   0.68510E+06  -0.30547E-02
  0.488   2.186   -0.31425E+06  -0.84793E+00   0.69061E+02  -0.34529E+01   0.62691E+06   0.27191E-05
  0.488   2.186   -0.80551E+05   0.55636E+05   0.14035E+03   0.11103E+06   0.16073E+06   0.16265E-01
  0.488   2.186   -0.80549E+05  -0.55636E+05   0.14032E+03  -0.11103E+06   0.16072E+06  -0.16258E-01
  0.488   2.186   -0.80544E+05   0.44973E+05  -0.84698E+02   0.89773E+05   0.16073E+06  -0.17869E-01
  0.488   2.186   -0.31024E+06   0.23303E+04  -0.34478E+02   0.46729E+04   0.61886E+06   0.18169E-02
  0.488   2.186    0.67729E+04   0.53888E+04  -0.55594E+02   0.10728E+05  -0.13554E+05   0.21514E-03
  0.488   2.186   -0.80542E+05  -0.44975E+05  -0.84786E+02  -0.89776E+05   0.16072E+06   0.17872E-01
  0.488   2.186    0.67712E+04  -0.53875E+04  -0.55601E+02  -0.10726E+05  -0.13551E+05  -0.21633E-03
  0.488   2.186   -0.31023E+06  -0.23283E+04  -0.34493E+02  -0.46678E+04   0.61885E+06  -0.18170E-02
  0.500   2.214   -0.27924E+06  -0.54856E+00   0.92107E+02  -0.12232E+01   0.54485E+06  -0.54994E-05
  0.500   2.214   -0.59741E+05   0.47493E+05   0.88418E+02   0.92702E+05   0.11660E+06   0.15675E-01
  0.500   2.214   -0.59742E+05  -0.47493E+05   0.88414E+02  -0.92702E+05   0.11660E+06  -0.15686E-01
  0.500   2.214   -0.59732E+05   0.30492E+05  -0.38223E+02   0.59543E+05   0.11659E+06  -0.18353E-01
  0.500   2.214   -0.28724E+06  -0.46098E+04  -0.46052E+02  -0.89750E+04   0.56042E+06   0.53990E-03
  0.500   2.214    0.79401E+04   0.85273E+04  -0.50207E+02   0.16620E+05  -0.15529E+05   0.36849E-02
  0.500   2.214   -0.59732E+05  -0.30492E+05  -0.38220E+02  -0.59543E+05   0.11659E+06   0.18344E-01
  0.500   2.214    0.79414E+04  -0.85274E+04  -0.50203E+02  -0.16621E+05  -0.15532E+05  -0.36819E-02
  0.500   2.214   -0.28724E+06   0.46117E+04  -0.46056E+02   0.89793E+04   0.56042E+06  -0.53740E-03
  0.512   2.242   -0.24886E+06   0.96561E+00   0.10093E+03   0.22038E+01   0.47527E+06  -0.51033E-06
  0.512   2.242   -0.42197E+05   0.39264E+05   0.50582E+02   0.75014E+05   0.80613E+05   0.14931E-01
  0.512   2.242   -0.42197E+05  -0.39263E+05   0.50595E+02  -0.75013E+05   0.80614E+05  -0.14932E-01
  0.512   2.242   -0.42192E+05   0.17327E+05  -0.80513E+01   0.33132E+05   0.80612E+05  -0.18448E-01
  0.512   2.242   -0.26674E+06  -0.10324E+05  -0.50485E+02  -0.19702E+05   0.50939E+06  -0.74622E-03
  0.512   2.242    0.69064E+04   0.10970E+05  -0.42559E+02   0.20937E+05  -0.13220E+05   0.69344E-02
  0.512   2.242   -0.42192E+05  -0.17326E+05  -0.80306E+01  -0.33131E+05   0.80613E+05   0.18447E-01
  0.512   2.242    0.69064E+04  -0.10970E+05  -0.42554E+02  -0.20937E+05  -0.13220E+05  -0.69342E-02
  0.512   2.242   -0.26674E+06   0.10321E+05  -0.50474E+02   0.19695E+05   0.50939E+06   0.74617E-03
  0.525   2.269   -0.22337E+06  -0.65749E+00   0.99451E+02  -0.14873E+01   0.41757E+06  -0.36782E-06
  0.525   2.269   -0.27569E+05   0.31299E+05   0.23636E+02   0.58535E+05   0.51563E+05   0.14073E-01
  0.525   2.269   -0.27569E+05  -0.31299E+05   0.23633E+02  -0.58535E+05   0.51563E+05  -0.14073E-01
  0.525   2.269   -0.27566E+05   0.58036E+04   0.10937E+02   0.10885E+05   0.51562E+05  -0.18107E-01
  0.525   2.269   -0.24859E+06  -0.14554E+05  -0.49721E+02  -0.27195E+05   0.46469E+06  -0.20068E-02
  0.525   2.269    0.46172E+04   0.12734E+05  -0.34524E+02   0.23794E+05  -0.86566E+04   0.98189E-02
  0.525   2.269   -0.27565E+05  -0.58033E+04   0.10935E+02  -0.10885E+05   0.51561E+05   0.18107E-01
  0.525   2.269    0.46171E+04  -0.12735E+05  -0.34526E+02  -0.23796E+05  -0.86565E+04  -0.98186E-02
  0.525   2.269   -0.24859E+06   0.14556E+05  -0.49739E+02   0.27199E+05   0.46469E+06   0.20071E-02
  0.537   2.296   -0.20275E+06   0.43530E+00   0.91445E+02   0.76307E+00   0.37112E+06   0.35611E-06
  0.537   2.296   -0.15393E+05   0.23810E+05   0.48203E+01   0.43604E+05   0.28199E+05   0.13172E-01
  0.537   2.296   -0.15392E+05  -0.23811E+05   0.48138E+01  -0.43607E+05   0.28197E+05  -0.13171E-01
  0.537   2.296   -0.15390E+05  -0.38565E+04   0.22388E+02  -0.70279E+04   0.28196E+05  -0.17358E-01
  0.537   2.296   -0.23283E+06  -0.17360E+05  -0.45730E+02  -0.31768E+05   0.42615E+06  -0.32416E-02
  0.537   2.296    0.19090E+04   0.13809E+05  -0.27165E+02   0.25269E+05  -0.35153E+04   0.12254E-01
  0.537   2.296   -0.15390E+05   0.38559E+04   0.22382E+02   0.70268E+04   0.28196E+05   0.17360E-01
  0.537   2.296    0.19086E+04  -0.13808E+05  -0.27166E+02  -0.25267E+05  -0.35147E+04  -0.12254E-01
  0.537   2.296   -0.23283E+06   0.17361E+05  -0.45718E+02   0.31770E+05   0.42615E+06   0.32411E-02
  0.550   2.322   -0.18665E+06   0.19455E+00   0.79705E+02   0.38437E+00   0.33462E+06   0.91085E-08
  0.550   2.322   -0.51666E+04   0.16834E+05  -0.80975E+01   0.30199E+05   0.92833E+04   0.12255E-01
  0.550   2.322   -0.51669E+04  -0.16834E+05  -0.80775E+01  -0.30198E+05   0.92839E+04  -0.12255E-01
  0.550   2.322   -0.51648E+04  -0.11587E+05   0.28947E+02  -0.20747E+05   0.92825E+04  -0.16225E-01
  0.550   2.322   -0.21946E+06  -0.18935E+05  -0.39846E+02  -0.33940E+05   0.39343E+06  -0.44292E-02
  0.550   2.322   -0.63014E+03   0.14179E+05  -0.20814E+02   0.25414E+05   0.11126E+04   0.14210E-01
  0.550   2.322   -0.51647E+04   0.11588E+05   0.28967E+02   0.20748E+05   0.92824E+04   0.16225E-01
  0.550   2.322   -0.63010E+03  -0.14180E+05  -0.20812E+02  -0.25416E+05   0.11124E+04  -0.14210E-01
  0.550   2.322   -0.21946E+06   0.18935E+05  -0.39861E+02   0.33940E+05   0.39343E+06   0.44300E-02
  0.562   2.349   -0.17462E+06  -0.18864E+00   0.66246E+02  -0.48957E+00   0.30672E+06  -0.82413E-06
  0.562   2.349    0.35656E+04   0.10307E+05  -0.16804E+02   0.18120E+05  -0.62441E+04   0.11337E-01
  0.562   2.349    0.35656E+04  -0.10307E+05  -0.16801E+02  -0.18119E+05  -0.62443E+04  -0.11336E-01
  0.562   2.349    0.35672E+04  -0.17500E+05   0.32338E+02  -0.30716E+05  -0.62464E+04  -0.14740E-01
  0.562   2.349   -0.20838E+06  -0.19482E+05  -0.33121E+02  -0.34215E+05   0.36601E+06  -0.55380E-02
  0.562   2.349   -0.26932E+04   0.13869E+05  -0.15488E+02   0.24357E+05   0.47166E+04   0.15706E-01
  0.562   2.349    0.35668E+04   0.17500E+05   0.32337E+02   0.30716E+05  -0.62448E+04   0.14739E-01
  0.562   2.349   -0.26933E+04  -0.13869E+05  -0.15488E+02  -0.24358E+05   0.47169E+04  -0.15705E-01
  0.562   2.349   -0.20838E+06   0.19481E+05  -0.33116E+02   0.34214E+05   0.36601E+06   0.55390E-02
  0.575   2.375   -0.16623E+06   0.15165E+01   0.52504E+02   0.27507E+01   0.28616E+06  -0.13878E-06
  0.575   2.375    0.11216E+05   0.40859E+04  -0.22643E+02   0.70488E+04  -0.19291E+05   0.10415E-01
  0.575   2.375    0.11217E+05  -0.40858E+04  -0.22629E+02  -0.70487E+04  -0.19292E+05  -0.10414E-01
  0.575   2.375    0.11217E+05  -0.21862E+05   0.33755E+02  -0.37616E+05  -0.19293E+05  -0.12954E-01
  0.575   2.375   -0.19941E+06  -0.19142E+05  -0.26254E+02  -0.32949E+05   0.34326E+06  -0.65134E-02
  0.575   2.375   -0.42291E+04   0.12938E+05  -0.11092E+02   0.22270E+05   0.72686E+04   0.16802E-01
  0.575   2.375    0.11217E+05   0.21862E+05   0.33772E+02   0.37615E+05  -0.19292E+05   0.12953E-01
  0.575   2.375   -0.42290E+04  -0.12938E+05  -0.11089E+02  -0.22270E+05   0.72685E+04  -0.16802E-01
  0.575   2.375   -0.19941E+06   0.19140E+05  -0.26247E+02   0.32945E+05   0.34326E+06   0.65140E-02
  0.588   2.400   -0.16107E+06   0.14312E+00   0.39361E+02   0.26570E+00   0.27182E+06  -0.20638E-06
  0.588   2.400    0.18147E+05  -0.20394E+04  -0.26613E+02  -0.34294E+04  -0.30611E+05   0.94810E-02
  0.588   2.400    0.18147E+05   0.20396E+04  -0.26606E+02   0.34296E+04  -0.30610E+05  -0.94805E-02
  0.588   2.400    0.18148E+05  -0.25013E+05   0.34093E+02  -0.42198E+05  -0.30611E+05  -0.10890E-01
  0.588   2.400   -0.19222E+06  -0.17969E+05  -0.19673E+02  -0.30323E+05   0.32438E+06  -0.72914E-02
  0.588   2.400   -0.53523E+04   0.11450E+05  -0.74527E+01   0.19321E+05   0.90235E+04   0.17569E-01
  0.588   2.400    0.18147E+05   0.25013E+05   0.34097E+02   0.42198E+05  -0.30611E+05   0.10889E-01
  0.588   2.400   -0.53523E+04  -0.11450E+05  -0.74503E+01  -0.19322E+05   0.90235E+04  -0.17569E-01
  0.588   2.400   -0.19222E+06   0.17969E+05  -0.19677E+02   0.30323E+05   0.32438E+06   0.72917E-02
  0.600   2.426   -0.15892E+06  -0.68329E-01   0.27096E+02  -0.19079E+00   0.26301E+06   0.12244E-06
  0.600   2.426    0.24697E+05  -0.83395E+04  -0.29391E+02  -0.13792E+05  -0.40860E+05   0.85205E-02
  0.600   2.426    0.24697E+05   0.83396E+04  -0.29412E+02   0.13792E+05  -0.40859E+05  -0.85203E-02
  0.600   2.426    0.24697E+05  -0.27294E+05   0.33751E+02  -0.45161E+05  -0.40860E+05  -0.85663E-02
  0.600   2.426   -0.18659E+06  -0.15963E+05  -0.13552E+02  -0.26417E+05   0.30880E+06  -0.78124E-02
  0.600   2.426   -0.62628E+04   0.94387E+04  -0.43329E+01   0.15620E+05   0.10358E+05   0.18098E-01
  0.600   2.426    0.24697E+05   0.27295E+05   0.33772E+02   0.45161E+05  -0.40861E+05   0.85650E-02
  0.600   2.426   -0.62628E+04  -0.94381E+04  -0.43401E+01  -0.15619E+05   0.10358E+05  -0.18098E-01
  0.600   2.426   -0.18659E+06   0.15963E+05  -0.13526E+02   0.26418E+05   0.30880E+06   0.78128E-02
  0.613   2.451   -0.15970E+06   0.18820E+00   0.15856E+02   0.37728E+00   0.25926E+06   0.13294E-06
  0.613   2.451    0.31191E+05  -0.15191E+05  -0.31531E+02  -0.24652E+05  -0.50626E+05   0.74729E-02
  0.613   2.451    0.31191E+05   0.15191E+05  -0.31529E+02   0.24652E+05  -0.50625E+05  -0.74736E-02
  0.613   2.451    0.31190E+05  -0.28984E+05   0.33124E+02  -0.47044E+05  -0.50624E+05  -0.59455E-02
  0.613   2.451   -0.18229E+06  -0.13037E+05  -0.79246E+01  -0.21166E+05   0.29594E+06  -0.79948E-02
  0.613   2.451   -0.71837E+04   0.68583E+04  -0.15609E+01   0.11134E+05   0.11656E+05   0.18432E-01
  0.613   2.451    0.31190E+05   0.28984E+05   0.33127E+02   0.47044E+05  -0.50625E+05   0.59466E-02
  0.613   2.451   -0.71836E+04  -0.68569E+04  -0.15606E+01  -0.11132E+05   0.11656E+05  -0.18432E-01
  0.613   2.451   -0.18229E+06   0.13037E+05  -0.79224E+01   0.21165E+05   0.29594E+06   0.79946E-02
  0.625   2.476   -0.16343E+06  -0.21437E+01   0.56880E+01  -0.33674E+01   0.26034E+06  -0.10556E-06
  0.625   2.476    0.37948E+05  -0.23018E+05  -0.33460E+02  -0.36659E+05  -0.60441E+05   0.62224E-02
  0.625   2.476    0.37948E+05   0.23018E+05  -0.33469E+02   0.36659E+05  -0.60443E+05  -0.62234E-02
  0.625   2.476    0.37948E+05  -0.30264E+05   0.32471E+02  -0.48203E+05  -0.60442E+05  -0.29922E-02
  0.625   2.476   -0.17916E+06  -0.90779E+04  -0.28506E+01  -0.14463E+05   0.28541E+06  -0.77618E-02
  0.625   2.476   -0.83401E+04   0.35831E+04   0.10303E+01   0.57088E+04   0.13281E+05   0.18605E-01
  0.625   2.476    0.37947E+05   0.30264E+05   0.32471E+02   0.48203E+05  -0.60441E+05   0.29938E-02
  0.625   2.476   -0.83403E+04  -0.35846E+04   0.10336E+01  -0.57113E+04   0.13281E+05  -0.18605E-01
  0.625   2.476   -0.17916E+06   0.90818E+04  -0.28395E+01   0.14469E+05   0.28541E+06   0.77614E-02
  0.637   2.500   -0.17025E+06  -0.41419E-01  -0.34937E+01  -0.98065E-01   0.26620E+06   0.92391E-07
  0.637   2.500    0.45266E+05  -0.32308E+05  -0.35438E+02  -0.50508E+05  -0.70770E+05   0.45252E-02
  0.637   2.500    0.45265E+05   0.32308E+05  -0.35437E+02   0.50508E+05  -0.70768E+05  -0.45256E-02
  0.637   2.500    0.45265E+05  -0.31231E+05   0.31924E+02  -0.48826E+05  -0.70769E+05   0.35786E-03
  0.637   2.500   -0.17708E+06  -0.39384E+04   0.17416E+01  -0.61596E+04   0.27688E+06  -0.69744E-02
  0.637   2.500   -0.99377E+04  -0.57745E+03   0.35639E+01  -0.90178E+03   0.15534E+05   0.18509E-01
  0.637   2.500    0.45267E+05   0.31232E+05   0.31925E+02   0.48827E+05  -0.70771E+05  -0.35822E-03
  0.637   2.500   -0.99381E+04   0.57829E+03   0.35633E+01   0.90311E+03   0.15535E+05  -0.18509E-01
  0.637   2.500   -0.17707E+06   0.39382E+04   0.17458E+01   0.61592E+04   0.27688E+06   0.69746E-02
  0.650   2.525   -0.18019E+06  -0.42877E+00  -0.11461E+02  -0.74073E+00   0.27661E+06  -0.27737E-06
  0.650   2.525    0.53322E+05  -0.43404E+05  -0.37190E+02  -0.66625E+05  -0.81850E+05   0.20030E-02
  0.650   2.525    0.53323E+05   0.43404E+05  -0.37190E+02   0.66625E+05  -0.81852E+05  -0.20032E-02
  0.650   2.525    0.53321E+05  -0.31911E+05   0.31273E+02  -0.48983E+05  -0.81849E+05   0.41338E-02
  0.650   2.525   -0.17591E+06   0.24619E+04   0.57266E+01   0.37777E+04   0.27006E+06  -0.54781E-02
  0.650   2.525   -0.12112E+05  -0.57837E+04   0.59553E+01  -0.88775E+04   0.18590E+05   0.17980E-01
  0.650   2.525    0.53321E+05   0.31911E+05   0.31273E+02   0.48983E+05  -0.81850E+05  -0.41323E-02
  0.650   2.525   -0.12112E+05   0.57835E+04   0.59555E+01   0.88772E+04   0.18589E+05  -0.17980E-01
  0.650   2.525   -0.17591E+06  -0.24614E+04   0.57258E+01  -0.37767E+04   0.27006E+06   0.54782E-02
  0.662   2.549   -0.19245E+06  -0.33880E+00  -0.18058E+02  -0.41318E+00   0.29016E+06   0.64878E-07
  0.662   2.549    0.61867E+05  -0.55992E+05  -0.38722E+02  -0.84408E+05  -0.93267E+05  -0.19058E-02
  0.662   2.549    0.61870E+05   0.55992E+05  -0.38723E+02   0.84408E+05  -0.93274E+05   0.19054E-02
  0.662   2.549    0.61868E+05  -0.32261E+05   0.30634E+02  -0.48633E+05  -0.93270E+05   0.83192E-02
  0.662   2.549   -0.17532E+06   0.98781E+04   0.90237E+01   0.14890E+05   0.26433E+06  -0.30637E-02
  0.662   2.549   -0.14793E+05  -0.11898E+05   0.81260E+01  -0.17936E+05   0.22299E+05   0.16704E-01
  0.662   2.549    0.61867E+05   0.32261E+05   0.30634E+02   0.48633E+05  -0.93269E+05  -0.83191E-02
  0.662   2.549   -0.14792E+05   0.11897E+05   0.81258E+01   0.17935E+05   0.22297E+05  -0.16703E-01
  0.662   2.549   -0.17532E+06  -0.98773E+04   0.90259E+01  -0.14889E+05   0.26433E+06   0.30637E-02
  0.675   2.573   -0.20444E+06   0.66479E+00  -0.22091E+02   0.97987E+00   0.30279E+06  -0.98942E-06
  0.675   2.573    0.69697E+05  -0.68118E+05  -0.38599E+02  -0.10088E+06  -0.10322E+06  -0.77794E-02
  0.675   2.573    0.69697E+05   0.68118E+05  -0.38602E+02   0.10088E+06  -0.10322E+06   0.77769E-02
  0.675   2.573    0.69695E+05  -0.32212E+05   0.29181E+02  -0.47705E+05  -0.10322E+06   0.12838E-01
  0.675   2.573   -0.17453E+06   0.17249E+05   0.11042E+02   0.25544E+05   0.25850E+06   0.43629E-03
  0.675   2.573   -0.17418E+05  -0.17975E+05   0.94422E+01  -0.26619E+05   0.25792E+05   0.14317E-01
  0.675   2.573    0.69697E+05   0.32213E+05   0.29178E+02   0.47705E+05  -0.10322E+06  -0.12836E-01
  0.675   2.573   -0.17418E+05   0.17975E+05   0.94404E+01   0.26620E+05   0.25793E+05  -0.14317E-01
  0.675   2.573   -0.17453E+06  -0.17250E+05   0.11041E+02  -0.25546E+05   0.25850E+06  -0.43558E-03
  0.688   2.597   -0.21077E+06  -0.19605E+01  -0.22564E+02  -0.26386E+01   0.30674E+06   0.41081E-05
  0.688   2.597    0.74198E+05  -0.75394E+05  -0.35763E+02  -0.10972E+06  -0.10798E+06  -0.15617E-01
  0.688   2.597    0.74201E+05   0.75393E+05  -0.35752E+02   0.10971E+06  -0.10798E+06   0.15640E-01
  0.688   2.597    0.74200E+05  -0.31688E+05   0.26483E+02  -0.46112E+05  -0.10798E+06   0.17532E-01
  0.688   2.597   -0.17208E+06   0.22315E+05   0.11269E+02   0.32473E+05   0.25044E+06   0.48662E-02
  0.688   2.597   -0.18715E+05  -0.21860E+05   0.93238E+01  -0.31810E+05   0.27232E+05   0.10706E-01
  0.688   2.597    0.74195E+05   0.31685E+05   0.26494E+02   0.46109E+05  -0.10797E+06  -0.17542E-01
  0.688   2.597   -0.18713E+05   0.21858E+05   0.93278E+01   0.31808E+05   0.27229E+05  -0.10713E-01
  0.688   2.597   -0.17208E+06  -0.22312E+05   0.11267E+02  -0.32468E+05   0.25044E+06  -0.48729E-02
  0.700   2.620   -0.20558E+06   0.52000E+00  -0.19004E+02   0.14955E+01   0.29407E+06  -0.19616E-05
  0.700   2.620    0.72514E+05  -0.72919E+05  -0.29784E+02  -0.10430E+06  -0.10372E+06  -0.24142E-01
  0.700   2.620    0.72514E+05   0.72920E+05  -0.29798E+02   0.10430E+06  -0.10372E+06   0.24131E-01
  0.700   2.620    0.72511E+05  -0.30634E+05   0.22271E+02  -0.43818E+05  -0.10372E+06   0.22224E-01
  0.700   2.620   -0.16646E+06   0.22570E+05   0.95145E+01   0.32281E+05   0.23812E+06   0.94114E-02
  0.700   2.620   -0.17259E+05  -0.21127E+05   0.74835E+01  -0.30218E+05   0.24683E+05   0.64409E-02
  0.700   2.620    0.72513E+05   0.30634E+05   0.22260E+02   0.43817E+05  -0.10372E+06  -0.22219E-01
  0.700   2.620   -0.17260E+05   0.21129E+05   0.74770E+01   0.30219E+05   0.24684E+05  -0.64379E-02
  0.700   2.620   -0.16646E+06  -0.22572E+05   0.95124E+01  -0.32286E+05   0.23812E+06  -0.94081E-02
  0.713   2.643   -0.18842E+06   0.66843E+00  -0.11994E+02   0.11973E+01   0.26498E+06   0.86492E-05
  0.713   2.643    0.64471E+05  -0.60347E+05  -0.20698E+02  -0.84860E+05  -0.90657E+05  -0.31098E-01
  0.713   2.643    0.64470E+05   0.60347E+05  -0.20701E+02   0.84860E+05  -0.90655E+05   0.31125E-01
  0.713   2.643    0.64491E+05  -0.29060E+05   0.16482E+02  -0.40872E+05  -0.90692E+05   0.26653E-01
  0.713   2.643   -0.15760E+06   0.17826E+05   0.60469E+01   0.25065E+05   0.22163E+06   0.12813E-01
  0.713   2.643   -0.12947E+05  -0.15622E+05   0.41386E+01  -0.21965E+05   0.18196E+05   0.25252E-02
  0.713   2.643    0.64490E+05   0.29059E+05   0.16483E+02   0.40871E+05  -0.90690E+05  -0.26675E-01
  0.713   2.643   -0.12947E+05   0.15623E+05   0.41373E+01   0.21966E+05   0.18197E+05  -0.25312E-02
  0.713   2.643   -0.15760E+06  -0.17827E+05   0.60529E+01  -0.25067E+05   0.22163E+06  -0.12821E-01
  0.725   2.666   -0.16557E+06  -0.41599E+00  -0.64376E+01  -0.70766E+00   0.22899E+06  -0.19983E-05
  0.725   2.666    0.53264E+05  -0.43068E+05  -0.13660E+02  -0.59557E+05  -0.73659E+05  -0.35325E-01
  0.725   2.666    0.53264E+05   0.43068E+05  -0.13655E+02   0.59555E+05  -0.73662E+05   0.35322E-01
  0.725   2.666    0.53264E+05  -0.26964E+05   0.12139E+02  -0.37291E+05  -0.73662E+05   0.30647E-01
  0.725   2.666   -0.14696E+06   0.10751E+05   0.32249E+01   0.14865E+05   0.20325E+06   0.14374E-01
  0.725   2.666   -0.73273E+04  -0.80068E+04   0.14835E+01  -0.11069E+05   0.10127E+05  -0.41064E-03
  0.725   2.666    0.53264E+05   0.26964E+05   0.12142E+02   0.37291E+05  -0.73662E+05  -0.30640E-01
  0.725   2.666   -0.73272E+04   0.80058E+04   0.14861E+01   0.11068E+05   0.10127E+05   0.41088E-03
  0.725   2.666   -0.14696E+06  -0.10749E+05   0.32219E+01  -0.14862E+05   0.20326E+06  -0.14373E-01
  0.738   2.689   -0.14379E+06  -0.22632E+00  -0.17011E+01  -0.36165E+00   0.19560E+06  -0.12689E-06
  0.738   2.689    0.42305E+05  -0.26827E+05  -0.76106E+01  -0.36486E+05  -0.57549E+05  -0.37195E-01
  0.738   2.689    0.42304E+05   0.26828E+05  -0.76089E+01   0.36486E+05  -0.57545E+05   0.37191E-01
  0.738   2.689    0.42305E+05  -0.24472E+05   0.82227E+01  -0.33289E+05  -0.57549E+05   0.34002E-01
  0.738   2.689   -0.13648E+06   0.42259E+04   0.85231E+00   0.57458E+04   0.18567E+06   0.14276E-01
  0.738   2.689   -0.20434E+04  -0.11278E+04  -0.64985E+00  -0.15299E+04   0.27730E+04  -0.25347E-02
  0.738   2.689    0.42306E+05   0.24473E+05   0.82217E+01   0.33291E+05  -0.57550E+05  -0.34003E-01
  0.738   2.689   -0.20433E+04   0.11260E+04  -0.64667E+00   0.15274E+04   0.27729E+04   0.25347E-02
  0.738   2.689   -0.13648E+06  -0.42250E+04   0.85361E+00  -0.57443E+04   0.18567E+06  -0.14276E-01
  0.750   2.712   -0.12610E+06   0.36907E+00   0.84461E+00   0.49743E+00   0.16879E+06  -0.41397E-06
  0.750   2.712    0.33141E+05  -0.14155E+05  -0.42098E+01  -0.18940E+05  -0.44361E+05  -0.37658E-01
  0.750   2.712    0.33141E+05   0.14154E+05  -0.42117E+01   0.18939E+05  -0.44360E+05   0.37663E-01
  0.750   2.712    0.33143E+05  -0.21677E+05   0.59566E+01  -0.29014E+05  -0.44364E+05   0.36582E-01
  0.750   2.712   -0.12695E+06  -0.48968E+03  -0.41842E+00  -0.65726E+03   0.16994E+06   0.13024E-01
  0.750   2.712    0.21881E+04   0.38106E+04  -0.17612E+01   0.51039E+04  -0.29352E+04  -0.42105E-02
  0.750   2.712    0.33143E+05   0.21677E+05   0.59533E+01   0.29014E+05  -0.44364E+05  -0.36583E-01
  0.750   2.712    0.21880E+04  -0.38105E+04  -0.17628E+01  -0.51035E+04  -0.29352E+04   0.42121E-02
  0.750   2.712   -0.12696E+06   0.48971E+03  -0.41916E+00   0.65739E+03   0.16994E+06  -0.13025E-01
  0.762   2.735   -0.11272E+06   0.46928E-01   0.22932E+01   0.37086E-01   0.14848E+06  -0.93054E-06
  0.762   2.735    0.25896E+05  -0.51174E+04  -0.20115E+01  -0.67360E+04  -0.34113E+05  -0.37466E-01
  0.762   2.735    0.25896E+05   0.51177E+04  -0.20110E+01   0.67367E+04  -0.34112E+05   0.37466E-01
  0.762   2.735    0.25897E+05  -0.18688E+05   0.43508E+01  -0.24615E+05  -0.34115E+05   0.38326E-01
  0.762   2.735   -0.11857E+06  -0.33717E+04  -0.11417E+01  -0.44421E+04   0.15619E+06   0.11067E-01
  0.762   2.735    0.53424E+04   0.68305E+04  -0.23521E+01   0.90000E+04  -0.70442E+04  -0.56700E-02
  0.762   2.735    0.25898E+05   0.18688E+05   0.43510E+01   0.24615E+05  -0.34116E+05  -0.38329E-01
  0.762   2.735    0.53427E+04  -0.68311E+04  -0.23521E+01  -0.90011E+04  -0.70452E+04   0.56700E-02
  0.762   2.735   -0.11857E+06   0.33721E+04  -0.11432E+01   0.44426E+04   0.15619E+06  -0.11068E-01
  0.775   2.757   -0.10281E+06  -0.20553E+01   0.29085E+01  -0.21288E+01   0.13335E+06  -0.23610E-05
  0.775   2.757    0.20148E+05   0.10895E+04  -0.90069E+00   0.14155E+04  -0.26135E+05  -0.36850E-01
  0.775   2.757    0.20150E+05  -0.10895E+04  -0.88327E+00  -0.14157E+04  -0.26138E+05   0.36854E-01
  0.775   2.757    0.20150E+05  -0.15599E+05   0.34687E+01  -0.20230E+05  -0.26140E+05   0.39098E-01
  0.775   2.757   -0.11120E+06  -0.48398E+04  -0.14641E+01  -0.62766E+04   0.14423E+06   0.86470E-02
  0.775   2.757    0.76263E+04   0.83827E+04  -0.26599E+01   0.10874E+05  -0.98999E+04  -0.69495E-02
  0.775   2.757    0.20150E+05   0.15598E+05   0.34836E+01   0.20229E+05  -0.26140E+05  -0.39105E-01
  0.775   2.757    0.76257E+04  -0.83830E+04  -0.26435E+01  -0.10874E+05  -0.98980E+04   0.69557E-02
  0.775   2.757   -0.11120E+06   0.48428E+04  -0.14822E+01   0.62794E+04   0.14423E+06  -0.86438E-02
  0.787   2.779   -0.95388E+05  -0.15201E+00   0.30690E+01  -0.99135E-01   0.12186E+06   0.42400E-05
  0.787   2.779    0.15396E+05   0.53217E+04  -0.56315E+00   0.67954E+04  -0.19674E+05  -0.35858E-01
  0.787   2.779    0.15393E+05  -0.53228E+04  -0.55726E+00  -0.67982E+04  -0.19670E+05   0.35857E-01
  0.787   2.779    0.15397E+05  -0.12479E+05   0.33087E+01  -0.15938E+05  -0.19678E+05   0.38851E-01
  0.787   2.779   -0.10468E+06  -0.53641E+04  -0.15307E+01  -0.68488E+04   0.13372E+06   0.59416E-02
  0.787   2.779    0.92238E+04   0.89325E+04  -0.27560E+01   0.11411E+05  -0.11795E+05  -0.80575E-02
  0.787   2.779    0.15396E+05   0.12479E+05   0.33176E+01   0.15937E+05  -0.19678E+05  -0.38842E-01
  0.787   2.779    0.92214E+04  -0.89329E+04  -0.27469E+01  -0.11411E+05  -0.11787E+05   0.80642E-02
  0.787   2.779   -0.10468E+06   0.53662E+04  -0.15244E+01   0.68509E+04   0.13372E+06  -0.59385E-02
  0.800   2.801   -0.89447E+05  -0.49643E+00   0.33340E+01  -0.21196E+00   0.11248E+06  -0.36005E-05
  0.800   2.801    0.11027E+05   0.84174E+04  -0.14857E+01   0.10572E+05  -0.13883E+05  -0.34297E-01
  0.800   2.801    0.11029E+05  -0.84171E+04  -0.14860E+01  -0.10572E+05  -0.13884E+05   0.34299E-01
  0.800   2.801    0.11031E+05  -0.94037E+04   0.48586E+01  -0.11818E+05  -0.13894E+05   0.37529E-01
  0.800   2.801   -0.98901E+05  -0.54616E+04  -0.16682E+01  -0.68571E+04   0.12435E+06   0.32654E-02
  0.800   2.801    0.10187E+05   0.89367E+04  -0.33846E+01   0.11234E+05  -0.12826E+05  -0.91818E-02
  0.800   2.801    0.11032E+05   0.94034E+04   0.48592E+01   0.11818E+05  -0.13895E+05  -0.37535E-01
  0.800   2.801    0.10186E+05  -0.89366E+04  -0.33843E+01  -0.11233E+05  -0.12822E+05   0.91787E-02
  0.800   2.801   -0.98901E+05   0.54618E+04  -0.16676E+01   0.68563E+04   0.12434E+06  -0.32673E-02
  0.812   2.823   -0.99643E+05   0.49480E+02   0.54202E+02   0.66071E+02   0.12277E+06   0.11301E-03
  0.812   2.823    0.12072E+05  -0.13227E+04   0.12900E+02  -0.11970E+04  -0.14937E+05  -0.38074E-01
  0.812   2.823    0.12122E+05   0.13165E+04   0.12878E+02   0.11899E+04  -0.14819E+05   0.38606E-01
  0.812   2.823    0.12137E+05  -0.65934E+04   0.20856E+02  -0.81373E+04  -0.14968E+05   0.34080E-01
  0.812   2.823   -0.99154E+05   0.25440E+03  -0.27365E+02   0.12225E+03   0.12250E+06   0.30960E-02
  0.812   2.823    0.52171E+04   0.26479E+04  -0.35568E+02   0.35208E+04  -0.67816E+04  -0.12660E-01
  0.812   2.823    0.12132E+05   0.65813E+04   0.20818E+02   0.81212E+04  -0.14963E+05  -0.35081E-01
  0.812   2.823    0.51964E+04  -0.26439E+04  -0.35575E+02  -0.35153E+04  -0.67546E+04   0.12664E-01
  0.812   2.823   -0.99155E+05  -0.25224E+03  -0.27411E+02  -0.12165E+03   0.12247E+06  -0.31937E-02
  0.825   2.844   -0.83878E+05  -0.30914E+00   0.37336E+01  -0.37790E+00   0.10231E+06   0.42253E-05
  0.825   2.844    0.62016E+04   0.87082E+04   0.40435E+01   0.10663E+05  -0.75433E+04  -0.31021E-01
  0.825   2.844    0.62011E+04  -0.87079E+04   0.40428E+01  -0.10662E+05  -0.75416E+04   0.31021E-01
  0.825   2.844    0.62044E+04  -0.32303E+04  -0.24335E+01  -0.39402E+04  -0.75442E+04   0.30375E-01
  0.825   2.844   -0.88609E+05  -0.27350E+04  -0.18380E+01  -0.33550E+04   0.10811E+06  -0.48102E-02
  0.825   2.844    0.10917E+05   0.59662E+04  -0.16226E+01   0.72958E+04  -0.13331E+05  -0.84381E-02
  0.825   2.844    0.62048E+04   0.32298E+04  -0.24340E+01   0.39396E+04  -0.75447E+04  -0.30376E-01
  0.825   2.844    0.10916E+05  -0.59659E+04  -0.16235E+01  -0.72954E+04  -0.13329E+05   0.84395E-02
  0.825   2.844   -0.88607E+05   0.27363E+04  -0.18435E+01   0.33568E+04   0.10811E+06   0.48117E-02
  0.838   2.866   -0.80280E+05   0.96056E-01   0.27079E+01   0.51347E+00   0.96507E+05  -0.44637E-05
  0.838   2.866    0.28396E+04   0.93383E+04   0.29715E+01   0.11252E+05  -0.34010E+04  -0.27009E-01
  0.838   2.866    0.28440E+04  -0.93384E+04   0.29719E+01  -0.11252E+05  -0.34037E+04   0.27012E-01
  0.838   2.866    0.28451E+04  -0.49509E+03  -0.16156E+01  -0.59181E+03  -0.34057E+04   0.25239E-01
  0.838   2.866   -0.84271E+05  -0.23114E+04  -0.13426E+01  -0.27892E+04   0.10132E+06  -0.77793E-02
  0.838   2.866    0.10465E+05   0.49058E+04  -0.13566E+01   0.59086E+04  -0.12592E+05  -0.88220E-02
  0.838   2.866    0.28446E+04   0.49511E+03  -0.16192E+01   0.59170E+03  -0.34058E+04  -0.25235E-01
  0.838   2.866    0.10468E+05  -0.49066E+04  -0.13597E+01  -0.59095E+04  -0.12593E+05   0.88196E-02
  0.838   2.866   -0.84274E+05   0.23115E+04  -0.13524E+01   0.27887E+04   0.10133E+06   0.77770E-02
  0.850   2.887   -0.77252E+05   0.43319E+00   0.23027E+01   0.10351E+01   0.91537E+05   0.42519E-05
  0.850   2.887   -0.68628E+02   0.91263E+04   0.25896E+01   0.10834E+05   0.92385E+02  -0.22303E-01
  0.850   2.887   -0.68244E+02  -0.91262E+04   0.25888E+01  -0.10834E+05   0.92409E+02   0.22312E-01
  0.850   2.887   -0.66041E+02   0.19932E+04  -0.13881E+01   0.23660E+04   0.89568E+02   0.19037E-01
  0.850   2.887   -0.80441E+05  -0.18476E+04  -0.11466E+01  -0.21968E+04   0.95325E+05  -0.10559E-01
  0.850   2.887    0.95232E+04   0.35492E+04  -0.11913E+01   0.42143E+04  -0.11293E+05  -0.90960E-02
  0.850   2.887   -0.65003E+02  -0.19934E+04  -0.13901E+01  -0.23663E+04   0.87120E+02  -0.19042E-01
  0.850   2.887    0.95231E+04  -0.35488E+04  -0.11929E+01  -0.42136E+04  -0.11293E+05   0.90926E-02
  0.850   2.887   -0.80441E+05   0.18466E+04  -0.11512E+01   0.21947E+04   0.95325E+05   0.10555E-01
  0.863   2.908   -0.74361E+05  -0.12590E-01   0.19552E+01  -0.39149E-01   0.86864E+05   0.67059E-06
  0.863   2.908   -0.26789E+04   0.84584E+04   0.22801E+01   0.98967E+04   0.31395E+04  -0.16820E-01
  0.863   2.908   -0.26804E+04  -0.84584E+04   0.22808E+01  -0.98968E+04   0.31410E+04   0.16816E-01
  0.863   2.908   -0.26771E+04   0.41299E+04  -0.12830E+01   0.48288E+04   0.31360E+04   0.12206E-01
  0.863   2.908   -0.77094E+05  -0.15794E+04  -0.97684E+00  -0.18498E+04   0.90063E+05  -0.12767E-01
  0.863   2.908    0.81887E+04   0.21419E+04  -0.99288E+00   0.25089E+04  -0.95742E+04  -0.95183E-02
  0.863   2.908   -0.26766E+04  -0.41300E+04  -0.12816E+01  -0.48290E+04   0.31356E+04  -0.12207E-01
  0.863   2.908    0.81886E+04  -0.21418E+04  -0.99101E+00  -0.25088E+04  -0.95742E+04   0.95192E-02
  0.863   2.908   -0.77093E+05   0.15801E+04  -0.97527E+00   0.18501E+04   0.90062E+05   0.12769E-01
  0.875   2.929   -0.71544E+05   0.14440E+00   0.17225E+01   0.33641E+00   0.82404E+05  -0.15091E-06
  0.875   2.929   -0.49823E+04   0.75455E+04   0.21060E+01   0.87068E+04   0.57467E+04  -0.10716E-01
  0.875   2.929   -0.49814E+04  -0.75452E+04   0.21014E+01  -0.87061E+04   0.57483E+04   0.10717E-01
  0.875   2.929   -0.49775E+04   0.58541E+04  -0.12388E+01   0.67479E+04   0.57411E+04   0.51838E-02
  0.875   2.929   -0.74238E+05  -0.15573E+04  -0.84495E+00  -0.17962E+04   0.85515E+05  -0.14170E-01
  0.875   2.929    0.65952E+04   0.82065E+03  -0.81762E+00   0.95085E+03  -0.76050E+04  -0.10196E-01
  0.875   2.929   -0.49806E+04  -0.58546E+04  -0.12533E+01  -0.67484E+04   0.57444E+04  -0.51816E-02
  0.875   2.929    0.65949E+04  -0.81917E+03  -0.83613E+00  -0.94970E+03  -0.76046E+04   0.10195E-01
  0.875   2.929   -0.74239E+05   0.15548E+04  -0.87711E+00   0.17956E+04   0.85515E+05   0.14170E-01
  0.887   2.950   -0.68846E+05  -0.69181E-01   0.15191E+01  -0.38845E-01   0.78202E+05  -0.31850E-06
  0.887   2.950   -0.69611E+04   0.65528E+04   0.19205E+01   0.74562E+04   0.79158E+04  -0.42434E-02
  0.887   2.950   -0.69608E+04  -0.65526E+04   0.19190E+01  -0.74561E+04   0.79164E+04   0.42452E-02
  0.887   2.950   -0.69585E+04   0.71544E+04  -0.12433E+01   0.81327E+04   0.79114E+04  -0.16397E-02
  0.887   2.950   -0.71852E+05  -0.17318E+04  -0.75179E+00  -0.19693E+04   0.81621E+05  -0.14628E-01
  0.887   2.950    0.48900E+04  -0.32581E+03  -0.67351E+00  -0.36502E+03  -0.55630E+04  -0.11125E-01
  0.887   2.950   -0.69594E+04  -0.71547E+04  -0.12493E+01  -0.81331E+04   0.79127E+04   0.16407E-02
  0.887   2.950    0.48899E+04   0.32589E+03  -0.67981E+00   0.36509E+03  -0.55629E+04   0.11124E-01
  0.887   2.950   -0.71852E+05   0.17318E+04  -0.76499E+00   0.19697E+04   0.81621E+05   0.14628E-01
  0.900   2.971   -0.66373E+05   0.23587E+00   0.13523E+01   0.28748E+00   0.74365E+05   0.19453E-06
  0.900   2.971   -0.86356E+04   0.56194E+04   0.18033E+01   0.63079E+04   0.96842E+04   0.23902E-02
  0.900   2.971   -0.86358E+04  -0.56196E+04   0.18036E+01  -0.63081E+04   0.96845E+04  -0.23907E-02
  0.900   2.971   -0.86342E+04   0.80671E+04  -0.12480E+01   0.90446E+04   0.96811E+04  -0.80110E-02
  0.900   2.971   -0.69873E+05  -0.20137E+04  -0.67654E+00  -0.22579E+04   0.78290E+05  -0.14114E-01
  0.900   2.971    0.32048E+04  -0.12469E+04  -0.55067E+00  -0.13926E+04  -0.35988E+04  -0.12222E-01
  0.900   2.971   -0.86342E+04  -0.80670E+04  -0.12476E+01  -0.90445E+04   0.96810E+04   0.80107E-02
  0.900   2.971    0.32047E+04   0.12469E+04  -0.55072E+00   0.13926E+04  -0.35987E+04   0.12222E-01
  0.900   2.971   -0.69873E+05   0.20136E+04  -0.67484E+00   0.22578E+04   0.78290E+05   0.14114E-01
  0.912   2.991   -0.64252E+05  -0.67714E+00   0.12254E+01  -0.32143E+00   0.71017E+05  -0.10542E-05
  0.912   2.991   -0.10062E+05   0.48400E+04   0.17395E+01   0.53616E+04   0.11131E+05   0.90703E-02
  0.912   2.991   -0.10060E+05  -0.48392E+04   0.17400E+01  -0.53607E+04   0.11127E+05  -0.90684E-02
  0.912   2.991   -0.10060E+05   0.86660E+04  -0.12802E+01   0.95847E+04   0.11126E+05  -0.13840E-01
  0.912   2.991   -0.68243E+05  -0.22933E+04  -0.61323E+00  -0.25366E+04   0.75432E+05  -0.12678E-01
  0.912   2.991    0.16328E+04  -0.19330E+04  -0.45644E+00  -0.21327E+04  -0.18130E+04  -0.13372E-01
  0.912   2.991   -0.10059E+05  -0.86659E+04  -0.12763E+01  -0.95845E+04   0.11125E+05   0.13840E-01
  0.912   2.991    0.16326E+04   0.19334E+04  -0.44950E+00   0.21332E+04  -0.18126E+04   0.13372E-01
  0.912   2.991   -0.68244E+05   0.22950E+04  -0.60723E+00   0.25374E+04   0.75434E+05   0.12677E-01
  0.925   3.012   -0.62582E+05  -0.44899E+00   0.10503E+01  -0.11168E+01   0.68253E+05  -0.32694E-06
  0.925   3.012   -0.11313E+05   0.42722E+04   0.16308E+01   0.46703E+04   0.12347E+05   0.15779E-01
  0.925   3.012   -0.11310E+05  -0.42713E+04   0.16323E+01  -0.46693E+04   0.12343E+05  -0.15772E-01
  0.925   3.012   -0.11310E+05   0.90426E+04  -0.12625E+01   0.98685E+04   0.12342E+05  -0.19169E-01
  0.925   3.012   -0.66889E+05  -0.24757E+04  -0.52465E+00  -0.27001E+04   0.72952E+05  -0.10396E-01
  0.925   3.012    0.22290E+03  -0.24027E+04  -0.36007E+00  -0.26171E+04  -0.25115E+03  -0.14457E-01
  0.925   3.012   -0.11311E+05  -0.90422E+04  -0.12633E+01  -0.98682E+04   0.12343E+05   0.19167E-01
  0.925   3.012    0.22345E+03   0.24013E+04  -0.36490E+00   0.26157E+04  -0.25154E+03   0.14457E-01
  0.925   3.012   -0.66890E+05   0.24760E+04  -0.52266E+00   0.27023E+04   0.72954E+05   0.10395E-01
  0.938   3.032   -0.61443E+05  -0.37408E+00   0.89196E+00   0.20759E+00   0.66130E+05  -0.69794E-06
  0.938   3.032   -0.12470E+05   0.39451E+04   0.15685E+01   0.42567E+04   0.13429E+05   0.22575E-01
  0.938   3.032   -0.12470E+05  -0.39446E+04   0.15682E+01  -0.42564E+04   0.13429E+05  -0.22575E-01
  0.938   3.032   -0.12470E+05   0.92803E+04  -0.12757E+01   0.99953E+04   0.13429E+05  -0.24124E-01
  0.938   3.032   -0.65758E+05  -0.24815E+04  -0.44391E+00  -0.26720E+04   0.70776E+05  -0.73458E-02
  0.938   3.032   -0.10059E+04  -0.26805E+04  -0.29485E+00  -0.28825E+04   0.10748E+04  -0.15384E-01
  0.938   3.032   -0.12470E+05  -0.92803E+04  -0.12761E+01  -0.99950E+04   0.13428E+05   0.24123E-01
  0.938   3.032   -0.10059E+04   0.26811E+04  -0.29336E+00   0.28830E+04   0.10746E+04   0.15384E-01
  0.938   3.032   -0.65758E+05   0.24824E+04  -0.44881E+00   0.26720E+04   0.70776E+05   0.73450E-02
  0.950   3.052   -0.60887E+05  -0.80425E-01   0.72766E+00   0.13917E+00   0.64679E+05  -0.21951E-06
  0.950   3.052   -0.13608E+05   0.38723E+04   0.15274E+01   0.41242E+04   0.14463E+05   0.29559E-01
  0.950   3.052   -0.13607E+05  -0.38721E+04   0.15268E+01  -0.41241E+04   0.14463E+05  -0.29557E-01
  0.950   3.052   -0.13608E+05   0.94482E+04  -0.12881E+01   0.10044E+05   0.14464E+05  -0.28856E-01
  0.950   3.052   -0.64817E+05  -0.22596E+04  -0.36425E+00  -0.24007E+04   0.68855E+05  -0.36116E-02
  0.950   3.052   -0.20551E+04  -0.27991E+04  -0.23492E+00  -0.29716E+04   0.21752E+04  -0.16087E-01
  0.950   3.052   -0.13608E+05  -0.94479E+04  -0.12839E+01  -0.10043E+05   0.14462E+05   0.28854E-01
  0.950   3.052   -0.20551E+04   0.27986E+04  -0.23067E+00   0.29710E+04   0.21753E+04   0.16088E-01
  0.950   3.052   -0.64816E+05   0.22596E+04  -0.35744E+00   0.24009E+04   0.68855E+05   0.36119E-02
  0.963   3.072   -0.60953E+05  -0.10845E+01   0.55735E+00   0.24803E+00   0.63917E+05  -0.14169E-05
  0.963   3.072   -0.14775E+05   0.40585E+04   0.15148E+01   0.42662E+04   0.15500E+05   0.36786E-01
  0.963   3.072   -0.14775E+05  -0.40583E+04   0.15109E+01  -0.42669E+04   0.15501E+05  -0.36784E-01
  0.963   3.072   -0.14776E+05   0.95951E+04  -0.13251E+01   0.10069E+05   0.15503E+05  -0.33506E-01
  0.963   3.072   -0.64034E+05  -0.17733E+04  -0.26968E+00  -0.18612E+04   0.67147E+05   0.71406E-03
  0.963   3.072   -0.29284E+04  -0.27763E+04  -0.19110E+00  -0.29101E+04   0.30629E+04  -0.16502E-01
  0.963   3.072   -0.14777E+05  -0.95948E+04  -0.13252E+01  -0.10068E+05   0.15503E+05   0.33505E-01
  0.963   3.072   -0.29283E+04   0.27774E+04  -0.18756E+00   0.29110E+04   0.30625E+04   0.16503E-01
  0.963   3.072   -0.64034E+05   0.17755E+04  -0.28829E+00   0.18611E+04   0.67147E+05  -0.71449E-03
  0.975   3.092   -0.61628E+05   0.14052E+00   0.39602E+00  -0.75898E+00   0.63804E+05   0.19763E-05
  0.975   3.092   -0.15988E+05   0.45058E+04   0.14758E+01   0.46765E+04   0.16560E+05   0.44203E-01
  0.975   3.092   -0.15988E+05  -0.45061E+04   0.14840E+01  -0.46759E+04   0.16558E+05  -0.44201E-01
  0.975   3.092   -0.15991E+05   0.97471E+04  -0.13082E+01   0.10098E+05   0.16564E+05  -0.38157E-01
  0.975   3.092   -0.63382E+05  -0.10112E+04  -0.21249E+00  -0.10468E+04   0.65616E+05   0.54761E-02
  0.975   3.092   -0.36190E+04  -0.26279E+04  -0.16502E+00  -0.27198E+04   0.37384E+04  -0.16530E-01
  0.975   3.092   -0.15991E+05  -0.97473E+04  -0.13010E+01  -0.10099E+05   0.16564E+05   0.38158E-01
  0.975   3.092   -0.36193E+04   0.26281E+04  -0.16295E+00   0.27205E+04   0.37391E+04   0.16531E-01
  0.975   3.092   -0.63381E+05   0.10113E+04  -0.16931E+00   0.10475E+04   0.65616E+05  -0.54751E-02
  0.988   3.112   -0.62836E+05   0.75053E-02   0.17959E+00  -0.64854E+00   0.64228E+05   0.53416E-07
  0.988   3.112   -0.17211E+05   0.51990E+04   0.15457E+01   0.53253E+04   0.17601E+05   0.51529E-01
  0.988   3.112   -0.17211E+05  -0.51988E+04   0.15423E+01  -0.53247E+04   0.17600E+05  -0.51528E-01
  0.988   3.112   -0.17212E+05   0.99036E+04  -0.14229E+01   0.10131E+05   0.17602E+05  -0.42780E-01
  0.988   3.112   -0.62802E+05   0.13177E+02  -0.84414E-01   0.14064E+02   0.64197E+05   0.10393E-01
  0.988   3.112   -0.40993E+04  -0.23588E+04  -0.12393E+00  -0.24108E+04   0.41818E+04  -0.15991E-01
  0.988   3.112   -0.17213E+05  -0.99042E+04  -0.14326E+01  -0.10132E+05   0.17604E+05   0.42782E-01
  0.988   3.112   -0.40996E+04   0.23588E+04  -0.13276E+00   0.24109E+04   0.41823E+04   0.15992E-01
  0.988   3.112   -0.62803E+05  -0.13232E+02  -0.10469E+00  -0.12585E+02   0.64197E+05  -0.10394E-01
  1.000   3.132   -0.64814E+05   0.63076E+00  -0.12632E-01   0.18480E+01   0.65421E+05  -0.16305E-05
  1.000   3.132   -0.18457E+05   0.61364E+04   0.16446E+01   0.62058E+04   0.18638E+05   0.57730E-01
  1.000   3.132   -0.18456E+05  -0.61369E+04   0.16480E+01  -0.62067E+04   0.18636E+05  -0.57724E-01
  1.000   3.132   -0.18460E+05   0.10113E+05  -0.15316E+01   0.10217E+05   0.18643E+05  -0.46848E-01
  1.000   3.132   -0.62640E+05   0.12437E+04  -0.91172E-02   0.12550E+04   0.63225E+05   0.14903E-01
  1.000   3.132   -0.43504E+04  -0.19929E+04  -0.11147E+00  -0.20120E+04   0.43823E+04  -0.14468E-01
  1.000   3.132   -0.18458E+05  -0.10111E+05  -0.15110E+01  -0.10214E+05   0.18640E+05   0.46840E-01
  1.000   3.132   -0.43501E+04   0.19917E+04  -0.94502E-01   0.20108E+04   0.43824E+04   0.14469E-01
  1.000   3.132   -0.62639E+05  -0.12445E+04   0.36434E-01  -0.12570E+04   0.63224E+05  -0.14900E-01
  1.012   3.151   -0.66303E+05  -0.59687E+00  -0.20158E+00   0.27165E-01   0.66112E+05   0.68377E-06
  1.012   3.151   -0.19280E+05   0.71419E+04   0.15820E+01   0.71329E+04   0.19236E+05   0.62414E-01
  1.012   3.151   -0.19279E+05  -0.71417E+04   0.15886E+01  -0.71322E+04   0.19232E+05  -0.62411E-01
  1.012   3.151   -0.19282E+05   0.10179E+05  -0.14922E+01   0.10160E+05   0.19236E+05  -0.50442E-01
  1.012   3.151   -0.61889E+05   0.25358E+04   0.85517E-01   0.25285E+04   0.61718E+05   0.18481E-01
  1.012   3.151   -0.42419E+04  -0.15191E+04  -0.10326E+00  -0.15154E+04   0.42214E+04  -0.11747E-01
  1.012   3.151   -0.19280E+05  -0.10179E+05  -0.14814E+01  -0.10159E+05   0.19234E+05   0.50440E-01
  1.012   3.151   -0.42416E+04   0.15190E+04  -0.88867E-01   0.15155E+04   0.42216E+04   0.11747E-01
  1.012   3.151   -0.61889E+05  -0.25336E+04   0.11468E+00  -0.25269E+04   0.61716E+05  -0.18478E-01
  1.025   3.170   -0.67181E+05   0.82820E+00  -0.36179E+00   0.59219E+00   0.66162E+05  -0.67506E-06
  1.025   3.170   -0.19531E+05   0.80852E+04   0.16170E+01   0.79746E+04   0.19242E+05   0.63879E-01
  1.025   3.170   -0.19531E+05  -0.80855E+04   0.16152E+01  -0.79750E+04   0.19243E+05  -0.63879E-01
  1.025   3.170   -0.19534E+05   0.10096E+05  -0.15186E+01   0.99514E+04   0.19249E+05  -0.52585E-01
  1.025   3.170   -0.60803E+05   0.36666E+04   0.18520E+00   0.36115E+04   0.59880E+05   0.20286E-01
  1.025   3.170   -0.37483E+04  -0.99962E+03  -0.95333E-01  -0.98560E+03   0.36830E+04  -0.73395E-02
  1.025   3.170   -0.19535E+05  -0.10096E+05  -0.15245E+01  -0.99516E+04   0.19250E+05   0.52585E-01
  1.025   3.170   -0.37484E+04   0.10000E+04  -0.99100E-01   0.98597E+03   0.36831E+04   0.73398E-02
  1.025   3.170   -0.60803E+05  -0.36677E+04   0.17301E+00  -0.36128E+04   0.59880E+05  -0.20286E-01
  1.038   3.190   -0.66866E+05   0.46898E+00  -0.46330E+00   0.37064E+01   0.65060E+05  -0.37745E-06
  1.038   3.190   -0.18986E+05   0.87628E+04   0.16119E+01   0.85378E+04   0.18480E+05   0.60928E-01
  1.038   3.190   -0.18987E+05  -0.87640E+04   0.16140E+01  -0.85405E+04   0.18481E+05  -0.60926E-01
  1.038   3.190   -0.18991E+05   0.97918E+04  -0.15160E+01   0.95366E+04   0.18490E+05  -0.52495E-01
  1.038   3.190   -0.59238E+05   0.43930E+04   0.21913E+00   0.42733E+04   0.57630E+05   0.19691E-01
  1.038   3.190   -0.28817E+04  -0.49923E+03  -0.10773E+00  -0.48720E+03   0.27953E+04  -0.11915E-02
  1.038   3.190   -0.18990E+05  -0.97906E+04  -0.15047E+01  -0.95335E+04   0.18488E+05   0.52490E-01
  1.038   3.190   -0.28815E+04   0.49945E+03  -0.97982E-01   0.48747E+03   0.27949E+04   0.11920E-02
  1.038   3.190   -0.59238E+05  -0.43932E+04   0.24540E+00  -0.42772E+04   0.57630E+05  -0.19689E-01
  1.050   3.209   -0.65002E+05  -0.15883E+00  -0.51009E+00   0.11233E+01   0.62461E+05   0.46307E-06
  1.050   3.209   -0.17578E+05   0.90087E+04   0.16370E+01   0.86679E+04   0.16905E+05   0.53370E-01
  1.050   3.209   -0.17580E+05  -0.90101E+04   0.16496E+01  -0.86698E+04   0.16905E+05  -0.53368E-01
  1.050   3.209   -0.17579E+05   0.92192E+04  -0.15174E+01   0.88717E+04   0.16905E+05  -0.49736E-01
  1.050   3.209   -0.57133E+05   0.45388E+04   0.23661E+00   0.43624E+04   0.54908E+05   0.16651E-01
  1.050   3.209   -0.17569E+04  -0.82711E+02  -0.11639E+00  -0.80480E+02   0.16805E+04   0.61507E-02
  1.050   3.209   -0.17576E+05  -0.92177E+04  -0.14901E+01  -0.88695E+04   0.16902E+05   0.49730E-01
  1.050   3.209   -0.17563E+04   0.79474E+02  -0.10087E+00   0.77545E+02   0.16799E+04  -0.61514E-02
  1.050   3.209   -0.57132E+05  -0.45390E+04   0.28798E+00  -0.43619E+04   0.54907E+05  -0.16647E-01
  1.062   3.228   -0.61653E+05   0.76503E+00  -0.49417E+00   0.21882E+00   0.58544E+05  -0.46811E-06
  1.062   3.228   -0.15462E+05   0.87732E+04   0.15787E+01   0.83440E+04   0.14693E+05   0.42246E-01
  1.062   3.228   -0.15462E+05  -0.87730E+04   0.15782E+01  -0.83437E+04   0.14692E+05  -0.42246E-01
  1.062   3.228   -0.15464E+05   0.83839E+04  -0.14569E+01   0.79714E+04   0.14698E+05  -0.44402E-01
  1.062   3.228   -0.54558E+05   0.41020E+04   0.24959E+00   0.38962E+04   0.51802E+05   0.11799E-01
  1.062   3.228   -0.57128E+03   0.22260E+03  -0.11862E+00   0.20972E+03   0.53435E+03   0.13610E-01
  1.062   3.228   -0.15464E+05  -0.83837E+04  -0.14606E+01  -0.79715E+04   0.14697E+05   0.44403E-01
  1.062   3.228   -0.57131E+03  -0.22289E+03  -0.11772E+00  -0.21013E+03   0.53453E+03  -0.13610E-01
  1.062   3.228   -0.54558E+05  -0.41038E+04   0.24738E+00  -0.38985E+04   0.51802E+05  -0.11800E-01
  1.075   3.247   -0.57317E+05   0.35158E+00  -0.43248E+00   0.15363E+01   0.53794E+05   0.11371E-05
  1.075   3.247   -0.12967E+05   0.81391E+04   0.15084E+01   0.76509E+04   0.12181E+05   0.29457E-01
  1.075   3.247   -0.12968E+05  -0.81402E+04   0.15007E+01  -0.76527E+04   0.12182E+05  -0.29456E-01
  1.075   3.247   -0.12971E+05   0.73437E+04  -0.14015E+01   0.69028E+04   0.12188E+05  -0.37060E-01
  1.075   3.247   -0.51711E+05   0.32483E+04   0.24171E+00   0.30489E+04   0.48524E+05   0.61156E-02
  1.075   3.247    0.46987E+03   0.42501E+03  -0.11742E+00   0.39758E+03  -0.44882E+03   0.19985E-01
  1.075   3.247   -0.12971E+05  -0.73436E+04  -0.14148E+01  -0.69023E+04   0.12188E+05   0.37061E-01
  1.075   3.247    0.47005E+03  -0.42593E+03  -0.13042E+00  -0.39836E+03  -0.44863E+03  -0.19987E-01
  1.075   3.247   -0.51712E+05  -0.32493E+04   0.17909E+00  -0.30517E+04   0.48525E+05  -0.61145E-02
  1.087   3.266   -0.52583E+05  -0.32529E+00  -0.33428E+00   0.12475E+01   0.48788E+05   0.85754E-06
  1.087   3.266   -0.10420E+05   0.72602E+04   0.14655E+01   0.67487E+04   0.96829E+04   0.16854E-01
  1.087   3.266   -0.10421E+05  -0.72606E+04   0.14662E+01  -0.67495E+04   0.96838E+04  -0.16854E-01
  1.087   3.266   -0.10421E+05   0.61695E+04  -0.13433E+01   0.57386E+04   0.96839E+04  -0.28421E-01
  1.087   3.266   -0.48777E+05   0.22069E+04   0.17789E+00   0.20485E+04   0.45258E+05   0.53628E-03
  1.087   3.266    0.12353E+04   0.56668E+03  -0.10824E+00   0.52455E+03  -0.11540E+04   0.24412E-01
  1.087   3.266   -0.10421E+05  -0.61695E+04  -0.13449E+01  -0.57380E+04   0.96840E+04   0.28420E-01
  1.087   3.266    0.12355E+04  -0.56701E+03  -0.11388E+00  -0.52465E+03  -0.11541E+04  -0.24413E-01
  1.087   3.266   -0.48777E+05  -0.22062E+04   0.16226E+00  -0.20487E+04   0.45258E+05  -0.53543E-03
  1.100   3.284   -0.47945E+05  -0.32123E+00  -0.23828E+00   0.35202E+00   0.44016E+05   0.84656E-06
  1.100   3.284   -0.80492E+04   0.62799E+04   0.13984E+01   0.57781E+04   0.74047E+04   0.56741E-02
  1.100   3.284   -0.80498E+04  -0.62801E+04   0.14013E+01  -0.57783E+04   0.74054E+04  -0.56756E-02
  1.100   3.284   -0.80499E+04   0.49344E+04  -0.13052E+01   0.45446E+04   0.74064E+04  -0.19133E-01
  1.100   3.284   -0.45924E+05   0.11726E+04   0.10949E+00   0.10777E+04   0.42157E+05  -0.43449E-02
  1.100   3.284    0.16844E+04   0.68613E+03  -0.10502E+00   0.62865E+03  -0.15541E+04   0.26591E-01
  1.100   3.284   -0.80497E+04  -0.49341E+04  -0.12970E+01  -0.45441E+04   0.74062E+04   0.19131E-01
  1.100   3.284    0.16843E+04  -0.68669E+03  -0.98097E-01  -0.62899E+03  -0.15541E+04  -0.26590E-01
  1.100   3.284   -0.45924E+05  -0.11723E+04   0.12761E+00  -0.10779E+04   0.42157E+05   0.43446E-02
  1.113   3.303   -0.43683E+05  -0.97000E+00  -0.14769E+00  -0.23364E+00   0.39620E+05   0.22664E-06
  1.113   3.303   -0.59638E+04   0.52990E+04   0.13678E+01   0.48192E+04   0.54256E+04  -0.35378E-02
  1.113   3.303   -0.59641E+04  -0.52991E+04   0.13705E+01  -0.48195E+04   0.54263E+04   0.35345E-02
  1.113   3.303   -0.59642E+04   0.37047E+04  -0.12973E+01   0.33760E+04   0.54267E+04  -0.97199E-02
  1.113   3.303   -0.43236E+05   0.26144E+03   0.55863E-01   0.23764E+03   0.39211E+05  -0.82391E-02
  1.113   3.303    0.18519E+04   0.80340E+03  -0.89852E-01   0.72734E+03  -0.16878E+04   0.26675E-01
  1.113   3.303   -0.59641E+04  -0.37047E+04  -0.12852E+01  -0.33757E+04   0.54265E+04   0.97207E-02
  1.113   3.303    0.18517E+04  -0.80306E+03  -0.77949E-01  -0.72691E+03  -0.16877E+04  -0.26675E-01
  1.113   3.303   -0.43237E+05  -0.26017E+03   0.88433E-01  -0.23834E+03   0.39211E+05   0.82383E-02
  1.125   3.322   -0.39916E+05  -0.21241E+01  -0.60207E-01  -0.47035E+01   0.35720E+05  -0.23004E-06
  1.125   3.322   -0.41935E+04   0.43732E+04   0.13357E+01   0.39279E+04   0.37706E+04  -0.10732E-01
  1.125   3.322   -0.41928E+04  -0.43726E+04   0.13324E+01  -0.39266E+04   0.37696E+04   0.10730E-01
  1.125   3.322   -0.41934E+04   0.25391E+04  -0.12727E+01   0.22883E+04   0.37711E+04  -0.62184E-03
  1.125   3.322   -0.40756E+05  -0.48096E+03   0.45550E-01  -0.42595E+03   0.36466E+05  -0.11068E-01
  1.125   3.322    0.18071E+04   0.91675E+03  -0.55321E-01   0.81879E+03  -0.16255E+04   0.25104E-01
  1.125   3.322   -0.41929E+04  -0.25396E+04  -0.12824E+01  -0.22897E+04   0.37704E+04   0.62068E-03
  1.125   3.322    0.18073E+04  -0.91744E+03  -0.64376E-01  -0.81971E+03  -0.16257E+04  -0.25105E-01
  1.125   3.322   -0.40756E+05   0.48564E+03   0.15260E-01   0.43611E+03   0.36466E+05   0.11068E-01
  1.137   3.340   -0.36696E+05  -0.10547E+01   0.17963E-01   0.92246E+00   0.32408E+05   0.85631E-06
  1.137   3.340   -0.27186E+04   0.35264E+04   0.13811E+01   0.31300E+04   0.24207E+04  -0.16140E-01
  1.137   3.340   -0.27205E+04  -0.35270E+04   0.13851E+01  -0.31306E+04   0.24227E+04   0.16135E-01
  1.137   3.340   -0.27203E+04   0.14810E+04  -0.13512E+01   0.13271E+04   0.24225E+04   0.78214E-02
  1.137   3.340   -0.38533E+05  -0.10596E+04   0.10007E-02  -0.93565E+03   0.34023E+05  -0.12853E-01
  1.137   3.340    0.16271E+04   0.10184E+04  -0.37202E-01   0.89805E+03  -0.14461E+04   0.22420E-01
  1.137   3.340   -0.27196E+04  -0.14803E+04  -0.13521E+01  -0.13261E+04   0.24221E+04  -0.78256E-02
  1.137   3.340    0.16270E+04  -0.10197E+04  -0.36948E-01  -0.89891E+03  -0.14460E+04  -0.22419E-01
  1.137   3.340   -0.38533E+05   0.10610E+04  -0.19380E-01   0.93418E+03   0.34023E+05   0.12853E-01
  1.150   3.358   -0.34009E+05  -0.99268E+01   0.72042E-01  -0.13271E+02   0.29676E+05  -0.12714E-05
  1.150   3.358   -0.15058E+04   0.27663E+04   0.13764E+01   0.24310E+04   0.13356E+04  -0.20074E-01
  1.150   3.358   -0.15087E+04  -0.27688E+04   0.13992E+01  -0.24323E+04   0.13389E+04   0.20055E-01
  1.150   3.358   -0.15048E+04   0.55571E+03  -0.14923E+01   0.50802E+03   0.13357E+04   0.15361E-01
  1.150   3.358   -0.36611E+05  -0.14839E+04  -0.27080E+00  -0.12849E+04   0.31948E+05  -0.13656E-01
  1.150   3.358    0.13770E+04   0.11001E+04  -0.67808E-01   0.95838E+03  -0.12123E+04   0.19085E-01
  1.150   3.358   -0.15064E+04  -0.55591E+03  -0.13498E+01  -0.50781E+03   0.13349E+04  -0.15353E-01
  1.150   3.358    0.13763E+04  -0.10990E+04   0.49448E-01  -0.95693E+03  -0.12125E+04  -0.19083E-01
  1.150   3.358   -0.36614E+05   0.14934E+04   0.17771E+00   0.13100E+04   0.31952E+05   0.13650E-01
  1.163   3.376   -0.31671E+05  -0.44738E+00   0.16694E+00  -0.61826E+00   0.27260E+05   0.33833E-06
  1.163   3.376   -0.49909E+03   0.20697E+04   0.15006E+01   0.18007E+04   0.45382E+03  -0.22876E-01
  1.163   3.376   -0.49906E+03  -0.20697E+04   0.15007E+01  -0.18005E+04   0.45357E+03   0.22875E-01
  1.163   3.376   -0.49927E+03  -0.24200E+03  -0.14879E+01  -0.18493E+03   0.45310E+03   0.21867E-01
  1.163   3.376   -0.34754E+05  -0.17825E+04  -0.63942E-01  -0.15324E+04   0.29923E+05  -0.13663E-01
  1.163   3.376    0.10864E+04   0.11467E+04   0.22216E-01   0.98533E+03  -0.94650E+03   0.15565E-01
  1.163   3.376   -0.49895E+03   0.24225E+03  -0.15015E+01   0.18504E+03   0.45293E+03  -0.21869E-01
  1.163   3.376    0.10864E+04  -0.11471E+04   0.82549E-02  -0.98584E+03  -0.94649E+03  -0.15564E-01
  1.163   3.376   -0.34754E+05   0.17832E+04  -0.10095E+00   0.15346E+04   0.29923E+05   0.13663E-01
  1.175   3.395   -0.29729E+05   0.54260E+00   0.23812E+00   0.95558E+00   0.25274E+05   0.15466E-06
  1.175   3.395    0.33383E+03   0.14377E+04   0.15555E+01   0.12426E+04  -0.25763E+03  -0.24843E-01
  1.175   3.395    0.33384E+03  -0.14376E+04   0.15560E+01  -0.12425E+04  -0.25764E+03   0.24844E-01
  1.175   3.395    0.33381E+03  -0.90663E+03  -0.15880E+01  -0.74643E+03  -0.25826E+03   0.27268E-01
  1.175   3.395   -0.33132E+05  -0.19659E+04  -0.10327E+00  -0.16713E+04   0.28162E+05  -0.12937E-01
  1.175   3.395    0.79403E+03   0.11626E+04   0.42246E-01   0.98678E+03  -0.68739E+03   0.12065E-01
  1.175   3.395    0.33388E+03   0.90683E+03  -0.15989E+01   0.74651E+03  -0.25812E+03  -0.27269E-01
  1.175   3.395    0.79391E+03  -0.11626E+04   0.32950E-01  -0.98682E+03  -0.68728E+03  -0.12065E-01
  1.175   3.395   -0.33132E+05   0.19647E+04  -0.13492E+00   0.16688E+04   0.28162E+05   0.12937E-01
  1.188   3.413   -0.28082E+05  -0.85666E+00   0.32383E+00  -0.27750E+01   0.23525E+05   0.54330E-06
  1.188   3.413    0.10307E+04   0.85327E+03   0.17268E+01   0.73821E+03  -0.83382E+03  -0.26247E-01
  1.188   3.413    0.10309E+04  -0.85343E+03   0.17269E+01  -0.73843E+03  -0.83424E+03   0.26245E-01
  1.188   3.413    0.10315E+04  -0.14512E+04  -0.17897E+01  -0.11885E+04  -0.83505E+03   0.31578E-01
  1.188   3.413   -0.31604E+05  -0.20476E+04  -0.17857E+00  -0.17133E+04   0.26474E+05  -0.11623E-01
  1.188   3.413    0.50875E+03   0.11433E+04   0.57378E-01   0.95645E+03  -0.44033E+03   0.87913E-02
  1.188   3.413    0.10316E+04   0.14513E+04  -0.17843E+01   0.11887E+04  -0.83552E+03  -0.31577E-01
  1.188   3.413    0.50862E+03  -0.11435E+04   0.56772E-01  -0.95657E+03  -0.44048E+03  -0.87899E-02
  1.188   3.413   -0.31604E+05   0.20447E+04  -0.15836E+00   0.17151E+04   0.26474E+05   0.11626E-01
  1.200   3.430   -0.26633E+05  -0.11664E+01   0.49021E+00  -0.60024E+01   0.21973E+05   0.17045E-05
  1.200   3.430    0.16222E+04   0.29952E+03   0.20779E+01   0.27406E+03  -0.13028E+04  -0.27296E-01
  1.200   3.430    0.16226E+04  -0.29957E+03   0.20620E+01  -0.27548E+03  -0.13026E+04   0.27293E-01
  1.200   3.430    0.16226E+04  -0.18899E+04  -0.22116E+01  -0.15261E+04  -0.13029E+04   0.34822E-01
  1.200   3.430   -0.30148E+05  -0.20335E+04  -0.36921E+00  -0.16800E+04   0.24854E+05  -0.98368E-02
  1.200   3.430    0.24006E+03   0.10858E+04   0.32040E-01   0.89472E+03  -0.21565E+03   0.58118E-02
  1.200   3.430    0.16228E+04   0.18902E+04  -0.21237E+01   0.15277E+04  -0.13048E+04  -0.34816E-01
  1.200   3.430    0.23981E+03  -0.10854E+04   0.11161E+00  -0.89373E+03  -0.21508E+03  -0.58117E-02
  1.200   3.430   -0.30149E+05   0.20325E+04  -0.12537E+00   0.16749E+04   0.24855E+05   0.98371E-02
  1.213   3.448   -0.25299E+05   0.24569E+01   0.65715E+00   0.20753E+01   0.20555E+05   0.18623E-05
  1.213   3.448    0.21259E+04  -0.23437E+03   0.23324E+01  -0.15762E+03  -0.16862E+04  -0.28123E-01
  1.213   3.448    0.21267E+04   0.23519E+03   0.23266E+01   0.15845E+03  -0.16870E+04   0.28121E-01
  1.213   3.448    0.21272E+04  -0.22205E+04  -0.24087E+01  -0.17667E+04  -0.16898E+04   0.36971E-01
  1.213   3.448   -0.28634E+05  -0.19319E+04  -0.28934E+00  -0.15717E+04   0.23237E+05  -0.76407E-02
  1.213   3.448   -0.90434E+01   0.98449E+03   0.77422E-01   0.79895E+03  -0.12510E+02   0.31270E-02
  1.213   3.448    0.21273E+04   0.22207E+04  -0.24297E+01   0.17664E+04  -0.16896E+04  -0.36973E-01
  1.213   3.448   -0.92928E+01  -0.98517E+03   0.61615E-01  -0.79973E+03  -0.12281E+02  -0.31271E-02
  1.213   3.448   -0.28633E+05   0.19293E+04  -0.36890E+00   0.15682E+04   0.23237E+05   0.76383E-02
  1.225   3.466   -0.23952E+05  -0.53163E+00   0.94207E+00   0.10515E+02   0.19008E+05  -0.52900E-05
  1.225   3.466    0.25507E+04  -0.75909E+03   0.29010E+01  -0.56023E+03  -0.19782E+04  -0.28905E-01
  1.225   3.466    0.25494E+04   0.75859E+03   0.29490E+01   0.56189E+03  -0.19769E+04   0.28913E-01
  1.225   3.466    0.25496E+04  -0.24420E+04  -0.29039E+01  -0.18993E+04  -0.19782E+04   0.38142E-01
  1.225   3.466   -0.26970E+05  -0.17379E+04  -0.35597E+00  -0.13845E+04   0.21424E+05  -0.50965E-02
  1.225   3.466   -0.23399E+03   0.83355E+03   0.91097E-01   0.66103E+03   0.16128E+03   0.73038E-03
  1.225   3.466    0.25493E+04   0.24417E+04  -0.29907E+01   0.18963E+04  -0.19752E+04  -0.38142E-01
  1.225   3.466   -0.23387E+03  -0.83386E+03   0.21941E-01  -0.66230E+03   0.16110E+03  -0.73072E-03
  1.225   3.466   -0.26970E+05   0.17414E+04  -0.57989E+00   0.13828E+04   0.21423E+05   0.50954E-02
  1.238   3.484   -0.22465E+05   0.16857E+01   0.13892E+01  -0.16644E+01   0.17366E+05   0.74545E-06
  1.238   3.484    0.28869E+04  -0.12714E+04   0.37530E+01  -0.93038E+03  -0.21747E+04  -0.29743E-01
  1.238   3.484    0.28869E+04   0.12715E+04   0.37339E+01   0.92946E+03  -0.21744E+04   0.29738E-01
  1.238   3.484    0.28864E+04  -0.25414E+04  -0.37388E+01  -0.19160E+04  -0.21730E+04   0.38387E-01
  1.238   3.484   -0.25007E+05  -0.14636E+04  -0.72890E+00  -0.11326E+04   0.19354E+05  -0.23043E-02
  1.238   3.484   -0.42924E+03   0.62753E+03  -0.10218E-01   0.48707E+03   0.30111E+03  -0.14502E-02
  1.238   3.484    0.28858E+04   0.25410E+04  -0.37259E+01   0.19166E+04  -0.21733E+04  -0.38385E-01
  1.238   3.484   -0.42912E+03  -0.62745E+03  -0.17947E-01  -0.48716E+03   0.30087E+03   0.14497E-02
  1.238   3.484   -0.25007E+05   0.14619E+04  -0.66649E+00   0.11413E+04   0.19355E+05   0.23041E-02
  1.250   3.501   -0.20412E+05  -0.57466E+01   0.20595E+01  -0.15967E+02   0.15158E+05   0.18044E-05
  1.250   3.501    0.30769E+04  -0.17332E+04   0.50773E+01  -0.12195E+04  -0.22273E+04  -0.30713E-01
  1.250   3.501    0.30764E+04   0.17312E+04   0.50950E+01   0.12128E+04  -0.22238E+04   0.30716E-01
  1.250   3.501    0.30728E+04  -0.24660E+04  -0.45792E+01  -0.17804E+04  -0.22097E+04   0.37805E-01
  1.250   3.501   -0.22309E+05  -0.10841E+04  -0.79553E+00  -0.79355E+03   0.16713E+05   0.69931E-03
  1.250   3.501   -0.58032E+03   0.36261E+03  -0.52121E-01   0.27425E+03   0.39510E+03  -0.35016E-02
  1.250   3.501    0.30745E+04   0.24687E+04  -0.48238E+01   0.17846E+04  -0.22109E+04  -0.37809E-01
  1.250   3.501   -0.58010E+03  -0.36339E+03  -0.33099E+00  -0.27750E+03   0.39390E+03   0.35010E-02
  1.250   3.501   -0.22310E+05   0.10992E+04  -0.13939E+01   0.85395E+03   0.16716E+05  -0.70144E-03
