  0.000   0.000    0.00000E+00   0.00000E+00   0.00000E+00   0.00000E+00   0.00000E+00   0.00000E+00
  0.000   0.000    0.00000E+00   0.00000E+00   0.00000E+00   0.00000E+00   0.00000E+00   0.00000E+00
  0.000   0.000    0.00000E+00   0.00000E+00   0.00000E+00   0.00000E+00   0.00000E+00   0.00000E+00
  0.000   0.000    0.00000E+00   0.00000E+00   0.00000E+00   0.00000E+00   0.00000E+00   0.00000E+00
  0.000   0.000    0.00000E+00   0.00000E+00   0.00000E+00   0.00000E+00   0.00000E+00   0.00000E+00
  0.000   0.000    0.00000E+00   0.00000E+00   0.00000E+00   0.00000E+00   0.00000E+00   0.00000E+00
  0.000   0.000    0.00000E+00   0.00000E+00   0.00000E+00   0.00000E+00   0.00000E+00   0.00000E+00
  0.000   0.000    0.00000E+00   0.00000E+00   0.00000E+00   0.00000E+00   0.00000E+00   0.00000E+00
  0.000   0.000    0.00000E+00   0.00000E+00   0.00000E+00   0.00000E+00   0.00000E+00   0.00000E+00
 -1.000  -1.000    0.00000E+00   0.00000E+00   0.00000E+00   0.00000E+00   0.00000E+00   0.00000E+00
 -1.000  -1.000    0.00000E+00   0.00000E+00   0.00000E+00   0.00000E+00   0.00000E+00   0.00000E+00
 -1.000  -1.000    0.00000E+00   0.00000E+00   0.00000E+00   0.00000E+00   0.00000E+00   0.00000E+00
 -1.000  -1.000    0.00000E+00   0.00000E+00   0.00000E+00   0.00000E+00   0.00000E+00   0.00000E+00
 -1.000  -1.000    0.00000E+00   0.00000E+00   0.00000E+00   0.00000E+00   0.00000E+00   0.00000E+00
 -1.000  -1.000    0.00000E+00   0.00000E+00   0.00000E+00   0.00000E+00   0.00000E+00   0.00000E+00
 -1.000  -1.000    0.00000E+00   0.00000E+00   0.00000E+00   0.00000E+00   0.00000E+00   0.00000E+00
 -1.000  -1.000    0.00000E+00   0.00000E+00   0.00000E+00   0.00000E+00   0.00000E+00   0.00000E+00
 -1.000  -1.000    0.00000E+00   0.00000E+00   0.00000E+00   0.00000E+00   0.00000E+00   0.00000E+00
  0.013   0.333   -0.49977E+01   0.18978E-05   0.10116E+04   0.93651E-05   0.26897E+02  -0.49903E-10
  0.013   0.333   -0.21470E+02   0.87364E+01   0.10017E+04   0.43336E+02   0.10836E+03   0.45291E-07
  0.013   0.333   -0.21470E+02  -0.87364E+01   0.10017E+04  -0.43336E+02   0.10836E+03  -0.45375E-07
  0.013   0.333    0.18308E+02  -0.14210E+02   0.10017E+04  -0.72095E+02  -0.91747E+02   0.23693E-07
  0.013   0.333    0.24990E+01  -0.43283E+01   0.10116E+04  -0.23295E+02  -0.13449E+02  -0.42224E-08
  0.013   0.333    0.31597E+01  -0.22946E+02   0.10017E+04  -0.11543E+03  -0.16600E+02  -0.21469E-07
  0.013   0.333    0.18308E+02   0.14210E+02   0.10017E+04   0.72095E+02  -0.91747E+02  -0.23791E-07
  0.013   0.333    0.31597E+01   0.22946E+02   0.10017E+04   0.11543E+03  -0.16600E+02   0.21389E-07
  0.013   0.333    0.24990E+01   0.43283E+01   0.10116E+04   0.23295E+02  -0.13449E+02   0.41354E-08
  0.025   0.494   -0.37581E+02  -0.27756E-04   0.23801E+04  -0.12531E-03   0.19716E+03  -0.32806E-09
  0.025   0.494   -0.23897E+03   0.10714E+03   0.22841E+04   0.52522E+03   0.11812E+04   0.41716E-06
  0.025   0.494   -0.23897E+03  -0.10714E+03   0.22841E+04  -0.52522E+03   0.11812E+04  -0.41816E-06
  0.025   0.494    0.21234E+03  -0.15322E+03   0.22841E+04  -0.75954E+03  -0.10458E+04   0.26683E-06
  0.025   0.494    0.18792E+02  -0.32545E+02   0.23801E+04  -0.17075E+03  -0.98585E+02  -0.13847E-06
  0.025   0.494    0.26597E+02  -0.26036E+03   0.22842E+04  -0.12848E+04  -0.13525E+03  -0.14923E-06
  0.025   0.494    0.21234E+03   0.15322E+03   0.22841E+04   0.75954E+03  -0.10458E+04  -0.26745E-06
  0.025   0.494    0.26597E+02   0.26036E+03   0.22842E+04   0.12848E+04  -0.13525E+03   0.14826E-06
  0.025   0.494    0.18792E+02   0.32545E+02   0.23801E+04   0.17075E+03  -0.98586E+02   0.13739E-06
  0.038   0.606   -0.10387E+03  -0.18581E-03   0.32314E+04  -0.94866E-03   0.53142E+03   0.53281E-09
  0.038   0.606   -0.81541E+03   0.37650E+03   0.29368E+04   0.18127E+04   0.39466E+04   0.13402E-05
  0.038   0.606   -0.81541E+03  -0.37650E+03   0.29368E+04  -0.18127E+04   0.39466E+04  -0.13394E-05
  0.038   0.606    0.73399E+03  -0.51739E+03   0.29368E+04  -0.25089E+04  -0.35443E+04   0.93811E-06
  0.038   0.606    0.51938E+02  -0.89955E+02   0.32314E+04  -0.46026E+03  -0.26573E+03  -0.60535E-06
  0.038   0.606    0.81321E+02  -0.89390E+03   0.29370E+04  -0.43217E+04  -0.40180E+03  -0.39550E-06
  0.038   0.606    0.73399E+03   0.51739E+03   0.29368E+04   0.25089E+04  -0.35443E+04  -0.93715E-06
  0.038   0.606    0.81317E+02   0.89390E+03   0.29370E+04   0.43217E+04  -0.40178E+03   0.39609E-06
  0.038   0.606    0.51938E+02   0.89956E+02   0.32314E+04   0.46026E+03  -0.26573E+03   0.60644E-06
  0.050   0.700   -0.18129E+03  -0.55143E-04   0.36535E+04  -0.43928E-03   0.90927E+03   0.30255E-08
  0.050   0.700   -0.17734E+04   0.83495E+03   0.30743E+04   0.39389E+04   0.83976E+04   0.28922E-05
  0.050   0.700   -0.17734E+04  -0.83495E+03   0.30743E+04  -0.39389E+04   0.83976E+04  -0.28832E-05
  0.050   0.700    0.16102E+04  -0.11172E+04   0.30743E+04  -0.52977E+04  -0.76122E+04   0.21147E-05
  0.050   0.700    0.90655E+02  -0.15706E+03   0.36534E+04  -0.78772E+03  -0.45467E+03  -0.14803E-05
  0.050   0.700    0.16286E+03  -0.19522E+04   0.30748E+04  -0.92370E+04  -0.78411E+03  -0.75767E-06
  0.050   0.700    0.16102E+04   0.11172E+04   0.30743E+04   0.52977E+04  -0.76123E+04  -0.21097E-05
  0.050   0.700    0.16286E+03   0.19522E+04   0.30748E+04   0.92370E+04  -0.78410E+03   0.76717E-06
  0.050   0.700    0.90654E+02   0.15706E+03   0.36534E+04   0.78772E+03  -0.45467E+03   0.14908E-05
  0.062   0.783   -0.20268E+03   0.24332E-03   0.37794E+04   0.96356E-03   0.10124E+04   0.55670E-08
  0.062   0.783   -0.30251E+04   0.14655E+04   0.28896E+04   0.67656E+04   0.14006E+05   0.50024E-05
  0.062   0.783   -0.30251E+04  -0.14655E+04   0.28896E+04  -0.67656E+04   0.14006E+05  -0.50016E-05
  0.062   0.783    0.27826E+04  -0.18851E+04   0.28897E+04  -0.87382E+04  -0.12866E+05   0.37362E-05
  0.062   0.783    0.10135E+03  -0.17572E+03   0.37794E+04  -0.87769E+03  -0.50625E+03  -0.27104E-05
  0.062   0.783    0.24202E+03  -0.33510E+04   0.28905E+04  -0.15505E+05  -0.11378E+04  -0.12475E-05
  0.062   0.783    0.27826E+04   0.18851E+04   0.28897E+04   0.87382E+04  -0.12866E+05  -0.37278E-05
  0.062   0.783    0.24201E+03   0.33510E+04   0.28905E+04   0.15505E+05  -0.11378E+04   0.12440E-05
  0.062   0.783    0.10135E+03   0.17572E+03   0.37794E+04   0.87769E+03  -0.50625E+03   0.27166E-05
  0.075   0.858   -0.68237E+02  -0.25270E-03   0.36923E+04  -0.12325E-02   0.40306E+03  -0.30956E-08
  0.075   0.858   -0.44058E+04   0.22330E+04   0.25324E+04   0.10075E+05   0.19927E+05   0.74847E-05
  0.075   0.858   -0.44058E+04  -0.22330E+04   0.25324E+04  -0.10075E+05   0.19927E+05  -0.74750E-05
  0.075   0.858    0.41379E+04  -0.26963E+04   0.25324E+04  -0.12207E+05  -0.18694E+05   0.56082E-05
  0.075   0.858    0.34121E+02  -0.59572E+02   0.36922E+04  -0.35128E+03  -0.20153E+03  -0.40923E-05
  0.075   0.858    0.26701E+03  -0.49300E+04   0.25334E+04  -0.22285E+05  -0.12287E+04  -0.18308E-05
  0.075   0.858    0.41379E+04   0.26963E+04   0.25324E+04   0.12207E+05  -0.18694E+05  -0.56126E-05
  0.075   0.858    0.26702E+03   0.49300E+04   0.25334E+04   0.22285E+05  -0.12287E+04   0.18452E-05
  0.075   0.858    0.34121E+02   0.59572E+02   0.36922E+04   0.35128E+03  -0.20153E+03   0.40997E-05
  0.088   0.926    0.31129E+03   0.11948E-02   0.34499E+04   0.56504E-02  -0.12656E+04   0.50014E-08
  0.088   0.926   -0.57392E+04   0.30995E+04   0.21087E+04   0.13665E+05   0.25353E+05   0.10114E-04
  0.088   0.926   -0.57392E+04  -0.30995E+04   0.21087E+04  -0.13665E+05   0.25353E+05  -0.10106E-04
  0.088   0.926    0.55555E+04  -0.34169E+04   0.21088E+04  -0.15108E+05  -0.24518E+05   0.75280E-05
  0.088   0.926   -0.15568E+03   0.26872E+03   0.34499E+04   0.10921E+04   0.63296E+03  -0.53826E-05
  0.088   0.926    0.18242E+03  -0.65177E+04   0.21099E+04  -0.28779E+05  -0.82992E+03  -0.25314E-05
  0.088   0.926    0.55555E+04   0.34169E+04   0.21088E+04   0.15108E+05  -0.24518E+05  -0.75223E-05
  0.088   0.926    0.18245E+03   0.65177E+04   0.21099E+04   0.28779E+05  -0.83007E+03   0.25448E-05
  0.088   0.926   -0.15565E+03  -0.26872E+03   0.34499E+04  -0.10922E+04   0.63283E+03   0.53893E-05
  0.100   0.990    0.96679E+03   0.37211E-03   0.30982E+04   0.12081E-02  -0.40533E+04  -0.17923E-07
  0.100   0.990   -0.68797E+04   0.40219E+04   0.16818E+04   0.17322E+05   0.29682E+05   0.12655E-04
  0.100   0.990   -0.68797E+04  -0.40219E+04   0.16818E+04  -0.17322E+05   0.29682E+05  -0.12668E-04
  0.100   0.990    0.69248E+04  -0.39425E+04   0.16818E+04  -0.17025E+05  -0.29850E+05   0.92629E-05
  0.100   0.990   -0.48343E+03   0.83599E+03   0.30983E+04   0.35047E+04   0.20268E+04  -0.63696E-05
  0.100   0.990   -0.46952E+02  -0.79665E+04   0.16830E+04  -0.34356E+05   0.17640E+03  -0.33423E-05
  0.100   0.990    0.69248E+04   0.39425E+04   0.16818E+04   0.17025E+05  -0.29850E+05  -0.92830E-05
  0.100   0.990   -0.46960E+02   0.79665E+04   0.16830E+04   0.34356E+05   0.17644E+03   0.33309E-05
  0.100   0.990   -0.48345E+03  -0.83599E+03   0.30983E+04  -0.35047E+04   0.20269E+04   0.63402E-05
  0.113   1.050    0.18318E+04   0.15660E-02   0.26753E+04   0.63319E-02  -0.75925E+04   0.22387E-08
  0.113   1.050   -0.77169E+04   0.49273E+04   0.12802E+04   0.20710E+05   0.32485E+05   0.14889E-04
  0.113   1.050   -0.77169E+04  -0.49273E+04   0.12802E+04  -0.20710E+05   0.32485E+05  -0.14882E-04
  0.113   1.050    0.81280E+04  -0.42143E+04   0.12802E+04  -0.17756E+05  -0.34188E+05   0.10674E-04
  0.113   1.050   -0.91601E+03   0.15849E+04   0.26755E+04   0.65689E+04   0.37967E+04  -0.68273E-05
  0.113   1.050   -0.41313E+03  -0.91448E+04   0.12813E+04  -0.38480E+05   0.17121E+04  -0.41688E-05
  0.113   1.050    0.81280E+04   0.42143E+04   0.12802E+04   0.17756E+05  -0.34188E+05  -0.10672E-04
  0.113   1.050   -0.41312E+03   0.91448E+04   0.12813E+04   0.38480E+05   0.17121E+04   0.41841E-05
  0.113   1.050   -0.91599E+03  -0.15849E+04   0.26755E+04  -0.65689E+04   0.37966E+04   0.68380E-05
  0.125   1.107    0.27246E+04  -0.83299E-02   0.22150E+04  -0.31492E-01  -0.11080E+05  -0.90305E-08
  0.125   1.107   -0.81857E+04   0.56984E+04   0.91194E+03   0.23379E+05   0.33627E+05   0.16754E-04
  0.125   1.107   -0.81857E+04  -0.56985E+04   0.91194E+03  -0.23379E+05   0.33627E+05  -0.16771E-04
  0.125   1.107    0.90305E+04  -0.42344E+04   0.91191E+03  -0.17410E+05  -0.37071E+05   0.11709E-04
  0.125   1.107   -0.13624E+04   0.23583E+04   0.22153E+04   0.95902E+04   0.55403E+04  -0.68572E-05
  0.125   1.107   -0.84682E+03  -0.99374E+04   0.91301E+03  -0.40808E+05   0.34526E+04  -0.49941E-05
  0.125   1.107    0.90305E+04   0.42344E+04   0.91192E+03   0.17410E+05  -0.37071E+05  -0.11716E-04
  0.125   1.107   -0.84681E+03   0.99374E+04   0.91301E+03   0.40808E+05   0.34526E+04   0.49676E-05
  0.125   1.107   -0.13624E+04  -0.23583E+04   0.22153E+04  -0.95902E+04   0.55405E+04   0.68261E-05
  0.138   1.161    0.33364E+04  -0.24427E-02   0.17489E+04  -0.14597E-01  -0.13260E+05  -0.12375E-07
  0.138   1.161   -0.81906E+04   0.61178E+04   0.57962E+03   0.24472E+05   0.32800E+05   0.17832E-04
  0.138   1.161   -0.81906E+04  -0.61178E+04   0.57962E+03  -0.24472E+05   0.32800E+05  -0.17829E-04
  0.138   1.161    0.93968E+04  -0.40293E+04   0.57963E+03  -0.16149E+05  -0.37607E+05   0.12289E-04
  0.138   1.161   -0.16684E+04   0.28894E+04   0.17493E+04   0.11483E+05   0.66308E+04  -0.65537E-05
  0.138   1.161   -0.12073E+04  -0.10153E+05   0.58062E+03  -0.40647E+05   0.48111E+04  -0.54724E-05
  0.138   1.161    0.93968E+04   0.40293E+04   0.57963E+03   0.16149E+05  -0.37607E+05  -0.12298E-04
  0.138   1.161   -0.12072E+04   0.10153E+05   0.58062E+03   0.40647E+05   0.48110E+04   0.54773E-05
  0.138   1.161   -0.16684E+04  -0.28894E+04   0.17493E+04  -0.11483E+05   0.66306E+04   0.65406E-05
  0.150   1.213    0.33248E+04  -0.10334E-03   0.13123E+04  -0.71475E-03  -0.12906E+05  -0.25053E-08
  0.150   1.213   -0.76733E+04   0.59500E+04   0.29341E+03   0.23226E+05   0.29982E+05   0.17990E-04
  0.150   1.213   -0.76733E+04  -0.59500E+04   0.29341E+03  -0.23226E+05   0.29982E+05  -0.18003E-04
  0.150   1.213    0.89924E+04  -0.36660E+04   0.29338E+03  -0.14335E+05  -0.35117E+05   0.12587E-04
  0.150   1.213   -0.16623E+04   0.28807E+04   0.13127E+04   0.11182E+05   0.64524E+04  -0.64338E-05
  0.150   1.213   -0.13192E+04  -0.96235E+04   0.29423E+03  -0.37591E+05   0.51355E+04  -0.53524E-05
  0.150   1.213    0.89925E+04   0.36661E+04   0.29340E+03   0.14336E+05  -0.35118E+05  -0.12587E-04
  0.150   1.213   -0.13194E+04   0.96235E+04   0.29423E+03   0.37591E+05   0.51361E+04   0.53318E-05
  0.150   1.213   -0.16626E+04  -0.28808E+04   0.13127E+04  -0.11182E+05   0.64535E+04   0.64189E-05
  0.163   1.262    0.25026E+04   0.17057E-01   0.94404E+03   0.38192E-01  -0.94579E+04  -0.34121E-07
  0.163   1.262   -0.66123E+04   0.50549E+04   0.74856E+02   0.19225E+05   0.25169E+05   0.16560E-04
  0.163   1.262   -0.66123E+04  -0.50548E+04   0.74861E+02  -0.19225E+05   0.25169E+05  -0.16651E-04
  0.163   1.262    0.76868E+04  -0.31958E+04   0.74855E+02  -0.12173E+05  -0.29245E+05   0.12438E-04
  0.163   1.262   -0.12512E+04   0.21709E+04   0.94434E+03   0.82044E+04   0.47285E+04  -0.68934E-05
  0.163   1.262   -0.10729E+04  -0.82599E+04   0.75541E+02  -0.31433E+05   0.40704E+04  -0.42101E-05
  0.163   1.262    0.76869E+04   0.31960E+04   0.74861E+02   0.12173E+05  -0.29246E+05  -0.12442E-04
  0.163   1.262   -0.10730E+04   0.82599E+04   0.75541E+02   0.31433E+05   0.40703E+04   0.40629E-05
  0.163   1.262   -0.12514E+04  -0.21709E+04   0.94434E+03  -0.82045E+04   0.47293E+04   0.68467E-05
  0.175   1.310    0.11111E+04   0.12831E-01   0.67129E+03   0.44092E-01  -0.40756E+04  -0.38024E-08
  0.175   1.310   -0.52118E+04   0.36546E+04  -0.58431E+02   0.13561E+05   0.19353E+05   0.13990E-04
  0.175   1.310   -0.52119E+04  -0.36545E+04  -0.58426E+02  -0.13561E+05   0.19353E+05  -0.13979E-04
  0.175   1.310    0.57734E+04  -0.26842E+04  -0.58421E+02  -0.99716E+04  -0.21430E+05   0.12002E-04
  0.175   1.310   -0.55535E+03   0.96754E+03   0.67148E+03   0.35492E+04   0.20370E+04  -0.80221E-05
  0.175   1.310   -0.55894E+03  -0.63489E+04  -0.57899E+02  -0.23570E+05   0.20674E+04  -0.19144E-05
  0.175   1.310    0.57735E+04   0.26843E+04  -0.58418E+02   0.99720E+04  -0.21430E+05  -0.12006E-04
  0.175   1.310   -0.55894E+03   0.63489E+04  -0.57899E+02   0.23570E+05   0.20673E+04   0.19281E-05
  0.175   1.310   -0.55553E+03  -0.96756E+03   0.67148E+03  -0.35492E+04   0.20377E+04   0.80062E-05
  0.188   1.356   -0.31702E+03   0.18003E-01   0.49210E+03   0.65914E-01   0.11811E+04   0.15595E-08
  0.188   1.356   -0.37925E+04   0.22044E+04  -0.11397E+03   0.79721E+04   0.13721E+05   0.10427E-04
  0.188   1.356   -0.37925E+04  -0.22044E+04  -0.11396E+03  -0.79719E+04   0.13721E+05  -0.10417E-04
  0.188   1.356    0.38070E+04  -0.21807E+04  -0.11396E+03  -0.78916E+04  -0.13771E+05   0.11199E-04
  0.188   1.356    0.15884E+03  -0.26913E+03   0.49217E+03  -0.10033E+04  -0.59171E+03  -0.95002E-05
  0.188   1.356   -0.11772E+02  -0.43951E+04  -0.11359E+03  -0.15900E+05   0.39432E+02   0.83891E-06
  0.188   1.356    0.38071E+04   0.21807E+04  -0.11396E+03   0.78919E+04  -0.13771E+05  -0.11201E-04
  0.188   1.356   -0.11767E+02   0.43951E+04  -0.11359E+03   0.15900E+05   0.39393E+02  -0.81890E-06
  0.188   1.356    0.15866E+03   0.26912E+03   0.49217E+03   0.10033E+04  -0.59109E+03   0.94932E-05
  0.200   1.400   -0.13709E+04  -0.96224E-02   0.37932E+03  -0.35361E-01   0.48539E+04  -0.11741E-08
  0.200   1.400   -0.25982E+04   0.10541E+04  -0.12015E+03   0.37169E+04   0.91601E+04   0.66841E-05
  0.200   1.400   -0.25981E+04  -0.10541E+04  -0.12015E+03  -0.37169E+04   0.91600E+04  -0.66869E-05
  0.200   1.400    0.22127E+04  -0.17217E+04  -0.12015E+03  -0.60697E+04  -0.78014E+04   0.10104E-04
  0.200   1.400    0.68570E+03  -0.11831E+04   0.37929E+03  -0.41891E+04  -0.24279E+04  -0.10863E-04
  0.200   1.400    0.38762E+03  -0.27847E+04  -0.11988E+03  -0.98181E+04  -0.13661E+04   0.34660E-05
  0.200   1.400    0.22127E+04   0.17217E+04  -0.12015E+03   0.60697E+04  -0.78015E+04  -0.10096E-04
  0.200   1.400    0.38758E+03   0.27847E+04  -0.11988E+03   0.98181E+04  -0.13659E+04  -0.34745E-05
  0.200   1.400    0.68570E+03   0.11831E+04   0.37929E+03   0.41891E+04  -0.24279E+04   0.10863E-04
  0.213   1.444   -0.19454E+04   0.66536E-02   0.30443E+03   0.18023E-01   0.66976E+04   0.11557E-07
  0.213   1.444   -0.16935E+04   0.28727E+03  -0.10475E+03   0.99071E+03   0.58211E+04   0.31094E-05
  0.213   1.444   -0.16936E+04  -0.28726E+03  -0.10475E+03  -0.99067E+03   0.58211E+04  -0.31145E-05
  0.213   1.444    0.10964E+04  -0.13219E+04  -0.10475E+03  -0.45419E+04  -0.37714E+04   0.86934E-05
  0.213   1.444    0.97262E+03  -0.16811E+04   0.30437E+03  -0.57876E+04  -0.33485E+04  -0.11802E-04
  0.213   1.444    0.59924E+03  -0.16179E+04  -0.10455E+03  -0.55627E+04  -0.20569E+04   0.56116E-05
  0.213   1.444    0.10961E+04   0.13216E+04  -0.10476E+03   0.45411E+04  -0.37704E+04  -0.87067E-05
  0.213   1.444    0.59928E+03   0.16179E+04  -0.10455E+03   0.55628E+04  -0.20570E+04  -0.56061E-05
  0.213   1.444    0.97319E+03   0.16811E+04   0.30438E+03   0.57876E+04  -0.33504E+04   0.11806E-04
  0.225   1.485   -0.21263E+04  -0.13994E-01   0.24954E+03  -0.46471E-01   0.71263E+04  -0.32863E-08
  0.225   1.485   -0.10402E+04  -0.16754E+03  -0.84304E+02  -0.55648E+03   0.34844E+04  -0.10380E-06
  0.225   1.485   -0.10401E+04   0.16752E+03  -0.84307E+02   0.55641E+03   0.34842E+04   0.10220E-06
  0.225   1.485    0.37528E+03  -0.98316E+03  -0.84313E+02  -0.32910E+04  -0.12612E+04   0.69801E-05
  0.225   1.485    0.10635E+04  -0.18389E+04   0.24948E+03  -0.61630E+04  -0.35643E+04  -0.12260E-04
  0.225   1.485    0.66621E+03  -0.82402E+03  -0.84150E+02  -0.27626E+04  -0.22275E+04   0.71250E-05
  0.225   1.485    0.37560E+03   0.98332E+03  -0.84306E+02   0.32915E+04  -0.12622E+04  -0.69752E-05
  0.225   1.485    0.66606E+03   0.82400E+03  -0.84152E+02   0.27625E+04  -0.22270E+04  -0.71123E-05
  0.225   1.485    0.10631E+04   0.18389E+04   0.24948E+03   0.61630E+04  -0.35627E+04   0.12253E-04
  0.238   1.526   -0.20469E+04  -0.38706E-01   0.20621E+03  -0.13313E+00   0.66818E+04   0.49911E-08
  0.238   1.526   -0.57064E+03  -0.41561E+03  -0.65787E+02  -0.13516E+04   0.18632E+04  -0.30135E-05
  0.238   1.526   -0.57044E+03   0.41557E+03  -0.65794E+02   0.13515E+04   0.18625E+04   0.30096E-05
  0.238   1.526   -0.74512E+02  -0.70053E+03  -0.65792E+02  -0.22846E+04   0.23867E+03   0.49860E-05
  0.238   1.526    0.10234E+04  -0.17715E+04   0.20614E+03  -0.57830E+04  -0.33408E+04  -0.12296E-04
  0.238   1.526    0.64576E+03  -0.29229E+03  -0.65669E+02  -0.95701E+03  -0.21038E+04   0.80415E-05
  0.238   1.526   -0.74371E+02   0.70054E+03  -0.65786E+02   0.22846E+04   0.23820E+03  -0.49909E-05
  0.238   1.526    0.64555E+03   0.29230E+03  -0.65669E+02   0.95702E+03  -0.21031E+04  -0.80452E-05
  0.238   1.526    0.10234E+04   0.17715E+04   0.20614E+03   0.57829E+04  -0.33407E+04   0.12292E-04
  0.250   1.566   -0.18108E+04  -0.75294E-02   0.17035E+03  -0.21674E-01   0.57582E+04  -0.33747E-08
  0.250   1.566   -0.22134E+03  -0.53960E+03  -0.50946E+02  -0.17117E+04   0.70457E+03  -0.57096E-05
  0.250   1.566   -0.22135E+03   0.53961E+03  -0.50945E+02   0.17118E+04   0.70459E+03   0.57147E-05
  0.250   1.566   -0.35664E+03  -0.46017E+03  -0.50947E+02  -0.14619E+04   0.11301E+04   0.27076E-05
  0.250   1.566    0.90543E+03  -0.15679E+04   0.17029E+03  -0.49860E+04  -0.28793E+04  -0.11912E-04
  0.250   1.566    0.57817E+03   0.72494E+02  -0.50844E+02   0.22782E+03  -0.18353E+04   0.84462E-05
  0.250   1.566   -0.35653E+03   0.46023E+03  -0.50947E+02   0.14621E+04   0.11298E+04  -0.27061E-05
  0.250   1.566    0.57822E+03  -0.72515E+02  -0.50845E+02  -0.22788E+03  -0.18355E+04  -0.84476E-05
  0.250   1.566    0.90519E+03   0.15679E+04   0.17028E+03   0.49861E+04  -0.28785E+04   0.11914E-04
  0.263   1.604   -0.14899E+04   0.12550E-01   0.14036E+03   0.41996E-01   0.46127E+04  -0.70713E-08
  0.263   1.604    0.52237E+02  -0.59267E+03  -0.39655E+02  -0.18318E+04  -0.16136E+03  -0.82887E-05
  0.263   1.604    0.52149E+02   0.59267E+03  -0.39653E+02   0.18318E+04  -0.16109E+03   0.82979E-05
  0.263   1.604   -0.53941E+03  -0.25011E+03  -0.39655E+02  -0.77313E+03   0.16672E+04   0.77715E-07
  0.263   1.604    0.74485E+03  -0.12910E+04   0.14030E+03  -0.39968E+04  -0.23060E+04  -0.11076E-04
  0.263   1.604    0.48707E+03   0.33636E+03  -0.39571E+02   0.10395E+04  -0.15055E+04   0.83866E-05
  0.263   1.604   -0.53942E+03   0.25010E+03  -0.39656E+02   0.77310E+03   0.16672E+04  -0.76539E-07
  0.263   1.604    0.48714E+03  -0.33636E+03  -0.39571E+02  -0.10395E+04  -0.15057E+04  -0.83869E-05
  0.263   1.604    0.74476E+03   0.12910E+04   0.14030E+03   0.39969E+04  -0.23057E+04   0.11062E-04
  0.275   1.642   -0.11320E+04  -0.69171E-02   0.11532E+03  -0.25325E-01   0.34155E+04   0.11182E-07
  0.275   1.642    0.28026E+03  -0.60667E+03  -0.31218E+02  -0.18288E+04  -0.84603E+03  -0.10956E-04
  0.275   1.642    0.28049E+03   0.60670E+03  -0.31222E+02   0.18288E+04  -0.84672E+03   0.10946E-04
  0.275   1.642   -0.66565E+03  -0.59682E+02  -0.31217E+02  -0.17887E+03   0.20072E+04  -0.29692E-05
  0.275   1.642    0.56560E+03  -0.98185E+03   0.11525E+03  -0.29625E+04  -0.17066E+04  -0.97579E-05
  0.275   1.642    0.38492E+03   0.54116E+03  -0.31142E+02   0.16323E+04  -0.11597E+04   0.79742E-05
  0.275   1.642   -0.66560E+03   0.59738E+02  -0.31214E+02   0.17903E+03   0.20070E+04   0.29654E-05
  0.275   1.642    0.38477E+03  -0.54116E+03  -0.31142E+02  -0.16323E+04  -0.11592E+04  -0.79833E-05
  0.275   1.642    0.56582E+03   0.98182E+03   0.11525E+03   0.29625E+04  -0.17072E+04   0.97842E-05
  0.288   1.679   -0.76363E+03   0.20204E-02   0.94434E+02   0.67092E-02   0.22426E+04   0.33957E-09
  0.288   1.679    0.48133E+03  -0.59724E+03  -0.24874E+02  -0.17537E+04  -0.14152E+04  -0.13767E-04
  0.288   1.679    0.48134E+03   0.59725E+03  -0.24874E+02   0.17537E+04  -0.14153E+04   0.13767E-04
  0.288   1.679   -0.75809E+03   0.11849E+03  -0.24874E+02   0.34956E+03   0.22269E+04  -0.65340E-05
  0.288   1.679    0.38169E+03  -0.66347E+03   0.94383E+02  -0.19485E+04  -0.11209E+04  -0.78775E-05
  0.288   1.679    0.27606E+03   0.71056E+03  -0.24813E+02   0.20880E+04  -0.80966E+03   0.72210E-05
  0.288   1.679   -0.75814E+03  -0.11852E+03  -0.24875E+02  -0.34963E+03   0.22271E+04   0.65323E-05
  0.288   1.679    0.27610E+03  -0.71055E+03  -0.24812E+02  -0.20880E+04  -0.80976E+03  -0.72221E-05
  0.288   1.679    0.38166E+03   0.66347E+03   0.94384E+02   0.19485E+04  -0.11208E+04   0.78698E-05
  0.300   1.715   -0.40871E+03   0.47264E-02   0.77034E+02   0.13759E-01   0.11691E+04   0.56509E-10
  0.300   1.715    0.66363E+03  -0.57375E+03  -0.19998E+02  -0.16432E+04  -0.19028E+04  -0.17006E-04
  0.300   1.715    0.66371E+03   0.57379E+03  -0.19999E+02   0.16433E+04  -0.19030E+04   0.17006E-04
  0.300   1.715   -0.82891E+03   0.28756E+03  -0.19997E+02   0.82542E+03   0.23750E+04  -0.10773E-04
  0.300   1.715    0.20424E+03  -0.35679E+03   0.76992E+02  -0.10206E+04  -0.58421E+03  -0.53769E-05
  0.300   1.715    0.16446E+03   0.85694E+03  -0.19949E+02   0.24561E+04  -0.46996E+03   0.61968E-05
  0.300   1.715   -0.82893E+03  -0.28756E+03  -0.19997E+02  -0.82542E+03   0.23751E+04   0.10772E-04
  0.300   1.715    0.16444E+03  -0.85693E+03  -0.19949E+02  -0.24561E+04  -0.46987E+03  -0.62013E-05
  0.300   1.715    0.20432E+03   0.35678E+03   0.76992E+02   0.10205E+04  -0.58443E+03   0.53825E-05
  0.313   1.751   -0.87653E+02  -0.14394E-01   0.62407E+02  -0.40097E-01   0.24220E+03  -0.24928E-09
  0.313   1.751    0.82349E+03  -0.53858E+03  -0.16092E+02  -0.15035E+04  -0.23008E+04  -0.20683E-04
  0.313   1.751    0.82339E+03   0.53851E+03  -0.16090E+02   0.15033E+04  -0.23006E+04   0.20684E-04
  0.313   1.751   -0.87861E+03   0.44301E+03  -0.16093E+02   0.12385E+04   0.24537E+04  -0.15738E-04
  0.313   1.751    0.43989E+02  -0.78928E+02   0.62381E+02  -0.21819E+03  -0.12155E+03  -0.22790E-05
  0.313   1.751    0.53972E+02   0.97795E+03  -0.16056E+02   0.27317E+04  -0.14963E+03   0.48881E-05
  0.313   1.751   -0.87858E+03  -0.44305E+03  -0.16095E+02  -0.12386E+04   0.24536E+04   0.15738E-04
  0.313   1.751    0.54091E+02  -0.97795E+03  -0.16056E+02  -0.27317E+04  -0.14996E+03  -0.48822E-05
  0.313   1.751    0.43658E+02   0.78945E+02   0.62381E+02   0.21824E+03  -0.12063E+03   0.22841E-05
  0.325   1.785    0.17531E+03  -0.22062E-01   0.50045E+02  -0.60511E-01  -0.48003E+03  -0.46672E-09
  0.325   1.785    0.94846E+03  -0.49376E+03  -0.12832E+02  -0.13441E+04  -0.25835E+04  -0.24777E-04
  0.325   1.785    0.94836E+03   0.49366E+03  -0.12831E+02   0.13438E+04  -0.25833E+04   0.24782E-04
  0.325   1.785   -0.90205E+03   0.57310E+03  -0.12830E+02   0.15615E+04   0.24563E+04  -0.21404E-04
  0.325   1.785   -0.87533E+02   0.14851E+03   0.50017E+02   0.40671E+03   0.23969E+03   0.12017E-05
  0.325   1.785   -0.47240E+02   0.10639E+04  -0.12805E+02   0.28975E+04   0.12946E+03   0.32965E-05
  0.325   1.785   -0.90216E+03  -0.57319E+03  -0.12832E+02  -0.15618E+04   0.24566E+04   0.21403E-04
  0.325   1.785   -0.47241E+02  -0.10639E+04  -0.12805E+02  -0.28974E+04   0.12947E+03  -0.32955E-05
  0.325   1.785   -0.87704E+02  -0.14853E+03   0.50017E+02  -0.40674E+03   0.24015E+03  -0.12119E-05
  0.338   1.819    0.35851E+03  -0.10875E-01   0.39568E+02  -0.28961E-01  -0.95420E+03  -0.58150E-08
  0.338   1.819    0.10205E+04  -0.44126E+03  -0.10031E+02  -0.11711E+04  -0.27097E+04  -0.29012E-04
  0.338   1.819    0.10205E+04   0.44121E+03  -0.10031E+02   0.11709E+04  -0.27096E+04   0.29018E-04
  0.338   1.819   -0.89274E+03   0.66150E+03  -0.10031E+02   0.17567E+04   0.23699E+04  -0.27458E-04
  0.338   1.819   -0.17910E+03   0.30786E+03   0.39552E+02   0.81938E+03   0.47667E+03   0.46854E-05
  0.338   1.819   -0.12856E+03   0.11009E+04  -0.10020E+02   0.29229E+04   0.34185E+03   0.14584E-05
  0.338   1.819   -0.89277E+03  -0.66154E+03  -0.10032E+02  -0.17568E+04   0.23700E+04   0.27462E-04
  0.338   1.819   -0.12854E+03  -0.11009E+04  -0.10020E+02  -0.29229E+04   0.34176E+03  -0.14504E-05
  0.338   1.819   -0.17928E+03  -0.30786E+03   0.39552E+02  -0.81938E+03   0.47715E+03  -0.46975E-05
  0.350   1.853    0.45198E+03   0.28253E-01   0.30726E+02   0.73816E-01  -0.11724E+04  -0.23417E-08
  0.350   1.853    0.10255E+04  -0.38458E+03  -0.76162E+01  -0.99559E+03  -0.26555E+04  -0.32918E-04
  0.350   1.853    0.10256E+04   0.38472E+03  -0.76171E+01   0.99594E+03  -0.26558E+04   0.32916E-04
  0.350   1.853   -0.84604E+03   0.69429E+03  -0.76157E+01   0.17980E+04   0.21906E+04  -0.33352E-04
  0.350   1.853   -0.22587E+03   0.38926E+03   0.30720E+02   0.10097E+04   0.58589E+03   0.76713E-05
  0.350   1.853   -0.17977E+03   0.10782E+04  -0.76166E+01   0.27919E+04   0.46577E+03  -0.54362E-06
  0.350   1.853   -0.84599E+03  -0.69425E+03  -0.76151E+01  -0.17979E+04   0.21905E+04   0.33353E-04
  0.350   1.853   -0.17974E+03  -0.10782E+04  -0.76167E+01  -0.27919E+04   0.46571E+03   0.54552E-06
  0.350   1.853   -0.22581E+03  -0.38925E+03   0.30720E+02  -0.10097E+04   0.58574E+03  -0.76729E-05
  0.363   1.885    0.46570E+03  -0.23448E-01   0.23477E+02  -0.59934E-01  -0.11772E+04   0.24041E-08
  0.363   1.885    0.96579E+03  -0.32971E+03  -0.56106E+01  -0.83209E+03  -0.24378E+04  -0.35948E-04
  0.363   1.885    0.96573E+03   0.32959E+03  -0.56101E+01   0.83180E+03  -0.24377E+04   0.35950E-04
  0.363   1.885   -0.76863E+03   0.67043E+03  -0.56102E+01   0.16923E+04   0.19400E+04  -0.38384E-04
  0.363   1.885   -0.23275E+03   0.40210E+03   0.23478E+02   0.10164E+04   0.58835E+03   0.97472E-05
  0.363   1.885   -0.19737E+03   0.10001E+04  -0.56184E+01   0.25244E+04   0.49832E+03  -0.25250E-05
  0.363   1.885   -0.76871E+03  -0.67048E+03  -0.56107E+01  -0.16925E+04   0.19402E+04   0.38383E-04
  0.363   1.885   -0.19741E+03  -0.10001E+04  -0.56183E+01  -0.25244E+04   0.49841E+03   0.25256E-05
  0.363   1.885   -0.23287E+03  -0.40211E+03   0.23478E+02  -0.10165E+04   0.58865E+03  -0.97583E-05
  0.375   1.918    0.42553E+03  -0.18703E-01   0.17695E+02  -0.46239E-01  -0.10498E+04   0.99555E-10
  0.375   1.918    0.85884E+03  -0.28086E+03  -0.40190E+01  -0.69191E+03  -0.21159E+04  -0.38033E-04
  0.375   1.918    0.85880E+03   0.28077E+03  -0.40188E+01   0.69169E+03  -0.21158E+04   0.38035E-04
  0.375   1.918   -0.67281E+03   0.60261E+03  -0.40187E+01   0.14847E+04   0.16576E+04  -0.42249E-04
  0.375   1.918   -0.21260E+03   0.36834E+03   0.17700E+02   0.90867E+03   0.52449E+03   0.10881E-04
  0.375   1.918   -0.18594E+03   0.88423E+03  -0.40315E+01   0.21785E+04   0.45815E+03  -0.42768E-05
  0.375   1.918   -0.67294E+03  -0.60270E+03  -0.40195E+01  -0.14849E+04   0.16579E+04   0.42249E-04
  0.375   1.918   -0.18600E+03  -0.88422E+03  -0.40313E+01  -0.21784E+04   0.45829E+03   0.42794E-05
  0.375   1.918   -0.21284E+03  -0.36835E+03   0.17700E+02  -0.90871E+03   0.52506E+03  -0.10882E-04
  0.388   1.949    0.35941E+03  -0.11700E-01   0.13232E+02  -0.28290E-01  -0.86510E+03   0.51559E-08
  0.388   1.949    0.72823E+03  -0.24046E+03  -0.28179E+01  -0.57805E+03  -0.17506E+04  -0.39029E-04
  0.388   1.949    0.72821E+03   0.24044E+03  -0.28179E+01   0.57799E+03  -0.17506E+04   0.39028E-04
  0.388   1.949   -0.57267E+03   0.51022E+03  -0.28185E+01   0.12265E+04   0.13767E+04  -0.44624E-04
  0.388   1.949   -0.17953E+03   0.31213E+03   0.13242E+02   0.75130E+03   0.43214E+03   0.11184E-04
  0.388   1.949   -0.15552E+03   0.75210E+03  -0.28332E+01   0.18080E+04   0.37387E+03  -0.56073E-05
  0.388   1.949   -0.57282E+03  -0.51029E+03  -0.28197E+01  -0.12267E+04   0.13770E+04   0.44626E-04
  0.388   1.949   -0.15554E+03  -0.75208E+03  -0.28330E+01  -0.18079E+04   0.37390E+03   0.56172E-05
  0.388   1.949   -0.17987E+03  -0.31215E+03   0.13242E+02  -0.75133E+03   0.43295E+03  -0.11180E-04
  0.400   1.981    0.28688E+03  -0.59337E-03   0.98391E+01  -0.12650E-02  -0.67393E+03   0.42716E-08
  0.400   1.981    0.59291E+03  -0.20791E+03  -0.19381E+01  -0.48782E+03  -0.13911E+04  -0.39033E-04
  0.400   1.981    0.59292E+03   0.20792E+03  -0.19382E+01   0.48783E+03  -0.13911E+04   0.39031E-04
  0.400   1.981   -0.47685E+03   0.40947E+03  -0.19381E+01   0.96069E+03   0.11188E+04  -0.45433E-04
  0.400   1.981   -0.14382E+03   0.24900E+03   0.98437E+01   0.58494E+03   0.33787E+03   0.10887E-04
  0.400   1.981   -0.11609E+03   0.61850E+03  -0.19499E+01   0.14511E+04   0.27235E+03  -0.64112E-05
  0.400   1.981   -0.47642E+03  -0.40920E+03  -0.19361E+01  -0.96005E+03   0.11178E+04   0.45424E-04
  0.400   1.981   -0.11593E+03  -0.61853E+03  -0.19502E+01  -0.14512E+04   0.27198E+03   0.63931E-05
  0.400   1.981   -0.14291E+03  -0.24895E+03   0.98432E+01  -0.58483E+03   0.33573E+03  -0.10870E-04
  0.413   2.011    0.21829E+03   0.20889E-01   0.72970E+01   0.47483E-01  -0.50062E+03  -0.74847E-08
  0.413   2.011    0.46638E+03  -0.18136E+03  -0.13072E+01  -0.41540E+03  -0.10682E+04  -0.38187E-04
  0.413   2.011    0.46639E+03   0.18136E+03  -0.13073E+01   0.41540E+03  -0.10682E+04   0.38194E-04
  0.413   2.011   -0.39049E+03   0.31338E+03  -0.13074E+01   0.71776E+03   0.89439E+03  -0.44834E-04
  0.413   2.011   -0.10924E+03   0.18999E+03   0.73036E+01   0.43571E+03   0.25053E+03   0.10165E-04
  0.413   2.011   -0.75793E+02   0.49625E+03  -0.13176E+01   0.11366E+04   0.17358E+03  -0.66045E-05
  0.413   2.011   -0.39047E+03  -0.31336E+03  -0.13074E+01  -0.71772E+03   0.89435E+03   0.44836E-04
  0.413   2.011   -0.75774E+02  -0.49625E+03  -0.13176E+01  -0.11366E+04   0.17354E+03   0.66046E-05
  0.413   2.011   -0.10920E+03  -0.18998E+03   0.73036E+01  -0.43571E+03   0.25044E+03  -0.10169E-04
  0.425   2.042    0.15682E+03   0.37366E-02   0.53912E+01   0.83632E-02  -0.35121E+03   0.52200E-09
  0.425   2.042    0.35424E+03  -0.15814E+03  -0.85721E+00  -0.35367E+03  -0.79223E+03  -0.36494E-04
  0.425   2.042    0.35424E+03   0.15814E+03  -0.85731E+00   0.35368E+03  -0.79224E+03   0.36495E-04
  0.425   2.042   -0.31410E+03   0.22768E+03  -0.85691E+00   0.50918E+03   0.70247E+03  -0.42744E-04
  0.425   2.042   -0.78333E+02   0.13658E+03   0.53944E+01   0.30588E+03   0.17543E+03   0.90998E-05
  0.425   2.042   -0.39738E+02   0.38732E+03  -0.86509E+00   0.86621E+03   0.88858E+02  -0.62162E-05
  0.425   2.042   -0.31418E+03  -0.22773E+03  -0.85713E+00  -0.50929E+03   0.70264E+03   0.42747E-04
  0.425   2.042   -0.39755E+02  -0.38731E+03  -0.86507E+00  -0.86619E+03   0.88895E+02   0.62166E-05
  0.425   2.042   -0.78496E+02  -0.13659E+03   0.53945E+01  -0.30590E+03   0.17579E+03  -0.90868E-05
  0.438   2.071    0.10251E+03   0.15766E-01   0.39654E+01   0.34258E-01  -0.22432E+03  -0.38484E-08
  0.438   2.071    0.25889E+03  -0.13633E+03  -0.53847E+00  -0.29784E+03  -0.56559E+03  -0.33959E-04
  0.438   2.071    0.25892E+03   0.13635E+03  -0.53867E+00   0.29790E+03  -0.56566E+03   0.33964E-04
  0.438   2.071   -0.24760E+03   0.15603E+03  -0.53851E+00   0.34088E+03   0.54094E+03  -0.39324E-04
  0.438   2.071   -0.51281E+02   0.89620E+02   0.39677E+01   0.19611E+03   0.11221E+03   0.76896E-05
  0.438   2.071   -0.10992E+02   0.29386E+03  -0.54480E+00   0.64200E+03   0.24003E+02  -0.53200E-05
  0.438   2.071   -0.24754E+03  -0.15604E+03  -0.53822E+00  -0.34089E+03   0.54082E+03   0.39319E-04
  0.438   2.071   -0.11007E+02  -0.29387E+03  -0.54488E+00  -0.64202E+03   0.24039E+02   0.53042E-05
  0.438   2.071   -0.51258E+02  -0.89613E+02   0.39676E+01  -0.19609E+03   0.11216E+03  -0.76921E-05
  0.450   2.101    0.55432E+02   0.30333E-02   0.28910E+01   0.59831E-02  -0.11858E+03  -0.10788E-08
  0.450   2.101    0.18045E+03  -0.11453E+03  -0.31720E+00  -0.24450E+03  -0.38521E+03  -0.30555E-04
  0.450   2.101    0.18047E+03   0.11455E+03  -0.31747E+00   0.24455E+03  -0.38527E+03   0.30555E-04
  0.450   2.101   -0.18954E+03   0.99076E+02  -0.31555E+00   0.21150E+03   0.40462E+03  -0.34644E-04
  0.450   2.101   -0.27782E+02   0.49181E+02   0.28955E+01   0.10525E+03   0.59457E+02   0.59655E-05
  0.450   2.101    0.92426E+01   0.21531E+03  -0.32085E+00   0.45962E+03  -0.19725E+02  -0.40070E-05
  0.450   2.101   -0.18943E+03  -0.99043E+02  -0.31532E+00  -0.21143E+03   0.40439E+03   0.34635E-04
  0.450   2.101    0.92381E+01  -0.21533E+03  -0.32095E+00  -0.45965E+03  -0.19742E+02   0.39919E-05
  0.450   2.101   -0.27664E+02  -0.49164E+02   0.28955E+01  -0.10521E+03   0.59155E+02  -0.59721E-05
  0.463   2.130    0.16918E+02  -0.65367E-02   0.21208E+01  -0.13596E-01  -0.35467E+02   0.21019E-08
  0.463   2.130    0.12015E+03  -0.93702E+02  -0.16733E+00  -0.19549E+03  -0.25066E+03  -0.26773E-04
  0.463   2.130    0.12013E+03   0.93685E+02  -0.16719E+00   0.19545E+03  -0.25061E+03   0.26771E-04
  0.463   2.130   -0.14109E+03   0.57062E+02  -0.16675E+00   0.11904E+03   0.29434E+03  -0.29307E-04
  0.463   2.130   -0.83042E+01   0.15144E+02   0.21216E+01   0.31742E+02   0.17412E+02   0.40911E-05
  0.463   2.130    0.21283E+02   0.15204E+03  -0.17047E+00   0.31719E+03  -0.44407E+02  -0.24859E-05
  0.463   2.130   -0.14122E+03  -0.57135E+02  -0.16712E+00  -0.11919E+03   0.29461E+03   0.29320E-04
  0.463   2.130    0.21276E+02  -0.15203E+03  -0.17048E+00  -0.31717E+03  -0.44392E+02   0.24986E-05
  0.463   2.130   -0.85885E+01  -0.15162E+02   0.21216E+01  -0.31782E+02   0.18002E+02  -0.40956E-05
  0.475   2.158   -0.12907E+02  -0.26652E-02   0.15498E+01  -0.54255E-02   0.26214E+02   0.13961E-08
  0.475   2.158    0.74589E+02  -0.73627E+02  -0.70966E-01  -0.15017E+03  -0.15212E+03  -0.22672E-04
  0.475   2.158    0.74571E+02   0.73614E+02  -0.70910E-01   0.15014E+03  -0.15208E+03   0.22673E-04
  0.475   2.158   -0.10090E+03   0.27612E+02  -0.70544E-01   0.56308E+02   0.20578E+03  -0.23667E-04
  0.475   2.158    0.67132E+01  -0.10746E+02   0.15500E+01  -0.21820E+02  -0.13636E+02   0.21817E-05
  0.475   2.158    0.26599E+02   0.10241E+03  -0.73192E-01   0.20887E+03  -0.54255E+02  -0.96389E-06
  0.475   2.158   -0.10107E+03  -0.27718E+02  -0.70837E-01  -0.56526E+02   0.20613E+03   0.23693E-04
  0.475   2.158    0.26598E+02  -0.10241E+03  -0.73275E-01  -0.20887E+03  -0.54254E+02   0.96868E-06
  0.475   2.158    0.61976E+01   0.10727E+02   0.15500E+01   0.21782E+02  -0.12586E+02  -0.21889E-05
  0.488   2.186   -0.33609E+02  -0.21291E-02   0.11376E+01  -0.43841E-02   0.66968E+02   0.14465E-07
  0.488   2.186    0.41945E+02  -0.55577E+02  -0.12846E-01  -0.11084E+03  -0.83647E+02  -0.18636E-04
  0.488   2.186    0.41921E+02   0.55566E+02  -0.12734E-01   0.11082E+03  -0.83597E+02   0.18630E-04
  0.488   2.186   -0.69067E+02   0.84288E+01  -0.12495E-01   0.16801E+02   0.13774E+03  -0.18274E-04
  0.488   2.186    0.16792E+02  -0.28839E+02   0.11380E+01  -0.57469E+02  -0.33457E+02   0.44649E-06
  0.488   2.186    0.27229E+02   0.64868E+02  -0.14104E-01   0.12937E+03  -0.54312E+02   0.38823E-06
  0.488   2.186   -0.69027E+02  -0.83991E+01  -0.12557E-01  -0.16743E+02   0.13766E+03   0.18276E-04
  0.488   2.186    0.27226E+02  -0.64869E+02  -0.14125E-01  -0.12937E+03  -0.54306E+02  -0.38570E-06
  0.488   2.186    0.16844E+02   0.28848E+02   0.11379E+01   0.57487E+02  -0.33563E+02  -0.41990E-06
  0.500   2.214   -0.45943E+02  -0.54744E-02   0.83914E+00  -0.10731E-01   0.89588E+02  -0.15405E-07
  0.500   2.214    0.19332E+02  -0.40054E+02   0.19475E-01  -0.78131E+02  -0.37698E+02  -0.14864E-04
  0.500   2.214    0.19253E+02   0.40013E+02   0.19638E-01   0.78050E+02  -0.37544E+02   0.14862E-04
  0.500   2.214   -0.44288E+02  -0.34193E+01   0.19706E-01  -0.66807E+01   0.86381E+02  -0.13444E-04
  0.500   2.214    0.22954E+02  -0.39563E+02   0.83958E+00  -0.77153E+02  -0.44755E+02  -0.10729E-05
  0.500   2.214    0.25055E+02   0.37345E+02   0.18689E-01   0.72835E+02  -0.48877E+02   0.14446E-05
  0.500   2.214   -0.44340E+02   0.33889E+01   0.19579E-01   0.66214E+01   0.86484E+02   0.13435E-04
  0.500   2.214    0.25064E+02  -0.37337E+02   0.18707E-01  -0.72820E+02  -0.48899E+02  -0.14390E-05
  0.500   2.214    0.23025E+02   0.39550E+02   0.83962E+00   0.77126E+02  -0.44904E+02   0.10097E-05
  0.512   2.242   -0.51346E+02  -0.20304E-02   0.62481E+00  -0.38094E-02   0.98023E+02  -0.54735E-09
  0.512   2.242    0.41177E+01  -0.27323E+02   0.35381E-01  -0.52163E+02  -0.78465E+01  -0.11548E-04
  0.512   2.242    0.41227E+01   0.27324E+02   0.35362E-01   0.52165E+02  -0.78558E+01   0.11550E-04
  0.512   2.242   -0.25829E+02  -0.10088E+02   0.35186E-01  -0.19272E+02   0.49303E+02  -0.94196E-05
  0.512   2.242    0.25612E+02  -0.44322E+02   0.62493E+00  -0.84613E+02  -0.48897E+02  -0.21711E-05
  0.512   2.242    0.21615E+02   0.17674E+02   0.34780E-01   0.33729E+02  -0.41273E+02   0.21349E-05
  0.512   2.242   -0.25764E+02   0.10128E+02   0.35290E-01   0.19348E+02   0.49179E+02   0.94030E-05
  0.512   2.242    0.21611E+02  -0.17671E+02   0.34809E-01  -0.33723E+02  -0.41264E+02  -0.21411E-05
  0.512   2.242    0.25756E+02   0.44323E+02   0.62495E+00   0.84616E+02  -0.49168E+02   0.21768E-05
  0.525   2.269   -0.51818E+02  -0.61633E-02   0.47225E+00  -0.11621E-01   0.96846E+02   0.38995E-08
  0.525   2.269   -0.54531E+01  -0.17571E+02   0.40710E-01  -0.32833E+02   0.10207E+02  -0.87486E-05
  0.525   2.269   -0.56936E+01   0.17466E+02   0.41010E-01   0.32638E+02   0.10657E+02   0.87154E-05
  0.525   2.269   -0.12001E+02  -0.13915E+02   0.41437E-01  -0.26018E+02   0.22416E+02  -0.62199E-05
  0.525   2.269    0.26096E+02  -0.44732E+02   0.47233E+00  -0.83602E+02  -0.48771E+02  -0.29956E-05
  0.525   2.269    0.17899E+02   0.44748E+01   0.40399E-01   0.83468E+01  -0.33455E+02   0.25164E-05
  0.525   2.269   -0.12338E+02   0.13700E+02   0.40975E-01   0.25616E+02   0.23045E+02   0.62852E-05
  0.525   2.269    0.17933E+02  -0.44821E+01   0.40309E-01  -0.83605E+01  -0.33519E+02  -0.24652E-05
  0.525   2.269    0.25794E+02   0.44714E+02   0.47231E+00   0.83569E+02  -0.48207E+02   0.29752E-05
  0.537   2.296   -0.48270E+02  -0.75505E-03   0.35699E+00  -0.13793E-02   0.88342E+02   0.10610E-10
  0.537   2.296   -0.11835E+02  -0.96784E+01   0.40914E-01  -0.17704E+02   0.21673E+02  -0.62902E-05
  0.537   2.296   -0.11832E+02   0.96789E+01   0.40921E-01   0.17706E+02   0.21669E+02   0.62890E-05
  0.537   2.296   -0.25304E+01  -0.15061E+02   0.40853E-01  -0.27571E+02   0.46171E+01  -0.37691E-05
  0.537   2.296    0.24091E+02  -0.41805E+02   0.35701E+00  -0.76507E+02  -0.44091E+02  -0.34497E-05
  0.537   2.296    0.14291E+02  -0.52184E+01   0.40752E-01  -0.95667E+01  -0.26154E+02   0.25236E-05
  0.537   2.296   -0.25470E+01   0.15048E+02   0.40810E-01   0.27547E+02   0.46474E+01   0.37661E-05
  0.537   2.296    0.14296E+02   0.52252E+01   0.40760E-01   0.95791E+01  -0.26163E+02  -0.25084E-05
  0.537   2.296    0.24210E+02   0.41795E+02   0.35703E+00   0.76489E+02  -0.44308E+02   0.34509E-05
  0.550   2.322   -0.42911E+02   0.10024E-02   0.27452E+00   0.17973E-02   0.76923E+02   0.83699E-09
  0.550   2.322   -0.15521E+02  -0.39441E+01   0.38051E-01  -0.70626E+01   0.27834E+02  -0.43121E-05
  0.550   2.322   -0.15533E+02   0.39401E+01   0.38046E-01   0.70555E+01   0.27855E+02   0.43104E-05
  0.550   2.322    0.43734E+01  -0.15436E+02   0.38057E-01  -0.27676E+02  -0.78519E+01  -0.19705E-05
  0.550   2.322    0.21457E+02  -0.37221E+02   0.27438E+00  -0.66722E+02  -0.38463E+02  -0.36966E-05
  0.550   2.322    0.11143E+02  -0.11291E+02   0.37911E-01  -0.20254E+02  -0.19974E+02   0.23272E-05
  0.550   2.322    0.43715E+01   0.15432E+02   0.38066E-01   0.27668E+02  -0.78484E+01   0.19716E-05
  0.550   2.322    0.11140E+02   0.11289E+02   0.37912E-01   0.20251E+02  -0.19968E+02  -0.23331E-05
  0.550   2.322    0.21433E+02   0.37222E+02   0.27438E+00   0.66725E+02  -0.38422E+02   0.36883E-05
  0.562   2.349   -0.36231E+02  -0.56456E-02   0.21191E+00  -0.99429E-02   0.63636E+02  -0.19482E-08
  0.562   2.349   -0.17640E+02   0.41189E+00   0.33925E-01   0.73043E+00   0.30991E+02  -0.26818E-05
  0.562   2.349   -0.17607E+02  -0.39672E+00   0.33899E-01  -0.70376E+00   0.30932E+02   0.26899E-05
  0.562   2.349    0.91184E+01  -0.15025E+02   0.33858E-01  -0.26393E+02  -0.16025E+02  -0.67968E-06
  0.562   2.349    0.18108E+02  -0.31466E+02   0.21174E+00  -0.55267E+02  -0.31806E+02  -0.37370E-05
  0.562   2.349    0.84329E+01  -0.15283E+02   0.33770E-01  -0.26852E+02  -0.14810E+02   0.20067E-05
  0.562   2.349    0.91915E+01   0.15071E+02   0.33928E-01   0.26475E+02  -0.16153E+02   0.65902E-06
  0.562   2.349    0.84280E+01   0.15295E+02   0.33796E-01   0.26873E+02  -0.14801E+02  -0.20133E-05
  0.562   2.349    0.18121E+02   0.31457E+02   0.21176E+00   0.55251E+02  -0.31827E+02   0.37304E-05
  0.575   2.375   -0.29144E+02  -0.19874E-01   0.16445E+00  -0.34183E-01   0.50171E+02   0.75115E-09
  0.575   2.375   -0.18641E+02   0.36324E+01   0.29391E-01   0.62570E+01   0.32095E+02  -0.13702E-05
  0.575   2.375   -0.18553E+02  -0.35937E+01   0.29338E-01  -0.61906E+01   0.31942E+02   0.13981E-05
  0.575   2.375    0.12405E+02  -0.14261E+02   0.29297E-01  -0.24550E+02  -0.21361E+02   0.27559E-06
  0.575   2.375    0.14618E+02  -0.25319E+02   0.16418E+00  -0.43586E+02  -0.25163E+02  -0.36278E-05
  0.575   2.375    0.61277E+01  -0.17679E+02   0.29199E-01  -0.30441E+02  -0.10547E+02   0.16345E-05
  0.575   2.375    0.12505E+02   0.14330E+02   0.29399E-01   0.24670E+02  -0.21534E+02  -0.29225E-06
  0.575   2.375    0.61204E+01   0.17691E+02   0.29229E-01   0.30461E+02  -0.10534E+02  -0.16508E-05
  0.575   2.375    0.14458E+02   0.25315E+02   0.16419E+00   0.43578E+02  -0.24888E+02   0.36275E-05
  0.588   2.400   -0.22196E+02  -0.65206E-02   0.12938E+00  -0.11000E-01   0.37460E+02   0.31684E-09
  0.588   2.400   -0.19020E+02   0.60848E+01   0.25425E-01   0.10273E+02   0.32103E+02  -0.35840E-06
  0.588   2.400   -0.19000E+02  -0.60755E+01   0.25413E-01  -0.10257E+02   0.32069E+02   0.36649E-06
  0.588   2.400    0.14756E+02  -0.13395E+02   0.25392E-01  -0.22608E+02  -0.24908E+02   0.95808E-06
  0.588   2.400    0.11095E+02  -0.19334E+02   0.12923E+00  -0.32629E+02  -0.18724E+02  -0.34471E-05
  0.588   2.400    0.42087E+01  -0.19362E+02   0.25333E-01  -0.32681E+02  -0.71014E+01   0.13205E-05
  0.588   2.400    0.14786E+02   0.13413E+02   0.25415E-01   0.22637E+02  -0.24959E+02  -0.96719E-06
  0.588   2.400    0.42095E+01   0.19372E+02   0.25346E-01   0.32697E+02  -0.71028E+01  -0.13181E-05
  0.588   2.400    0.11086E+02   0.19325E+02   0.12925E+00   0.32613E+02  -0.18710E+02   0.34433E-05
  0.600   2.426   -0.15562E+02   0.34497E-02   0.10244E+00   0.57019E-02   0.25757E+02  -0.38521E-08
  0.600   2.426   -0.19042E+02   0.80332E+01   0.21898E-01   0.13299E+02   0.31518E+02   0.43956E-06
  0.600   2.426   -0.19050E+02  -0.80398E+01   0.21909E-01  -0.13310E+02   0.31531E+02  -0.44522E-06
  0.600   2.426    0.16502E+02  -0.12465E+02   0.21912E-01  -0.20631E+02  -0.27314E+02   0.15139E-05
  0.600   2.426    0.77232E+01  -0.13562E+02   0.10234E+00  -0.22445E+02  -0.12782E+02  -0.31895E-05
  0.600   2.426    0.25323E+01  -0.20398E+02   0.21859E-01  -0.33761E+02  -0.41901E+01   0.10732E-05
  0.600   2.426    0.16465E+02   0.12439E+02   0.21881E-01   0.20589E+02  -0.27254E+02  -0.15122E-05
  0.600   2.426    0.25380E+01   0.20395E+02   0.21849E-01   0.33757E+02  -0.41993E+01  -0.10627E-05
  0.600   2.426    0.78456E+01   0.13561E+02   0.10234E+00   0.22444E+02  -0.12985E+02   0.31848E-05
  0.613   2.451   -0.92429E+01  -0.52587E-02   0.80993E-01  -0.85382E-02   0.15008E+02   0.32063E-08
  0.613   2.451   -0.18798E+02   0.96745E+01   0.18712E-01   0.15708E+02   0.30520E+02   0.10959E-05
  0.613   2.451   -0.18791E+02  -0.96689E+01   0.18712E-01  -0.15699E+02   0.30509E+02  -0.10897E-05
  0.613   2.451    0.17795E+02  -0.11440E+02   0.18754E-01  -0.18574E+02  -0.28892E+02   0.19803E-05
  0.613   2.451    0.46645E+01  -0.79992E+01   0.81020E-01  -0.12988E+02  -0.75728E+01  -0.28465E-05
  0.613   2.451    0.99861E+00  -0.21042E+02   0.18710E-01  -0.34165E+02  -0.16210E+01   0.90298E-06
  0.613   2.451    0.17809E+02   0.11449E+02   0.18758E-01   0.18588E+02  -0.28916E+02  -0.19838E-05
  0.613   2.451    0.10015E+01   0.21050E+02   0.18716E-01   0.34178E+02  -0.16252E+01  -0.89363E-06
  0.613   2.451    0.46578E+01   0.79901E+01   0.81028E-01   0.12974E+02  -0.75638E+01   0.28442E-05
  0.625   2.476   -0.35691E+01  -0.60105E-02   0.64973E-01  -0.95581E-02   0.56881E+01   0.47243E-08
  0.625   2.476   -0.18532E+02   0.11191E+02   0.16249E-01   0.17829E+02   0.29524E+02   0.16445E-05
  0.625   2.476   -0.18526E+02  -0.11184E+02   0.16251E-01  -0.17819E+02   0.29515E+02  -0.16375E-05
  0.625   2.476    0.18941E+02  -0.10422E+02   0.16235E-01  -0.16604E+02  -0.30176E+02   0.24293E-05
  0.625   2.476    0.17603E+01  -0.32306E+01   0.64911E-01  -0.51476E+01  -0.28059E+01  -0.24130E-05
  0.625   2.476   -0.45071E+00  -0.21556E+02   0.16219E-01  -0.34343E+02   0.71826E+00   0.79497E-06
  0.625   2.476    0.18941E+02   0.10423E+02   0.16234E-01   0.16605E+02  -0.30175E+02  -0.24298E-05
  0.625   2.476   -0.45010E+00   0.21562E+02   0.16220E-01   0.34352E+02   0.71716E+00  -0.78176E-06
  0.625   2.476    0.17942E+01   0.32221E+01   0.64921E-01   0.51342E+01  -0.28588E+01   0.24126E-05
  0.637   2.500    0.16789E+01   0.23752E-02   0.52439E-01   0.37068E-02  -0.26231E+01   0.36773E-08
  0.637   2.500   -0.18246E+02   0.12677E+02   0.14254E-01   0.19823E+02   0.28532E+02   0.21962E-05
  0.637   2.500   -0.18246E+02  -0.12675E+02   0.14253E-01  -0.19820E+02   0.28531E+02  -0.21977E-05
  0.637   2.500    0.20123E+02  -0.94622E+01   0.14276E-01  -0.14796E+02  -0.31467E+02   0.28814E-05
  0.637   2.500   -0.86067E+00   0.13579E+01   0.52446E-01   0.21212E+01   0.13451E+01  -0.18774E-05
  0.637   2.500   -0.18838E+01  -0.22088E+02   0.14248E-01  -0.34539E+02   0.29455E+01   0.69507E-06
  0.637   2.500    0.20120E+02   0.94599E+01   0.14265E-01   0.14793E+02  -0.31462E+02  -0.28848E-05
  0.637   2.500   -0.18755E+01   0.22098E+02   0.14251E-01   0.34554E+02   0.29327E+01  -0.67089E-06
  0.637   2.500   -0.82448E+00  -0.13723E+01   0.52454E-01  -0.21436E+01   0.12877E+01   0.18703E-05
  0.650   2.525    0.63690E+01   0.20866E-02   0.42450E-01   0.32050E-02  -0.97753E+01  -0.38481E-08
  0.650   2.525   -0.18015E+02   0.14154E+02   0.12488E-01   0.21729E+02   0.27657E+02   0.28493E-05
  0.650   2.525   -0.18013E+02  -0.14156E+02   0.12485E-01  -0.21733E+02   0.27653E+02  -0.28514E-05
  0.650   2.525    0.21261E+02  -0.84890E+01   0.12479E-01  -0.13033E+02  -0.32640E+02   0.33550E-05
  0.650   2.525   -0.31795E+01   0.54222E+01   0.42401E-01   0.83223E+01   0.48800E+01  -0.11758E-05
  0.650   2.525   -0.32775E+01  -0.22594E+02   0.12472E-01  -0.34686E+02   0.50313E+01   0.48928E-06
  0.650   2.525    0.21264E+02   0.84908E+01   0.12483E-01   0.13035E+02  -0.32644E+02  -0.33537E-05
  0.650   2.525   -0.32801E+01   0.22591E+02   0.12471E-01   0.34681E+02   0.50353E+01  -0.49976E-06
  0.650   2.525   -0.31858E+01  -0.54164E+01   0.42399E-01  -0.83133E+01   0.48897E+01   0.11759E-05
  0.662   2.549    0.10118E+02   0.12118E-02   0.34241E-01   0.18193E-02  -0.15253E+02  -0.37111E-08
  0.662   2.549   -0.17461E+02   0.15235E+02   0.10833E-01   0.22969E+02   0.26326E+02   0.36263E-05
  0.662   2.549   -0.17457E+02  -0.15236E+02   0.10830E-01  -0.22970E+02   0.26320E+02  -0.36266E-05
  0.662   2.549    0.21913E+02  -0.74696E+01   0.10824E-01  -0.11262E+02  -0.33037E+02   0.37480E-05
  0.662   2.549   -0.50549E+01   0.86620E+01   0.34197E-01   0.13057E+02   0.76188E+01  -0.28877E-06
  0.662   2.549   -0.44902E+01  -0.22657E+02   0.10817E-01  -0.34159E+02   0.67699E+01   0.12129E-06
  0.662   2.549    0.21913E+02   0.74709E+01   0.10825E-01   0.11264E+02  -0.33037E+02  -0.37475E-05
  0.662   2.549   -0.44883E+01   0.22656E+02   0.10817E-01   0.34158E+02   0.67660E+01  -0.12014E-06
  0.662   2.549   -0.50530E+01  -0.86611E+01   0.34197E-01  -0.13056E+02   0.76187E+01   0.28549E-06
  0.675   2.573    0.12556E+02   0.89198E-04   0.27453E-01   0.12828E-03  -0.18594E+02   0.16679E-08
  0.675   2.573   -0.16640E+02   0.15702E+02   0.90740E-02   0.23255E+02   0.24645E+02   0.45913E-05
  0.675   2.573   -0.16648E+02  -0.15703E+02   0.90788E-02  -0.23257E+02   0.24656E+02  -0.45913E-05
  0.675   2.573    0.21935E+02  -0.65369E+01   0.90785E-02  -0.96817E+01  -0.32486E+02   0.41260E-05
  0.675   2.573   -0.62816E+01   0.10826E+02   0.27447E-01   0.16033E+02   0.93024E+01   0.76631E-06
  0.675   2.573   -0.53041E+01  -0.22228E+02   0.90775E-02  -0.32921E+02   0.78552E+01  -0.47180E-06
  0.675   2.573    0.21923E+02   0.65336E+01   0.90708E-02   0.96768E+01  -0.32469E+02  -0.41239E-05
  0.675   2.573   -0.52975E+01   0.22226E+02   0.90749E-02   0.32917E+02   0.78454E+01   0.48168E-06
  0.675   2.573   -0.62721E+01  -0.10825E+02   0.27446E-01  -0.16031E+02   0.92885E+01  -0.76776E-06
  0.688   2.597    0.12870E+02  -0.19627E-02   0.21550E-01  -0.28594E-02  -0.18729E+02  -0.32144E-08
  0.688   2.597   -0.15020E+02   0.14730E+02   0.70749E-02   0.21435E+02   0.21859E+02   0.56003E-05
  0.688   2.597   -0.15007E+02  -0.14726E+02   0.70646E-02  -0.21430E+02   0.21839E+02  -0.56014E-05
  0.688   2.597    0.20271E+02  -0.56241E+01   0.70744E-02  -0.81847E+01  -0.29500E+02   0.43928E-05
  0.688   2.597   -0.64190E+01   0.11138E+02   0.21520E-01   0.16208E+02   0.93399E+01   0.18395E-05
  0.688   2.597   -0.52583E+01  -0.20366E+02   0.70713E-02  -0.29638E+02   0.76526E+01  -0.12116E-05
  0.688   2.597    0.20308E+02   0.56353E+01   0.70945E-02   0.82010E+01  -0.29554E+02  -0.44006E-05
  0.688   2.597   -0.52760E+01   0.20379E+02   0.70791E-02   0.29657E+02   0.76773E+01   0.11875E-05
  0.688   2.597   -0.64607E+01  -0.11149E+02   0.21524E-01  -0.16224E+02   0.94028E+01  -0.18460E-05
  0.700   2.620    0.10793E+02   0.11787E-01   0.16364E-01   0.16818E-01  -0.15437E+02   0.22750E-07
  0.700   2.620   -0.12385E+02   0.11985E+02   0.48868E-02   0.17143E+02   0.17716E+02   0.63137E-05
  0.700   2.620   -0.12478E+02  -0.12002E+02   0.49205E-02  -0.17167E+02   0.17847E+02  -0.63578E-05
  0.700   2.620    0.16738E+02  -0.48058E+01   0.49529E-02  -0.68742E+01  -0.23941E+02   0.45638E-05
  0.700   2.620   -0.54307E+01   0.93689E+01   0.16395E-01   0.13401E+02   0.77685E+01   0.26286E-05
  0.700   2.620   -0.42429E+01  -0.16770E+02   0.49211E-02  -0.23987E+02   0.60683E+01  -0.17065E-05
  0.700   2.620    0.16549E+02   0.47536E+01   0.48789E-02   0.67993E+01  -0.23671E+02  -0.45399E-05
  0.700   2.620   -0.41576E+01   0.16698E+02   0.48891E-02   0.23884E+02   0.59470E+01   0.17824E-05
  0.700   2.620   -0.53800E+01  -0.93072E+01   0.16366E-01  -0.13312E+02   0.76940E+01  -0.25918E-05
  0.713   2.643    0.73422E+01   0.13426E-02   0.11622E-01   0.18799E-02  -0.10324E+02  -0.74790E-08
  0.713   2.643   -0.93969E+01   0.83564E+01   0.27313E-02   0.11750E+02   0.13212E+02   0.64351E-05
  0.713   2.643   -0.94073E+01  -0.83591E+01   0.27349E-02  -0.11754E+02   0.13227E+02  -0.64444E-05
  0.713   2.643    0.11911E+02  -0.39542E+01   0.26879E-02  -0.55608E+01  -0.16748E+02   0.45937E-05
  0.713   2.643   -0.36780E+01   0.63471E+01   0.11612E-01   0.89248E+01   0.51718E+01   0.28056E-05
  0.713   2.643   -0.25281E+01  -0.12319E+02   0.27048E-02  -0.17322E+02   0.35541E+01  -0.18458E-05
  0.713   2.643    0.11880E+02   0.39408E+01   0.26797E-02   0.55419E+01  -0.16705E+02  -0.45886E-05
  0.713   2.643   -0.25203E+01   0.12310E+02   0.27019E-02   0.17309E+02   0.35434E+01   0.18482E-05
  0.713   2.643   -0.36317E+01  -0.63379E+01   0.11608E-01  -0.89118E+01   0.51057E+01  -0.28141E-05
  0.725   2.666    0.38768E+01  -0.37520E-02   0.85586E-02  -0.51889E-02  -0.53606E+01   0.38411E-08
  0.725   2.666   -0.65118E+01   0.48753E+01   0.14002E-02   0.67410E+01   0.90038E+01   0.60130E-05
  0.725   2.666   -0.64948E+01  -0.48703E+01   0.13950E-02  -0.67340E+01   0.89805E+01  -0.60020E-05
  0.725   2.666    0.74704E+01  -0.31992E+01   0.13943E-02  -0.44238E+01  -0.10329E+02   0.44830E-05
  0.725   2.666   -0.19314E+01   0.34132E+01   0.85790E-02   0.47195E+01   0.26699E+01   0.24743E-05
  0.725   2.666   -0.94967E+00  -0.81235E+01   0.14095E-02  -0.11232E+02   0.13130E+01  -0.15423E-05
  0.725   2.666    0.75100E+01   0.32116E+01   0.14050E-02   0.44410E+01  -0.10384E+02  -0.44941E-05
  0.725   2.666   -0.96584E+00   0.81356E+01   0.14132E-02   0.11249E+02   0.13350E+01   0.15278E-05
  0.725   2.666   -0.19527E+01  -0.34245E+01   0.85824E-02  -0.47351E+01   0.27008E+01  -0.24786E-05
  0.738   2.689    0.14380E+01   0.59852E-03   0.60601E-02   0.81356E-03  -0.19553E+01  -0.18675E-08
  0.738   2.689   -0.43226E+01   0.23835E+01   0.42722E-03   0.32402E+01   0.58776E+01   0.52783E-05
  0.738   2.689   -0.43218E+01  -0.23837E+01   0.42755E-03  -0.32405E+01   0.58765E+01  -0.52767E-05
  0.738   2.689    0.42444E+01  -0.25860E+01   0.43342E-03  -0.35166E+01  -0.57707E+01   0.42768E-05
  0.738   2.689   -0.75990E+00   0.12644E+01   0.60864E-02   0.17191E+01   0.10339E+01   0.18921E-05
  0.738   2.689    0.11420E+00  -0.49384E+01   0.42707E-03  -0.67146E+01  -0.15596E+00  -0.10336E-05
  0.738   2.689    0.42367E+01   0.25719E+01   0.42948E-03   0.34974E+01  -0.57602E+01  -0.42666E-05
  0.738   2.689    0.10395E+00   0.49414E+01   0.42840E-03   0.67187E+01  -0.14177E+00   0.10199E-05
  0.738   2.689   -0.69298E+00  -0.12653E+01   0.60865E-02  -0.17203E+01   0.94168E+00  -0.18797E-05
  0.750   2.712    0.21370E-01   0.14542E-02   0.46584E-02   0.19492E-02  -0.28116E-01  -0.37570E-08
  0.750   2.712   -0.28069E+01   0.85830E+00  -0.25260E-05   0.11469E+01   0.37545E+01   0.44811E-05
  0.750   2.712   -0.28131E+01  -0.86072E+00  -0.61111E-06  -0.11501E+01   0.37628E+01  -0.44850E-05
  0.750   2.712    0.21488E+01  -0.20116E+01  -0.20551E-05  -0.26912E+01  -0.28733E+01   0.39529E-05
  0.750   2.712   -0.16627E-01   0.40644E-01   0.46628E-02   0.52970E-01   0.22095E-01   0.12617E-05
  0.750   2.712    0.67213E+00  -0.28841E+01   0.10442E-05  -0.38572E+01  -0.90000E+00  -0.53871E-06
  0.750   2.712    0.21501E+01   0.20090E+01  -0.28425E-05   0.26878E+01  -0.28749E+01  -0.39532E-05
  0.750   2.712    0.66948E+00   0.28852E+01   0.11974E-05   0.38586E+01  -0.89643E+00   0.53337E-06
  0.750   2.712   -0.81068E-02  -0.41203E-01   0.46629E-02  -0.53709E-01   0.10542E-01  -0.12664E-05
  0.762   2.735   -0.64197E+00   0.11837E-02   0.35475E-02   0.15588E-02   0.84587E+00  -0.34971E-08
  0.762   2.735   -0.17962E+01   0.33873E-01  -0.29224E-03   0.42367E-01   0.23626E+01   0.36965E-05
  0.762   2.735   -0.18004E+01  -0.35607E-01  -0.29119E-03  -0.44671E-01   0.23681E+01  -0.36995E-05
  0.762   2.735    0.93262E+00  -0.15452E+01  -0.29219E-03  -0.20335E+01  -0.12248E+01   0.35554E-05
  0.762   2.735    0.31034E+00  -0.53609E+00   0.35494E-02  -0.70645E+00  -0.40843E+00   0.74186E-06
  0.762   2.735    0.87675E+00  -0.15994E+01  -0.28884E-03  -0.21027E+01  -0.11551E+01  -0.15017E-06
  0.762   2.735    0.92719E+00   0.15400E+01  -0.29402E-03   0.20266E+01  -0.12176E+01  -0.35491E-05
  0.762   2.735    0.87476E+00   0.16005E+01  -0.28841E-03   0.21040E+01  -0.11525E+01   0.14775E-06
  0.762   2.735    0.32873E+00   0.53575E+00   0.35495E-02   0.70600E+00  -0.43361E+00  -0.73874E-06
  0.775   2.757   -0.83115E+00  -0.39783E-02   0.27430E-02  -0.51578E-02   0.10780E+01   0.71287E-08
  0.775   2.757   -0.11253E+01  -0.33869E+00  -0.46475E-03  -0.44189E+00   0.14552E+01   0.29305E-05
  0.775   2.757   -0.11017E+01   0.35010E+00  -0.47268E-03   0.45672E+00   0.14244E+01  -0.29109E-05
  0.775   2.757    0.24626E+00  -0.11267E+01  -0.47714E-03  -0.14588E+01  -0.31485E+00   0.30261E-05
  0.775   2.757    0.42128E+00  -0.70248E+00   0.28077E-02  -0.91157E+00  -0.54701E+00   0.33176E-06
  0.775   2.757    0.86080E+00  -0.81999E+00  -0.46657E-03  -0.10584E+01  -0.11165E+01   0.11128E-06
  0.775   2.757    0.26579E+00   0.11410E+01  -0.46918E-03   0.14774E+01  -0.34025E+00  -0.30395E-05
  0.775   2.757    0.85795E+00   0.81823E+00  -0.46781E-03   0.10561E+01  -0.11128E+01  -0.11361E-06
  0.775   2.757    0.41228E+00   0.70274E+00   0.28078E-02   0.91191E+00  -0.53411E+00  -0.34850E-06
  0.787   2.779   -0.72349E+00   0.32927E-04   0.21013E-02   0.37969E-04   0.92396E+00   0.38278E-08
  0.787   2.779   -0.64497E+00  -0.43047E+00  -0.61210E-03  -0.55309E+00   0.81823E+00   0.21168E-05
  0.787   2.779   -0.64652E+00   0.43026E+00  -0.61267E-03   0.55290E+00   0.82009E+00  -0.21181E-05
  0.787   2.779   -0.55917E-01  -0.76966E+00  -0.61719E-03  -0.97983E+00   0.77124E-01   0.23468E-05
  0.787   2.779    0.36407E+00  -0.61745E+00   0.20977E-02  -0.78819E+00  -0.46663E+00   0.83720E-07
  0.787   2.779    0.69770E+00  -0.36357E+00  -0.60992E-03  -0.45783E+00  -0.89125E+00   0.23756E-06
  0.787   2.779   -0.54882E-01   0.77032E+00  -0.61370E-03   0.98070E+00   0.75753E-01  -0.23464E-05
  0.787   2.779    0.69646E+00   0.36279E+00  -0.61005E-03   0.45684E+00  -0.88954E+00  -0.23616E-06
  0.787   2.779    0.35925E+00   0.61797E+00   0.20978E-02   0.78885E+00  -0.45710E+00  -0.86403E-07
  0.800   2.801   -0.26193E+00  -0.78430E-03   0.10934E-02  -0.98120E-03   0.32918E+00  -0.83359E-08
  0.800   2.801   -0.24514E+00  -0.21493E+00  -0.55583E-03  -0.27333E+00   0.30276E+00   0.89364E-06
  0.800   2.801   -0.23920E+00   0.21867E+00  -0.55821E-03   0.27803E+00   0.29525E+00  -0.88428E-06
  0.800   2.801   -0.76165E-01  -0.30879E+00  -0.55798E-03  -0.38506E+00   0.10116E+00   0.10256E-05
  0.800   2.801    0.12749E+00  -0.22886E+00   0.10920E-02  -0.28751E+00  -0.16061E+00   0.23969E-08
  0.800   2.801    0.30759E+00  -0.10979E+00  -0.55084E-03  -0.13178E+00  -0.38665E+00   0.15321E-06
  0.800   2.801   -0.64551E-01   0.31760E+00  -0.55440E-03   0.39615E+00   0.86550E-01  -0.10353E-05
  0.800   2.801    0.30798E+00   0.10750E+00  -0.55322E-03   0.12889E+00  -0.38716E+00  -0.15230E-06
  0.800   2.801    0.13234E+00   0.22967E+00   0.10906E-02   0.28853E+00  -0.16591E+00  -0.22840E-07
  0.812   2.823   -0.30193E+01  -0.19126E-01  -0.47363E-01  -0.24118E-01   0.38047E+01   0.80076E-06
  0.812   2.823    0.10016E+02  -0.59770E+01   0.47155E-01  -0.71672E+01  -0.11912E+02  -0.72958E-05
  0.812   2.823    0.10108E+02   0.59775E+01   0.47174E-01   0.71680E+01  -0.12048E+02   0.71851E-05
  0.812   2.823   -0.10229E+02   0.58059E+01   0.45911E-01   0.69017E+01   0.12236E+02  -0.75575E-05
  0.812   2.823    0.15247E+01  -0.26035E+01  -0.49645E-01  -0.32729E+01  -0.20605E+01  -0.13938E-05
  0.812   2.823    0.14686E+00   0.11625E+02   0.46067E-01   0.13871E+02  -0.23294E+00  -0.30470E-06
  0.812   2.823   -0.10131E+02  -0.57441E+01   0.46347E-01  -0.68199E+01   0.12108E+02   0.73822E-05
  0.812   2.823    0.83875E-01  -0.11629E+02   0.46153E-01  -0.13876E+02  -0.12896E+00   0.17186E-06
  0.812   2.823    0.15405E+01   0.25996E+01  -0.49607E-01   0.32680E+01  -0.18048E+01   0.22561E-05
  0.825   2.844   -0.12385E+01  -0.28811E-03  -0.83684E-03  -0.35088E-03   0.15170E+01   0.17761E-08
  0.825   2.844    0.42559E+00  -0.11794E+01   0.20296E-02  -0.14290E+01  -0.49563E+00   0.18552E-05
  0.825   2.844    0.42342E+00   0.11774E+01   0.20291E-02   0.14265E+01  -0.49318E+00  -0.18572E-05
  0.825   2.844   -0.12367E+01  -0.21691E+00   0.20197E-02  -0.28015E+00   0.14887E+01   0.27095E-05
  0.825   2.844    0.61620E+00  -0.10695E+01  -0.88533E-03  -0.13121E+01  -0.75535E+00  -0.89762E-06
  0.825   2.844    0.80600E+00   0.92706E+00   0.20207E-02   0.11056E+01  -0.98680E+00   0.86449E-06
  0.825   2.844   -0.12387E+01   0.21472E+00   0.20204E-02   0.27748E+00   0.14911E+01  -0.27039E-05
  0.825   2.844    0.80268E+00  -0.92548E+00   0.20207E-02  -0.11036E+01  -0.98264E+00  -0.86666E-06
  0.825   2.844    0.62475E+00   0.10690E+01  -0.88501E-03   0.13115E+01  -0.76470E+00   0.89635E-06
  0.838   2.866   -0.85596E+00  -0.18938E-03   0.25367E-03  -0.22586E-03   0.10312E+01  -0.36640E-08
  0.838   2.866    0.36296E+00  -0.79329E+00   0.73238E-03  -0.94992E+00  -0.42695E+00   0.11024E-05
  0.838   2.866    0.35895E+00   0.78988E+00   0.73244E-03   0.94581E+00  -0.42244E+00  -0.11066E-05
  0.838   2.866   -0.86897E+00  -0.80001E-01   0.72932E-03  -0.10216E+00   0.10368E+01   0.17141E-05
  0.838   2.866    0.42491E+00  -0.73661E+00   0.24517E-03  -0.88749E+00  -0.51304E+00  -0.71737E-06
  0.838   2.866    0.50149E+00   0.69079E+00   0.73131E-03   0.82047E+00  -0.60435E+00   0.61691E-06
  0.838   2.866   -0.87124E+00   0.78160E-01   0.73246E-03   0.99979E-01   0.10394E+01  -0.17097E-05
  0.838   2.866    0.49975E+00  -0.68983E+00   0.73137E-03  -0.81931E+00  -0.60194E+00  -0.62072E-06
  0.838   2.866    0.43208E+00   0.73620E+00   0.24532E-03   0.88701E+00  -0.51939E+00   0.72194E-06
  0.850   2.887   -0.66571E+00  -0.12054E-03   0.37771E-03  -0.13850E-03   0.79002E+00   0.58355E-08
  0.850   2.887    0.40238E+00  -0.58314E+00   0.40053E-03  -0.68882E+00  -0.47136E+00   0.57018E-06
  0.850   2.887    0.40139E+00   0.58147E+00   0.40064E-03   0.68685E+00  -0.47021E+00  -0.57283E-06
  0.850   2.887   -0.70118E+00   0.57066E-01   0.40183E-03   0.64097E-01   0.82622E+00   0.10239E-05
  0.850   2.887    0.32752E+00  -0.58224E+00   0.37964E-03  -0.69038E+00  -0.38878E+00  -0.63494E-06
  0.850   2.887    0.30528E+00   0.62515E+00   0.40278E-03   0.73496E+00  -0.36250E+00   0.44340E-06
  0.850   2.887   -0.70412E+00  -0.59843E-01   0.40268E-03  -0.67378E-01   0.82961E+00  -0.10143E-05
  0.850   2.887    0.29994E+00  -0.62284E+00   0.40315E-03  -0.73223E+00  -0.35613E+00  -0.45104E-06
  0.850   2.887    0.34146E+00   0.58139E+00   0.37999E-03   0.68937E+00  -0.40511E+00   0.63694E-06
  0.863   2.908   -0.55099E+00   0.14469E-03   0.34480E-03   0.16878E-03   0.64440E+00   0.12528E-08
  0.863   2.908    0.42632E+00  -0.42698E+00   0.25380E-03  -0.49726E+00  -0.49442E+00   0.16529E-06
  0.863   2.908    0.42721E+00   0.42803E+00   0.25378E-03   0.49849E+00  -0.49542E+00  -0.16396E-06
  0.863   2.908   -0.57842E+00   0.15491E+00   0.25501E-03   0.17858E+00   0.67256E+00   0.46086E-06
  0.863   2.908    0.27815E+00  -0.48180E+00   0.34618E-03  -0.56334E+00  -0.32517E+00  -0.56021E-06
  0.863   2.908    0.15456E+00   0.57783E+00   0.25500E-03   0.67114E+00  -0.18102E+00   0.29560E-06
  0.863   2.908   -0.57791E+00  -0.15490E+00   0.25453E-03  -0.17858E+00   0.67198E+00  -0.46285E-06
  0.863   2.908    0.15526E+00  -0.57826E+00   0.25483E-03  -0.67165E+00  -0.18187E+00  -0.29458E-06
  0.863   2.908    0.27208E+00   0.48217E+00   0.34605E-03   0.56378E+00  -0.31832E+00   0.55875E-06
  0.875   2.929   -0.47156E+00  -0.16771E-02   0.29421E-03  -0.19335E-02   0.54367E+00   0.12502E-08
  0.875   2.929    0.43272E+00  -0.30490E+00   0.17364E-03  -0.35017E+00  -0.49577E+00  -0.15893E-06
  0.875   2.929    0.43088E+00   0.30154E+00   0.17394E-03   0.34628E+00  -0.49379E+00   0.15657E-06
  0.875   2.929   -0.47595E+00   0.22150E+00   0.17726E-03   0.25342E+00   0.54596E+00   0.12064E-07
  0.875   2.929    0.23131E+00  -0.40857E+00   0.30253E-03  -0.47085E+00  -0.26697E+00  -0.48315E-06
  0.875   2.929    0.44754E-01   0.52011E+00   0.17844E-03   0.59623E+00  -0.51898E-01   0.16455E-06
  0.875   2.929   -0.47650E+00  -0.22072E+00   0.17920E-03  -0.25250E+00   0.54655E+00  -0.11251E-07
  0.875   2.929    0.48351E-01  -0.51988E+00   0.17878E-03  -0.59596E+00  -0.56034E-01  -0.16306E-06
  0.875   2.929    0.24170E+00   0.40781E+00   0.30281E-03   0.46997E+00  -0.27838E+00   0.49223E-06
  0.887   2.950   -0.41443E+00   0.74729E-03   0.25342E-03   0.84802E-03   0.47112E+00  -0.62231E-08
  0.887   2.950    0.41288E+00  -0.20679E+00   0.12866E-03  -0.23406E+00  -0.46703E+00  -0.39528E-06
  0.887   2.950    0.41367E+00   0.20956E+00   0.12868E-03   0.23720E+00  -0.46797E+00   0.39571E-06
  0.887   2.950   -0.38953E+00   0.25416E+00   0.12752E-03   0.28745E+00   0.44079E+00  -0.34492E-06
  0.887   2.950    0.20568E+00  -0.35966E+00   0.25164E-03  -0.40888E+00  -0.23398E+00  -0.41543E-06
  0.887   2.950   -0.30208E-01   0.45392E+00   0.12824E-03   0.51352E+00   0.34043E-01   0.56079E-07
  0.887   2.950   -0.38861E+00  -0.25314E+00   0.12810E-03  -0.28628E+00   0.43974E+00   0.34271E-06
  0.887   2.950   -0.27978E-01  -0.45455E+00   0.12819E-03  -0.51423E+00   0.31547E-01  -0.52526E-07
  0.887   2.950    0.20706E+00   0.35980E+00   0.25160E-03   0.40905E+00  -0.23522E+00   0.41607E-06
  0.900   2.971   -0.36313E+00  -0.14792E-02   0.21001E-03  -0.16572E-02   0.40713E+00   0.70748E-08
  0.900   2.971    0.37840E+00  -0.13457E+00   0.96136E-04  -0.15012E+00  -0.42247E+00  -0.56955E-06
  0.900   2.971    0.37848E+00   0.13207E+00   0.96141E-04   0.14732E+00  -0.42256E+00   0.57004E-06
  0.900   2.971   -0.30051E+00   0.25952E+00   0.96192E-04   0.28979E+00   0.33539E+00  -0.58774E-06
  0.900   2.971    0.18117E+00  -0.32078E+00   0.21015E-03  -0.35966E+00  -0.20311E+00  -0.34949E-06
  0.900   2.971   -0.71315E-01   0.39054E+00   0.96131E-04   0.43596E+00   0.79715E-01  -0.23917E-07
  0.900   2.971   -0.30024E+00  -0.25899E+00   0.96347E-04  -0.28920E+00   0.33508E+00   0.58785E-06
  0.900   2.971   -0.73081E-01  -0.39031E+00   0.96292E-04  -0.43570E+00   0.81692E-01   0.22458E-07
  0.900   2.971    0.18474E+00   0.32012E+00   0.21033E-03   0.35892E+00  -0.20712E+00   0.35423E-06
  0.912   2.991   -0.31567E+00  -0.65251E-04   0.17463E-03  -0.69673E-04   0.34912E+00   0.12022E-08
  0.912   2.991    0.32566E+00  -0.78669E-01   0.73724E-04  -0.86447E-01  -0.35880E+00  -0.66451E-06
  0.912   2.991    0.32629E+00   0.79661E-01   0.73831E-04   0.87544E-01  -0.35945E+00   0.66449E-06
  0.912   2.991   -0.23384E+00   0.24454E+00   0.74294E-04   0.26950E+00   0.25743E+00  -0.74337E-06
  0.912   2.991    0.15625E+00  -0.27225E+00   0.17552E-03  -0.30107E+00  -0.17265E+00  -0.28739E-06
  0.912   2.991   -0.95195E-01   0.31864E+00   0.74582E-04   0.35091E+00   0.10508E+00  -0.75479E-07
  0.912   2.991   -0.23314E+00  -0.24238E+00   0.74310E-04  -0.26711E+00   0.25664E+00   0.74360E-06
  0.912   2.991   -0.95192E-01  -0.31952E+00   0.74656E-04  -0.35187E+00   0.10506E+00   0.80302E-07
  0.912   2.991    0.16056E+00   0.27162E+00   0.17565E-03   0.30037E+00  -0.17775E+00   0.29376E-06
  0.925   3.012   -0.27723E+00  -0.54885E-03   0.14245E-03  -0.60202E-03   0.30252E+00   0.39107E-08
  0.925   3.012    0.28262E+00  -0.47182E-01   0.58019E-04  -0.51044E-01  -0.30730E+00  -0.73174E-06
  0.925   3.012    0.28251E+00   0.44235E-01   0.57880E-04   0.47826E-01  -0.30716E+00   0.73304E-06
  0.925   3.012   -0.18564E+00   0.22428E+00   0.57847E-04   0.24398E+00   0.20161E+00  -0.84257E-06
  0.925   3.012    0.13730E+00  -0.23123E+00   0.14291E-03  -0.25234E+00  -0.14976E+00  -0.23714E-06
  0.925   3.012   -0.10406E+00   0.26808E+00   0.57956E-04   0.29136E+00   0.11338E+00  -0.11044E-06
  0.925   3.012   -0.18455E+00  -0.22434E+00   0.57921E-04  -0.24405E+00   0.20046E+00   0.84044E-06
  0.925   3.012   -0.10314E+00  -0.26771E+00   0.57986E-04  -0.29095E+00   0.11236E+00   0.11019E-06
  0.925   3.012    0.13676E+00   0.23102E+00   0.14292E-03   0.25211E+00  -0.14930E+00   0.24733E-06
  0.938   3.032   -0.23538E+00   0.12709E-04   0.11781E-03   0.16107E-04   0.25347E+00  -0.40005E-08
  0.938   3.032    0.23618E+00  -0.22113E-01   0.45909E-04  -0.23460E-01  -0.25342E+00  -0.76214E-06
  0.938   3.032    0.23682E+00   0.23696E-01   0.45973E-04   0.25169E-01  -0.25411E+00   0.76027E-06
  0.938   3.032   -0.13981E+00   0.19441E+00   0.45607E-04   0.20874E+00   0.14980E+00  -0.88098E-06
  0.938   3.032    0.11372E+00  -0.20569E+00   0.11757E-03  -0.22151E+00  -0.12248E+00  -0.20547E-06
  0.938   3.032   -0.98658E-01   0.21350E+00   0.45896E-04   0.22895E+00   0.10608E+00  -0.12043E-06
  0.938   3.032   -0.13870E+00  -0.19270E+00   0.45851E-04  -0.20689E+00   0.14860E+00   0.88080E-06
  0.938   3.032   -0.98517E-01  -0.21413E+00   0.45969E-04  -0.22962E+00   0.10594E+00   0.12105E-06
  0.938   3.032    0.12177E+00   0.20532E+00   0.11767E-03   0.22112E+00  -0.13111E+00   0.20288E-06
  0.950   3.052   -0.19742E+00   0.26495E-03   0.95161E-04   0.28241E-03   0.20983E+00  -0.31712E-08
  0.950   3.052    0.18636E+00  -0.64927E-02   0.35544E-04  -0.66302E-02  -0.19735E+00  -0.75252E-06
  0.950   3.052    0.18609E+00   0.66331E-02   0.35603E-04   0.67829E-02  -0.19706E+00   0.75011E-06
  0.950   3.052   -0.98799E-01   0.15686E+00   0.35619E-04   0.16622E+00   0.10441E+00  -0.86334E-06
  0.950   3.052    0.10003E+00  -0.17203E+00   0.95146E-04  -0.18284E+00  -0.10633E+00  -0.17603E-06
  0.950   3.052   -0.86463E-01   0.16207E+00   0.35725E-04   0.17149E+00   0.91769E-01  -0.11916E-06
  0.950   3.052   -0.10015E+00  -0.15809E+00   0.35493E-04  -0.16753E+00   0.10584E+00   0.86571E-06
  0.950   3.052   -0.87032E-01  -0.16187E+00   0.35707E-04  -0.17128E+00   0.92373E-01   0.11545E-06
  0.950   3.052    0.97241E-01   0.17239E+00   0.95105E-04   0.18322E+00  -0.10335E+00   0.16715E-06
  0.963   3.072   -0.16895E+00   0.32858E-03   0.77322E-04   0.34835E-03   0.17727E+00  -0.64516E-08
  0.963   3.072    0.13487E+00   0.58064E-02   0.27746E-04   0.63052E-02  -0.14092E+00  -0.71437E-06
  0.963   3.072    0.13588E+00  -0.27423E-02   0.27844E-04  -0.30813E-02  -0.14198E+00   0.71094E-06
  0.963   3.072   -0.64088E-01   0.11937E+00   0.27730E-04   0.12484E+00   0.66770E-01  -0.81326E-06
  0.963   3.072    0.82084E-01  -0.14849E+00   0.77256E-04  -0.15577E+00  -0.86154E-01  -0.15297E-06
  0.963   3.072   -0.70760E-01   0.11394E+00   0.27915E-04   0.11894E+00   0.74128E-01  -0.10248E-06
  0.963   3.072   -0.62971E-01  -0.11739E+00   0.27947E-04  -0.12276E+00   0.65589E-01   0.81369E-06
  0.963   3.072   -0.72352E-01  -0.11417E+00   0.27997E-04  -0.11918E+00   0.75807E-01   0.10165E-06
  0.963   3.072    0.86220E-01   0.14860E+00   0.77310E-04   0.15589E+00  -0.90430E-01   0.15389E-06
  0.975   3.092   -0.14912E+00   0.30503E-03   0.57670E-04   0.31401E-03   0.15448E+00   0.24765E-08
  0.975   3.092    0.85669E-01   0.13094E-01   0.22187E-04   0.13717E-01  -0.88288E-01  -0.65386E-06
  0.975   3.092    0.84021E-01  -0.13905E-01   0.22150E-04  -0.14567E-01  -0.86566E-01   0.65343E-06
  0.975   3.092   -0.29961E-01   0.80904E-01   0.22848E-04   0.83484E-01   0.30658E-01  -0.73444E-06
  0.975   3.092    0.78383E-01  -0.12540E+00   0.59368E-04  -0.12986E+00  -0.81149E-01  -0.14133E-06
  0.975   3.092   -0.55174E-01   0.72048E-01   0.22512E-04   0.74151E-01   0.57069E-01  -0.70654E-07
  0.975   3.092   -0.34059E-01  -0.82871E-01   0.22472E-04  -0.85523E-01   0.34906E-01   0.74381E-06
  0.975   3.092   -0.55474E-01  -0.70786E-01   0.22401E-04  -0.72843E-01   0.57370E-01   0.86666E-07
  0.975   3.092    0.69442E-01   0.12617E+00   0.59212E-04   0.13066E+00  -0.71977E-01   0.15333E-06
  0.988   3.112   -0.13950E+00  -0.43305E-03   0.49679E-04  -0.44428E-03   0.14268E+00   0.63657E-08
  0.988   3.112    0.36030E-01   0.23411E-01   0.17254E-04   0.24072E-01  -0.36497E-01  -0.57204E-06
  0.988   3.112    0.36328E-01  -0.23797E-01   0.17264E-04  -0.24468E-01  -0.36799E-01   0.57556E-06
  0.988   3.112   -0.70157E-03   0.44197E-01   0.16487E-04   0.44965E-01   0.43572E-03  -0.62791E-06
  0.988   3.112    0.54692E-01  -0.12927E+00   0.48610E-04  -0.13223E+00  -0.55944E-01  -0.17669E-06
  0.988   3.112   -0.38794E-01   0.13834E-01   0.16877E-04   0.13783E-01   0.39607E-01  -0.55876E-07
  0.988   3.112    0.74729E-02  -0.38335E-01   0.17243E-04  -0.38968E-01  -0.79252E-02   0.59964E-06
  0.988   3.112   -0.37067E-01  -0.15809E-01   0.16930E-04  -0.15800E-01   0.37845E-01   0.36085E-07
  0.988   3.112    0.82991E-01   0.12820E+00   0.48724E-04   0.13113E+00  -0.84884E-01   0.13971E-06
  1.000   3.132   -0.15000E+00   0.53874E-03   0.37645E-04   0.54672E-03   0.15149E+00  -0.60893E-08
  1.000   3.132   -0.21749E-01   0.37958E-01   0.13083E-04   0.38418E-01   0.22208E-01  -0.45593E-06
  1.000   3.132   -0.20892E-01  -0.37896E-01   0.13098E-04  -0.38355E-01   0.21355E-01   0.45460E-06
  1.000   3.132    0.44840E-01  -0.24216E-04   0.13408E-04  -0.19849E-03  -0.45492E-01  -0.45783E-06
  1.000   3.132    0.75872E-01  -0.13307E+00   0.37997E-04  -0.13437E+00  -0.76594E-01  -0.20395E-06
  1.000   3.132   -0.21365E-01  -0.38926E-01   0.13356E-04  -0.39574E-01   0.21532E-01  -0.69627E-08
  1.000   3.132    0.44117E-01  -0.46848E-03   0.13296E-04  -0.30193E-03  -0.44757E-01   0.45767E-06
  1.000   3.132   -0.21180E-01   0.38709E-01   0.13338E-04   0.39352E-01   0.21337E-01   0.24450E-08
  1.000   3.132    0.74432E-01   0.13291E+00   0.37976E-04   0.13420E+00  -0.75206E-01   0.18943E-06
  1.012   3.151   -0.15641E+00   0.10642E-02   0.26912E-04   0.10628E-02   0.15604E+00  -0.40233E-08
  1.012   3.151   -0.56349E-01   0.46327E-01   0.10560E-04   0.46280E-01   0.56387E-01  -0.36641E-06
  1.012   3.151   -0.54684E-01  -0.43849E-01   0.10449E-04  -0.43814E-01   0.54741E-01   0.36976E-06
  1.012   3.151    0.67497E-01  -0.23648E-01   0.10584E-04  -0.23715E-01  -0.67481E-01  -0.35272E-06
  1.012   3.151    0.77822E-01  -0.13423E+00   0.26993E-04  -0.13392E+00  -0.77607E-01  -0.22726E-06
  1.012   3.151   -0.98477E-02  -0.66525E-01   0.10355E-04  -0.66553E-01   0.97979E-02   0.24424E-07
  1.012   3.151    0.67469E-01   0.25237E-01   0.10458E-04   0.25297E-01  -0.67453E-01   0.34784E-06
  1.012   3.151   -0.11106E-01   0.66792E-01   0.10344E-04   0.66818E-01   0.11041E-01  -0.24319E-07
  1.012   3.151    0.78655E-01   0.13446E+00   0.26915E-04   0.13415E+00  -0.78525E-01   0.22248E-06
  1.025   3.170   -0.18082E+00  -0.56012E-04   0.17672E-04  -0.55949E-04   0.17817E+00   0.31080E-07
  1.025   3.170   -0.10286E+00   0.61020E-01   0.84323E-05   0.60164E-01   0.10145E+00  -0.24330E-06
  1.025   3.170   -0.10195E+00  -0.59706E-01   0.83479E-05  -0.58870E-01   0.10055E+00   0.25299E-06
  1.025   3.170    0.89111E-01  -0.52302E-01   0.77579E-05  -0.51607E-01  -0.87895E-01  -0.21895E-06
  1.025   3.170    0.85367E-01  -0.15680E+00   0.17715E-04  -0.15451E+00  -0.84128E-01  -0.23254E-06
  1.025   3.170   -0.39807E-02  -0.12414E+00   0.85341E-05  -0.12243E+00   0.38976E-02   0.38399E-07
  1.025   3.170    0.10650E+00   0.60515E-01   0.85664E-05   0.59696E-01  -0.10502E+00   0.18055E-06
  1.025   3.170   -0.11388E-02   0.12270E+00   0.85851E-05   0.12101E+00   0.11057E-02  -0.59883E-07
  1.025   3.170    0.92669E-01   0.15932E+00   0.17589E-04   0.15699E+00  -0.91298E-01   0.31196E-06
  1.038   3.190   -0.20428E+00  -0.20932E-02   0.10128E-04  -0.20265E-02   0.19886E+00   0.12626E-07
  1.038   3.190   -0.13109E+00   0.69942E-01   0.65771E-05   0.68093E-01   0.12765E+00  -0.18148E-06
  1.038   3.190   -0.14261E+00  -0.79982E-01   0.71464E-05  -0.77868E-01   0.13885E+00   0.15123E-06
  1.038   3.190    0.14138E+00  -0.84761E-01   0.72069E-05  -0.82546E-01  -0.13767E+00  -0.84449E-07
  1.038   3.190    0.10453E+00  -0.17662E+00   0.10107E-04  -0.17191E+00  -0.10174E+00  -0.32707E-06
  1.038   3.190    0.63501E-02  -0.14853E+00   0.66195E-05  -0.14464E+00  -0.61845E-02   0.77125E-07
  1.038   3.190    0.12847E+00   0.78655E-01   0.65770E-05   0.76591E-01  -0.12510E+00   0.11581E-06
  1.038   3.190    0.31784E-02   0.15002E+00   0.66001E-05   0.14609E+00  -0.31121E-02  -0.63463E-07
  1.038   3.190    0.10004E+00   0.17474E+00   0.10213E-04   0.17009E+00  -0.97380E-01   0.31122E-06
  1.050   3.209   -0.22732E+00   0.55457E-03   0.22272E-05   0.53798E-03   0.21855E+00  -0.11066E-07
  1.050   3.209   -0.17263E+00   0.91385E-01   0.51645E-05   0.87851E-01   0.16599E+00  -0.90589E-07
  1.050   3.209   -0.17025E+00  -0.93891E-01   0.52943E-05  -0.90255E-01   0.16370E+00   0.92668E-07
  1.050   3.209    0.16923E+00  -0.10319E+00   0.52470E-05  -0.99235E-01  -0.16268E+00  -0.17350E-07
  1.050   3.209    0.11655E+00  -0.20280E+00   0.17836E-05  -0.19498E+00  -0.11207E+00  -0.35398E-06
  1.050   3.209    0.70204E-02  -0.20024E+00   0.52695E-05  -0.19250E+00  -0.67598E-02   0.68454E-07
  1.050   3.209    0.17201E+00   0.10287E+00   0.52971E-05   0.98915E-01  -0.16535E+00   0.21913E-07
  1.050   3.209    0.85707E-02   0.20002E+00   0.52289E-05   0.19228E+00  -0.82463E-02  -0.81995E-07
  1.050   3.209    0.11593E+00   0.20367E+00   0.16200E-05   0.19582E+00  -0.11148E+00   0.35892E-06
  1.062   3.228   -0.23650E+00   0.18318E-04  -0.37472E-05   0.15562E-04   0.22471E+00  -0.95434E-09
  1.062   3.228   -0.19097E+00   0.10313E+00   0.38644E-05   0.97946E-01   0.18138E+00  -0.83370E-07
  1.062   3.228   -0.19142E+00  -0.10341E+00   0.38679E-05  -0.98214E-01   0.18180E+00   0.83140E-07
  1.062   3.228    0.18497E+00  -0.11494E+00   0.38931E-05  -0.10916E+00  -0.17568E+00  -0.20803E-07
  1.062   3.228    0.11928E+00  -0.20638E+00  -0.38107E-05  -0.19609E+00  -0.11333E+00  -0.34636E-06
  1.062   3.228    0.53479E-02  -0.21933E+00   0.39743E-05  -0.20832E+00  -0.50842E-02   0.55576E-07
  1.062   3.228    0.18179E+00   0.11338E+00   0.37135E-05   0.10768E+00  -0.17266E+00   0.27779E-07
  1.062   3.228    0.47310E-02   0.21935E+00   0.39549E-05   0.20834E+00  -0.45025E-02  -0.54670E-07
  1.062   3.228    0.11631E+00   0.20539E+00  -0.37509E-05   0.19516E+00  -0.11051E+00   0.34562E-06
  1.075   3.247   -0.22870E+00  -0.20575E-03  -0.81788E-05  -0.18866E-03   0.21480E+00  -0.29866E-08
  1.075   3.247   -0.19905E+00   0.10839E+00   0.25141E-05   0.10173E+00   0.18682E+00  -0.12544E-06
  1.075   3.247   -0.19894E+00  -0.10908E+00   0.23979E-05  -0.10238E+00   0.18672E+00   0.12433E-06
  1.075   3.247    0.19336E+00  -0.11880E+00   0.25731E-05  -0.11151E+00  -0.18149E+00  -0.72590E-07
  1.075   3.247    0.11102E+00  -0.19765E+00  -0.78521E-05  -0.18562E+00  -0.10425E+00  -0.30474E-06
  1.075   3.247    0.43724E-02  -0.22104E+00   0.24353E-05  -0.20748E+00  -0.41073E-02   0.32239E-07
  1.075   3.247    0.19529E+00   0.12006E+00   0.26997E-05   0.11268E+00  -0.18330E+00   0.69900E-07
  1.075   3.247    0.29246E-02   0.22128E+00   0.24756E-05   0.20770E+00  -0.27585E-02  -0.32298E-07
  1.075   3.247    0.11647E+00   0.19851E+00  -0.78234E-05   0.18644E+00  -0.10938E+00   0.31292E-06
  1.087   3.266   -0.20775E+00  -0.13963E-03  -0.11489E-04  -0.12363E-03   0.19294E+00   0.38057E-09
  1.087   3.266   -0.19736E+00   0.11090E+00   0.10694E-05   0.10289E+00   0.18314E+00  -0.16705E-06
  1.087   3.266   -0.19793E+00  -0.11205E+00   0.10934E-05  -0.10395E+00   0.18367E+00   0.16395E-06
  1.087   3.266    0.19596E+00  -0.11533E+00   0.10360E-05  -0.10703E+00  -0.18181E+00  -0.15947E-06
  1.087   3.266    0.10478E+00  -0.18160E+00  -0.11692E-04  -0.16865E+00  -0.97316E-01  -0.24422E-06
  1.087   3.266    0.19864E-02  -0.23018E+00   0.10841E-05  -0.21357E+00  -0.18579E-02   0.47067E-08
  1.087   3.266    0.19697E+00   0.11542E+00   0.10550E-05   0.10711E+00  -0.18274E+00   0.16062E-06
  1.087   3.266    0.19038E-02   0.23021E+00   0.10945E-05   0.21360E+00  -0.17849E-02  -0.11664E-07
  1.087   3.266    0.10374E+00   0.18202E+00  -0.11710E-04   0.16905E+00  -0.96350E-01   0.25188E-06
  1.100   3.284   -0.17891E+00   0.32983E-03  -0.14358E-04   0.30553E-03   0.16445E+00   0.86490E-09
  1.100   3.284   -0.19401E+00   0.11086E+00  -0.49086E-06   0.10175E+00   0.17810E+00  -0.22980E-06
  1.100   3.284   -0.19282E+00  -0.11052E+00  -0.48314E-06  -0.10143E+00   0.17701E+00   0.23148E-06
  1.100   3.284    0.19893E+00  -0.11765E+00  -0.49445E-06  -0.10802E+00  -0.18260E+00  -0.22096E-06
  1.100   3.284    0.97728E-01  -0.15562E+00  -0.15071E-04  -0.14304E+00  -0.89820E-01  -0.17506E-06
  1.100   3.284   -0.25849E-02  -0.21525E+00  -0.96789E-06  -0.19759E+00   0.23529E-02  -0.24803E-07
  1.100   3.284    0.19805E+00   0.11674E+00  -0.85589E-06   0.10718E+00  -0.18178E+00   0.22435E-06
  1.100   3.284   -0.15499E-02   0.21497E+00  -0.10149E-05   0.19733E+00   0.13998E-02   0.27093E-07
  1.100   3.284    0.83062E-01   0.15601E+00  -0.15133E-04   0.14340E+00  -0.76359E-01   0.15658E-06
  1.113   3.303   -0.14644E+00   0.72168E-04  -0.16833E-04   0.68707E-04   0.13305E+00  -0.34340E-08
  1.113   3.303   -0.18709E+00   0.10836E+00  -0.21204E-05   0.98229E-01   0.16966E+00  -0.29450E-06
  1.113   3.303   -0.18640E+00  -0.10794E+00  -0.20527E-05  -0.97858E-01   0.16904E+00   0.29640E-06
  1.113   3.303    0.18812E+00  -0.10699E+00  -0.19971E-05  -0.97047E-01  -0.17058E+00  -0.32478E-06
  1.113   3.303    0.73223E-01  -0.12853E+00  -0.16871E-04  -0.11677E+00  -0.66525E-01  -0.84245E-07
  1.113   3.303   -0.30079E-03  -0.21705E+00  -0.20282E-05  -0.19682E+00   0.24764E-03  -0.27110E-07
  1.113   3.303    0.18735E+00   0.10710E+00  -0.20564E-05   0.97142E-01  -0.16988E+00   0.32533E-06
  1.113   3.303   -0.68790E-03   0.21718E+00  -0.20292E-05   0.19693E+00   0.59192E-03   0.28414E-07
  1.113   3.303    0.73260E-01   0.12861E+00  -0.16914E-04   0.11685E+00  -0.66560E-01   0.82468E-07
  1.125   3.322   -0.11202E+00  -0.50087E-04  -0.17748E-04  -0.55817E-04   0.10050E+00  -0.39495E-08
  1.125   3.322   -0.17548E+00   0.10139E+00  -0.31865E-05   0.90691E-01   0.15700E+00  -0.34256E-06
  1.125   3.322   -0.17542E+00  -0.10227E+00  -0.32457E-05  -0.91446E-01   0.15693E+00   0.34260E-06
  1.125   3.322    0.17509E+00  -0.10184E+00  -0.32641E-05  -0.91112E-01  -0.15661E+00  -0.36571E-06
  1.125   3.322    0.54205E-01  -0.97821E-01  -0.17711E-04  -0.87759E-01  -0.48633E-01   0.25530E-08
  1.125   3.322   -0.87639E-03  -0.20285E+00  -0.31480E-05  -0.18148E+00   0.73662E-03  -0.31887E-07
  1.125   3.322    0.17579E+00   0.10199E+00  -0.31335E-05   0.91274E-01  -0.15726E+00   0.36505E-06
  1.125   3.322   -0.11376E-02   0.20294E+00  -0.31397E-05   0.18155E+00   0.99896E-03   0.31122E-07
  1.125   3.322    0.57502E-01   0.97610E-01  -0.17664E-04   0.87562E-01  -0.51574E-01   0.50567E-08
  1.137   3.340   -0.82113E-01   0.95586E-03  -0.20130E-04   0.84252E-03   0.72816E-01  -0.21882E-07
  1.137   3.340   -0.16478E+00   0.97122E-01  -0.48009E-05   0.85698E-01   0.14546E+00  -0.39941E-06
  1.137   3.340   -0.17777E+00  -0.99962E-01  -0.46341E-05  -0.88215E-01   0.15694E+00   0.37705E-06
  1.137   3.340    0.16948E+00  -0.10010E+00  -0.54986E-05  -0.88389E-01  -0.14959E+00  -0.40796E-06
  1.137   3.340    0.16491E-01  -0.82537E-01  -0.20400E-04  -0.73155E-01  -0.14709E-01   0.46686E-07
  1.137   3.340   -0.90211E-03  -0.20350E+00  -0.41854E-05  -0.17966E+00   0.75453E-03  -0.86563E-08
  1.137   3.340    0.17119E+00   0.10062E+00  -0.38262E-05   0.88855E-01  -0.15111E+00   0.42489E-06
  1.137   3.340   -0.12730E-02   0.20405E+00  -0.41371E-05   0.18014E+00   0.10819E-02   0.44227E-07
  1.137   3.340    0.63516E-01   0.82683E-01  -0.20421E-04   0.73285E-01  -0.56237E-01  -0.11924E-06
  1.150   3.358   -0.48232E-01  -0.24419E-03  -0.22975E-04  -0.21902E-03   0.42419E-01   0.65246E-08
  1.150   3.358   -0.16837E+00   0.94081E-01  -0.76962E-05   0.82034E-01   0.14688E+00  -0.38028E-06
  1.150   3.358   -0.16690E+00  -0.94685E-01  -0.62403E-05  -0.82481E-01   0.14559E+00   0.36592E-06
  1.150   3.358    0.16340E+00  -0.90756E-01  -0.68973E-05  -0.79245E-01  -0.14246E+00  -0.43035E-06
  1.150   3.358    0.30811E-01  -0.46082E-01  -0.23049E-04  -0.40522E-01  -0.27083E-01   0.15234E-06
  1.150   3.358   -0.22454E-02  -0.19735E+00  -0.68440E-05  -0.17210E+00   0.18434E-02  -0.74447E-08
  1.150   3.358    0.16492E+00   0.93178E-01  -0.68394E-05   0.81392E-01  -0.14381E+00   0.43601E-06
  1.150   3.358    0.30902E-02   0.19812E+00  -0.66792E-05   0.17277E+00  -0.26857E-02   0.20868E-07
  1.150   3.358    0.16670E-01   0.47806E-01  -0.23501E-04   0.42015E-01  -0.14682E-01  -0.17286E-06
  1.163   3.376   -0.21210E-01   0.13390E-03  -0.24805E-04   0.11459E-03   0.18624E-01   0.63845E-08
  1.163   3.376   -0.16015E+00   0.91029E-01  -0.80188E-05   0.78246E-01   0.13783E+00  -0.39679E-06
  1.163   3.376   -0.15958E+00  -0.90932E-01  -0.81492E-05  -0.78153E-01   0.13732E+00   0.39746E-06
  1.163   3.376    0.15926E+00  -0.93300E-01  -0.82197E-05  -0.80322E-01  -0.13694E+00  -0.38159E-06
  1.163   3.376    0.11395E-01  -0.15305E-01  -0.24782E-04  -0.13506E-01  -0.99938E-02   0.23425E-06
  1.163   3.376    0.11030E-02  -0.18279E+00  -0.85502E-05  -0.15722E+00  -0.10152E-02  -0.23464E-08
  1.163   3.376    0.15909E+00   0.93249E-01  -0.82492E-05   0.80280E-01  -0.13680E+00   0.38166E-06
  1.163   3.376    0.84011E-03   0.18298E+00  -0.85490E-05   0.15738E+00  -0.78370E-03  -0.41918E-08
  1.163   3.376    0.11040E-01   0.15044E-01  -0.24772E-04   0.13281E-01  -0.96899E-02  -0.22395E-06
  1.175   3.395    0.44298E-02   0.36246E-04  -0.25503E-04   0.30128E-04  -0.33633E-02  -0.49519E-08
  1.175   3.395   -0.15153E+00   0.83891E-01  -0.92772E-05   0.71187E-01   0.12871E+00  -0.37040E-06
  1.175   3.395   -0.15199E+00  -0.84220E-01  -0.93551E-05  -0.71473E-01   0.12911E+00   0.37017E-06
  1.175   3.395    0.14874E+00  -0.89393E-01  -0.93443E-05  -0.75973E-01  -0.12629E+00  -0.34406E-06
  1.175   3.395   -0.29836E-02   0.32336E-02  -0.25557E-04   0.23964E-02   0.23357E-02   0.28429E-06
  1.175   3.395    0.31491E-02  -0.17392E+00  -0.92770E-05  -0.14772E+00  -0.27411E-02   0.25597E-07
  1.175   3.395    0.14893E+00   0.89599E-01  -0.92701E-05   0.76144E-01  -0.12646E+00   0.34257E-06
  1.175   3.395    0.30772E-02   0.17391E+00  -0.92810E-05   0.14771E+00  -0.26876E-02  -0.25838E-07
  1.175   3.395   -0.14373E-02  -0.31503E-02  -0.25582E-04  -0.23264E-02   0.10184E-02  -0.29326E-06
  1.188   3.413    0.26790E-01  -0.21695E-03  -0.28837E-04  -0.18149E-03  -0.21980E-01  -0.95870E-08
  1.188   3.413   -0.14900E+00   0.81055E-01  -0.11517E-04   0.67767E-01   0.12471E+00  -0.35064E-06
  1.188   3.413   -0.15014E+00  -0.81620E-01  -0.11347E-04  -0.68216E-01   0.12566E+00   0.34797E-06
  1.188   3.413    0.14506E+00  -0.88714E-01  -0.11456E-04  -0.74275E-01  -0.12133E+00  -0.30050E-06
  1.188   3.413   -0.13178E-01   0.22196E-01  -0.28778E-04   0.18197E-01   0.10810E-01   0.34720E-06
  1.188   3.413    0.35281E-02  -0.16941E+00  -0.11361E-04  -0.14177E+00  -0.30471E-02   0.46330E-07
  1.188   3.413    0.14489E+00   0.88063E-01  -0.11243E-04   0.73749E-01  -0.12119E+00   0.29962E-06
  1.188   3.413    0.42729E-02   0.16932E+00  -0.11368E-04   0.14169E+00  -0.36512E-02  -0.42635E-07
  1.188   3.413   -0.13993E-01  -0.22323E-01  -0.28723E-04  -0.18302E-01   0.11484E-01  -0.34649E-06
  1.200   3.430    0.50803E-01  -0.70803E-03  -0.37363E-04  -0.56880E-03  -0.41311E-01   0.20524E-07
  1.200   3.430   -0.15497E+00   0.84468E-01  -0.16570E-04   0.69438E-01   0.12759E+00  -0.34262E-06
  1.200   3.430   -0.15405E+00  -0.82721E-01  -0.15820E-04  -0.68036E-01   0.12685E+00   0.35168E-06
  1.200   3.430    0.14786E+00  -0.91090E-01  -0.15966E-04  -0.75066E-01  -0.12170E+00  -0.28089E-06
  1.200   3.430   -0.23315E-01   0.44030E-01  -0.36902E-04   0.35831E-01   0.18918E-01   0.41781E-06
  1.200   3.430    0.31183E-02  -0.17344E+00  -0.16251E-04  -0.14283E+00  -0.26722E-02   0.72471E-07
  1.200   3.430    0.14836E+00   0.89918E-01  -0.16136E-04   0.74150E-01  -0.12214E+00   0.27645E-06
  1.200   3.430    0.46086E-02   0.17247E+00  -0.16216E-04   0.14203E+00  -0.39214E-02  -0.47916E-07
  1.200   3.430   -0.28671E-01  -0.43332E-01  -0.36528E-04  -0.35237E-01   0.23358E-01  -0.41787E-06
  1.213   3.448    0.64571E-01  -0.10229E-03  -0.38586E-04  -0.84641E-04  -0.51832E-01   0.10502E-07
  1.213   3.448   -0.14487E+00   0.77056E-01  -0.17300E-04   0.62340E-01   0.11738E+00  -0.27255E-06
  1.213   3.448   -0.14433E+00  -0.76795E-01  -0.17631E-04  -0.62137E-01   0.11694E+00   0.28205E-06
  1.213   3.448    0.13910E+00  -0.88351E-01  -0.17483E-04  -0.71649E-01  -0.11272E+00  -0.20314E-06
  1.213   3.448   -0.33614E-01   0.54731E-01  -0.38355E-04   0.43909E-01   0.26961E-01   0.44762E-06
  1.213   3.448    0.52233E-02  -0.16333E+00  -0.17008E-04  -0.13240E+00  -0.43580E-02   0.75308E-07
  1.213   3.448    0.13859E+00   0.86316E-01  -0.17434E-04   0.70000E-01  -0.11231E+00   0.20428E-06
  1.213   3.448    0.49225E-02   0.16281E+00  -0.17153E-04   0.13197E+00  -0.41246E-02  -0.67712E-07
  1.213   3.448   -0.31701E-01  -0.55028E-01  -0.38117E-04  -0.44155E-01   0.25407E-01  -0.43000E-06
  1.225   3.466    0.82462E-01   0.10395E-02  -0.48222E-04   0.78277E-03  -0.64655E-01  -0.45929E-07
  1.225   3.466   -0.14113E+00   0.77544E-01  -0.23916E-04   0.61187E-01   0.11184E+00  -0.24835E-06
  1.225   3.466   -0.14298E+00  -0.78583E-01  -0.24732E-04  -0.62025E-01   0.11332E+00   0.22051E-06
  1.225   3.466    0.13916E+00  -0.81456E-01  -0.24218E-04  -0.64713E-01  -0.11007E+00  -0.16135E-06
  1.225   3.466   -0.42411E-01   0.69550E-01  -0.48605E-04   0.54477E-01   0.33290E-01   0.45705E-06
  1.225   3.466    0.50807E-02  -0.16389E+00  -0.24590E-04  -0.12968E+00  -0.42092E-02   0.48915E-07
  1.225   3.466    0.13993E+00   0.86077E-01  -0.24301E-04   0.68265E-01  -0.11061E+00   0.16933E-06
  1.225   3.466    0.29919E-02   0.16545E+00  -0.24469E-04   0.13091E+00  -0.25596E-02  -0.86175E-07
  1.225   3.466   -0.39484E-01  -0.69780E-01  -0.49915E-04  -0.54686E-01   0.30955E-01  -0.49673E-06
  1.238   3.484    0.92559E-01  -0.16738E-03  -0.61129E-04  -0.11871E-03  -0.70563E-01   0.25915E-08
  1.238   3.484   -0.13844E+00   0.76786E-01  -0.32179E-04   0.58942E-01   0.10681E+00  -0.18269E-06
  1.238   3.484   -0.13879E+00  -0.77055E-01  -0.31748E-04  -0.59096E-01   0.10706E+00   0.17704E-06
  1.238   3.484    0.13731E+00  -0.82443E-01  -0.32106E-04  -0.63752E-01  -0.10560E+00  -0.11434E-06
  1.238   3.484   -0.46268E-01   0.81899E-01  -0.61221E-04   0.62465E-01   0.35305E-01   0.51125E-06
  1.238   3.484    0.16269E-02  -0.15713E+00  -0.32450E-04  -0.12098E+00  -0.15306E-02   0.60066E-07
  1.238   3.484    0.13618E+00   0.81558E-01  -0.31816E-04   0.63095E-01  -0.10476E+00   0.11477E-06
  1.238   3.484    0.30514E-02   0.15735E+00  -0.32349E-04   0.12115E+00  -0.25663E-02  -0.56978E-07
  1.238   3.484   -0.46589E-01  -0.82125E-01  -0.60716E-04  -0.62626E-01   0.35533E-01  -0.49987E-06
  1.250   3.501    0.96081E-01   0.92764E-03  -0.74785E-04   0.73689E-03  -0.70144E-01   0.32492E-08
  1.250   3.501   -0.12262E+00   0.72990E-01  -0.41826E-04   0.53836E-01   0.91486E-01  -0.13204E-06
  1.250   3.501   -0.12313E+00  -0.74900E-01  -0.43371E-04  -0.55003E-01   0.91704E-01   0.10954E-06
  1.250   3.501    0.13460E+00  -0.74309E-01  -0.43517E-04  -0.55413E-01  -0.99209E-01  -0.55888E-07
  1.250   3.501   -0.49646E-01   0.86748E-01  -0.78070E-04   0.63500E-01   0.36581E-01   0.54828E-06
  1.250   3.501   -0.24296E-02  -0.14463E+00  -0.43991E-04  -0.10696E+00   0.12962E-02   0.16002E-07
  1.250   3.501    0.12911E+00   0.72340E-01  -0.42566E-04   0.54083E-01  -0.95223E-01   0.67035E-07
  1.250   3.501   -0.32017E-04   0.14567E+00  -0.43783E-04   0.10774E+00  -0.16935E-03  -0.45834E-07
  1.250   3.501   -0.45497E-01  -0.88202E-01  -0.77589E-04  -0.64510E-01   0.33301E-01  -0.48843E-06
