  0.000   0.000    0.00000E+00   0.00000E+00   0.00000E+00   0.00000E+00   0.00000E+00   0.00000E+00
  0.000   0.000    0.00000E+00   0.00000E+00   0.00000E+00   0.00000E+00   0.00000E+00   0.00000E+00
  0.000   0.000    0.00000E+00   0.00000E+00   0.00000E+00   0.00000E+00   0.00000E+00   0.00000E+00
  0.000   0.000    0.00000E+00   0.00000E+00   0.00000E+00   0.00000E+00   0.00000E+00   0.00000E+00
  0.000   0.000    0.00000E+00   0.00000E+00   0.00000E+00   0.00000E+00   0.00000E+00   0.00000E+00
  0.000   0.000    0.00000E+00   0.00000E+00   0.00000E+00   0.00000E+00   0.00000E+00   0.00000E+00
  0.000   0.000    0.00000E+00   0.00000E+00   0.00000E+00   0.00000E+00   0.00000E+00   0.00000E+00
  0.000   0.000    0.00000E+00   0.00000E+00   0.00000E+00   0.00000E+00   0.00000E+00   0.00000E+00
  0.000   0.000    0.00000E+00   0.00000E+00   0.00000E+00   0.00000E+00   0.00000E+00   0.00000E+00
 -1.000  -1.000    0.00000E+00   0.00000E+00   0.00000E+00   0.00000E+00   0.00000E+00   0.00000E+00
 -1.000  -1.000    0.00000E+00   0.00000E+00   0.00000E+00   0.00000E+00   0.00000E+00   0.00000E+00
 -1.000  -1.000    0.00000E+00   0.00000E+00   0.00000E+00   0.00000E+00   0.00000E+00   0.00000E+00
 -1.000  -1.000    0.00000E+00   0.00000E+00   0.00000E+00   0.00000E+00   0.00000E+00   0.00000E+00
 -1.000  -1.000    0.00000E+00   0.00000E+00   0.00000E+00   0.00000E+00   0.00000E+00   0.00000E+00
 -1.000  -1.000    0.00000E+00   0.00000E+00   0.00000E+00   0.00000E+00   0.00000E+00   0.00000E+00
 -1.000  -1.000    0.00000E+00   0.00000E+00   0.00000E+00   0.00000E+00   0.00000E+00   0.00000E+00
 -1.000  -1.000    0.00000E+00   0.00000E+00   0.00000E+00   0.00000E+00   0.00000E+00   0.00000E+00
 -1.000  -1.000    0.00000E+00   0.00000E+00   0.00000E+00   0.00000E+00   0.00000E+00   0.00000E+00
  0.013   0.333   -0.40571E-04   0.20957E+03  -0.21930E-04   0.10632E+04   0.19189E-03  -0.34734E-06
  0.013   0.333    0.56318E+01   0.19980E+03  -0.72430E+02   0.10162E+04  -0.27096E+02   0.18929E-06
  0.013   0.333   -0.56318E+01   0.19980E+03   0.72430E+02   0.10162E+04   0.27096E+02   0.18924E-06
  0.013   0.333    0.45111E+01   0.20031E+03   0.43564E+02   0.10162E+04  -0.22904E+02  -0.33469E-06
  0.013   0.333    0.94288E+01   0.19322E+03  -0.23377E+02   0.98264E+03  -0.46464E+02   0.17428E-06
  0.013   0.333    0.12506E+00   0.19126E+03   0.11599E+03   0.97289E+03  -0.20944E+01   0.18668E-06
  0.013   0.333   -0.45111E+01   0.20031E+03  -0.43564E+02   0.10162E+04   0.22904E+02  -0.33468E-06
  0.013   0.333   -0.12498E+00   0.19126E+03  -0.11599E+03   0.97289E+03   0.20940E+01   0.18672E-06
  0.013   0.333   -0.94288E+01   0.19322E+03   0.23377E+02   0.98264E+03   0.46464E+02   0.17424E-06
  0.025   0.494   -0.17541E-03   0.24971E+04   0.95961E-04   0.12378E+05   0.19801E-02  -0.42170E-05
  0.025   0.494    0.98957E+02   0.23253E+04  -0.76135E+03   0.11555E+05  -0.47429E+03   0.23575E-05
  0.025   0.494   -0.98958E+02   0.23253E+04   0.76135E+03   0.11555E+05   0.47429E+03   0.23566E-05
  0.025   0.494    0.73125E+02   0.23309E+04   0.52649E+03   0.11555E+05  -0.36149E+03  -0.40652E-05
  0.025   0.494    0.12629E+03   0.22780E+04  -0.17113E+03   0.11317E+05  -0.61169E+03   0.21047E-05
  0.025   0.494    0.80479E+01   0.21790E+04   0.12878E+04   0.10831E+05  -0.56343E+02   0.22560E-05
  0.025   0.494   -0.73124E+02   0.23309E+04  -0.52649E+03   0.11555E+05   0.36149E+03  -0.40651E-05
  0.025   0.494   -0.80474E+01   0.21790E+04  -0.12878E+04   0.10831E+05   0.56339E+02   0.22570E-05
  0.025   0.494   -0.12629E+03   0.22780E+04   0.17113E+03   0.11317E+05   0.61168E+03   0.21042E-05
  0.038   0.606    0.59372E-02   0.93657E+04  -0.43931E-02   0.45413E+05  -0.29990E-01  -0.15803E-04
  0.038   0.606    0.55610E+03   0.83977E+04  -0.25142E+04   0.40816E+05  -0.26404E+04   0.92432E-05
  0.038   0.606   -0.55609E+03   0.83977E+04   0.25142E+04   0.40816E+05   0.26404E+04   0.92476E-05
  0.038   0.606    0.40318E+03   0.84172E+04   0.18165E+04   0.40816E+05  -0.19467E+04  -0.15267E-04
  0.038   0.606    0.53289E+03   0.84414E+04  -0.46128E+03   0.41011E+05  -0.25376E+04   0.78330E-05
  0.038   0.606    0.59492E+02   0.75767E+04   0.43307E+04   0.36843E+05  -0.34643E+03   0.84614E-05
  0.038   0.606   -0.40318E+03   0.84172E+04  -0.18165E+04   0.40816E+05   0.19467E+04  -0.15268E-04
  0.038   0.606   -0.59502E+02   0.75767E+04  -0.43307E+04   0.36843E+05   0.34647E+03   0.84569E-05
  0.038   0.606   -0.53290E+03   0.84414E+04   0.46128E+03   0.41011E+05   0.25376E+04   0.78368E-05
  0.050   0.700    0.52143E-01   0.22731E+05   0.44465E-03   0.10778E+06  -0.27432E+00  -0.37825E-04
  0.050   0.700    0.19528E+04   0.19316E+05  -0.53072E+04   0.91803E+05  -0.91359E+04   0.23651E-04
  0.050   0.700   -0.19527E+04   0.19316E+05   0.53072E+04   0.91803E+05   0.91356E+04   0.23660E-04
  0.050   0.700    0.14290E+04   0.19359E+05   0.39460E+04   0.91803E+05  -0.67450E+04  -0.36680E-04
  0.050   0.700    0.14537E+04   0.20210E+05  -0.78909E+03   0.95989E+05  -0.67991E+04   0.18603E-04
  0.050   0.700    0.22417E+03   0.16410E+05   0.92536E+04   0.78054E+05  -0.11938E+04   0.20356E-04
  0.050   0.700   -0.14291E+04   0.19359E+05  -0.39460E+04   0.91803E+05   0.67451E+04  -0.36687E-04
  0.050   0.700   -0.22424E+03   0.16410E+05  -0.92536E+04   0.78054E+05   0.11942E+04   0.20334E-04
  0.050   0.700   -0.14537E+04   0.20210E+05   0.78908E+03   0.95989E+05   0.67994E+04   0.18599E-04
  0.062   0.783    0.12137E+00   0.43763E+05  -0.22146E-02   0.20283E+06  -0.56075E+00  -0.70683E-04
  0.062   0.783    0.52090E+04   0.34596E+05  -0.87520E+04   0.16071E+06  -0.23931E+05   0.48322E-04
  0.062   0.783   -0.52089E+04   0.34596E+05   0.87521E+04   0.16071E+06   0.23930E+05   0.48416E-04
  0.062   0.783    0.39184E+04   0.34671E+05   0.67759E+04   0.16071E+06  -0.18079E+05  -0.68972E-04
  0.062   0.783    0.30941E+04   0.38397E+05  -0.87980E+03   0.17821E+06  -0.14198E+05   0.34397E-04
  0.062   0.783    0.57967E+03   0.26733E+05   0.15529E+05   0.12435E+06  -0.29194E+04   0.38397E-04
  0.062   0.783   -0.39185E+04   0.34671E+05  -0.67759E+04   0.16071E+06   0.18079E+05  -0.68993E-04
  0.062   0.783   -0.57987E+03   0.26733E+05  -0.15529E+05   0.12435E+06   0.29203E+04   0.38312E-04
  0.062   0.783   -0.30944E+04   0.38397E+05   0.87980E+03   0.17821E+06   0.14199E+05   0.34489E-04
  0.075   0.858   -0.31796E-01   0.72728E+05   0.24753E-03   0.32921E+06   0.13062E+00  -0.11170E-03
  0.075   0.858    0.11519E+05   0.52291E+05  -0.12234E+05   0.23723E+06  -0.51834E+05   0.85994E-04
  0.075   0.858   -0.11519E+05   0.52291E+05   0.12234E+05   0.23723E+06   0.51834E+05   0.85922E-04
  0.075   0.858    0.90724E+04   0.52399E+05   0.10097E+05   0.23723E+06  -0.40891E+05  -0.11019E-03
  0.075   0.858    0.54602E+04   0.63258E+05  -0.35247E+03   0.28664E+06  -0.24544E+05   0.54048E-04
  0.075   0.858    0.11276E+04   0.34523E+05   0.22335E+05   0.15697E+06  -0.54597E+04   0.61292E-04
  0.075   0.858   -0.90723E+04   0.52399E+05  -0.10097E+05   0.23723E+06   0.40891E+05  -0.11017E-03
  0.075   0.858   -0.11275E+04   0.34523E+05  -0.22335E+05   0.15697E+06   0.54591E+04   0.61307E-04
  0.075   0.858   -0.54600E+04   0.63258E+05   0.35247E+03   0.28664E+06   0.24543E+05   0.53925E-04
  0.088   0.926    0.10026E+00   0.10942E+06   0.42317E-03   0.48372E+06  -0.64614E+00  -0.15612E-03
  0.088   0.926    0.22217E+05   0.69614E+05  -0.15140E+05   0.30842E+06  -0.97823E+05   0.13943E-03
  0.088   0.926   -0.22217E+05   0.69614E+05   0.15140E+05   0.30842E+06   0.97823E+05   0.13936E-03
  0.088   0.926    0.18704E+05   0.69752E+05   0.13693E+05   0.30842E+06  -0.82356E+05  -0.15686E-03
  0.088   0.926    0.80905E+04   0.95383E+05   0.10940E+04   0.42194E+06  -0.35605E+05   0.75268E-04
  0.088   0.926    0.16323E+04   0.34265E+05   0.28839E+05   0.15247E+06  -0.77078E+04   0.86526E-04
  0.088   0.926   -0.18704E+05   0.69752E+05  -0.13693E+05   0.30842E+06   0.82356E+05  -0.15689E-03
  0.088   0.926   -0.16325E+04   0.34265E+05  -0.28839E+05   0.15247E+06   0.77092E+04   0.86524E-04
  0.088   0.926   -0.80907E+04   0.95383E+05  -0.10940E+04   0.42194E+06   0.35607E+05   0.75123E-04
  0.100   0.990   -0.29919E+00   0.15355E+06  -0.98184E-02   0.66292E+06   0.13079E+01  -0.19803E-03
  0.100   0.990    0.38560E+05   0.83654E+05  -0.17045E+05   0.36191E+06  -0.16601E+06   0.21266E-03
  0.100   0.990   -0.38560E+05   0.83654E+05   0.17045E+05   0.36191E+06   0.16601E+06   0.21245E-03
  0.100   0.990    0.35514E+05   0.83811E+05   0.17342E+05   0.36192E+06  -0.15275E+06  -0.20537E-03
  0.100   0.990    0.97446E+04   0.13664E+06   0.35088E+04   0.59004E+06  -0.41980E+05   0.96323E-04
  0.100   0.990    0.13783E+04   0.19621E+05   0.34396E+05   0.86022E+05  -0.65904E+04   0.10957E-03
  0.100   0.990   -0.35514E+05   0.83811E+05  -0.17342E+05   0.36191E+06   0.15275E+06  -0.20515E-03
  0.100   0.990   -0.13778E+04   0.19621E+05  -0.34396E+05   0.86022E+05   0.65883E+04   0.10990E-03
  0.100   0.990   -0.97440E+04   0.13664E+06  -0.35088E+04   0.59004E+06   0.41977E+05   0.96259E-04
  0.113   1.050   -0.15246E-01   0.20477E+06  -0.23483E-02   0.86252E+06   0.91575E-01  -0.23073E-03
  0.113   1.050    0.61384E+05   0.91951E+05  -0.17785E+05   0.38809E+06  -0.25807E+06   0.30922E-03
  0.113   1.050   -0.61384E+05   0.91952E+05   0.17785E+05   0.38809E+06   0.25807E+06   0.30913E-03
  0.113   1.050    0.63223E+05   0.92114E+05   0.20744E+05   0.38809E+06  -0.26540E+06  -0.25156E-03
  0.113   1.050    0.81890E+04   0.19053E+06   0.65802E+04   0.80243E+06  -0.34544E+05   0.11650E-03
  0.113   1.050   -0.10759E+04  -0.15821E+05   0.38543E+05  -0.64986E+05   0.37314E+04   0.12438E-03
  0.113   1.050   -0.63223E+05   0.92114E+05  -0.20744E+05   0.38809E+06   0.26540E+06  -0.25161E-03
  0.113   1.050    0.10760E+04  -0.15821E+05  -0.38543E+05  -0.64986E+05  -0.37312E+04   0.12431E-03
  0.113   1.050   -0.81890E+04   0.19053E+06  -0.65802E+04   0.80243E+06   0.34544E+05   0.11633E-03
  0.125   1.107   -0.13433E+01   0.26297E+06  -0.14624E-01   0.10809E+07   0.52957E+01  -0.25099E-03
  0.125   1.107    0.90895E+05   0.93123E+05  -0.17428E+05   0.38351E+06  -0.37313E+06   0.43549E-03
  0.125   1.107   -0.90894E+05   0.93123E+05   0.17428E+05   0.38351E+06   0.37313E+06   0.43544E-03
  0.125   1.107    0.10617E+06   0.93277E+05   0.23403E+05   0.38351E+06  -0.43505E+06  -0.29600E-03
  0.125   1.107    0.50385E+03   0.26201E+06   0.96013E+04   0.10765E+07  -0.23302E+04   0.13765E-03
  0.125   1.107   -0.77926E+04  -0.77381E+05   0.40850E+05  -0.31605E+06   0.31052E+05   0.12275E-03
  0.125   1.107   -0.10617E+06   0.93277E+05  -0.23403E+05   0.38351E+06   0.43505E+06  -0.29581E-03
  0.125   1.107    0.77926E+04  -0.77381E+05  -0.40850E+05  -0.31605E+06  -0.31053E+05   0.12331E-03
  0.125   1.107   -0.50237E+03   0.26201E+06  -0.96013E+04   0.10765E+07   0.23253E+04   0.13809E-03
  0.138   1.161   -0.53022E-01   0.32641E+06   0.19745E-02   0.13079E+07   0.74155E+00  -0.25410E-03
  0.138   1.161    0.12587E+06   0.86379E+05  -0.16189E+05   0.34673E+06  -0.50387E+06   0.59386E-03
  0.138   1.161   -0.12587E+06   0.86379E+05   0.16189E+05   0.34673E+06   0.50387E+06   0.59364E-03
  0.138   1.161    0.16605E+06   0.86511E+05   0.24534E+05   0.34673E+06  -0.66348E+06  -0.33685E-03
  0.138   1.161   -0.15469E+05   0.35310E+06   0.11513E+05   0.14139E+07   0.61468E+05   0.16230E-03
  0.138   1.161   -0.20234E+05  -0.16627E+06   0.40748E+05  -0.66385E+06   0.79914E+05   0.96994E-04
  0.138   1.161   -0.16605E+06   0.86511E+05  -0.24534E+05   0.34673E+06   0.66349E+06  -0.33642E-03
  0.138   1.161    0.20234E+05  -0.16627E+06  -0.40748E+05  -0.66385E+06  -0.79914E+05   0.97156E-04
  0.138   1.161    0.15469E+05   0.35310E+06  -0.11513E+05   0.14139E+07  -0.61470E+05   0.16199E-03
  0.150   1.213    0.82122E-02   0.39306E+06  -0.48000E-02   0.15366E+07  -0.34552E-01  -0.24114E-03
  0.150   1.213    0.16402E+06   0.72149E+05  -0.14349E+05   0.28250E+06  -0.64079E+06   0.78997E-03
  0.150   1.213   -0.16402E+06   0.72149E+05   0.14349E+05   0.28250E+06   0.64079E+06   0.79002E-03
  0.150   1.213    0.23666E+06   0.72246E+05   0.23250E+05   0.28249E+06  -0.92279E+06  -0.38008E-03
  0.150   1.213   -0.37897E+05   0.45862E+06   0.11196E+05   0.17916E+07   0.14739E+06   0.18764E-03
  0.150   1.213   -0.36424E+05  -0.27472E+06   0.37630E+05  -0.10713E+07   0.14108E+06   0.45697E-04
  0.150   1.213   -0.23666E+06   0.72246E+05  -0.23250E+05   0.28250E+06   0.92279E+06  -0.38011E-03
  0.150   1.213    0.36424E+05  -0.27472E+06  -0.37630E+05  -0.10713E+07  -0.14109E+06   0.46500E-04
  0.150   1.213    0.37897E+05   0.45862E+06  -0.11196E+05   0.17916E+07  -0.14739E+06   0.18863E-03
  0.163   1.262   -0.20780E+01   0.45745E+06  -0.41602E-01   0.17420E+07   0.12708E+02  -0.20656E-03
  0.163   1.262    0.20086E+06   0.51109E+05  -0.12196E+05   0.19487E+06  -0.76449E+06   0.10160E-02
  0.163   1.262   -0.20086E+06   0.51113E+05   0.12196E+05   0.19488E+06   0.76448E+06   0.10166E-02
  0.163   1.262    0.29756E+06   0.51171E+05   0.19263E+05   0.19487E+06  -0.11304E+07  -0.42528E-03
  0.163   1.262   -0.58191E+05   0.55825E+06   0.82232E+04   0.21242E+07   0.22065E+06   0.19028E-03
  0.163   1.262   -0.48403E+05  -0.38049E+06   0.31494E+05  -0.14460E+07   0.18296E+06  -0.18376E-04
  0.163   1.262   -0.29756E+06   0.51167E+05  -0.19264E+05   0.19487E+06   0.11304E+07  -0.42398E-03
  0.163   1.262    0.48407E+05  -0.38049E+06  -0.31494E+05  -0.14460E+07  -0.18297E+06  -0.11334E-04
  0.163   1.262    0.58194E+05   0.55825E+06  -0.82233E+04   0.21242E+07  -0.22068E+06   0.20039E-03
  0.175   1.310   -0.24567E+01   0.51501E+06  -0.20090E-01   0.19129E+07   0.10671E+02  -0.14672E-03
  0.175   1.310    0.23171E+06   0.24862E+05  -0.99857E+04   0.92375E+05  -0.86026E+06   0.12576E-02
  0.175   1.310   -0.23171E+06   0.24864E+05   0.99856E+04   0.92382E+05   0.86025E+06   0.12574E-02
  0.175   1.310    0.32489E+06   0.24880E+05   0.13582E+05   0.92382E+05  -0.12039E+07  -0.47917E-03
  0.175   1.310   -0.65285E+05   0.62825E+06   0.35565E+04   0.23318E+07   0.24151E+06   0.15633E-03
  0.175   1.310   -0.46583E+05  -0.45726E+06   0.23605E+05  -0.16956E+07   0.17176E+06  -0.54970E-04
  0.175   1.310   -0.32490E+06   0.24879E+05  -0.13583E+05   0.92381E+05   0.12039E+07  -0.47867E-03
  0.175   1.310    0.46584E+05  -0.45726E+06  -0.23605E+05  -0.16956E+07  -0.17176E+06  -0.55317E-04
  0.175   1.310    0.65289E+05   0.62825E+06  -0.35565E+04   0.23318E+07  -0.24153E+06   0.15510E-03
  0.188   1.356   -0.11588E+01   0.56062E+06   0.35516E-01   0.20286E+07   0.46083E+01  -0.49479E-04
  0.188   1.356    0.25161E+06  -0.48794E+04  -0.79090E+04  -0.17819E+05  -0.91004E+06   0.15001E-02
  0.188   1.356   -0.25161E+06  -0.48789E+04   0.79091E+04  -0.17818E+05   0.91004E+06   0.15000E-02
  0.188   1.356    0.30938E+06  -0.49034E+04   0.79920E+04  -0.17817E+05  -0.11168E+07  -0.54420E-03
  0.188   1.356   -0.54969E+05   0.65616E+06  -0.10028E+04   0.23727E+07   0.19801E+06   0.45767E-04
  0.188   1.356   -0.28812E+05  -0.49096E+06   0.15937E+05  -0.17740E+07   0.10321E+06  -0.46988E-04
  0.188   1.356   -0.30938E+06  -0.49042E+04  -0.79920E+04  -0.17820E+05   0.11168E+07  -0.54416E-03
  0.188   1.356    0.28813E+05  -0.49096E+06  -0.15937E+05  -0.17740E+07  -0.10321E+06  -0.48628E-04
  0.188   1.356    0.54970E+05   0.65616E+06   0.10027E+04   0.23727E+07  -0.19802E+06   0.43264E-04
  0.200   1.400    0.28901E+01   0.59255E+06  -0.72740E-03   0.20889E+07  -0.10897E+02   0.10168E-03
  0.200   1.400    0.25761E+06  -0.36374E+05  -0.60825E+04  -0.12856E+06  -0.90771E+06   0.17289E-02
  0.200   1.400   -0.25761E+06  -0.36376E+05   0.60826E+04  -0.12856E+06   0.90772E+06   0.17287E-02
  0.200   1.400    0.26304E+06  -0.36435E+05   0.37265E+04  -0.12856E+06  -0.92497E+06  -0.62784E-03
  0.200   1.400   -0.32718E+05   0.64970E+06  -0.41931E+04   0.22891E+07   0.11459E+06  -0.13395E-03
  0.200   1.400   -0.25923E+04  -0.48769E+06   0.98421E+04  -0.17171E+07   0.83777E+04   0.68656E-05
  0.200   1.400   -0.26304E+06  -0.36435E+05  -0.37264E+04  -0.12856E+06   0.92497E+06  -0.62869E-03
  0.200   1.400    0.25924E+04  -0.48769E+06  -0.98421E+04  -0.17171E+07  -0.83788E+04   0.86485E-05
  0.200   1.400    0.32716E+05   0.64970E+06   0.41931E+04   0.22891E+07  -0.11458E+06  -0.13176E-03
  0.213   1.444   -0.14843E+01   0.61069E+06   0.58034E-02   0.20985E+07   0.35530E+01   0.32614E-03
  0.213   1.444    0.24845E+06  -0.68148E+05  -0.45497E+04  -0.23463E+06  -0.85322E+06   0.19226E-02
  0.213   1.444   -0.24844E+06  -0.68148E+05   0.45497E+04  -0.23463E+06   0.85322E+06   0.19231E-02
  0.213   1.444    0.20403E+06  -0.68235E+05   0.99393E+03  -0.23463E+06  -0.69913E+06  -0.73507E-03
  0.213   1.444   -0.67881E+04   0.62299E+06  -0.57967E+04   0.21397E+07   0.22716E+05  -0.35134E-03
  0.213   1.444    0.22359E+05  -0.46055E+06   0.55734E+04  -0.15807E+07  -0.77308E+05   0.96063E-04
  0.213   1.444   -0.20403E+06  -0.68234E+05  -0.99393E+03  -0.23463E+06   0.69913E+06  -0.73428E-03
  0.213   1.444   -0.22359E+05  -0.46055E+06  -0.55735E+04  -0.15807E+07   0.77307E+05   0.92568E-04
  0.213   1.444    0.67876E+04   0.62299E+06   0.57967E+04   0.21397E+07  -0.22712E+05  -0.35531E-03
  0.225   1.485    0.24082E+01   0.61715E+06  -0.15846E-01   0.20663E+07  -0.79040E+01   0.63995E-03
  0.225   1.485    0.22509E+06  -0.98932E+05  -0.32991E+04  -0.33178E+06  -0.75307E+06   0.20695E-02
  0.225   1.485   -0.22509E+06  -0.98933E+05   0.32991E+04  -0.33178E+06   0.75308E+06   0.20684E-02
  0.225   1.485    0.14562E+06  -0.99040E+05  -0.55679E+03  -0.33178E+06  -0.48592E+06  -0.86301E-03
  0.225   1.485    0.17073E+05   0.58812E+06  -0.61770E+04   0.19683E+07  -0.57654E+05  -0.58910E-03
  0.225   1.485    0.39905E+05  -0.42064E+06   0.27691E+04  -0.14068E+07  -0.13383E+06   0.18881E-03
  0.225   1.485   -0.14562E+06  -0.99038E+05   0.55682E+03  -0.33177E+06   0.48591E+06  -0.86354E-03
  0.225   1.485   -0.39904E+05  -0.42065E+06  -0.27691E+04  -0.14068E+07   0.13383E+06   0.18885E-03
  0.225   1.485   -0.17080E+05   0.58812E+06   0.61770E+04   0.19683E+07   0.57678E+05  -0.58886E-03
  0.238   1.526    0.50795E+01   0.61516E+06  -0.46851E-01   0.20071E+07  -0.18754E+02   0.10489E-02
  0.238   1.526    0.19028E+06  -0.12753E+06  -0.22881E+04  -0.41669E+06  -0.62021E+06   0.21734E-02
  0.238   1.526   -0.19029E+06  -0.12753E+06   0.22880E+04  -0.41669E+06   0.62022E+06   0.21742E-02
  0.238   1.526    0.94062E+05  -0.12766E+06  -0.13531E+04  -0.41670E+06  -0.30555E+06  -0.10144E-02
  0.238   1.526    0.36278E+05   0.55280E+06  -0.57912E+04   0.18030E+07  -0.11877E+06  -0.81968E-03
  0.238   1.526    0.48286E+05  -0.37456E+06   0.95904E+03  -0.12207E+07  -0.15756E+06   0.27251E-03
  0.238   1.526   -0.94057E+05  -0.12765E+06   0.13532E+04  -0.41669E+06   0.30554E+06  -0.10138E-02
  0.238   1.526   -0.48284E+05  -0.37456E+06  -0.95907E+03  -0.12208E+07   0.15755E+06   0.27130E-03
  0.238   1.526   -0.36290E+05   0.55280E+06   0.57911E+04   0.18030E+07   0.11881E+06  -0.82172E-03
  0.250   1.566    0.20236E+00   0.60730E+06   0.13263E-01   0.19310E+07  -0.16988E-01   0.15400E-02
  0.250   1.566    0.14757E+06  -0.15246E+06  -0.14636E+04  -0.48532E+06  -0.46852E+06   0.22499E-02
  0.250   1.566   -0.14757E+06  -0.15246E+06   0.14636E+04  -0.48532E+06   0.46851E+06   0.22499E-02
  0.250   1.566    0.50827E+05  -0.15259E+06  -0.17137E+04  -0.48532E+06  -0.16049E+06  -0.11791E-02
  0.250   1.566    0.49959E+05   0.52113E+06  -0.49920E+04   0.16564E+07  -0.15917E+06  -0.10345E-02
  0.250   1.566    0.48537E+05  -0.32514E+06  -0.22852E+03  -0.10326E+07  -0.15418E+06   0.32566E-03
  0.250   1.566   -0.50827E+05  -0.15259E+06   0.17137E+04  -0.48532E+06   0.16049E+06  -0.11792E-02
  0.250   1.566   -0.48538E+05  -0.32514E+06   0.22852E+03  -0.10326E+07   0.15418E+06   0.32697E-03
  0.250   1.566   -0.49959E+05   0.52113E+06   0.49920E+04   0.16564E+07   0.15917E+06  -0.10331E-02
  0.263   1.604    0.78204E+00   0.59521E+06   0.10463E-01   0.18431E+07  -0.10574E+01   0.20770E-02
  0.263   1.604    0.10080E+06  -0.17164E+06  -0.77468E+03  -0.53202E+06  -0.31141E+06   0.23192E-02
  0.263   1.604   -0.10079E+06  -0.17164E+06   0.77470E+03  -0.53202E+06   0.31140E+06   0.23196E-02
  0.263   1.604    0.15242E+05  -0.17177E+06  -0.18360E+04  -0.53203E+06  -0.46287E+05  -0.13462E-02
  0.263   1.604    0.57713E+05   0.49544E+06  -0.40052E+04   0.15337E+07  -0.17898E+06  -0.12141E-02
  0.263   1.604    0.42931E+05  -0.27310E+06  -0.10419E+04  -0.84460E+06  -0.13268E+06   0.33791E-03
  0.263   1.604   -0.15242E+05  -0.17177E+06   0.18360E+04  -0.53203E+06   0.46286E+05  -0.13459E-02
  0.263   1.604   -0.42931E+05  -0.27310E+06   0.10419E+04  -0.84460E+06   0.13268E+06   0.33872E-03
  0.263   1.604   -0.57716E+05   0.49544E+06   0.40052E+04   0.15337E+07   0.17898E+06  -0.12142E-02
  0.275   1.642    0.22329E+01   0.58109E+06  -0.23619E-01   0.17543E+07  -0.91535E+01   0.26201E-02
  0.275   1.642    0.53746E+05  -0.18278E+06  -0.17956E+03  -0.55228E+06  -0.16156E+06   0.24339E-02
  0.275   1.642   -0.53748E+05  -0.18278E+06   0.17955E+03  -0.55228E+06   0.16157E+06   0.24337E-02
  0.275   1.642   -0.14040E+05  -0.18291E+06  -0.18313E+04  -0.55228E+06   0.43131E+05  -0.15206E-02
  0.275   1.642    0.59343E+05   0.47828E+06  -0.29658E+04   0.14436E+07  -0.17937E+06  -0.13544E-02
  0.275   1.642    0.34028E+05  -0.21824E+06  -0.16346E+04  -0.65788E+06  -0.10241E+06   0.30330E-03
  0.275   1.642    0.14042E+05  -0.18291E+06   0.18313E+04  -0.55229E+06  -0.43135E+05  -0.15204E-02
  0.275   1.642   -0.34026E+05  -0.21824E+06   0.16346E+04  -0.65788E+06   0.10240E+06   0.30351E-03
  0.275   1.642   -0.59347E+05   0.47828E+06   0.29658E+04   0.14436E+07   0.17938E+06  -0.13536E-02
  0.288   1.679    0.53999E+00   0.56585E+06   0.14176E-02   0.16636E+07  -0.10864E+01   0.30842E-02
  0.288   1.679    0.92433E+04  -0.18278E+06   0.35025E+03  -0.53775E+06  -0.26523E+05   0.26200E-02
  0.288   1.679   -0.92431E+04  -0.18278E+06  -0.35024E+03  -0.53775E+06   0.26523E+05   0.26206E-02
  0.288   1.679   -0.38348E+05  -0.18290E+06  -0.17585E+04  -0.53775E+06   0.11335E+06  -0.17119E-02
  0.288   1.679    0.54694E+05   0.47086E+06  -0.19536E+04   0.13840E+07  -0.16097E+06  -0.14202E-02
  0.288   1.679    0.23894E+05  -0.15873E+06  -0.20936E+04  -0.46577E+06  -0.69903E+05   0.22516E-03
  0.288   1.679    0.38347E+05  -0.18290E+06   0.17585E+04  -0.53775E+06  -0.11334E+06  -0.17117E-02
  0.288   1.679   -0.23895E+05  -0.15873E+06   0.20936E+04  -0.46577E+06   0.69905E+05   0.22489E-03
  0.288   1.679   -0.54693E+05   0.47086E+06   0.19536E+04   0.13840E+07   0.16096E+06  -0.14217E-02
  0.300   1.715    0.86266E+00   0.55295E+06   0.66222E-02   0.15853E+07  -0.22609E+01   0.34061E-02
  0.300   1.715   -0.30685E+05  -0.16916E+06   0.82638E+03  -0.48527E+06   0.88563E+05   0.29490E-02
  0.300   1.715    0.30685E+05  -0.16916E+06  -0.82639E+03  -0.48527E+06  -0.88562E+05   0.29490E-02
  0.300   1.715   -0.58632E+05  -0.16928E+06  -0.16462E+04  -0.48527E+06   0.16858E+06  -0.19900E-02
  0.300   1.715    0.44340E+05   0.47567E+06  -0.10223E+04   0.13635E+07  -0.12724E+06  -0.13899E-02
  0.300   1.715    0.14024E+05  -0.93033E+05  -0.24597E+04  -0.26591E+06  -0.39869E+05   0.12512E-03
  0.300   1.715    0.58631E+05  -0.16928E+06   0.16462E+04  -0.48527E+06  -0.16858E+06  -0.19900E-02
  0.300   1.715   -0.14025E+05  -0.93033E+05   0.24597E+04  -0.26591E+06   0.39871E+05   0.12588E-03
  0.300   1.715   -0.44339E+05   0.47567E+06   0.10223E+04   0.13635E+07   0.12723E+06  -0.13894E-02
  0.313   1.751   -0.11161E+01   0.54502E+06   0.68633E-02   0.15227E+07   0.40042E+01   0.34656E-02
  0.313   1.751   -0.64922E+05  -0.13997E+06   0.12408E+04  -0.39125E+06   0.18191E+06   0.34548E-02
  0.313   1.751    0.64922E+05  -0.13997E+06  -0.12408E+04  -0.39125E+06  -0.18191E+06   0.34545E-02
  0.313   1.751   -0.75176E+05  -0.14007E+06  -0.15073E+04  -0.39126E+06   0.21042E+06  -0.24529E-02
  0.313   1.751    0.29651E+05   0.49298E+06  -0.21983E+03   0.13772E+07  -0.82914E+05  -0.12129E-02
  0.313   1.751    0.51200E+04  -0.19883E+05  -0.27376E+04  -0.54819E+05  -0.14002E+05   0.38618E-04
  0.313   1.751    0.75176E+05  -0.14007E+06   0.15073E+04  -0.39126E+06  -0.21042E+06  -0.24530E-02
  0.313   1.751   -0.51207E+04  -0.19883E+05   0.27376E+04  -0.54819E+05   0.14006E+05   0.38732E-04
  0.313   1.751   -0.29649E+05   0.49298E+06   0.21983E+03   0.13772E+07   0.82907E+05  -0.12119E-02
  0.325   1.785   -0.10577E+01   0.54465E+06   0.55764E-02   0.14835E+07   0.38979E+01   0.31460E-02
  0.325   1.785   -0.92826E+05  -0.95909E+05   0.15650E+04  -0.26136E+06   0.25330E+06   0.41757E-02
  0.325   1.785    0.92826E+05  -0.95909E+05  -0.15650E+04  -0.26136E+06  -0.25330E+06   0.41760E-02
  0.325   1.785   -0.87727E+05  -0.95985E+05  -0.13479E+04  -0.26136E+06   0.23927E+06  -0.32485E-02
  0.325   1.785    0.13125E+05   0.52110E+06   0.40695E+03   0.14193E+07  -0.35784E+05  -0.86637E-03
  0.325   1.785   -0.26179E+04   0.59256E+05  -0.29052E+04   0.16206E+06   0.73775E+04   0.14011E-05
  0.325   1.785    0.87727E+05  -0.95984E+05   0.13479E+04  -0.26136E+06  -0.23927E+06  -0.32485E-02
  0.325   1.785    0.26168E+04   0.59256E+05   0.29052E+04   0.16206E+06  -0.73758E+04   0.17955E-05
  0.325   1.785   -0.13122E+05   0.52110E+06  -0.40694E+03   0.14193E+07   0.35774E+05  -0.86681E-03
  0.338   1.819   -0.11835E+01   0.55130E+06  -0.74334E-02   0.14638E+07   0.31113E+01   0.23390E-02
  0.338   1.819   -0.11396E+06  -0.41569E+05   0.17609E+04  -0.11043E+06   0.30299E+06   0.51091E-02
  0.338   1.819    0.11396E+06  -0.41570E+05  -0.17609E+04  -0.11043E+06  -0.30299E+06   0.51095E-02
  0.338   1.819   -0.95696E+05  -0.41618E+05  -0.11749E+04  -0.11043E+06   0.25435E+06  -0.44965E-02
  0.338   1.819   -0.21562E+04   0.55420E+06   0.81941E+03   0.14715E+07   0.57306E+04  -0.37085E-03
  0.338   1.819   -0.92406E+04   0.13892E+06  -0.29309E+04   0.36946E+06   0.24720E+05   0.30051E-04
  0.338   1.819    0.95697E+05  -0.41618E+05   0.11748E+04  -0.11043E+06  -0.25436E+06  -0.44969E-02
  0.338   1.819    0.92416E+04   0.13892E+06   0.29309E+04   0.36946E+06  -0.24722E+05   0.29088E-04
  0.338   1.819    0.21584E+04   0.55420E+06  -0.81942E+03   0.14715E+07  -0.57357E+04  -0.36899E-03
  0.350   1.853    0.16829E+01   0.56064E+06  -0.78510E-02   0.14518E+07  -0.50196E+01   0.10183E-02
  0.350   1.853   -0.12819E+06   0.14537E+05   0.18027E+04   0.37639E+05   0.33232E+06   0.62021E-02
  0.350   1.853    0.12819E+06   0.14538E+05  -0.18027E+04   0.37640E+05  -0.33232E+06   0.62023E-02
  0.350   1.853   -0.98882E+05   0.14518E+05  -0.99962E+03   0.37639E+05   0.25628E+06  -0.62368E-02
  0.350   1.853   -0.13651E+05   0.58355E+06   0.10110E+04   0.15112E+07   0.35388E+05   0.20030E-03
  0.350   1.853   -0.14783E+05   0.21031E+06  -0.28001E+04   0.54516E+06   0.38403E+05   0.98537E-04
  0.350   1.853    0.98882E+05   0.14517E+05   0.99957E+03   0.37638E+05  -0.25628E+06  -0.62368E-02
  0.350   1.853    0.14783E+05   0.21031E+06   0.28001E+04   0.54516E+06  -0.38404E+05   0.97857E-04
  0.350   1.853    0.13650E+05   0.58355E+06  -0.10110E+04   0.15112E+07  -0.35386E+05   0.20047E-03
  0.363   1.885   -0.11594E+01   0.56554E+06  -0.42204E-02   0.14276E+07   0.37013E+01  -0.71525E-03
  0.363   1.885   -0.13591E+06   0.62884E+05   0.16983E+04   0.15876E+06   0.34342E+06   0.73276E-02
  0.363   1.885    0.13591E+06   0.62884E+05  -0.16983E+04   0.15876E+06  -0.34342E+06   0.73277E-02
  0.363   1.885   -0.97904E+05   0.62888E+05  -0.83606E+03   0.15876E+06   0.24731E+06  -0.83482E-02
  0.363   1.885   -0.20524E+05   0.60053E+06   0.10186E+04   0.15160E+07   0.51871E+05   0.73924E-03
  0.363   1.885   -0.19123E+05   0.26476E+06  -0.25344E+04   0.66878E+06   0.48339E+05   0.14824E-03
  0.363   1.885    0.97904E+05   0.62889E+05   0.83606E+03   0.15876E+06  -0.24731E+06  -0.83483E-02
  0.363   1.885    0.19123E+05   0.26476E+06   0.25344E+04   0.66878E+06  -0.48339E+05   0.14848E-03
  0.363   1.885    0.20525E+05   0.60053E+06  -0.10186E+04   0.15160E+07  -0.51874E+05   0.73741E-03
  0.375   1.918   -0.14858E+01   0.56100E+06  -0.21078E-02   0.13822E+07   0.38793E+01  -0.26411E-02
  0.375   1.918   -0.13840E+06   0.97023E+05   0.14897E+04   0.23909E+06   0.34130E+06   0.84143E-02
  0.375   1.918    0.13840E+06   0.97022E+05  -0.14897E+04   0.23909E+06  -0.34130E+06   0.84145E-02
  0.375   1.918   -0.94401E+05   0.97046E+05  -0.69543E+03   0.23909E+06   0.23274E+06  -0.10673E-01
  0.375   1.918   -0.23818E+05   0.60194E+06   0.90982E+03   0.14832E+07   0.58759E+05   0.11745E-02
  0.375   1.918   -0.22082E+05   0.29828E+06  -0.21868E+04   0.73531E+06   0.54436E+05   0.11921E-03
  0.375   1.918    0.94401E+05   0.97046E+05   0.69543E+03   0.23909E+06  -0.23274E+06  -0.10673E-01
  0.375   1.918    0.22082E+05   0.29828E+06   0.21868E+04   0.73531E+06  -0.54436E+05   0.11886E-03
  0.375   1.918    0.23819E+05   0.60194E+06  -0.90982E+03   0.14832E+07  -0.58764E+05   0.11756E-02
  0.388   1.949   -0.16142E+01   0.54466E+06   0.56804E-02   0.13094E+07   0.43218E+01  -0.44911E-02
  0.388   1.949   -0.13686E+06   0.11522E+06   0.12306E+04   0.27704E+06   0.32929E+06   0.93410E-02
  0.388   1.949    0.13685E+06   0.11522E+06  -0.12305E+04   0.27704E+06  -0.32928E+06   0.93408E-02
  0.388   1.949   -0.90005E+05   0.11525E+06  -0.58143E+03   0.27704E+06   0.21650E+06  -0.12955E-01
  0.388   1.949   -0.25304E+05   0.58841E+06   0.75095E+03   0.14147E+07   0.60916E+05   0.15015E-02
  0.388   1.949   -0.23465E+05   0.31158E+06  -0.18146E+04   0.74941E+06   0.56414E+05  -0.24957E-04
  0.388   1.949    0.90005E+05   0.11525E+06   0.58144E+03   0.27704E+06  -0.21651E+06  -0.12954E-01
  0.388   1.949    0.23465E+05   0.31158E+06   0.18146E+04   0.74941E+06  -0.56415E+05  -0.24995E-04
  0.388   1.949    0.25305E+05   0.58841E+06  -0.75095E+03   0.14147E+07  -0.60917E+05   0.15019E-02
  0.400   1.981    0.22521E+00   0.51833E+06   0.25188E-02   0.12162E+07  -0.61258E+00  -0.60162E-02
  0.400   1.981   -0.13235E+06   0.11942E+06   0.96534E+03   0.28025E+06   0.31079E+06   0.10073E-01
  0.400   1.981    0.13235E+06   0.11942E+06  -0.96535E+03   0.28025E+06  -0.31079E+06   0.10073E-01
  0.400   1.981   -0.85995E+05   0.11946E+06  -0.49131E+03   0.28025E+06   0.20188E+06  -0.15015E-01
  0.400   1.981   -0.26329E+05   0.56405E+06   0.58659E+03   0.13236E+07   0.61859E+05   0.17688E-02
  0.400   1.981   -0.23176E+05   0.30863E+06  -0.14599E+04   0.72446E+06   0.54369E+05  -0.28486E-03
  0.400   1.981    0.85993E+05   0.11946E+06   0.49130E+03   0.28025E+06  -0.20188E+06  -0.15014E-01
  0.400   1.981    0.23175E+05   0.30863E+06   0.14599E+04   0.72446E+06  -0.54367E+05  -0.28350E-03
  0.400   1.981    0.26325E+05   0.56405E+06  -0.58659E+03   0.13236E+07  -0.61849E+05   0.17672E-02
  0.413   2.011   -0.27736E+00   0.48544E+06  -0.63510E-02   0.11119E+07   0.10238E+01  -0.70089E-02
  0.413   2.011   -0.12538E+06   0.11305E+06   0.72150E+03   0.25899E+06   0.28740E+06   0.10590E-01
  0.413   2.011    0.12538E+06   0.11305E+06  -0.72151E+03   0.25899E+06  -0.28740E+06   0.10591E-01
  0.413   2.011   -0.82842E+05   0.11309E+06  -0.41876E+03   0.25899E+06   0.18985E+06  -0.16660E-01
  0.413   2.011   -0.27217E+05   0.53286E+06   0.43674E+03   0.12207E+07   0.62417E+05   0.20293E-02
  0.413   2.011   -0.21226E+05   0.29368E+06  -0.11437E+04   0.67296E+06   0.48601E+05  -0.63314E-03
  0.413   2.011    0.82842E+05   0.11309E+06   0.41876E+03   0.25899E+06  -0.18985E+06  -0.16661E-01
  0.413   2.011    0.21224E+05   0.29368E+06   0.11437E+04   0.67296E+06  -0.48599E+05  -0.63398E-03
  0.413   2.011    0.27216E+05   0.53286E+06  -0.43674E+03   0.12207E+07  -0.62416E+05   0.20322E-02
  0.425   2.042   -0.77812E+00   0.44984E+06  -0.59851E-02   0.10061E+07   0.17558E+01  -0.73298E-02
  0.425   2.042   -0.11606E+06   0.99662E+05   0.51256E+03   0.22294E+06   0.25975E+06   0.10891E-01
  0.425   2.042    0.11605E+06   0.99662E+05  -0.51256E+03   0.22294E+06  -0.25974E+06   0.10890E-01
  0.425   2.042   -0.80332E+05   0.99696E+05  -0.35710E+03   0.22294E+06   0.17975E+06  -0.17694E-01
  0.425   2.042   -0.27445E+05   0.49778E+06   0.30692E+03   0.11135E+07   0.61451E+05   0.23122E-02
  0.425   2.042   -0.17790E+05   0.27022E+06  -0.87316E+03   0.60459E+06   0.39772E+05  -0.10291E-02
  0.425   2.042    0.80333E+05   0.99696E+05   0.35709E+03   0.22294E+06  -0.17976E+06  -0.17694E-01
  0.425   2.042    0.17788E+05   0.27022E+06   0.87316E+03   0.60459E+06  -0.39767E+05  -0.10262E-02
  0.425   2.042    0.27445E+05   0.49778E+06  -0.30692E+03   0.11135E+07  -0.61450E+05   0.23130E-02
  0.438   2.071   -0.97696E+00   0.41487E+06   0.35196E-02   0.90646E+06   0.27490E+01  -0.69418E-02
  0.438   2.071   -0.10445E+06   0.82492E+05   0.34324E+03   0.18026E+06   0.22836E+06   0.10986E-01
  0.438   2.071    0.10445E+06   0.82492E+05  -0.34323E+03   0.18026E+06  -0.22836E+06   0.10987E-01
  0.438   2.071   -0.77772E+05   0.82520E+05  -0.30108E+03   0.18026E+06   0.17000E+06  -0.17922E-01
  0.438   2.071   -0.26130E+05   0.46061E+06   0.19628E+03   0.10065E+07   0.57147E+05   0.25799E-02
  0.438   2.071   -0.13248E+05   0.24092E+06  -0.64762E+03   0.52657E+06   0.28930E+05  -0.14023E-02
  0.438   2.071    0.77773E+05   0.82521E+05   0.30108E+03   0.18026E+06  -0.17000E+06  -0.17922E-01
  0.438   2.071    0.13248E+05   0.24092E+06   0.64762E+03   0.52657E+06  -0.28933E+05  -0.14022E-02
  0.438   2.071    0.26133E+05   0.46061E+06  -0.19628E+03   0.10065E+07  -0.57156E+05   0.25806E-02
  0.450   2.101   -0.25023E+00   0.38296E+06  -0.21292E-01   0.81761E+06   0.88326E+00  -0.59253E-02
  0.450   2.101   -0.90893E+05   0.64377E+05   0.21346E+03   0.13745E+06   0.19418E+06   0.10895E-01
  0.450   2.101    0.90893E+05   0.64377E+05  -0.21356E+03   0.13745E+06  -0.19417E+06   0.10894E-01
  0.450   2.101   -0.74351E+05   0.64371E+05  -0.24755E+03   0.13740E+06   0.15879E+06  -0.17172E-01
  0.450   2.101   -0.22635E+05   0.42251E+06   0.10397E+03   0.90208E+06   0.48372E+05   0.27472E-02
  0.450   2.101   -0.81577E+04   0.20813E+06  -0.46371E+03   0.44450E+06   0.17414E+05  -0.16738E-02
  0.450   2.101    0.74354E+05   0.64373E+05   0.24759E+03   0.13740E+06  -0.15880E+06  -0.17173E-01
  0.450   2.101    0.81542E+04   0.20813E+06   0.46372E+03   0.44449E+06  -0.17391E+05  -0.16780E-02
  0.450   2.101    0.22643E+05   0.42251E+06  -0.10399E+03   0.90208E+06  -0.48388E+05   0.27488E-02
  0.463   2.130    0.40731E+00   0.35452E+06   0.77751E-02   0.73970E+06  -0.12140E+01  -0.44785E-02
  0.463   2.130   -0.75855E+05   0.47453E+05   0.12016E+03   0.99015E+05   0.15837E+06   0.10636E-01
  0.463   2.130    0.75855E+05   0.47453E+05  -0.12014E+03   0.99015E+05  -0.15837E+06   0.10636E-01
  0.463   2.130   -0.69508E+05   0.47470E+05  -0.19825E+03   0.99016E+05   0.14508E+06  -0.15432E-01
  0.463   2.130   -0.16977E+05   0.38441E+06   0.31114E+02   0.80213E+06   0.35461E+05   0.27203E-02
  0.463   2.130   -0.30893E+04   0.17412E+06  -0.32101E+03   0.36341E+06   0.64404E+04  -0.17698E-02
  0.463   2.130    0.69508E+05   0.47470E+05   0.19827E+03   0.99016E+05  -0.14508E+06  -0.15431E-01
  0.463   2.130    0.30898E+04   0.17412E+06   0.32101E+03   0.36341E+06  -0.64405E+04  -0.17703E-02
  0.463   2.130    0.16976E+05   0.38441E+06  -0.31108E+02   0.80213E+06  -0.35459E+05   0.27208E-02
  0.475   2.158   -0.62022E-01   0.33014E+06   0.20054E-02   0.67344E+06   0.21873E+00  -0.28530E-02
  0.475   2.158   -0.60301E+05   0.33272E+05   0.56893E+02   0.67871E+05   0.12309E+06   0.10268E-01
  0.475   2.158    0.60300E+05   0.33272E+05  -0.56886E+02   0.67871E+05  -0.12309E+06   0.10269E-01
  0.475   2.158   -0.63162E+05   0.33285E+05  -0.15266E+03   0.67872E+05   0.12889E+06  -0.12823E-01
  0.475   2.158   -0.98563E+04   0.34765E+06  -0.23090E+02   0.70921E+06   0.20136E+05   0.24381E-02
  0.475   2.158    0.14937E+04   0.14098E+06  -0.21167E+03   0.28769E+06  -0.30494E+04  -0.16378E-02
  0.475   2.158    0.63162E+05   0.33285E+05   0.15267E+03   0.67872E+05  -0.12889E+06  -0.12823E-01
  0.475   2.158   -0.14940E+04   0.14098E+06   0.21167E+03   0.28769E+06   0.30498E+04  -0.16364E-02
  0.475   2.158    0.98563E+04   0.34765E+06   0.23091E+02   0.70921E+06  -0.20136E+05   0.24369E-02
  0.488   2.186    0.68257E+00   0.30889E+06   0.22525E-01   0.61615E+06  -0.36270E+01  -0.12507E-02
  0.488   2.186   -0.44967E+05   0.22374E+05   0.16818E+02   0.44626E+05   0.89772E+05   0.98099E-02
  0.488   2.186    0.44969E+05   0.22373E+05  -0.16770E+02   0.44626E+05  -0.89774E+05   0.98077E-02
  0.488   2.186   -0.55645E+05   0.22384E+05  -0.11292E+03   0.44629E+05   0.11104E+06  -0.96013E-02
  0.488   2.186   -0.23309E+04   0.31329E+06  -0.59055E+02   0.62498E+06   0.46740E+04   0.18940E-02
  0.488   2.186    0.53760E+04   0.11027E+06  -0.13140E+03   0.22006E+06  -0.10724E+05  -0.12724E-02
  0.488   2.186    0.55644E+05   0.22383E+05   0.11298E+03   0.44628E+05  -0.11104E+06  -0.96019E-02
  0.488   2.186   -0.53775E+04   0.11027E+06   0.13141E+03   0.22006E+06   0.10726E+05  -0.12757E-02
  0.488   2.186    0.23290E+04   0.31329E+06   0.59084E+02   0.62498E+06  -0.46689E+04   0.18937E-02
  0.500   2.214    0.77286E+00   0.28992E+06  -0.21487E-02   0.56563E+06  -0.16721E+01   0.21877E-03
  0.500   2.214   -0.30487E+05   0.14621E+05  -0.70252E+01   0.28522E+05   0.59541E+05   0.92511E-02
  0.500   2.214    0.30489E+05   0.14622E+05   0.70241E+01   0.28523E+05  -0.59546E+05   0.92518E-02
  0.500   2.214   -0.47499E+05   0.14629E+05  -0.79983E+02   0.28524E+05   0.92705E+05  -0.60965E-02
  0.500   2.214    0.46105E+04   0.28222E+06  -0.79352E+02   0.55065E+06  -0.89768E+04   0.11413E-02
  0.500   2.214    0.85161E+04   0.82882E+05  -0.74283E+02   0.16178E+06  -0.16611E+05  -0.72576E-03
  0.500   2.214    0.47499E+05   0.14629E+05   0.79981E+02   0.28525E+05  -0.92706E+05  -0.60934E-02
  0.500   2.214   -0.85233E+04   0.82882E+05   0.74281E+02   0.16178E+06   0.16630E+05  -0.72157E-03
  0.500   2.214   -0.46114E+04   0.28222E+06   0.79350E+02   0.55065E+06   0.89790E+04   0.11339E-02
  0.512   2.242   -0.91472E+00   0.27273E+06  -0.19261E-02   0.52081E+06   0.22685E+01   0.15525E-02
  0.512   2.242   -0.17324E+05   0.94393E+04  -0.20061E+02   0.18022E+05   0.33131E+05   0.85814E-02
  0.512   2.242    0.17323E+05   0.94393E+04   0.20048E+02   0.18021E+05  -0.33131E+05   0.85823E-02
  0.512   2.242   -0.39265E+05   0.94443E+04  -0.53799E+02   0.18022E+05   0.75011E+05  -0.26349E-02
  0.512   2.242    0.10324E+05   0.25507E+06  -0.87176E+02   0.48711E+06  -0.19702E+05   0.25086E-03
  0.512   2.242    0.10964E+05   0.59106E+05  -0.34772E+02   0.11293E+06  -0.20936E+05  -0.60413E-04
  0.512   2.242    0.39266E+05   0.94446E+04   0.53789E+02   0.18023E+05  -0.75014E+05  -0.26344E-02
  0.512   2.242   -0.10964E+05   0.59105E+05   0.34771E+02   0.11293E+06   0.20935E+05  -0.58709E-04
  0.512   2.242   -0.10321E+05   0.25507E+06   0.87174E+02   0.48711E+06   0.19695E+05   0.25220E-03
  0.525   2.269    0.58890E+00   0.25703E+06  -0.92994E-03   0.48046E+06  -0.14754E+01   0.28069E-02
  0.525   2.269   -0.58013E+04   0.60746E+04  -0.26344E+02   0.11351E+05   0.10885E+05   0.77306E-02
  0.525   2.269    0.58013E+04   0.60748E+04   0.26343E+02   0.11352E+05  -0.10885E+05   0.77307E-02
  0.525   2.269   -0.31302E+05   0.60788E+04  -0.33597E+02   0.11353E+05   0.58537E+05   0.53451E-03
  0.525   2.269    0.14553E+05   0.23196E+06  -0.86012E+02   0.43360E+06  -0.27193E+05  -0.67948E-03
  0.525   2.269    0.12730E+05   0.38795E+05  -0.80021E+01   0.72568E+05  -0.23793E+05   0.63990E-03
  0.525   2.269    0.31302E+05   0.60787E+04   0.33596E+02   0.11353E+05  -0.58537E+05   0.53492E-03
  0.525   2.269   -0.12729E+05   0.38795E+05   0.80008E+01   0.72568E+05   0.23792E+05   0.64042E-03
  0.525   2.269   -0.14556E+05   0.23196E+06   0.86009E+02   0.43360E+06   0.27199E+05  -0.67965E-03
  0.537   2.296   -0.31584E+00   0.24290E+06   0.23828E-02   0.44458E+06   0.56022E+00   0.40415E-02
  0.537   2.296    0.38582E+04   0.38167E+04  -0.28690E+02   0.69825E+04  -0.70293E+04   0.66511E-02
  0.537   2.296   -0.38584E+04   0.38167E+04   0.28699E+02   0.69826E+04   0.70297E+04   0.66511E-02
  0.537   2.296   -0.23813E+05   0.38203E+04  -0.18506E+02   0.69854E+04   0.43607E+05   0.32150E-02
  0.537   2.296    0.17360E+05   0.21289E+06  -0.79186E+02   0.38966E+06  -0.31767E+05  -0.15828E-02
  0.537   2.296    0.13805E+05   0.21614E+05   0.96062E+01   0.39601E+05  -0.25265E+05   0.13023E-02
  0.537   2.296    0.23811E+05   0.38196E+04   0.18511E+02   0.69841E+04  -0.43604E+05   0.32147E-02
  0.537   2.296   -0.13805E+05   0.21613E+05  -0.96070E+01   0.39601E+05   0.25265E+05   0.13000E-02
  0.537   2.296   -0.17361E+05   0.21289E+06   0.79187E+02   0.38966E+06   0.31769E+05  -0.15811E-02
  0.550   2.322   -0.17435E+00   0.23044E+06   0.35669E-03   0.41311E+06   0.35582E+00   0.52730E-02
  0.550   2.322    0.11588E+05   0.21016E+04  -0.28788E+02   0.37650E+04  -0.20748E+05   0.53116E-02
  0.550   2.322   -0.11589E+05   0.21013E+04   0.28770E+02   0.37646E+04   0.20748E+05   0.53103E-02
  0.550   2.322   -0.16835E+05   0.21033E+04  -0.73825E+01   0.37657E+04   0.30199E+05   0.53094E-02
  0.550   2.322    0.18935E+05   0.19763E+06  -0.69060E+02   0.35430E+06  -0.33940E+05  -0.24074E-02
  0.550   2.322    0.14177E+05   0.70978E+04   0.20974E+02   0.12759E+05  -0.25413E+05   0.18646E-02
  0.550   2.322    0.16835E+05   0.21035E+04   0.73705E+01   0.37660E+04  -0.30199E+05   0.53096E-02
  0.550   2.322   -0.14177E+05   0.70978E+04  -0.20976E+02   0.12759E+05   0.25414E+05   0.18661E-02
  0.550   2.322   -0.18935E+05   0.19763E+06   0.69059E+02   0.35430E+06   0.33940E+05  -0.24109E-02
  0.562   2.349    0.21055E+00   0.21968E+06   0.39611E-03   0.38585E+06  -0.78125E+00   0.64543E-02
  0.562   2.349    0.17500E+05   0.57063E+03  -0.27642E+02   0.99963E+03  -0.30717E+05   0.37052E-02
  0.562   2.349   -0.17501E+05   0.57088E+03   0.27642E+02   0.10006E+04   0.30717E+05   0.37044E-02
  0.562   2.349   -0.10308E+05   0.57250E+03   0.72332E+00   0.10023E+04   0.18122E+05   0.68077E-02
  0.562   2.349    0.19482E+05   0.18586E+06  -0.57465E+02   0.32646E+06  -0.34214E+05  -0.31435E-02
  0.562   2.349    0.13868E+05  -0.52607E+04   0.28050E+02  -0.92089E+04  -0.24357E+05   0.22977E-02
  0.562   2.349    0.10308E+05   0.57246E+03  -0.72229E+00   0.10022E+04  -0.18123E+05   0.68078E-02
  0.562   2.349   -0.13867E+05  -0.52607E+04  -0.28050E+02  -0.92089E+04   0.24356E+05   0.22989E-02
  0.562   2.349   -0.19481E+05   0.18586E+06   0.57467E+02   0.32645E+06   0.34215E+05  -0.31455E-02
  0.575   2.375   -0.11240E+01   0.21050E+06   0.19732E-02   0.36236E+06   0.21581E+01   0.74887E-02
  0.575   2.375    0.21862E+05  -0.94878E+03  -0.25929E+02  -0.16342E+04  -0.37617E+05   0.18429E-02
  0.575   2.375   -0.21863E+05  -0.94870E+03   0.25916E+02  -0.16343E+04   0.37618E+05   0.18417E-02
  0.575   2.375   -0.40870E+04  -0.94738E+03   0.66217E+01  -0.16325E+04   0.70493E+04   0.77617E-02
  0.575   2.375    0.19141E+05   0.17722E+06  -0.45603E+02   0.30507E+06  -0.32948E+05  -0.37954E-02
  0.575   2.375    0.12937E+05  -0.15993E+05   0.32291E+02  -0.27507E+05  -0.22269E+05   0.25932E-02
  0.575   2.375    0.40869E+04  -0.94787E+03  -0.66299E+01  -0.16334E+04  -0.70490E+04   0.77619E-02
  0.575   2.375   -0.12937E+05  -0.15993E+05  -0.32296E+02  -0.27507E+05   0.22269E+05   0.25939E-02
  0.575   2.375   -0.19140E+05   0.17722E+06   0.45606E+02   0.30507E+06   0.32946E+05  -0.37969E-02
  0.588   2.400   -0.13168E+00   0.20263E+06   0.11212E-02   0.34195E+06   0.25642E+00   0.82485E-02
  0.588   2.400    0.25014E+05  -0.25049E+04  -0.23998E+02  -0.42285E+04  -0.42198E+05  -0.25759E-03
  0.588   2.400   -0.25014E+05  -0.25049E+04   0.23995E+02  -0.42285E+04   0.42199E+05  -0.25796E-03
  0.588   2.400    0.20399E+04  -0.25047E+04   0.11023E+02  -0.42281E+04  -0.34298E+04   0.82619E-02
  0.588   2.400    0.17969E+05   0.17132E+06  -0.34238E+02   0.28912E+06  -0.30323E+05  -0.43791E-02
  0.588   2.400    0.11450E+05  -0.25614E+05   0.34819E+02  -0.43204E+05  -0.19321E+05   0.27721E-02
  0.588   2.400   -0.20398E+04  -0.25046E+04  -0.11024E+02  -0.42278E+04   0.34296E+04   0.82621E-02
  0.588   2.400   -0.11449E+05  -0.25614E+05  -0.34821E+02  -0.43204E+05   0.19320E+05   0.27729E-02
  0.588   2.400   -0.17969E+05   0.17132E+06   0.34240E+02   0.28912E+06   0.30323E+05  -0.43795E-02
  0.600   2.426    0.68973E-01   0.19584E+06   0.81155E-02   0.32410E+06  -0.20857E+00   0.86185E-02
  0.600   2.426    0.27296E+05  -0.40775E+04  -0.21980E+02  -0.67503E+04  -0.45161E+05  -0.25790E-02
  0.600   2.426   -0.27295E+05  -0.40775E+04   0.21987E+02  -0.67502E+04   0.45160E+05  -0.25795E-02
  0.600   2.426    0.83437E+04  -0.40775E+04   0.14422E+02  -0.67493E+04  -0.13797E+05   0.84306E-02
  0.600   2.426    0.15961E+05   0.16797E+06  -0.23621E+02   0.27798E+06  -0.26415E+05  -0.49066E-02
  0.600   2.426    0.94379E+04  -0.34652E+05   0.36289E+02  -0.57327E+05  -0.15619E+05   0.28778E-02
  0.600   2.426   -0.83436E+04  -0.40772E+04  -0.14427E+02  -0.67488E+04   0.13797E+05   0.84315E-02
  0.600   2.426   -0.94373E+04  -0.34652E+05  -0.36283E+02  -0.57326E+05   0.15618E+05   0.28785E-02
  0.600   2.426   -0.15961E+05   0.16797E+06   0.23615E+02   0.27798E+06   0.26415E+05  -0.49064E-02
  0.613   2.451   -0.21977E+00   0.18984E+06   0.15676E-03   0.30820E+06   0.43549E+00   0.84805E-02
  0.613   2.451    0.28985E+05  -0.56245E+04  -0.20019E+02  -0.91317E+04  -0.47046E+05  -0.51084E-02
  0.613   2.451   -0.28985E+05  -0.56245E+04   0.20015E+02  -0.91319E+04   0.47045E+05  -0.51080E-02
  0.613   2.451    0.15192E+05  -0.56248E+04   0.17262E+02  -0.91319E+04  -0.24652E+05   0.83870E-02
  0.613   2.451    0.13038E+05   0.16700E+06  -0.13911E+02   0.27111E+06  -0.21167E+05  -0.53563E-02
  0.613   2.451    0.68578E+04  -0.43598E+05   0.37152E+02  -0.70763E+05  -0.11133E+05   0.29532E-02
  0.613   2.451   -0.15191E+05  -0.56250E+04  -0.17265E+02  -0.91322E+04   0.24652E+05   0.83865E-02
  0.613   2.451   -0.68580E+04  -0.43598E+05  -0.37154E+02  -0.70762E+05   0.11133E+05   0.29521E-02
  0.613   2.451   -0.13037E+05   0.16700E+06   0.13914E+02   0.27111E+06   0.21164E+05  -0.53564E-02
  0.625   2.476    0.19412E+01   0.18441E+06  -0.11701E-02   0.29378E+06  -0.29930E+01   0.77661E-02
  0.625   2.476    0.30263E+05  -0.71045E+04  -0.18137E+02  -0.11318E+05  -0.48202E+05  -0.78382E-02
  0.625   2.476   -0.30264E+05  -0.71051E+04   0.18144E+02  -0.11319E+05   0.48204E+05  -0.78374E-02
  0.625   2.476    0.23018E+05  -0.71055E+04   0.19885E+02  -0.11319E+05  -0.36659E+05   0.82679E-02
  0.625   2.476    0.90778E+04   0.16839E+06  -0.50914E+01   0.26825E+06  -0.14462E+05  -0.56635E-02
  0.625   2.476    0.35847E+04  -0.52971E+05   0.37915E+02  -0.84370E+05  -0.57105E+04   0.30041E-02
  0.625   2.476   -0.23017E+05  -0.71048E+04  -0.19877E+02  -0.11318E+05   0.36658E+05   0.82674E-02
  0.625   2.476   -0.35846E+04  -0.52971E+05  -0.37909E+02  -0.84370E+05   0.57106E+04   0.30021E-02
  0.625   2.476   -0.90822E+04   0.16839E+06   0.50860E+01   0.26825E+06   0.14469E+05  -0.56637E-02
  0.637   2.500    0.21601E+00   0.17934E+06  -0.63171E-03   0.28042E+06  -0.42221E+00   0.64039E-02
  0.637   2.500    0.31232E+05  -0.84793E+04  -0.16356E+02  -0.13259E+05  -0.48828E+05  -0.10719E-01
  0.637   2.500   -0.31232E+05  -0.84794E+04   0.16356E+02  -0.13259E+05   0.48828E+05  -0.10719E-01
  0.637   2.500    0.32308E+05  -0.84805E+04   0.22485E+02  -0.13260E+05  -0.50509E+05   0.81740E-02
  0.637   2.500    0.39375E+04   0.17219E+06   0.28650E+01   0.26924E+06  -0.61583E+04  -0.56610E-02
  0.637   2.500   -0.57613E+03  -0.63233E+05   0.38750E+02  -0.98859E+05   0.90024E+03   0.29489E-02
  0.637   2.500   -0.32308E+05  -0.84800E+04  -0.22486E+02  -0.13259E+05   0.50509E+05   0.81741E-02
  0.637   2.500    0.57795E+03  -0.63233E+05  -0.38752E+02  -0.98859E+05  -0.90376E+03   0.29477E-02
  0.637   2.500   -0.39386E+04   0.17219E+06  -0.28628E+01   0.26924E+06   0.61598E+04  -0.56607E-02
  0.650   2.525    0.40516E+00   0.17446E+06  -0.28650E-03   0.26783E+06  -0.71186E+00   0.43994E-02
  0.650   2.525    0.31910E+05  -0.97157E+04  -0.14601E+02  -0.14917E+05  -0.48982E+05  -0.13686E-01
  0.650   2.525   -0.31911E+05  -0.97159E+04   0.14601E+02  -0.14917E+05   0.48983E+05  -0.13686E-01
  0.650   2.525    0.43405E+05  -0.97168E+04   0.24871E+02  -0.14917E+05  -0.66625E+05   0.82196E-02
  0.650   2.525   -0.24617E+04   0.17840E+06   0.97712E+01   0.27387E+06   0.37773E+04  -0.50751E-02
  0.650   2.525   -0.57837E+04  -0.74677E+05   0.39404E+02  -0.11463E+06   0.88780E+04   0.25730E-02
  0.650   2.525   -0.43405E+05  -0.97169E+04  -0.24872E+02  -0.14917E+05   0.66625E+05   0.82186E-02
  0.650   2.525    0.57816E+04  -0.74677E+05  -0.39404E+02  -0.11463E+06  -0.88751E+04   0.25743E-02
  0.650   2.525    0.24616E+04   0.17840E+06  -0.97719E+01   0.27387E+06  -0.37769E+04  -0.50749E-02
  0.662   2.549    0.42139E+00   0.16958E+06   0.55529E-03   0.25567E+06  -0.50541E+00   0.18149E-02
  0.662   2.549    0.32260E+05  -0.10778E+05  -0.12976E+02  -0.16250E+05  -0.48633E+05  -0.16618E-01
  0.662   2.549   -0.32261E+05  -0.10778E+05   0.12977E+02  -0.16250E+05   0.48635E+05  -0.16618E-01
  0.662   2.549    0.55992E+05  -0.10779E+05   0.27015E+02  -0.16251E+05  -0.84410E+05   0.84758E-02
  0.662   2.549   -0.98777E+04   0.18636E+06   0.15509E+02   0.28097E+06   0.14889E+05  -0.34838E-02
  0.662   2.549   -0.11898E+05  -0.86964E+05   0.39943E+02  -0.13110E+06   0.17939E+05   0.14804E-02
  0.662   2.549   -0.55992E+05  -0.10779E+05  -0.27015E+02  -0.16251E+05   0.84410E+05   0.84760E-02
  0.662   2.549    0.11895E+05  -0.86964E+05  -0.39943E+02  -0.13110E+06  -0.17930E+05   0.14795E-02
  0.662   2.549    0.98779E+04   0.18636E+06  -0.15508E+02   0.28097E+06  -0.14891E+05  -0.34840E-02
  0.675   2.573   -0.72264E+00   0.16453E+06  -0.37954E-03   0.24368E+06   0.97217E+00  -0.12067E-02
  0.675   2.573    0.32213E+05  -0.11637E+05  -0.11384E+02  -0.17237E+05  -0.47706E+05  -0.19347E-01
  0.675   2.573   -0.32212E+05  -0.11636E+05   0.11385E+02  -0.17236E+05   0.47705E+05  -0.19346E-01
  0.675   2.573    0.68117E+05  -0.11637E+05   0.27707E+02  -0.17236E+05  -0.10088E+06   0.89843E-02
  0.675   2.573   -0.17249E+05   0.19412E+06   0.19038E+02   0.28751E+06   0.25544E+05  -0.45349E-03
  0.675   2.573   -0.17974E+05  -0.98325E+05   0.39067E+02  -0.14562E+06   0.26618E+05  -0.79617E-03
  0.675   2.573   -0.68118E+05  -0.11637E+05  -0.27709E+02  -0.17236E+05   0.10088E+06   0.89819E-02
  0.675   2.573    0.17974E+05  -0.98326E+05  -0.39066E+02  -0.14562E+06  -0.26619E+05  -0.79793E-03
  0.675   2.573    0.17250E+05   0.19412E+06  -0.19039E+02   0.28751E+06  -0.25545E+05  -0.45439E-03
  0.688   2.597    0.29419E+01   0.15916E+06   0.31023E-03   0.23163E+06  -0.37632E+01  -0.44432E-02
  0.688   2.597    0.31684E+05  -0.12268E+05  -0.98806E+01  -0.17855E+05  -0.46108E+05  -0.21665E-01
  0.688   2.597   -0.31687E+05  -0.12270E+05   0.98700E+01  -0.17859E+05   0.46112E+05  -0.21670E-01
  0.688   2.597    0.75397E+05  -0.12270E+05   0.26051E+02  -0.17858E+05  -0.10972E+06   0.97324E-02
  0.688   2.597   -0.22315E+05   0.19763E+06   0.19460E+02   0.28761E+06   0.32472E+05   0.39721E-02
  0.688   2.597   -0.21862E+05  -0.10489E+06   0.35881E+02  -0.15263E+06   0.31817E+05  -0.43151E-02
  0.688   2.597   -0.75395E+05  -0.12270E+05  -0.26046E+02  -0.17858E+05   0.10972E+06   0.97414E-02
  0.688   2.597    0.21857E+05  -0.10488E+06  -0.35885E+02  -0.15263E+06  -0.31804E+05  -0.42894E-02
  0.688   2.597    0.22314E+05   0.19762E+06  -0.19454E+02   0.28761E+06  -0.32473E+05   0.39862E-02
  0.700   2.620   -0.54498E+00   0.15341E+06  -0.84435E-03   0.21945E+06   0.13844E+01  -0.76206E-02
  0.700   2.620    0.30634E+05  -0.12672E+05  -0.85395E+01  -0.18129E+05  -0.43818E+05  -0.23386E-01
  0.700   2.620   -0.30633E+05  -0.12672E+05   0.85451E+01  -0.18129E+05   0.43816E+05  -0.23383E-01
  0.700   2.620    0.72919E+05  -0.12672E+05   0.21490E+02  -0.18129E+05  -0.10430E+06   0.10699E-01
  0.700   2.620   -0.22570E+05   0.19245E+06   0.16494E+02   0.27529E+06   0.32283E+05   0.86671E-02
  0.700   2.620   -0.21127E+05  -0.10234E+06   0.30113E+02  -0.14638E+06   0.30216E+05  -0.79901E-02
  0.700   2.620   -0.72921E+05  -0.12673E+05  -0.21492E+02  -0.18129E+05   0.10430E+06   0.10695E-01
  0.700   2.620    0.21129E+05  -0.10234E+06  -0.30108E+02  -0.14638E+06  -0.30222E+05  -0.80013E-02
  0.700   2.620    0.22572E+05   0.19245E+06  -0.16499E+02   0.27529E+06  -0.32284E+05   0.86604E-02
  0.713   2.643   -0.85145E+00   0.14730E+06   0.59028E-03   0.20716E+06   0.15058E+01  -0.10457E-01
  0.713   2.643    0.29063E+05  -0.12866E+05  -0.71779E+01  -0.18098E+05  -0.40872E+05  -0.24354E-01
  0.713   2.643   -0.29063E+05  -0.12867E+05   0.71787E+01  -0.18099E+05   0.40871E+05  -0.24363E-01
  0.713   2.643    0.60347E+05  -0.12861E+05   0.14179E+02  -0.18092E+05  -0.84858E+05   0.11793E-01
  0.713   2.643   -0.17821E+05   0.17820E+06   0.10393E+02   0.25061E+06   0.25056E+05   0.11730E-01
  0.713   2.643   -0.15617E+05  -0.90373E+05   0.21350E+02  -0.12709E+06   0.21956E+05  -0.10139E-01
  0.713   2.643   -0.60347E+05  -0.12860E+05  -0.14178E+02  -0.18092E+05   0.84857E+05   0.11812E-01
  0.713   2.643    0.15618E+05  -0.90373E+05  -0.21349E+02  -0.12709E+06  -0.21959E+05  -0.10115E-01
  0.713   2.643    0.17822E+05   0.17820E+06  -0.10394E+02   0.25061E+06  -0.25057E+05   0.11743E-01
  0.725   2.666    0.66361E+00   0.14076E+06   0.27781E-03   0.19468E+06  -0.11246E+01  -0.12676E-01
  0.725   2.666    0.26964E+05  -0.12864E+05  -0.61515E+01  -0.17795E+05  -0.37290E+05  -0.24484E-01
  0.725   2.666   -0.26964E+05  -0.12864E+05   0.61495E+01  -0.17794E+05   0.37292E+05  -0.24483E-01
  0.725   2.666    0.43068E+05  -0.12864E+05   0.87455E+01  -0.17794E+05  -0.59555E+05   0.12995E-01
  0.725   2.666   -0.10750E+05   0.15956E+06   0.56364E+01   0.22067E+06   0.14863E+05   0.12229E-01
  0.725   2.666   -0.80070E+04  -0.73701E+05   0.14961E+02  -0.10192E+06   0.11072E+05  -0.98130E-02
  0.725   2.666   -0.43068E+05  -0.12864E+05  -0.87471E+01  -0.17793E+05   0.59555E+05   0.12990E-01
  0.725   2.666    0.80057E+04  -0.73701E+05  -0.14962E+02  -0.10192E+06  -0.11068E+05  -0.98131E-02
  0.725   2.666    0.10749E+05   0.15956E+06  -0.56347E+01   0.22067E+06  -0.14863E+05   0.12230E-01
  0.738   2.689    0.30136E+00   0.13405E+06  -0.99083E-03   0.18236E+06  -0.48898E+00  -0.14109E-01
  0.738   2.689    0.24474E+05  -0.12729E+05  -0.51170E+01  -0.17320E+05  -0.33293E+05  -0.23820E-01
  0.738   2.689   -0.24474E+05  -0.12729E+05   0.51209E+01  -0.17320E+05   0.33291E+05  -0.23819E-01
  0.738   2.689    0.26828E+05  -0.12728E+05   0.40217E+01  -0.17318E+05  -0.36486E+05   0.14215E-01
  0.738   2.689   -0.42258E+04   0.14160E+06   0.15374E+01   0.19263E+06   0.57462E+04   0.10637E-01
  0.738   2.689   -0.11264E+04  -0.57406E+05   0.92207E+01  -0.78088E+05   0.15280E+04  -0.75872E-02
  0.738   2.689   -0.26827E+05  -0.12728E+05  -0.40267E+01  -0.17318E+05   0.36486E+05   0.14214E-01
  0.738   2.689    0.11284E+04  -0.57406E+05  -0.92211E+01  -0.78088E+05  -0.15336E+04  -0.75941E-02
  0.738   2.689    0.42250E+04   0.14160E+06  -0.15369E+01   0.19263E+06  -0.57439E+04   0.10635E-01
  0.750   2.712   -0.18000E+00   0.12724E+06  -0.58929E-03   0.17033E+06   0.27559E+00  -0.14623E-01
  0.750   2.712    0.21677E+05  -0.12490E+05  -0.44476E+01  -0.16723E+05  -0.29015E+05  -0.22431E-01
  0.750   2.712   -0.21678E+05  -0.12490E+05   0.44498E+01  -0.16723E+05   0.29016E+05  -0.22437E-01
  0.750   2.712    0.14154E+05  -0.12490E+05   0.14196E+01  -0.16723E+05  -0.18938E+05   0.15416E-01
  0.750   2.712    0.49034E+03   0.12665E+06  -0.67656E+00   0.16953E+06  -0.65813E+03   0.79567E-02
  0.750   2.712    0.38103E+04  -0.43806E+05   0.59377E+01  -0.58634E+05  -0.51023E+04  -0.44762E-02
  0.750   2.712   -0.14154E+05  -0.12490E+05  -0.14198E+01  -0.16722E+05   0.18939E+05   0.15415E-01
  0.750   2.712   -0.38102E+04  -0.43806E+05  -0.59370E+01  -0.58634E+05   0.51018E+04  -0.44672E-02
  0.750   2.712   -0.49013E+03   0.12665E+06   0.67622E+00   0.16953E+06   0.65793E+03   0.79587E-02
  0.762   2.735    0.32234E-02   0.12051E+06  -0.42910E-03   0.15875E+06  -0.13283E-01  -0.14187E-01
  0.762   2.735    0.18689E+05  -0.12175E+05  -0.38628E+01  -0.16044E+05  -0.24618E+05  -0.20491E-01
  0.762   2.735   -0.18689E+05  -0.12176E+05   0.38633E+01  -0.16044E+05   0.24617E+05  -0.20491E-01
  0.762   2.735    0.51167E+04  -0.12174E+05  -0.20192E+00  -0.16041E+05  -0.67341E+04   0.16568E-01
  0.762   2.735    0.33721E+04   0.11493E+06  -0.19433E+01   0.15139E+06  -0.44428E+04   0.49976E-02
  0.762   2.735    0.68299E+04  -0.33092E+05   0.37274E+01  -0.43590E+05  -0.89983E+04  -0.12389E-02
  0.762   2.735   -0.51168E+04  -0.12174E+05   0.19960E+00  -0.16041E+05   0.67343E+04   0.16568E-01
  0.762   2.735   -0.68291E+04  -0.33092E+05  -0.37274E+01  -0.43590E+05   0.89957E+04  -0.12403E-02
  0.762   2.735   -0.33721E+04   0.11493E+06   0.19432E+01   0.15139E+06   0.44425E+04   0.49964E-02
  0.775   2.757    0.16475E+01   0.11399E+06   0.27776E-02   0.14785E+06  -0.18310E+01  -0.12786E-01
  0.775   2.757    0.15599E+05  -0.11779E+05  -0.35836E+01  -0.15284E+05  -0.20230E+05  -0.18087E-01
  0.775   2.757   -0.15601E+05  -0.11779E+05   0.35744E+01  -0.15285E+05   0.20234E+05  -0.18097E-01
  0.775   2.757   -0.10893E+04  -0.11777E+05  -0.10071E+01  -0.15281E+05   0.14163E+04   0.17578E-01
  0.775   2.757    0.48400E+04   0.10584E+06  -0.25117E+01   0.13728E+06  -0.62765E+04   0.21955E-02
  0.775   2.757    0.83800E+04  -0.24655E+05   0.26366E+01  -0.31980E+05  -0.10867E+05   0.16754E-02
  0.775   2.757    0.10913E+04  -0.11777E+05   0.10069E+01  -0.15281E+05  -0.14192E+04   0.17574E-01
  0.775   2.757   -0.83824E+04  -0.24655E+05  -0.26351E+01  -0.31980E+05   0.10872E+05   0.16787E-02
  0.775   2.757   -0.48431E+04   0.10584E+06   0.25094E+01   0.13728E+06   0.62806E+04   0.21888E-02
  0.787   2.779   -0.13680E+00   0.10777E+06   0.34518E-02   0.13766E+06   0.22973E+00  -0.10515E-01
  0.787   2.779    0.12480E+05  -0.11257E+05  -0.34930E+01  -0.14391E+05  -0.15938E+05  -0.15359E-01
  0.787   2.779   -0.12481E+05  -0.11256E+05   0.34881E+01  -0.14390E+05   0.15944E+05  -0.15370E-01
  0.787   2.779   -0.53261E+04  -0.11256E+05  -0.12877E+01  -0.14386E+05   0.68036E+04   0.18301E-01
  0.787   2.779    0.53632E+04   0.98695E+05  -0.26310E+01   0.12608E+06  -0.68453E+04  -0.23230E-03
  0.787   2.779    0.89323E+04  -0.17770E+05   0.22851E+01  -0.22708E+05  -0.11406E+05   0.40549E-02
  0.787   2.779    0.53262E+04  -0.11254E+05   0.12899E+01  -0.14383E+05  -0.68037E+04   0.18302E-01
  0.787   2.779   -0.89298E+04  -0.17770E+05  -0.22849E+01  -0.22708E+05   0.11405E+05   0.40561E-02
  0.787   2.779   -0.53690E+04   0.98696E+05   0.26301E+01   0.12608E+06   0.68563E+04  -0.23616E-03
  0.800   2.801    0.74863E+00   0.10204E+06  -0.33023E-03   0.12829E+06  -0.69339E+00  -0.78290E-02
  0.800   2.801    0.94044E+04  -0.10443E+05  -0.47474E+01  -0.13152E+05  -0.11822E+05  -0.12420E-01
  0.800   2.801   -0.94067E+04  -0.10443E+05   0.47467E+01  -0.13152E+05   0.11827E+05  -0.12416E-01
  0.800   2.801   -0.84188E+04  -0.10440E+05  -0.11462E+01  -0.13141E+05   0.10578E+05   0.18303E-01
  0.800   2.801    0.54608E+04   0.92782E+05  -0.28848E+01   0.11666E+06  -0.68546E+04  -0.21933E-02
  0.800   2.801    0.89300E+04  -0.11613E+05   0.37123E+01  -0.14624E+05  -0.11217E+05   0.57543E-02
  0.800   2.801    0.84195E+04  -0.10440E+05   0.11453E+01  -0.13141E+05  -0.10579E+05   0.18299E-01
  0.800   2.801   -0.89341E+04  -0.11613E+05  -0.37123E+01  -0.14625E+05   0.11224E+05   0.57537E-02
  0.800   2.801   -0.54611E+04   0.92783E+05   0.28843E+01   0.11666E+06   0.68565E+04  -0.21900E-02
  0.812   2.823   -0.28076E+02   0.99011E+05  -0.13333E+00   0.12242E+06   0.37739E+02  -0.38370E-02
  0.812   2.823    0.65839E+04  -0.74955E+04  -0.33006E+02  -0.94809E+04  -0.82027E+04  -0.95590E-02
  0.812   2.823   -0.66376E+04  -0.74940E+04   0.32923E+02  -0.94792E+04   0.81652E+04  -0.99454E-02
  0.812   2.823    0.13393E+04  -0.75030E+04  -0.28488E+02  -0.94528E+04  -0.12046E+04   0.17376E-01
  0.812   2.823   -0.27029E+03   0.99543E+05  -0.46599E+02   0.12275E+06   0.16702E+03   0.15382E-02
  0.812   2.823    0.25545E+04  -0.14658E+05   0.50333E+01  -0.17930E+05  -0.34601E+04   0.36003E-03
  0.812   2.823   -0.13861E+04  -0.74346E+04   0.28271E+02  -0.93630E+04   0.12665E+04   0.17917E-01
  0.812   2.823   -0.26274E+04  -0.14664E+05  -0.50819E+01  -0.17938E+05   0.33406E+04   0.10335E-02
  0.812   2.823    0.27346E+03   0.99540E+05   0.46522E+02   0.12275E+06  -0.12827E+03   0.16093E-02
  0.825   2.844    0.66457E+00   0.90189E+05  -0.20379E-03   0.11005E+06  -0.79565E+00   0.44552E-02
  0.825   2.844    0.32314E+04  -0.93237E+04   0.45534E+00  -0.11373E+05  -0.39402E+04  -0.56788E-02
  0.825   2.844   -0.32318E+04  -0.93234E+04  -0.45507E+00  -0.11373E+05   0.39407E+04  -0.56788E-02
  0.825   2.844   -0.87088E+04  -0.93204E+04  -0.32645E+01  -0.11372E+05   0.10663E+05   0.19890E-01
  0.825   2.844    0.27355E+04   0.85544E+05  -0.31551E+01   0.10435E+06  -0.33562E+04  -0.39038E-02
  0.825   2.844    0.59632E+04  -0.48857E+04  -0.37347E+01  -0.59262E+04  -0.72957E+04   0.66021E-02
  0.825   2.844    0.87100E+04  -0.93208E+04   0.32644E+01  -0.11372E+05  -0.10665E+05   0.19897E-01
  0.825   2.844   -0.59628E+04  -0.48862E+04   0.37350E+01  -0.59268E+04   0.72948E+04   0.66032E-02
  0.825   2.844   -0.27370E+04   0.85544E+05   0.31548E+01   0.10435E+06   0.33589E+04  -0.39062E-02
  0.838   2.866   -0.55626E-01   0.85616E+05   0.37324E-03   0.10294E+06   0.30216E+00   0.89468E-02
  0.838   2.866    0.49484E+03  -0.79085E+04   0.14581E+00  -0.95085E+04  -0.59211E+03  -0.22002E-02
  0.838   2.866   -0.49543E+03  -0.79086E+04  -0.14566E+00  -0.95087E+04   0.59297E+03  -0.22002E-02
  0.838   2.866   -0.93404E+04  -0.79055E+04  -0.24872E+01  -0.95052E+04   0.11253E+05   0.17675E-01
  0.838   2.866    0.23131E+04   0.81675E+05  -0.23180E+01   0.98190E+05  -0.27900E+04  -0.45487E-02
  0.838   2.866    0.49008E+04  -0.54242E+03  -0.26413E+01  -0.63089E+03  -0.59040E+04   0.62596E-02
  0.838   2.866    0.93404E+04  -0.79051E+04   0.24872E+01  -0.95047E+04  -0.11253E+05   0.17666E-01
  0.838   2.866   -0.49046E+04  -0.54228E+03   0.26414E+01  -0.63080E+03   0.59063E+04   0.62613E-02
  0.838   2.866   -0.23105E+04   0.81675E+05   0.23178E+01   0.98190E+05   0.27885E+04  -0.45456E-02
  0.850   2.887   -0.26006E+00   0.81520E+05   0.26713E-03   0.96608E+05   0.66382E+00   0.13534E-01
  0.850   2.887   -0.19910E+04  -0.63144E+04   0.11476E+00  -0.74845E+04   0.23627E+04   0.13252E-02
  0.850   2.887    0.19908E+04  -0.63143E+04  -0.11390E+00  -0.74845E+04  -0.23624E+04   0.13239E-02
  0.850   2.887   -0.91274E+04  -0.63115E+04  -0.21681E+01  -0.74804E+04   0.10835E+05   0.14611E-01
  0.850   2.887    0.18473E+04   0.78352E+05  -0.19836E+01   0.92842E+05  -0.21958E+04  -0.47672E-02
  0.850   2.887    0.35452E+04   0.30358E+04  -0.22857E+01   0.36154E+04  -0.42085E+04   0.51976E-02
  0.850   2.887    0.91269E+04  -0.63116E+04   0.21691E+01  -0.74806E+04  -0.10834E+05   0.14619E-01
  0.850   2.887   -0.35456E+04   0.30358E+04   0.22856E+01   0.36154E+04   0.42087E+04   0.52047E-02
  0.850   2.887   -0.18462E+04   0.78352E+05   0.19837E+01   0.92842E+05   0.21939E+04  -0.47591E-02
  0.863   2.908   -0.18326E-02   0.78024E+05  -0.14246E-03   0.91152E+05  -0.53384E-02   0.17309E-01
  0.863   2.908   -0.41278E+04  -0.45627E+04   0.16890E+00  -0.53333E+04   0.48260E+04   0.47931E-02
  0.863   2.908    0.41286E+04  -0.45627E+04  -0.16949E+00  -0.53333E+04  -0.48268E+04   0.47946E-02
  0.863   2.908   -0.84597E+04  -0.45600E+04  -0.18825E+01  -0.53288E+04   0.98990E+04   0.10517E-01
  0.863   2.908    0.15791E+04   0.75281E+05  -0.16899E+01   0.87940E+05  -0.18495E+04  -0.48021E-02
  0.863   2.908    0.21391E+04   0.60876E+04  -0.20461E+01   0.71273E+04  -0.25039E+04   0.37119E-02
  0.863   2.908    0.84599E+04  -0.45600E+04   0.18821E+01  -0.53288E+04  -0.98993E+04   0.10518E-01
  0.863   2.908   -0.21381E+04   0.60874E+04   0.20465E+01   0.71271E+04   0.25033E+04   0.37104E-02
  0.863   2.908   -0.15801E+04   0.75281E+05   0.16897E+01   0.87941E+05   0.18500E+04  -0.48060E-02
  0.875   2.929   -0.11987E+00   0.75159E+05  -0.11819E-02   0.86577E+05   0.27043E+00   0.19696E-01
  0.875   2.929   -0.58536E+04  -0.27407E+04   0.24961E+00  -0.31596E+04   0.67462E+04   0.81080E-02
  0.875   2.929    0.58530E+04  -0.27407E+04  -0.24604E+00  -0.31599E+04  -0.67466E+04   0.81075E-02
  0.875   2.929   -0.75468E+04  -0.27384E+04  -0.16662E+01  -0.31565E+04   0.87077E+04   0.55168E-02
  0.875   2.929    0.15580E+04   0.72425E+05  -0.14895E+01   0.83421E+05  -0.17964E+04  -0.48284E-02
  0.875   2.929    0.81637E+03   0.86380E+04  -0.19154E+01   0.99632E+04  -0.94419E+03   0.20520E-02
  0.875   2.929    0.75468E+04  -0.27379E+04   0.16721E+01  -0.31558E+04  -0.87076E+04   0.55164E-02
  0.875   2.929   -0.81806E+03   0.86379E+04   0.19143E+01   0.99632E+04   0.94655E+03   0.20525E-02
  0.875   2.929   -0.15548E+04   0.72425E+05   0.14900E+01   0.83421E+05   0.17956E+04  -0.48263E-02
  0.887   2.950    0.74131E-01   0.72874E+05  -0.56231E-03   0.82783E+05  -0.55000E-01   0.20391E-01
  0.887   2.950   -0.71537E+04  -0.95195E+03   0.32742E+00  -0.10850E+04   0.81307E+04   0.11190E-01
  0.887   2.950    0.71536E+04  -0.95197E+03  -0.32578E+00  -0.10851E+04  -0.81312E+04   0.11189E-01
  0.887   2.950   -0.65537E+04  -0.94992E+03  -0.14989E+01  -0.10808E+04   0.74584E+04  -0.97638E-04
  0.887   2.950    0.17318E+04   0.69809E+05  -0.13129E+01   0.79298E+05  -0.19692E+04  -0.49147E-02
  0.887   2.950   -0.32824E+03   0.10723E+05  -0.18216E+01   0.12195E+05   0.36938E+03   0.45870E-03
  0.887   2.950    0.65541E+04  -0.94986E+03   0.14993E+01  -0.10807E+04  -0.74590E+04  -0.98036E-04
  0.887   2.950    0.32807E+03   0.10723E+05   0.18212E+01   0.12194E+05  -0.36993E+03   0.45862E-03
  0.887   2.950   -0.17320E+04   0.69809E+05   0.13127E+01   0.79298E+05   0.19701E+04  -0.49125E-02
  0.900   2.971   -0.22772E+00   0.71055E+05  -0.22690E-04   0.79615E+05   0.27978E+00   0.19348E-01
  0.900   2.971   -0.80656E+04   0.72297E+03   0.40302E+00   0.80631E+03   0.90422E+04   0.13983E-01
  0.900   2.971    0.80655E+04   0.72290E+03  -0.40359E+00   0.80623E+03  -0.90420E+04   0.13983E-01
  0.900   2.971   -0.56198E+04   0.72476E+03  -0.13582E+01   0.81003E+03   0.63096E+04  -0.60247E-02
  0.900   2.971    0.20139E+04   0.67482E+05  -0.11763E+01   0.75609E+05  -0.22581E+04  -0.50611E-02
  0.900   2.971   -0.12486E+04   0.12406E+05  -0.17578E+01   0.13914E+05   0.13965E+04  -0.90222E-03
  0.900   2.971    0.56198E+04   0.72476E+03   0.13590E+01   0.81003E+03  -0.63097E+04  -0.60247E-02
  0.900   2.971    0.12484E+04   0.12406E+05   0.17582E+01   0.13914E+05  -0.13963E+04  -0.90219E-03
  0.900   2.971   -0.20137E+04   0.67482E+05   0.11767E+01   0.75609E+05   0.22579E+04  -0.50627E-02
  0.912   2.991    0.74739E+00   0.69584E+05   0.45568E-03   0.76916E+05  -0.27093E+00   0.16733E-01
  0.912   2.991   -0.86665E+04   0.22410E+04   0.47452E+00   0.24734E+04   0.95855E+04   0.16465E-01
  0.912   2.991    0.86659E+04   0.22412E+04  -0.47615E+00   0.24738E+04  -0.95839E+04   0.16464E-01
  0.912   2.991   -0.48409E+04   0.22414E+04  -0.12660E+01   0.24749E+04   0.53635E+04  -0.12040E-01
  0.912   2.991    0.22933E+04   0.65508E+05  -0.10653E+01   0.72406E+05  -0.25369E+04  -0.51904E-02
  0.912   2.991   -0.19346E+04   0.13792E+05  -0.17362E+01   0.15258E+05   0.21367E+04  -0.19553E-02
  0.912   2.991    0.48404E+04   0.22413E+04   0.12611E+01   0.24747E+04  -0.53624E+04  -0.12040E-01
  0.912   2.991    0.19342E+04   0.13792E+05   0.17343E+01   0.15258E+05  -0.21355E+04  -0.19548E-02
  0.912   2.991   -0.22948E+04   0.65508E+05   0.10631E+01   0.72406E+05   0.25369E+04  -0.51885E-02
  0.925   3.012   -0.14333E-01   0.68329E+05  -0.15329E-03   0.74524E+05  -0.89153E+00   0.12814E-01
  0.925   3.012   -0.90420E+04   0.35929E+04   0.51961E+00   0.39153E+04   0.98681E+04   0.18621E-01
  0.925   3.012    0.90409E+04   0.35933E+04  -0.51904E+00   0.39154E+04  -0.98660E+04   0.18613E-01
  0.925   3.012   -0.42716E+04   0.35929E+04  -0.11464E+01   0.39160E+04   0.46700E+04  -0.18032E-01
  0.925   3.012    0.24756E+04   0.63928E+05  -0.91049E+00   0.69722E+05  -0.27001E+04  -0.51640E-02
  0.925   3.012   -0.24023E+04   0.14997E+05  -0.16655E+01   0.16370E+05   0.26187E+04  -0.27048E-02
  0.925   3.012    0.42714E+04   0.35936E+04   0.11530E+01   0.39169E+04  -0.46707E+04  -0.18034E-01
  0.925   3.012    0.24024E+04   0.14997E+05   0.16683E+01   0.16370E+05  -0.26178E+04  -0.26975E-02
  0.925   3.012   -0.24761E+04   0.63929E+05   0.91348E+00   0.69722E+05   0.27023E+04  -0.51578E-02
  0.938   3.032    0.39252E+00   0.67194E+05  -0.13140E-03   0.72322E+05   0.42135E+00   0.78922E-02
  0.938   3.032   -0.92801E+04   0.47967E+04   0.56393E+00   0.51593E+04   0.99945E+04   0.20450E-01
  0.938   3.032    0.92808E+04   0.47970E+04  -0.56503E+00   0.51600E+04  -0.99955E+04   0.20450E-01
  0.938   3.032   -0.39454E+04   0.47969E+04  -0.10774E+01   0.51604E+04   0.42581E+04  -0.24009E-01
  0.938   3.032    0.24812E+04   0.62779E+05  -0.77739E+00   0.67568E+05  -0.26717E+04  -0.48143E-02
  0.938   3.032   -0.26805E+04   0.16138E+05  -0.16392E+01   0.17382E+05   0.28831E+04  -0.31937E-02
  0.938   3.032    0.39448E+04   0.47969E+04   0.10730E+01   0.51603E+04  -0.42567E+04  -0.24008E-01
  0.938   3.032    0.26809E+04   0.16138E+05   0.16368E+01   0.17382E+05  -0.28839E+04  -0.31907E-02
  0.938   3.032   -0.24824E+04   0.62779E+05   0.77501E+00   0.67567E+05   0.26721E+04  -0.48142E-02
  0.950   3.052    0.11587E+00   0.66119E+05   0.64045E-03   0.70239E+05   0.19224E+00   0.22636E-02
  0.950   3.052   -0.94485E+04   0.58742E+04   0.60626E+00   0.62372E+04   0.10044E+05   0.21974E-01
  0.950   3.052    0.94484E+04   0.58744E+04  -0.60594E+00   0.62375E+04  -0.10044E+05   0.21973E-01
  0.950   3.052   -0.38706E+04   0.58733E+04  -0.10172E+01   0.62365E+04   0.41227E+04  -0.30015E-01
  0.950   3.052    0.22599E+04   0.62080E+05  -0.63534E+00   0.65946E+05  -0.24012E+04  -0.39903E-02
  0.950   3.052   -0.27977E+04   0.17308E+05  -0.16218E+01   0.18399E+05   0.29702E+04  -0.34984E-02
  0.950   3.052    0.38705E+04   0.58734E+04   0.10145E+01   0.62366E+04  -0.41222E+04  -0.30014E-01
  0.950   3.052    0.27977E+04   0.17308E+05   0.16204E+01   0.18399E+05  -0.29704E+04  -0.34966E-02
  0.950   3.052   -0.22598E+04   0.62080E+05   0.63409E+00   0.65946E+05   0.24012E+04  -0.39907E-02
  0.963   3.072    0.11645E+01   0.65052E+05  -0.93761E-03   0.68214E+05   0.44517E+00  -0.37670E-02
  0.963   3.072   -0.95955E+04   0.68459E+04   0.65206E+00   0.71760E+04   0.10069E+05   0.23219E-01
  0.963   3.072    0.95966E+04   0.68464E+04  -0.65358E+00   0.71773E+04  -0.10071E+05   0.23220E-01
  0.963   3.072   -0.40583E+04   0.68446E+04  -0.98783E+00   0.71746E+04   0.42666E+04  -0.36071E-01
  0.963   3.072    0.17730E+04   0.61852E+05  -0.49379E+00   0.64860E+05  -0.18607E+04  -0.25449E-02
  0.963   3.072   -0.27750E+04   0.18575E+05  -0.16328E+01   0.19492E+05   0.29076E+04  -0.36846E-02
  0.963   3.072    0.40574E+04   0.68444E+04   0.97688E+00   0.71741E+04  -0.42647E+04  -0.36069E-01
  0.963   3.072    0.27757E+04   0.18576E+05   0.16286E+01   0.19492E+05  -0.29093E+04  -0.36809E-02
  0.963   3.072   -0.17755E+04   0.61852E+05   0.48990E+00   0.64860E+05   0.18611E+04  -0.25419E-02
  0.975   3.092   -0.32208E+00   0.63955E+05   0.16882E-02   0.66211E+05  -0.75507E+00  -0.98333E-02
  0.975   3.092   -0.97489E+04   0.77137E+04   0.66088E+00   0.79842E+04   0.10101E+05   0.24218E-01
  0.975   3.092    0.97478E+04   0.77132E+04  -0.66725E+00   0.79832E+04  -0.10099E+05   0.24218E-01
  0.975   3.092   -0.45049E+04   0.77114E+04  -0.94986E+00   0.79803E+04   0.46740E+04  -0.42052E-01
  0.975   3.092    0.10114E+04   0.62074E+05  -0.36277E+00   0.64263E+05  -0.10470E+04  -0.37695E-03
  0.975   3.092   -0.26262E+04   0.19966E+05  -0.16139E+01   0.20684E+05   0.27172E+04  -0.37821E-02
  0.975   3.092    0.45049E+04   0.77110E+04   0.95166E+00   0.79799E+04  -0.46747E+04  -0.42052E-01
  0.975   3.092    0.26254E+04   0.19966E+05   0.16186E+01   0.20684E+05  -0.27156E+04  -0.37891E-02
  0.975   3.092   -0.10112E+04   0.62074E+05   0.36636E+00   0.64263E+05   0.10474E+04  -0.37552E-03
  0.988   3.112   -0.16359E-01   0.62781E+05   0.31735E-03   0.64176E+05  -0.72977E+00  -0.15452E-01
  0.988   3.112   -0.99055E+04   0.84453E+04   0.75120E+00   0.86306E+04   0.10134E+05   0.24993E-01
  0.988   3.112    0.99051E+04   0.84450E+04  -0.74705E+00   0.86300E+04  -0.10134E+05   0.24992E-01
  0.988   3.112   -0.51972E+04   0.84430E+04  -0.96623E+00   0.86266E+04   0.53225E+04  -0.47549E-01
  0.988   3.112   -0.13150E+02   0.62681E+05  -0.15918E+00   0.64071E+05   0.14156E+02   0.25099E-02
  0.988   3.112   -0.23564E+04   0.21442E+05  -0.17208E+01   0.21931E+05   0.24068E+04  -0.38045E-02
  0.988   3.112    0.51976E+04   0.84431E+04   0.96983E+00   0.86268E+04  -0.53232E+04  -0.47550E-01
  0.988   3.112    0.23561E+04   0.21442E+05   0.17215E+01   0.21931E+05  -0.24059E+04  -0.38064E-02
  0.988   3.112    0.13095E+02   0.62681E+05   0.16041E+00   0.64071E+05  -0.12590E+02   0.25093E-02
  1.000   3.132   -0.47123E+00   0.61905E+05  -0.36578E-03   0.62487E+05   0.17271E+01  -0.19875E-01
  1.000   3.132   -0.10113E+05   0.90353E+04   0.81547E+00   0.91180E+04   0.10218E+05   0.25361E-01
  1.000   3.132    0.10113E+05   0.90360E+04  -0.82079E+00   0.91194E+04  -0.10217E+05   0.25358E-01
  1.000   3.132   -0.61355E+04   0.90341E+04  -0.10108E+01   0.91151E+04   0.62037E+04  -0.51396E-01
  1.000   3.132   -0.12440E+04   0.63950E+05   0.48000E-02   0.64547E+05   0.12553E+04   0.59003E-02
  1.000   3.132   -0.19895E+04   0.23035E+05  -0.18307E+01   0.23265E+05   0.20057E+04  -0.36744E-02
  1.000   3.132    0.61351E+04   0.90343E+04   0.10055E+01   0.91151E+04  -0.62026E+04  -0.51393E-01
  1.000   3.132    0.19895E+04   0.23035E+05   0.18287E+01   0.23265E+05  -0.20056E+04  -0.36668E-02
  1.000   3.132    0.12445E+04   0.63950E+05  -0.72855E-02   0.64547E+05  -0.12568E+04   0.58950E-02
  1.012   3.151    0.66291E+00   0.60413E+05  -0.13908E-02   0.60250E+05  -0.72909E-01  -0.22612E-01
  1.012   3.151   -0.10180E+05   0.92511E+04   0.79538E+00   0.92231E+04   0.10163E+05   0.25559E-01
  1.012   3.151    0.10180E+05   0.92511E+04  -0.80534E+00   0.92232E+04  -0.10161E+05   0.25559E-01
  1.012   3.151   -0.71408E+04   0.92497E+04  -0.97054E+00   0.92209E+04   0.71304E+04  -0.52914E-01
  1.012   3.151   -0.25361E+04   0.64712E+05   0.17271E+00   0.64525E+05   0.25295E+04   0.93798E-02
  1.012   3.151   -0.15166E+04   0.24199E+05  -0.17716E+01   0.24143E+05   0.15104E+04  -0.33389E-02
  1.012   3.151    0.71395E+04   0.92491E+04   0.96809E+00   0.92201E+04  -0.71289E+04  -0.52911E-01
  1.012   3.151    0.15155E+04   0.24199E+05   0.17727E+01   0.24143E+05  -0.15084E+04  -0.33386E-02
  1.012   3.151    0.25335E+04   0.64711E+05  -0.17314E+00   0.64524E+05  -0.25269E+04   0.93810E-02
  1.025   3.170   -0.81343E+00   0.58679E+05   0.38483E-03   0.57786E+05   0.60900E+00  -0.22942E-01
  1.025   3.170   -0.10098E+05   0.90249E+04   0.82250E+00   0.88873E+04   0.99549E+04   0.25275E-01
  1.025   3.170    0.10098E+05   0.90250E+04  -0.82052E+00   0.88873E+04  -0.99557E+04   0.25274E-01
  1.025   3.170   -0.80839E+04   0.90220E+04  -0.98888E+00   0.88806E+04   0.79714E+04  -0.50324E-01
  1.025   3.170   -0.36664E+04   0.64978E+05   0.30699E+00   0.63994E+05   0.36111E+04   0.12202E-01
  1.025   3.170   -0.99641E+03   0.24752E+05  -0.18071E+01   0.24393E+05   0.97835E+03  -0.26957E-02
  1.025   3.170    0.80836E+04   0.90217E+04   0.98969E+00   0.88804E+04  -0.79712E+04  -0.50323E-01
  1.025   3.170    0.99703E+03   0.24752E+05   0.18076E+01   0.24393E+05  -0.97970E+03  -0.26941E-02
  1.025   3.170    0.36676E+04   0.64978E+05  -0.30607E+00   0.63994E+05  -0.36128E+04   0.12197E-01
  1.038   3.190   -0.26689E+00   0.56699E+05  -0.83908E-03   0.55161E+05   0.29257E+01  -0.20645E-01
  1.038   3.190   -0.97922E+04   0.82837E+04   0.81146E+00   0.80587E+04   0.95375E+04   0.24287E-01
  1.038   3.190    0.97928E+04   0.82843E+04  -0.81610E+00   0.80604E+04  -0.95384E+04   0.24286E-01
  1.038   3.190   -0.87623E+04   0.82817E+04  -0.99386E+00   0.80540E+04   0.85360E+04  -0.42600E-01
  1.038   3.190   -0.43928E+04   0.64304E+05   0.39852E+00   0.62563E+05   0.42727E+04   0.13500E-01
  1.038   3.190   -0.49618E+03   0.24382E+05  -0.18167E+01   0.23738E+05   0.47993E+03  -0.17106E-02
  1.038   3.190    0.87615E+04   0.82813E+04   0.99072E+00   0.80528E+04  -0.85348E+04  -0.42595E-01
  1.038   3.190    0.49657E+03   0.24382E+05   0.18159E+01   0.23738E+05  -0.48123E+03  -0.17053E-02
  1.038   3.190    0.43931E+04   0.64304E+05  -0.39993E+00   0.62563E+05  -0.42766E+04   0.13491E-01
  1.050   3.209    0.45400E+00   0.54513E+05  -0.29452E-02   0.52393E+05   0.57327E+00  -0.16178E-01
  1.050   3.209   -0.92191E+04   0.70761E+04   0.79976E+00   0.67989E+04   0.88722E+04   0.22452E-01
  1.050   3.209    0.92196E+04   0.70767E+04  -0.81271E+00   0.67997E+04  -0.88721E+04   0.22450E-01
  1.050   3.209   -0.90054E+04   0.70749E+04  -0.10065E+01   0.67975E+04   0.86642E+04  -0.30103E-01
  1.050   3.209   -0.45394E+04   0.62423E+05   0.45420E+00   0.59984E+05   0.43644E+04   0.12716E-01
  1.050   3.209   -0.78541E+02   0.22947E+05  -0.18226E+01   0.22069E+05   0.73930E+02  -0.46688E-03
  1.050   3.209    0.90080E+04   0.70758E+04   0.10013E+01   0.67980E+04  -0.86667E+04  -0.30106E-01
  1.050   3.209    0.77739E+02   0.22947E+05   0.18203E+01   0.22069E+05  -0.72470E+02  -0.46746E-03
  1.050   3.209    0.45393E+04   0.62424E+05  -0.45978E+00   0.59984E+05  -0.43630E+04   0.12723E-01
  1.062   3.228   -0.61891E+00   0.52192E+05   0.16200E-03   0.49553E+05   0.18423E+00  -0.10503E-01
  1.062   3.228   -0.83850E+04   0.55846E+04   0.77335E+00   0.53033E+04   0.79739E+04   0.19721E-01
  1.062   3.228    0.83849E+04   0.55846E+04  -0.77306E+00   0.53033E+04  -0.79739E+04   0.19723E-01
  1.062   3.228   -0.87731E+04   0.55830E+04  -0.97733E+00   0.52987E+04   0.83416E+04  -0.14759E-01
  1.062   3.228   -0.41020E+04   0.59382E+05   0.43523E+00   0.56388E+05   0.38954E+04   0.99721E-02
  1.062   3.228    0.22492E+03   0.20575E+05  -0.17626E+01   0.19556E+05  -0.21544E+03   0.83467E-03
  1.062   3.228    0.87729E+04   0.55826E+04   0.97661E+00   0.52984E+04  -0.83414E+04  -0.14759E-01
  1.062   3.228   -0.22354E+03   0.20575E+05   0.17625E+01   0.19556E+05   0.21316E+03   0.83387E-03
  1.062   3.228    0.41040E+04   0.59382E+05  -0.43508E+00   0.56388E+05  -0.38983E+04   0.99746E-02
  1.075   3.247   -0.13810E+00   0.49836E+05   0.49935E-03   0.46761E+05   0.11412E+01  -0.46377E-02
  1.075   3.247   -0.73432E+04   0.40505E+04   0.74508E+00   0.38016E+04   0.69037E+04   0.16153E-01
  1.075   3.247    0.73440E+04   0.40510E+04  -0.73989E+00   0.38023E+04  -0.69052E+04   0.16152E-01
  1.075   3.247   -0.81399E+04   0.40499E+04  -0.95077E+00   0.37983E+04   0.76510E+04   0.68999E-03
  1.075   3.247   -0.32480E+04   0.55574E+05   0.35311E+00   0.52157E+05   0.30479E+04   0.59725E-02
  1.075   3.247    0.42677E+03   0.17632E+05  -0.16812E+01   0.16568E+05  -0.40229E+03   0.20111E-02
  1.075   3.247    0.81414E+04   0.40501E+04   0.94312E+00   0.37981E+04  -0.76523E+04   0.68831E-03
  1.075   3.247   -0.42573E+03   0.17631E+05   0.16818E+01   0.16568E+05   0.39924E+03   0.20123E-02
  1.075   3.247    0.32493E+04   0.55574E+05  -0.35071E+00   0.52158E+05  -0.30517E+04   0.59667E-02
  1.087   3.266    0.27448E+00   0.47503E+05   0.18178E-03   0.44075E+05   0.10555E+01   0.73249E-03
  1.087   3.266   -0.61696E+04   0.26798E+04   0.70877E+00   0.24867E+04   0.57385E+04   0.11875E-01
  1.087   3.266    0.61697E+04   0.26799E+04  -0.70923E+00   0.24870E+04  -0.57387E+04   0.11874E-01
  1.087   3.266   -0.72598E+04   0.26794E+04  -0.90720E+00   0.24859E+04   0.67477E+04   0.13866E-01
  1.087   3.266   -0.22070E+04   0.51451E+05   0.29809E+00   0.47737E+05   0.20488E+04   0.16529E-02
  1.087   3.266    0.56728E+03   0.14501E+05  -0.16326E+01   0.13477E+05  -0.52651E+03   0.29409E-02
  1.087   3.266    0.72607E+04   0.26799E+04   0.90908E+00   0.24859E+04  -0.67487E+04   0.13864E-01
  1.087   3.266   -0.56791E+03   0.14501E+05   0.16337E+01   0.13477E+05   0.52688E+03   0.29420E-02
  1.087   3.266    0.22063E+04   0.51451E+05  -0.29765E+00   0.47737E+05  -0.20490E+04   0.16497E-02
  1.100   3.284    0.24548E+00   0.45243E+05  -0.30105E-03   0.41532E+05   0.35147E+00   0.53305E-02
  1.100   3.284   -0.49341E+04   0.15751E+04   0.69049E+00   0.14464E+04   0.45444E+04   0.70327E-02
  1.100   3.284    0.49342E+04   0.15752E+04  -0.69432E+00   0.14466E+04  -0.45445E+04   0.70324E-02
  1.100   3.284   -0.62794E+04   0.15748E+04  -0.86706E+00   0.14455E+04   0.57772E+04   0.23433E-01
  1.100   3.284   -0.11726E+04   0.47403E+05   0.21031E+00   0.43517E+05   0.10776E+04  -0.22206E-02
  1.100   3.284    0.68659E+03   0.11486E+05  -0.15695E+01   0.10568E+05  -0.62975E+03   0.35812E-02
  1.100   3.284    0.62800E+04   0.15750E+04   0.86686E+00   0.14456E+04  -0.57778E+04   0.23431E-01
  1.100   3.284   -0.68699E+03   0.11486E+05   0.15697E+01   0.10568E+05   0.63011E+03   0.35811E-02
  1.100   3.284    0.11722E+04   0.47403E+05  -0.21061E+00   0.43517E+05  -0.10777E+04  -0.22196E-02
  1.113   3.303    0.83039E+00   0.43080E+05  -0.56776E-03   0.39069E+05  -0.17120E+00   0.90683E-02
  1.113   3.303   -0.37045E+04   0.75614E+03   0.69266E+00   0.68611E+03   0.33757E+04   0.18267E-02
  1.113   3.303    0.37047E+04   0.75618E+03  -0.69634E+00   0.68633E+03  -0.33759E+04   0.18270E-02
  1.113   3.303   -0.52992E+04   0.75614E+03  -0.84412E+00   0.68602E+03   0.48195E+04   0.29124E-01
  1.113   3.303   -0.26137E+03   0.43651E+05   0.12337E+00   0.39588E+05   0.23762E+03  -0.52347E-02
  1.113   3.303    0.80337E+03   0.87468E+04  -0.15503E+01   0.79587E+04  -0.72750E+03   0.39325E-02
  1.113   3.303    0.52987E+04   0.75609E+03   0.84205E+00   0.68577E+03  -0.48191E+04   0.29125E-01
  1.113   3.303   -0.80329E+03   0.87468E+04   0.15503E+01   0.79587E+04   0.72755E+03   0.39320E-02
  1.113   3.303    0.26013E+03   0.43651E+05  -0.12367E+00   0.39588E+05  -0.23822E+03  -0.52305E-02
  1.125   3.322    0.21627E+01   0.41033E+05   0.59299E-03   0.36713E+05  -0.46327E+01   0.11902E-01
  1.125   3.322   -0.25391E+04   0.18752E+03   0.70379E+00   0.16848E+03   0.22887E+04  -0.35095E-02
  1.125   3.322    0.25392E+04   0.18719E+03  -0.69990E+00   0.16768E+03  -0.22890E+04  -0.35103E-02
  1.125   3.322   -0.43738E+04   0.18758E+03  -0.80277E+00   0.16778E+03   0.39282E+04   0.31388E-01
  1.125   3.322    0.48084E+03   0.40292E+05   0.55857E-01   0.36055E+05  -0.42596E+03  -0.72863E-02
  1.125   3.322    0.91657E+03   0.63508E+04  -0.15104E+01   0.57100E+04  -0.81834E+03   0.40076E-02
  1.125   3.322    0.43735E+04   0.18822E+03   0.80424E+00   0.16915E+03  -0.39276E+04   0.31388E-01
  1.125   3.322   -0.91753E+03   0.63509E+04   0.15103E+01   0.57102E+04   0.81982E+03   0.40097E-02
  1.125   3.322   -0.48545E+03   0.40292E+05  -0.55774E-01   0.36055E+05   0.43581E+03  -0.72831E-02
  1.137   3.340    0.70527E+00   0.39144E+05   0.18551E-02   0.34562E+05   0.12984E+01   0.13801E-01
  1.137   3.340   -0.14807E+04  -0.18894E+03   0.74993E+00  -0.16627E+03   0.13264E+04  -0.87387E-02
  1.137   3.340    0.14809E+04  -0.18880E+03  -0.75661E+00  -0.16615E+03  -0.13263E+04  -0.87395E-02
  1.137   3.340   -0.35277E+04  -0.18816E+03  -0.81750E+00  -0.16532E+03   0.31308E+04   0.31030E-01
  1.137   3.340    0.10593E+04   0.37384E+05  -0.17087E-01   0.33015E+05  -0.93522E+03  -0.84699E-02
  1.137   3.340    0.10187E+04   0.43070E+04  -0.15715E+01   0.38337E+04  -0.89801E+03   0.38334E-02
  1.137   3.340    0.35284E+04  -0.18782E+03   0.81761E+00  -0.16542E+03  -0.31316E+04   0.31029E-01
  1.137   3.340   -0.10193E+04   0.43071E+04   0.15743E+01   0.38338E+04   0.89783E+03   0.38328E-02
  1.137   3.340   -0.10609E+04   0.37383E+05   0.18314E-01   0.33015E+05   0.93400E+03  -0.84683E-02
  1.150   3.358    0.10362E+02   0.37470E+05  -0.58584E-03   0.32723E+05  -0.14047E+02   0.14743E-01
  1.150   3.358   -0.55386E+03  -0.42718E+03   0.77774E+00  -0.37219E+03   0.50291E+03  -0.13629E-01
  1.150   3.358    0.55511E+03  -0.42526E+03  -0.79006E+00  -0.37081E+03  -0.50498E+03  -0.13624E-01
  1.150   3.358   -0.27648E+04  -0.42941E+03  -0.83889E+00  -0.37454E+03   0.24295E+04   0.28909E-01
  1.150   3.358    0.14850E+04   0.34939E+05  -0.14389E+00   0.30484E+05  -0.12867E+04  -0.89848E-02
  1.150   3.358    0.10974E+04   0.25948E+04  -0.17013E+01   0.22977E+04  -0.95282E+03   0.34417E-02
  1.150   3.358    0.27637E+04  -0.42820E+03   0.87881E+00  -0.37223E+03  -0.24287E+04   0.28908E-01
  1.150   3.358   -0.11013E+04   0.25956E+04   0.16990E+01   0.22989E+04   0.96217E+03   0.34323E-02
  1.150   3.358   -0.14946E+04   0.34939E+05   0.15944E+00   0.30485E+05   0.13113E+04  -0.88895E-02
  1.163   3.376    0.52624E+00   0.35786E+05  -0.25477E-03   0.30810E+05  -0.70761E+00   0.14806E-01
  1.163   3.376    0.24059E+03  -0.57048E+03   0.86622E+00  -0.49048E+03  -0.18541E+03  -0.18016E-01
  1.163   3.376   -0.24049E+03  -0.57043E+03  -0.86743E+00  -0.49052E+03   0.18530E+03  -0.18015E-01
  1.163   3.376   -0.20707E+04  -0.57047E+03  -0.83965E+00  -0.49047E+03   0.18006E+04   0.25740E-01
  1.163   3.376    0.17827E+04   0.32737E+05  -0.12415E+00   0.28179E+05  -0.15331E+04  -0.88562E-02
  1.163   3.376    0.11470E+04   0.11348E+04  -0.17102E+01   0.10125E+04  -0.98545E+03   0.28928E-02
  1.163   3.376    0.20708E+04  -0.57030E+03   0.84189E+00  -0.49025E+03  -0.18008E+04   0.25741E-01
  1.163   3.376   -0.11469E+04   0.11349E+04   0.17106E+01   0.10126E+04   0.98519E+03   0.28938E-02
  1.163   3.376   -0.17833E+04   0.32737E+05   0.12298E+00   0.28179E+05   0.15351E+04  -0.88529E-02
  1.175   3.395   -0.62904E+00   0.34271E+05  -0.29636E-03   0.29128E+05   0.11087E+01   0.14065E-01
  1.175   3.395    0.90680E+03  -0.65308E+03   0.94031E+00  -0.55498E+03  -0.74681E+03  -0.21748E-01
  1.175   3.395   -0.90686E+03  -0.65308E+03  -0.94230E+00  -0.55509E+03   0.74702E+03  -0.21748E-01
  1.175   3.395   -0.14378E+04  -0.65306E+03  -0.87525E+00  -0.55459E+03   0.12426E+04   0.22191E-01
  1.175   3.395    0.19660E+04   0.30886E+05  -0.20151E+00   0.26258E+05  -0.16711E+04  -0.83364E-02
  1.175   3.395    0.11626E+04  -0.85453E+02  -0.18218E+01  -0.33923E+02  -0.98620E+03   0.22482E-02
  1.175   3.395    0.14377E+04  -0.65324E+03   0.87468E+00  -0.55480E+03  -0.12426E+04   0.22192E-01
  1.175   3.395   -0.11624E+04  -0.85528E+02   0.18223E+01  -0.34042E+02   0.98579E+03   0.22482E-02
  1.175   3.395   -0.19648E+04   0.30886E+05   0.20018E+00   0.26258E+05   0.16687E+04  -0.83356E-02
  1.188   3.413    0.12376E+01   0.32793E+05   0.29694E-01   0.27465E+05  -0.35185E+01   0.12654E-01
  1.188   3.413    0.14519E+04  -0.69428E+03   0.10669E+01  -0.58181E+03  -0.11893E+04  -0.24709E-01
  1.188   3.413   -0.14520E+04  -0.69414E+03  -0.10600E+01  -0.58155E+03   0.11896E+04  -0.24710E-01
  1.188   3.413   -0.85327E+03  -0.69416E+03  -0.95869E+00  -0.58113E+03   0.73812E+03   0.18700E-01
  1.188   3.413    0.20461E+04   0.29269E+05  -0.28270E+00   0.24524E+05  -0.17118E+04  -0.74955E-02
  1.188   3.413    0.11423E+04  -0.11216E+04  -0.20301E+01  -0.89626E+03  -0.95528E+03   0.15634E-02
  1.188   3.413    0.85323E+03  -0.69408E+03   0.96072E+00  -0.58085E+03  -0.73792E+03   0.18700E-01
  1.188   3.413   -0.11427E+04  -0.11217E+04   0.20298E+01  -0.89623E+03   0.95467E+03   0.15672E-02
  1.188   3.413   -0.20436E+04   0.29269E+05   0.28160E+00   0.24524E+05   0.17135E+04  -0.74658E-02
  1.200   3.430    0.15085E+01   0.31327E+05   0.39597E-02   0.25835E+05  -0.71492E+01   0.10682E-01
  1.200   3.430    0.18888E+04  -0.71092E+03   0.12968E+01  -0.58730E+03  -0.15258E+04  -0.26821E-01
  1.200   3.430   -0.18887E+04  -0.71059E+03  -0.12641E+01  -0.58600E+03   0.15255E+04  -0.26821E-01
  1.200   3.430   -0.30013E+03  -0.71052E+03  -0.11672E+01  -0.58581E+03   0.27710E+03   0.15595E-01
  1.200   3.430    0.20334E+04   0.27804E+05  -0.45533E+00   0.22936E+05  -0.16786E+04  -0.63532E-02
  1.200   3.430    0.10856E+04  -0.20078E+04  -0.24520E+01  -0.16042E+04  -0.89235E+03   0.87268E-03
  1.200   3.430    0.30062E+03  -0.70988E+03   0.11609E+01  -0.58534E+03  -0.27661E+03   0.15584E-01
  1.200   3.430   -0.10856E+04  -0.20081E+04   0.24480E+01  -0.16045E+04   0.89370E+03   0.87348E-03
  1.200   3.430   -0.20321E+04   0.27805E+05   0.46496E+00   0.22937E+05   0.16739E+04  -0.63453E-02
  1.213   3.448   -0.26725E+01   0.29752E+05  -0.19078E-02   0.24140E+05   0.22093E+01   0.82287E-02
  1.213   3.448    0.22216E+04  -0.71053E+03   0.14484E+01  -0.57742E+03  -0.17678E+04  -0.28001E-01
  1.213   3.448   -0.22220E+04  -0.71117E+03  -0.14400E+01  -0.57828E+03   0.17683E+04  -0.28000E-01
  1.213   3.448    0.23528E+03  -0.71056E+03  -0.12832E+01  -0.57664E+03  -0.15874E+03   0.13026E-01
  1.213   3.448    0.19309E+04   0.26399E+05  -0.52027E+00   0.21445E+05  -0.15689E+04  -0.49573E-02
  1.213   3.448    0.98456E+03  -0.27693E+04  -0.27003E+01  -0.21919E+04  -0.79777E+03   0.17311E-03
  1.213   3.448   -0.23441E+03  -0.70989E+03   0.12721E+01  -0.57611E+03   0.15808E+03   0.13020E-01
  1.213   3.448   -0.98432E+03  -0.27695E+04   0.27005E+01  -0.21921E+04   0.79719E+03   0.17130E-03
  1.213   3.448   -0.19285E+04   0.26399E+05   0.51283E+00   0.21445E+05   0.15659E+04  -0.50021E-02
  1.225   3.466    0.38313E+00   0.27978E+05  -0.36437E-02   0.22226E+05   0.12380E+02   0.54135E-02
  1.225   3.466    0.24423E+04  -0.70029E+03   0.16879E+01  -0.55622E+03  -0.18986E+04  -0.28261E-01
  1.225   3.466   -0.24425E+04  -0.70038E+03  -0.17692E+01  -0.55752E+03   0.18985E+04  -0.28263E-01
  1.225   3.466    0.75858E+03  -0.70008E+03  -0.16793E+01  -0.55676E+03  -0.56085E+03   0.11104E-01
  1.225   3.466    0.17379E+04   0.24940E+05  -0.87372E+00   0.19791E+05  -0.13856E+04  -0.34255E-02
  1.225   3.466    0.83389E+03  -0.34128E+04  -0.34507E+01  -0.26361E+04  -0.66167E+03  -0.56490E-03
  1.225   3.466   -0.75992E+03  -0.70152E+03   0.16871E+01  -0.55713E+03   0.56051E+03   0.11120E-01
  1.225   3.466   -0.83361E+03  -0.34125E+04   0.34555E+01  -0.26358E+04   0.66184E+03  -0.56276E-03
  1.225   3.466   -0.17417E+04   0.24939E+05   0.87310E+00   0.19790E+05   0.13846E+04  -0.33960E-02
  1.238   3.484   -0.19597E+01   0.25859E+05   0.14095E-02   0.20025E+05  -0.20012E+01   0.23267E-02
  1.238   3.484    0.25401E+04  -0.68089E+03   0.21550E+01  -0.52836E+03  -0.19154E+04  -0.27631E-01
  1.238   3.484   -0.25398E+04  -0.68073E+03  -0.21269E+01  -0.52751E+03   0.19152E+04  -0.27629E-01
  1.238   3.484    0.12709E+04  -0.68086E+03  -0.21528E+01  -0.52790E+03  -0.92918E+03   0.98295E-02
  1.238   3.484    0.14642E+04   0.23283E+05  -0.11998E+01   0.18002E+05  -0.11342E+04  -0.16493E-02
  1.238   3.484    0.62771E+03  -0.39313E+04  -0.43122E+01  -0.29510E+04  -0.48729E+03  -0.13869E-02
  1.238   3.484   -0.12709E+04  -0.68074E+03   0.21711E+01  -0.52776E+03   0.92904E+03   0.98348E-02
  1.238   3.484   -0.62793E+03  -0.39312E+04   0.43108E+01  -0.29506E+04   0.48637E+03  -0.13874E-02
  1.238   3.484   -0.14623E+04   0.23283E+05   0.12023E+01   0.18003E+05   0.11419E+04  -0.16588E-02
  1.250   3.501    0.65658E+01   0.22926E+05  -0.26525E-01   0.17150E+05  -0.18213E+02  -0.91111E-03
  1.250   3.501    0.24690E+04  -0.64285E+03   0.26119E+01  -0.48342E+03  -0.17873E+04  -0.26212E-01
  1.250   3.501   -0.24688E+04  -0.64101E+03  -0.26624E+01  -0.47728E+03   0.17868E+04  -0.26210E-01
  1.250   3.501    0.17305E+04  -0.64079E+03  -0.28400E+01  -0.48021E+03  -0.12147E+04   0.90965E-02
  1.250   3.501    0.10851E+04   0.21017E+05  -0.14168E+01   0.15646E+05  -0.79947E+03   0.28276E-03
  1.250   3.501    0.36540E+03  -0.42399E+04  -0.55414E+01  -0.30432E+04  -0.28274E+03  -0.23687E-02
  1.250   3.501   -0.17324E+04  -0.64305E+03   0.28986E+01  -0.48278E+03   0.12159E+04   0.91236E-02
  1.250   3.501   -0.36075E+03  -0.42394E+04   0.55385E+01  -0.30422E+04   0.26908E+03  -0.23462E-02
  1.250   3.501   -0.10993E+04   0.21017E+05   0.13926E+01   0.15648E+05   0.85672E+03   0.32928E-03
