  0.000   0.000   0.000000E+00  0.000000E+00
  0.000   0.000   0.000000E+00  0.000000E+00
  0.000   0.000   0.000000E+00  0.000000E+00
 -1.000  -1.000            NaN           NaN
 -1.000  -1.000            NaN           NaN
 -1.000  -1.000            NaN           NaN
  0.013   0.333   0.552000E-02  0.803706E-03
  0.013   0.333  -0.160128E+04  0.891866E+03
  0.013   0.333   0.160127E+04 -0.891866E+03
  0.025   0.494  -0.184771E-02 -0.721897E-03
  0.025   0.494  -0.351925E+04  0.194772E+04
  0.025   0.494   0.351926E+04 -0.194772E+04
  0.038   0.606  -0.318660E-01 -0.181033E-01
  0.038   0.606  -0.602098E+04  0.271797E+04
  0.038   0.606   0.602105E+04 -0.271796E+04
  0.050   0.700  -0.677119E-01 -0.529702E-01
  0.050   0.700  -0.929771E+04  0.288578E+04
  0.050   0.700   0.929784E+04 -0.288578E+04
  0.062   0.783  -0.133861E+00 -0.156055E+00
  0.062   0.783  -0.132974E+05  0.188426E+04
  0.062   0.783   0.132976E+05 -0.188424E+04
  0.075   0.858   0.584865E-01  0.877945E-01
  0.075   0.858  -0.176068E+05 -0.934691E+03
  0.075   0.858   0.176065E+05  0.934679E+03
  0.088   0.926   0.154849E-01  0.252843E-01
  0.088   0.926  -0.213542E+05 -0.612878E+04
  0.088   0.926   0.213542E+05  0.612880E+04
  0.100   0.990   0.119947E-03  0.131486E+00
  0.100   0.990  -0.231215E+05 -0.138747E+05
  0.100   0.990   0.231212E+05  0.138746E+05
  0.113   1.050   0.216121E-01  0.516095E-02
  0.113   1.050  -0.209966E+05 -0.234550E+05
  0.113   1.050   0.209966E+05  0.234550E+05
  0.125   1.107  -0.303668E+00  0.700148E+00
  0.125   1.107  -0.130782E+05 -0.325828E+05
  0.125   1.107   0.130767E+05  0.325826E+05
  0.138   1.161   0.211211E-01 -0.102830E+00
  0.138   1.161   0.909028E+03 -0.368146E+05
  0.138   1.161  -0.908796E+03  0.368146E+05
  0.150   1.213   0.381981E-01 -0.686556E-01
  0.150   1.213   0.171810E+05 -0.311051E+05
  0.150   1.213  -0.171809E+05  0.311051E+05
  0.163   1.262   0.309086E+00 -0.855626E+00
  0.163   1.262   0.271043E+05 -0.144924E+05
  0.163   1.262  -0.271030E+05  0.144923E+05
  0.175   1.310  -0.149253E+00 -0.208196E-01
  0.175   1.310   0.232694E+05  0.564594E+04
  0.175   1.310  -0.232697E+05 -0.564611E+04
  0.188   1.356   0.101378E+00  0.102082E+00
  0.188   1.356   0.710999E+04  0.183533E+05
  0.188   1.356  -0.710975E+04 -0.183530E+05
  0.200   1.400   0.442285E+00  0.111181E+00
  0.200   1.400  -0.127270E+05  0.183550E+05
  0.200   1.400   0.127274E+05 -0.183547E+05
  0.213   1.444  -0.572970E+00  0.312384E-01
  0.213   1.444  -0.282529E+05  0.778280E+04
  0.213   1.444   0.282524E+05 -0.778264E+04
  0.225   1.485   0.454004E+00  0.202312E+00
  0.225   1.485  -0.359964E+05 -0.814499E+04
  0.225   1.485   0.359977E+05  0.814562E+04
  0.238   1.526   0.285993E+00  0.359180E+00
  0.238   1.526  -0.360523E+05 -0.249202E+05
  0.238   1.526   0.360534E+05  0.249213E+05
  0.250   1.566   0.113921E+00  0.923712E-01
  0.250   1.566  -0.300171E+05 -0.397834E+05
  0.250   1.566   0.300171E+05  0.397837E+05
  0.263   1.604   0.227963E+00  0.276424E+00
  0.263   1.604  -0.197067E+05 -0.513854E+05
  0.263   1.604   0.197078E+05  0.513865E+05
  0.275   1.642  -0.741920E-01 -0.639974E-01
  0.275   1.642  -0.665984E+04 -0.592176E+05
  0.275   1.642   0.665981E+04  0.592176E+05
  0.288   1.679   0.175111E-01  0.171535E+00
  0.288   1.679   0.794581E+04 -0.631296E+05
  0.288   1.679  -0.794541E+04  0.631299E+05
  0.300   1.715  -0.633091E-01  0.660767E-01
  0.300   1.715   0.231387E+05 -0.630862E+05
  0.300   1.715  -0.231388E+05  0.630862E+05
  0.313   1.751   0.975942E-01 -0.773757E-01
  0.313   1.751   0.379765E+05 -0.590951E+05
  0.313   1.751  -0.379766E+05  0.590950E+05
  0.325   1.785   0.255195E-01  0.118148E+00
  0.325   1.785   0.513872E+05 -0.513372E+05
  0.325   1.785  -0.513870E+05  0.513373E+05
  0.338   1.819   0.364023E+00  0.149221E+00
  0.338   1.819   0.622809E+05 -0.404061E+05
  0.338   1.819  -0.622811E+05  0.404058E+05
  0.350   1.853  -0.133079E+00 -0.356699E-02
  0.350   1.853   0.698521E+05 -0.274025E+05
  0.350   1.853  -0.698525E+05  0.274023E+05
  0.363   1.885  -0.598547E-01  0.605128E-01
  0.363   1.885   0.739660E+05 -0.136316E+05
  0.363   1.885  -0.739658E+05  0.136317E+05
  0.375   1.918   0.208633E+00  0.106597E+00
  0.375   1.918   0.751020E+05 -0.895489E+02
  0.375   1.918  -0.751020E+05  0.893578E+02
  0.388   1.949   0.509175E-01 -0.179262E+00
  0.388   1.949   0.739130E+05  0.128056E+05
  0.388   1.949  -0.739138E+05 -0.128059E+05
  0.400   1.981   0.603024E-01 -0.291250E+00
  0.400   1.981   0.708011E+05  0.250303E+05
  0.400   1.981  -0.708015E+05 -0.250299E+05
  0.413   2.011  -0.641840E-01  0.532658E+00
  0.413   2.011   0.658166E+05  0.365827E+05
  0.413   2.011  -0.658162E+05 -0.365818E+05
  0.425   2.042   0.959154E-01  0.207169E+00
  0.425   2.042   0.588455E+05  0.472194E+05
  0.425   2.042  -0.588459E+05 -0.472189E+05
  0.438   2.071  -0.159908E-01  0.129781E+00
  0.438   2.071   0.499200E+05  0.564180E+05
  0.438   2.071  -0.499200E+05 -0.564178E+05
  0.450   2.101  -0.435423E-01  0.204429E+00
  0.450   2.101   0.393894E+05  0.635996E+05
  0.450   2.101  -0.393897E+05 -0.636000E+05
  0.463   2.130   0.219391E+00 -0.132771E+00
  0.463   2.130   0.279080E+05  0.683791E+05
  0.463   2.130  -0.279079E+05 -0.683795E+05
  0.475   2.158   0.121904E+00 -0.105486E+00
  0.475   2.158   0.162481E+05  0.707402E+05
  0.475   2.158  -0.162479E+05 -0.707400E+05
  0.488   2.186  -0.155576E+01  0.904458E+00
  0.488   2.186   0.502113E+04  0.709896E+05
  0.488   2.186  -0.502135E+04 -0.709895E+05
  0.500   2.214  -0.267438E+00  0.122995E+00
  0.500   2.214  -0.541761E+04  0.695929E+05
  0.500   2.214   0.541912E+04 -0.695919E+05
  0.512   2.242  -0.102153E+00  0.247271E+00
  0.512   2.242  -0.149873E+05  0.669685E+05
  0.512   2.242   0.149866E+05 -0.669693E+05
  0.525   2.269  -0.249917E-01 -0.106242E+00
  0.525   2.269  -0.237462E+05  0.634738E+05
  0.525   2.269   0.237464E+05 -0.634739E+05
  0.537   2.296  -0.438989E+00 -0.433535E+00
  0.537   2.296  -0.318527E+05  0.592869E+05
  0.537   2.296   0.318523E+05 -0.592865E+05
  0.550   2.322   0.245086E+00  0.334834E-01
  0.550   2.322  -0.394735E+05  0.544716E+05
  0.550   2.322   0.394741E+05 -0.544713E+05
  0.562   2.349  -0.855945E-01 -0.161448E+00
  0.562   2.349  -0.467490E+05  0.489793E+05
  0.562   2.349   0.467500E+05 -0.489795E+05
  0.575   2.375  -0.496873E-01 -0.309921E+00
  0.575   2.375  -0.537728E+05  0.426618E+05
  0.575   2.375   0.537728E+05 -0.426619E+05
  0.588   2.400  -0.651161E-01  0.122469E+00
  0.588   2.400  -0.605558E+05  0.352870E+05
  0.588   2.400   0.605561E+05 -0.352871E+05
  0.600   2.426  -0.104397E+00  0.247395E-01
  0.600   2.426  -0.670085E+05  0.265539E+05
  0.600   2.426   0.670087E+05 -0.265540E+05
  0.613   2.451  -0.107267E-01  0.801760E-01
  0.613   2.451  -0.729141E+05  0.160607E+05
  0.613   2.451   0.729137E+05 -0.160608E+05
  0.625   2.476  -0.279318E+00  0.431757E+00
  0.625   2.476  -0.777637E+05  0.331770E+04
  0.625   2.476   0.777633E+05 -0.331756E+04
  0.637   2.500  -0.610331E-01  0.176273E-01
  0.637   2.500  -0.806586E+05 -0.121729E+05
  0.637   2.500   0.806585E+05  0.121730E+05
  0.650   2.525  -0.405044E-01 -0.914537E-01
  0.650   2.525  -0.799628E+05 -0.307080E+05
  0.650   2.525   0.799627E+05  0.307076E+05
  0.662   2.549  -0.607605E-01 -0.186489E+00
  0.662   2.549  -0.731024E+05 -0.516469E+05
  0.662   2.549   0.731022E+05  0.516465E+05
  0.675   2.573   0.108328E+00  0.889313E-01
  0.675   2.573  -0.570812E+05 -0.720432E+05
  0.675   2.573   0.570808E+05  0.720434E+05
  0.688   2.597  -0.310738E+00 -0.651666E+00
  0.688   2.597  -0.310351E+05 -0.855835E+05
  0.688   2.597   0.310368E+05  0.855829E+05
  0.700   2.620  -0.407854E-01 -0.422699E-01
  0.700   2.620  -0.235782E+03 -0.853174E+05
  0.700   2.620   0.235416E+03  0.853175E+05
  0.713   2.643  -0.196256E+00 -0.112933E+00
  0.713   2.643   0.251048E+05 -0.707722E+05
  0.713   2.643  -0.251038E+05  0.707726E+05
  0.725   2.666   0.420557E+00  0.273887E+00
  0.725   2.666   0.384896E+05 -0.494766E+05
  0.725   2.666  -0.384893E+05  0.494765E+05
  0.738   2.689   0.197276E+00  0.510263E-01
  0.738   2.689   0.411335E+05 -0.293912E+05
  0.738   2.689  -0.411339E+05  0.293916E+05
  0.750   2.712  -0.324480E+00  0.428940E+00
  0.750   2.712   0.375350E+05 -0.139585E+05
  0.750   2.712  -0.375338E+05  0.139592E+05
  0.762   2.735  -0.243886E-01 -0.112801E+00
  0.762   2.735   0.314107E+05 -0.312485E+04
  0.762   2.735  -0.314105E+05  0.312485E+04
  0.775   2.757  -0.248805E+00 -0.337462E+00
  0.775   2.757   0.248345E+05  0.452041E+04
  0.775   2.757  -0.248329E+05 -0.452042E+04
  0.787   2.779  -0.793708E+00  0.165415E+01
  0.787   2.779   0.188825E+05  0.112321E+05
  0.787   2.779  -0.188819E+05 -0.112304E+05
  0.800   2.801   0.973295E+00 -0.129373E+01
  0.800   2.801   0.151934E+05  0.240734E+05
  0.800   2.801  -0.151924E+05 -0.240749E+05
  0.812   2.823   0.433525E+02 -0.270622E+03
  0.812   2.823   0.124030E+06 -0.762656E+05
  0.812   2.823  -0.123935E+06  0.758555E+05
  0.825   2.844   0.290929E+00  0.825795E+00
  0.825   2.844   0.102576E+05 -0.198464E+05
  0.825   2.844  -0.102568E+05  0.198483E+05
  0.838   2.866  -0.469205E+01 -0.345005E+00
  0.838   2.866   0.656256E+04 -0.127128E+05
  0.838   2.866  -0.656719E+04  0.127118E+05
  0.850   2.887  -0.243030E+00 -0.934924E+00
  0.850   2.887   0.550994E+04 -0.112231E+05
  0.850   2.887  -0.550974E+04  0.112232E+05
  0.863   2.908   0.428435E+00  0.597945E+00
  0.863   2.908   0.559307E+04 -0.109852E+05
  0.863   2.908  -0.559308E+04  0.109864E+05
  0.875   2.929  -0.771401E+00 -0.717310E+00
  0.875   2.929   0.627405E+04 -0.108584E+05
  0.875   2.929  -0.627375E+04  0.108587E+05
  0.887   2.950   0.516586E-01 -0.133316E+00
  0.887   2.950   0.717472E+04 -0.105164E+05
  0.887   2.950  -0.717493E+04  0.105163E+05
  0.900   2.971  -0.460171E-01 -0.126901E+00
  0.900   2.971   0.803125E+04 -0.994380E+04
  0.900   2.971  -0.803143E+04  0.994380E+04
  0.912   2.991   0.306031E+00 -0.586684E-01
  0.912   2.991   0.870581E+04 -0.925274E+04
  0.912   2.991  -0.870546E+04  0.925335E+04
  0.925   3.012   0.892106E+00 -0.218802E+01
  0.925   3.012   0.916775E+04 -0.858753E+04
  0.925   3.012  -0.916937E+04  0.858575E+04
  0.938   3.032   0.751751E+00  0.111222E-02
  0.938   3.032   0.948143E+04 -0.808061E+04
  0.938   3.032  -0.948143E+04  0.807992E+04
  0.950   3.052  -0.136562E+00 -0.361919E+00
  0.950   3.052   0.976565E+04 -0.781516E+04
  0.950   3.052  -0.976535E+04  0.781491E+04
  0.963   3.072   0.966020E+00  0.585176E+00
  0.963   3.072   0.101784E+05 -0.783337E+04
  0.963   3.072  -0.101783E+05  0.783235E+04
  0.975   3.092  -0.173568E+01 -0.103558E+01
  0.975   3.092   0.109147E+05 -0.809605E+04
  0.975   3.092  -0.109148E+05  0.809548E+04
  0.988   3.112  -0.158223E+00 -0.202529E+00
  0.988   3.112   0.121900E+05 -0.846918E+04
  0.988   3.112  -0.121896E+05  0.846883E+04
  1.000   3.132   0.207103E+01  0.172746E+00
  1.000   3.132   0.139942E+05 -0.878274E+04
  1.000   3.132  -0.139928E+05  0.878125E+04
  1.012   3.151   0.253468E-02 -0.111246E-01
  1.012   3.151   0.167868E+05 -0.842262E+04
  1.012   3.151  -0.167844E+05  0.842092E+04
  1.025   3.170   0.807345E+00 -0.496204E+00
  1.025   3.170   0.201103E+05 -0.694426E+04
  1.025   3.170  -0.201114E+05  0.694486E+04
  1.038   3.190   0.761590E+00  0.156058E+01
  1.038   3.190   0.233875E+05 -0.397968E+04
  1.038   3.190  -0.233866E+05  0.397971E+04
  1.050   3.209   0.661711E+00  0.994007E+00
  1.050   3.209   0.258297E+05  0.438095E+03
  1.050   3.209  -0.258286E+05 -0.440595E+03
  1.062   3.228   0.694031E+00 -0.159683E+00
  1.062   3.228   0.267777E+05  0.581146E+04
  1.062   3.228  -0.267800E+05 -0.580828E+04
  1.075   3.247   0.722794E-01  0.189742E+01
  1.075   3.247   0.260001E+05  0.113685E+05
  1.075   3.247  -0.260020E+05 -0.113680E+05
  1.087   3.266  -0.544135E+00  0.578907E+00
  1.087   3.266   0.236789E+05  0.164321E+05
  1.087   3.266  -0.236785E+05 -0.164345E+05
  1.100   3.284  -0.274179E+00  0.930318E-01
  1.100   3.284   0.202278E+05  0.205797E+05
  1.100   3.284  -0.202277E+05 -0.205818E+05
  1.113   3.303  -0.148120E+01 -0.337044E+00
  1.113   3.303   0.160902E+05  0.236559E+05
  1.113   3.303  -0.160888E+05 -0.236565E+05
  1.125   3.322   0.175799E+00 -0.284325E+01
  1.125   3.322   0.116315E+05  0.256710E+05
  1.125   3.322  -0.116270E+05 -0.256726E+05
  1.137   3.340  -0.106991E+01 -0.525102E+00
  1.137   3.340   0.710541E+04  0.267250E+05
  1.137   3.340  -0.710495E+04 -0.267285E+05
  1.150   3.358  -0.194250E+01 -0.140891E+02
  1.150   3.358   0.269832E+04  0.269497E+05
  1.150   3.358  -0.269073E+04 -0.269474E+05
  1.163   3.376   0.284995E+00 -0.559161E+00
  1.163   3.376  -0.149569E+04  0.264269E+05
  1.163   3.376   0.149777E+04 -0.264274E+05
  1.175   3.395   0.140174E+00  0.725634E+00
  1.175   3.395  -0.539100E+04  0.252938E+05
  1.175   3.395   0.539035E+04 -0.252924E+05
  1.188   3.413   0.245947E+01 -0.186567E+01
  1.188   3.413  -0.894217E+04  0.236258E+05
  1.188   3.413   0.894191E+04 -0.236287E+05
  1.200   3.430   0.141042E+01 -0.447380E+00
  1.200   3.430  -0.120966E+05  0.214872E+05
  1.200   3.430   0.120957E+05 -0.214871E+05
  1.213   3.448  -0.211480E+01  0.139551E+01
  1.213   3.448  -0.148063E+05  0.189302E+05
  1.213   3.448   0.148054E+05 -0.189303E+05
  1.225   3.466   0.811505E+00 -0.326818E+01
  1.225   3.466  -0.169914E+05  0.160225E+05
  1.225   3.466   0.169933E+05 -0.160226E+05
  1.238   3.484  -0.158162E+01  0.319051E+01
  1.238   3.484  -0.185419E+05  0.128668E+05
  1.238   3.484   0.185422E+05 -0.128643E+05
  1.250   3.501   0.368590E+01 -0.158621E+01
  1.250   3.501  -0.192603E+05  0.967245E+04
  1.250   3.501   0.192629E+05 -0.967465E+04
