  0.000   0.000   0.000000E+00  0.000000E+00
  0.000   0.000   0.000000E+00  0.000000E+00
  0.000   0.000   0.000000E+00  0.000000E+00
 -1.000  -1.000            NaN           NaN
 -1.000  -1.000            NaN           NaN
 -1.000  -1.000            NaN           NaN
  0.013   0.333   0.318110E+06  0.472246E+05
  0.013   0.333   0.334758E+06  0.272653E+04
  0.013   0.333   0.334758E+06  0.272656E+04
  0.025   0.494   0.563740E+06  0.181329E+06
  0.025   0.494   0.618103E+06  0.813282E+04
  0.025   0.494   0.618103E+06  0.813264E+04
  0.038   0.606   0.730985E+06  0.380995E+06
  0.038   0.606   0.858621E+06  0.184494E+05
  0.038   0.606   0.858622E+06  0.184490E+05
  0.050   0.700   0.812187E+06  0.622186E+06
  0.050   0.700   0.105742E+07  0.336366E+05
  0.050   0.700   0.105742E+07  0.336366E+05
  0.062   0.783   0.803871E+06  0.880161E+06
  0.062   0.783   0.121601E+07  0.495775E+05
  0.062   0.783   0.121601E+07  0.495775E+05
  0.075   0.858   0.708105E+06  0.113009E+07
  0.075   0.858   0.133928E+07  0.601470E+05
  0.075   0.858   0.133928E+07  0.601470E+05
  0.088   0.926   0.533782E+06  0.135238E+07
  0.088   0.926   0.143981E+07  0.609871E+05
  0.088   0.926   0.143981E+07  0.609866E+05
  0.100   0.990   0.290626E+06  0.152907E+07
  0.100   0.990   0.153040E+07  0.529447E+05
  0.100   0.990   0.153040E+07  0.529446E+05
  0.113   1.050  -0.108037E+05  0.164120E+07
  0.113   1.050   0.162051E+07  0.438763E+05
  0.113   1.050   0.162051E+07  0.438763E+05
  0.125   1.107  -0.357084E+06  0.167383E+07
  0.125   1.107   0.172050E+07  0.486149E+05
  0.125   1.107   0.172050E+07  0.486144E+05
  0.138   1.161  -0.725174E+06  0.159968E+07
  0.138   1.161   0.182165E+07  0.858373E+05
  0.138   1.161   0.182165E+07  0.858373E+05
  0.150   1.213  -0.107524E+07  0.140737E+07
  0.150   1.213   0.191223E+07  0.171123E+06
  0.150   1.213   0.191223E+07  0.171121E+06
  0.163   1.262  -0.134464E+07  0.110103E+07
  0.163   1.262   0.195518E+07  0.302264E+06
  0.163   1.262   0.195518E+07  0.302265E+06
  0.175   1.310  -0.148641E+07  0.735805E+06
  0.175   1.310   0.192760E+07  0.452115E+06
  0.175   1.310   0.192760E+07  0.452114E+06
  0.188   1.356  -0.150255E+07  0.383313E+06
  0.188   1.356   0.183226E+07  0.582868E+06
  0.188   1.356   0.183226E+07  0.582867E+06
  0.200   1.400  -0.143488E+07  0.871520E+05
  0.200   1.400   0.169400E+07  0.670562E+06
  0.200   1.400   0.169400E+07  0.670563E+06
  0.213   1.444  -0.132378E+07 -0.146619E+06
  0.213   1.444   0.153645E+07  0.709951E+06
  0.213   1.444   0.153645E+07  0.709954E+06
  0.225   1.485  -0.119675E+07 -0.328872E+06
  0.225   1.485   0.137927E+07  0.707416E+06
  0.225   1.485   0.137927E+07  0.707414E+06
  0.238   1.526  -0.106598E+07 -0.473716E+06
  0.238   1.526   0.123354E+07  0.671861E+06
  0.238   1.526   0.123354E+07  0.671863E+06
  0.250   1.566  -0.934664E+06 -0.592326E+06
  0.250   1.566   0.110514E+07  0.611468E+06
  0.250   1.566   0.110514E+07  0.611466E+06
  0.263   1.604  -0.801521E+06 -0.691945E+06
  0.263   1.604   0.997413E+06  0.532953E+06
  0.263   1.604   0.997413E+06  0.532953E+06
  0.275   1.642  -0.663575E+06 -0.776454E+06
  0.275   1.642   0.913424E+06  0.442230E+06
  0.275   1.642   0.913421E+06  0.442233E+06
  0.288   1.679  -0.516337E+06 -0.845529E+06
  0.288   1.679   0.855441E+06  0.345225E+06
  0.288   1.679   0.855442E+06  0.345225E+06
  0.300   1.715  -0.356498E+06 -0.895155E+06
  0.300   1.715   0.825959E+06  0.249326E+06
  0.300   1.715   0.825959E+06  0.249326E+06
  0.313   1.751  -0.183702E+06 -0.917489E+06
  0.313   1.751   0.825679E+06  0.164343E+06
  0.313   1.751   0.825681E+06  0.164339E+06
  0.325   1.785  -0.378775E+04 -0.901929E+06
  0.325   1.785   0.850015E+06  0.101997E+06
  0.325   1.785   0.850017E+06  0.101996E+06
  0.338   1.819   0.169433E+06 -0.841914E+06
  0.338   1.819   0.888253E+06  0.724862E+05
  0.338   1.819   0.888255E+06  0.724844E+05
  0.350   1.853   0.317218E+06 -0.739262E+06
  0.350   1.853   0.923004E+06  0.786295E+05
  0.350   1.853   0.923005E+06  0.786308E+05
  0.363   1.885   0.424279E+06 -0.607558E+06
  0.363   1.885   0.938162E+06  0.112571E+06
  0.363   1.885   0.938163E+06  0.112572E+06
  0.375   1.918   0.485668E+06 -0.465972E+06
  0.375   1.918   0.925583E+06  0.159120E+06
  0.375   1.918   0.925585E+06  0.159118E+06
  0.388   1.949   0.506568E+06 -0.331020E+06
  0.388   1.949   0.886970E+06  0.203194E+06
  0.388   1.949   0.886971E+06  0.203193E+06
  0.400   1.981   0.496966E+06 -0.212472E+06
  0.400   1.981   0.830209E+06  0.234985E+06
  0.400   1.981   0.830204E+06  0.234991E+06
  0.413   2.011   0.466800E+06 -0.114196E+06
  0.413   2.011   0.764604E+06  0.250668E+06
  0.413   2.011   0.764602E+06  0.250667E+06
  0.425   2.042   0.424229E+06 -0.367262E+05
  0.425   2.042   0.698260E+06  0.250828E+06
  0.425   2.042   0.698259E+06  0.250833E+06
  0.438   2.071   0.375654E+06  0.209920E+05
  0.438   2.071   0.636896E+06  0.238621E+06
  0.438   2.071   0.636898E+06  0.238618E+06
  0.450   2.101   0.326374E+06  0.612743E+05
  0.450   2.101   0.583859E+06  0.218573E+06
  0.450   2.101   0.583821E+06  0.218622E+06
  0.463   2.130   0.280348E+06  0.871852E+05
  0.463   2.130   0.539714E+06  0.194947E+06
  0.463   2.130   0.539716E+06  0.194945E+06
  0.475   2.158   0.239720E+06  0.102682E+06
  0.475   2.158   0.503544E+06  0.171516E+06
  0.475   2.158   0.503549E+06  0.171513E+06
  0.488   2.186   0.205118E+06  0.111196E+06
  0.488   2.186   0.473217E+06  0.150272E+06
  0.488   2.186   0.473212E+06  0.150271E+06
  0.500   2.214   0.176042E+06  0.115339E+06
  0.500   2.214   0.446541E+06  0.131909E+06
  0.500   2.214   0.446539E+06  0.131950E+06
  0.512   2.242   0.151713E+06  0.116804E+06
  0.512   2.242   0.421898E+06  0.116194E+06
  0.512   2.242   0.421896E+06  0.116195E+06
  0.525   2.269   0.131308E+06  0.116495E+06
  0.525   2.269   0.398220E+06  0.102418E+06
  0.525   2.269   0.398224E+06  0.102417E+06
  0.537   2.296   0.114362E+06  0.115051E+06
  0.537   2.296   0.375022E+06  0.898326E+05
  0.537   2.296   0.375022E+06  0.898325E+05
  0.550   2.322   0.100594E+06  0.113003E+06
  0.550   2.322   0.352144E+06  0.777813E+05
  0.550   2.322   0.352145E+06  0.777808E+05
  0.562   2.349   0.898169E+05  0.110941E+06
  0.562   2.349   0.329643E+06  0.657425E+05
  0.562   2.349   0.329643E+06  0.657385E+05
  0.575   2.375   0.817923E+05  0.109570E+06
  0.575   2.375   0.307703E+06  0.533211E+05
  0.575   2.375   0.307703E+06  0.533150E+05
  0.588   2.400   0.761608E+05  0.109682E+06
  0.588   2.400   0.286543E+06  0.401983E+05
  0.588   2.400   0.286543E+06  0.401963E+05
  0.600   2.426   0.723186E+05  0.112059E+06
  0.600   2.426   0.266471E+06  0.261397E+05
  0.600   2.426   0.266467E+06  0.261407E+05
  0.613   2.451   0.695362E+05  0.117611E+06
  0.613   2.451   0.247806E+06  0.108984E+05
  0.613   2.451   0.247802E+06  0.109000E+05
  0.625   2.476   0.664070E+05  0.127199E+06
  0.625   2.476   0.231093E+06 -0.575723E+04
  0.625   2.476   0.231098E+06 -0.575789E+04
  0.637   2.500   0.610553E+05  0.141560E+06
  0.637   2.500   0.217128E+06 -0.240406E+05
  0.637   2.500   0.217122E+06 -0.240397E+05
  0.650   2.525   0.504145E+05  0.160852E+06
  0.650   2.525   0.207190E+06 -0.438941E+05
  0.650   2.525   0.207190E+06 -0.438975E+05
  0.662   2.549   0.300920E+05  0.183561E+06
  0.662   2.549   0.203213E+06 -0.644705E+05
  0.662   2.549   0.203213E+06 -0.644823E+05
  0.675   2.573  -0.453583E+04  0.204236E+06
  0.675   2.573   0.207229E+06 -0.830617E+05
  0.675   2.573   0.207226E+06 -0.830652E+05
  0.688   2.597  -0.540613E+05  0.212224E+06
  0.688   2.597   0.219254E+06 -0.943999E+05
  0.688   2.597   0.219259E+06 -0.943989E+05
  0.700   2.620  -0.108823E+06  0.196692E+06
  0.700   2.620   0.234214E+06 -0.932355E+05
  0.700   2.620   0.234214E+06 -0.932352E+05
  0.713   2.643  -0.151833E+06  0.158198E+06
  0.713   2.643   0.243445E+06 -0.801053E+05
  0.713   2.643   0.243445E+06 -0.801011E+05
  0.725   2.666  -0.173309E+06  0.110057E+06
  0.725   2.666   0.241958E+06 -0.618594E+05
  0.725   2.666   0.241958E+06 -0.618628E+05
  0.738   2.689  -0.176284E+06  0.653645E+05
  0.738   2.689   0.231282E+06 -0.454184E+05
  0.738   2.689   0.231280E+06 -0.454168E+05
  0.750   2.712  -0.168748E+06  0.292597E+05
  0.750   2.712   0.215485E+06 -0.336023E+05
  0.750   2.712   0.215485E+06 -0.336035E+05
  0.762   2.735  -0.156926E+06  0.110873E+04
  0.762   2.735   0.197815E+06 -0.264896E+05
  0.762   2.735   0.197814E+06 -0.264875E+05
  0.775   2.757  -0.144124E+06 -0.219774E+05
  0.775   2.757   0.180140E+06 -0.232329E+05
  0.775   2.757   0.180139E+06 -0.232356E+05
  0.787   2.779  -0.131642E+06 -0.444018E+05
  0.787   2.779   0.163512E+06 -0.232336E+05
  0.787   2.779   0.163512E+06 -0.232379E+05
  0.800   2.801  -0.120746E+06 -0.797295E+05
  0.800   2.801   0.149288E+06 -0.273132E+05
  0.800   2.801   0.149288E+06 -0.273180E+05
  0.812   2.823  -0.352235E+06  0.271532E+05
  0.812   2.823   0.575971E+05 -0.115645E+06
  0.812   2.823   0.575995E+05 -0.115750E+06
  0.825   2.844  -0.116028E+06 -0.187269E+05
  0.825   2.844   0.104818E+06 -0.202947E+05
  0.825   2.844   0.104818E+06 -0.202939E+05
  0.838   2.866  -0.988172E+05 -0.441729E+05
  0.838   2.866   0.959678E+05 -0.283434E+05
  0.838   2.866   0.959615E+05 -0.283448E+05
  0.850   2.887  -0.864375E+05 -0.578127E+05
  0.850   2.887   0.853071E+05 -0.354036E+05
  0.850   2.887   0.853072E+05 -0.354044E+05
  0.863   2.908  -0.748172E+05 -0.671862E+05
  0.863   2.908   0.755008E+05 -0.426473E+05
  0.863   2.908   0.755016E+05 -0.426452E+05
  0.875   2.929  -0.634158E+05 -0.739895E+05
  0.875   2.929   0.671580E+05 -0.500463E+05
  0.875   2.929   0.671550E+05 -0.500572E+05
  0.887   2.950  -0.522937E+05 -0.787986E+05
  0.887   2.950   0.603563E+05 -0.573612E+05
  0.887   2.950   0.603534E+05 -0.573617E+05
  0.900   2.971  -0.416376E+05 -0.820666E+05
  0.900   2.971   0.550676E+05 -0.642992E+05
  0.900   2.971   0.550684E+05 -0.642992E+05
  0.912   2.991  -0.315512E+05 -0.842340E+05
  0.912   2.991   0.511216E+05 -0.706774E+05
  0.912   2.991   0.511212E+05 -0.706853E+05
  0.925   3.012  -0.219732E+05 -0.856984E+05
  0.925   3.012   0.483221E+05 -0.764000E+05
  0.925   3.012   0.483206E+05 -0.764033E+05
  0.938   3.032  -0.127037E+05 -0.867872E+05
  0.938   3.032   0.465420E+05 -0.814424E+05
  0.938   3.032   0.465416E+05 -0.814428E+05
  0.950   3.052  -0.342822E+04 -0.876912E+05
  0.950   3.052   0.457407E+05 -0.857957E+05
  0.950   3.052   0.457397E+05 -0.857950E+05
  0.963   3.072   0.631455E+04 -0.884422E+05
  0.963   3.072   0.459461E+05 -0.893912E+05
  0.963   3.072   0.459439E+05 -0.893917E+05
  0.975   3.092   0.169984E+05 -0.888017E+05
  0.975   3.092   0.472166E+05 -0.920608E+05
  0.975   3.092   0.472183E+05 -0.920628E+05
  0.988   3.112   0.290641E+05 -0.882131E+05
  0.988   3.112   0.495807E+05 -0.934661E+05
  0.988   3.112   0.495793E+05 -0.934703E+05
  1.000   3.132   0.431217E+05 -0.863784E+05
  1.000   3.132   0.531096E+05 -0.938587E+05
  1.000   3.132   0.531094E+05 -0.938583E+05
  1.012   3.151   0.580409E+05 -0.806663E+05
  1.012   3.151   0.569345E+05 -0.912477E+05
  1.012   3.151   0.569353E+05 -0.912518E+05
  1.025   3.170   0.728689E+05 -0.706152E+05
  1.025   3.170   0.602394E+05 -0.860000E+05
  1.025   3.170   0.602392E+05 -0.859988E+05
  1.038   3.190   0.854950E+05 -0.558266E+05
  1.038   3.190   0.619258E+05 -0.782941E+05
  1.038   3.190   0.619254E+05 -0.782924E+05
  1.050   3.209   0.936271E+05 -0.374231E+05
  1.050   3.209   0.609426E+05 -0.690698E+05
  1.050   3.209   0.609399E+05 -0.690693E+05
  1.062   3.228   0.959297E+05 -0.176398E+05
  1.062   3.228   0.568903E+05 -0.597366E+05
  1.062   3.228   0.568902E+05 -0.597363E+05
  1.075   3.247   0.926819E+05  0.924490E+03
  1.075   3.247   0.503105E+05 -0.516186E+05
  1.075   3.247   0.503095E+05 -0.516180E+05
  1.087   3.266   0.852805E+05  0.164688E+05
  1.087   3.266   0.421163E+05 -0.454581E+05
  1.087   3.266   0.421159E+05 -0.454570E+05
  1.100   3.284   0.755061E+05  0.282696E+05
  1.100   3.284   0.333497E+05 -0.414447E+05
  1.100   3.284   0.333491E+05 -0.414447E+05
  1.113   3.303   0.647855E+05  0.367886E+05
  1.113   3.303   0.251505E+05 -0.393279E+05
  1.113   3.303   0.251496E+05 -0.393284E+05
  1.125   3.322   0.545109E+05  0.416251E+05
  1.125   3.322   0.169811E+05 -0.386894E+05
  1.125   3.322   0.169804E+05 -0.386895E+05
  1.137   3.340   0.449826E+05  0.444654E+05
  1.137   3.340   0.101244E+05 -0.391033E+05
  1.137   3.340   0.101233E+05 -0.391031E+05
  1.150   3.358   0.365550E+05  0.457127E+05
  1.150   3.358   0.443728E+04 -0.402079E+05
  1.150   3.358   0.444006E+04 -0.401964E+05
  1.163   3.376   0.292449E+05  0.457630E+05
  1.163   3.376  -0.356764E+03 -0.415055E+05
  1.163   3.376  -0.355995E+03 -0.415059E+05
  1.175   3.395   0.229787E+05  0.452015E+05
  1.175   3.395  -0.406641E+04 -0.429106E+05
  1.175   3.395  -0.406520E+04 -0.429102E+05
  1.188   3.413   0.176274E+05  0.443087E+05
  1.188   3.413  -0.690402E+04 -0.441442E+05
  1.188   3.413  -0.689880E+04 -0.441462E+05
  1.200   3.430   0.128598E+05  0.431654E+05
  1.200   3.430  -0.884492E+04 -0.450523E+05
  1.200   3.430  -0.884403E+04 -0.450495E+05
  1.213   3.448   0.864083E+04  0.418408E+05
  1.213   3.448  -0.101537E+05 -0.453946E+05
  1.213   3.448  -0.101514E+05 -0.453958E+05
  1.225   3.466   0.473640E+04  0.402782E+05
  1.225   3.466  -0.107961E+05 -0.450176E+05
  1.225   3.466  -0.108009E+05 -0.450193E+05
  1.238   3.484   0.949906E+03  0.381742E+05
  1.238   3.484  -0.107805E+05 -0.436022E+05
  1.238   3.484  -0.107815E+05 -0.435950E+05
  1.250   3.501  -0.275740E+04  0.348022E+05
  1.250   3.501  -0.100559E+05 -0.403358E+05
  1.250   3.501  -0.100604E+05 -0.403491E+05
