  0.000   0.000   0.000000E+00  0.000000E+00
  0.000   0.000   0.000000E+00  0.000000E+00
  0.000   0.000   0.000000E+00  0.000000E+00
 -1.000  -1.000            NaN           NaN
 -1.000  -1.000            NaN           NaN
 -1.000  -1.000            NaN           NaN
  0.013   0.333   0.256201E-01  0.343766E-02
  0.013   0.333  -0.766660E+04  0.480214E+04
  0.013   0.333   0.766655E+04 -0.480214E+04
  0.025   0.494   0.482471E-01  0.158118E-01
  0.025   0.494  -0.166798E+05  0.103150E+05
  0.025   0.494   0.166797E+05 -0.103150E+05
  0.038   0.606  -0.232404E+00 -0.130549E+00
  0.038   0.606  -0.282456E+05  0.142087E+05
  0.038   0.606   0.282461E+05 -0.142087E+05
  0.050   0.700  -0.781826E+00 -0.597539E+00
  0.050   0.700  -0.430722E+05  0.150700E+05
  0.050   0.700   0.430736E+05 -0.150699E+05
  0.062   0.783  -0.817219E+00 -0.948331E+00
  0.062   0.783  -0.606593E+05  0.104468E+05
  0.062   0.783   0.606619E+05 -0.104466E+05
  0.075   0.858   0.388807E+00  0.592850E+00
  0.075   0.858  -0.789030E+05 -0.223858E+04
  0.075   0.858   0.789003E+05  0.223845E+04
  0.088   0.926  -0.229564E+00 -0.766906E+00
  0.088   0.926  -0.938386E+05 -0.248945E+05
  0.088   0.926   0.938402E+05  0.248946E+05
  0.100   0.990   0.364147E-01  0.109061E+01
  0.100   0.990  -0.995261E+05 -0.575556E+05
  0.100   0.990   0.995234E+05  0.575553E+05
  0.113   1.050   0.261671E-02  0.468264E+00
  0.113   1.050  -0.885209E+05 -0.964312E+05
  0.113   1.050   0.885204E+05  0.964313E+05
  0.125   1.107  -0.114693E+01  0.244998E+01
  0.125   1.107  -0.542030E+05 -0.131611E+06
  0.125   1.107   0.541992E+05  0.131610E+06
  0.138   1.161  -0.167822E+00  0.279820E+00
  0.138   1.161   0.281024E+04 -0.145479E+06
  0.138   1.161  -0.281094E+04  0.145479E+06
  0.150   1.213   0.101258E+00 -0.297461E+00
  0.150   1.213   0.660150E+05 -0.119842E+06
  0.150   1.213  -0.660139E+05  0.119843E+06
  0.163   1.262  -0.320496E+01  0.524686E+00
  0.163   1.262   0.101975E+06 -0.539399E+05
  0.163   1.262  -0.101983E+06  0.539376E+05
  0.175   1.310  -0.309388E+01  0.261991E+00
  0.175   1.310   0.851558E+05  0.218011E+05
  0.175   1.310  -0.851612E+05 -0.218034E+05
  0.188   1.356  -0.163498E+01 -0.163662E-01
  0.188   1.356   0.246368E+05  0.669135E+05
  0.188   1.356  -0.246400E+05 -0.669146E+05
  0.200   1.400   0.294462E+01  0.121135E+01
  0.200   1.400  -0.457656E+05  0.650080E+05
  0.200   1.400   0.457686E+05 -0.650057E+05
  0.213   1.444  -0.135681E+01 -0.847500E+00
  0.213   1.444  -0.977624E+05  0.269046E+05
  0.213   1.444   0.977625E+05 -0.269041E+05
  0.225   1.485   0.163149E+01  0.132442E+01
  0.225   1.485  -0.121033E+06 -0.271518E+05
  0.225   1.485   0.121040E+06  0.271589E+05
  0.238   1.526   0.197855E+01  0.427083E+01
  0.238   1.526  -0.117997E+06 -0.811763E+05
  0.238   1.526   0.118005E+06  0.811879E+05
  0.250   1.566  -0.502556E-01  0.232938E-01
  0.250   1.566  -0.957119E+05 -0.126317E+06
  0.250   1.566   0.957114E+05  0.126318E+06
  0.263   1.604   0.327815E-01 -0.332908E+00
  0.263   1.604  -0.612888E+05 -0.158982E+06
  0.263   1.604   0.612904E+05  0.158984E+06
  0.275   1.642  -0.637920E-01  0.230308E+01
  0.275   1.642  -0.203324E+05 -0.178520E+06
  0.275   1.642   0.203349E+05  0.178523E+06
  0.288   1.679  -0.257874E+00  0.264219E+00
  0.288   1.679   0.231302E+05 -0.185451E+06
  0.288   1.679  -0.231301E+05  0.185450E+06
  0.300   1.715  -0.212664E+00  0.794781E+00
  0.300   1.715   0.660635E+05 -0.180603E+06
  0.300   1.715  -0.660634E+05  0.180602E+06
  0.313   1.751   0.529673E+00 -0.894591E+00
  0.313   1.751   0.105812E+06 -0.164890E+06
  0.313   1.751  -0.105813E+06  0.164889E+06
  0.325   1.785   0.437301E+00 -0.762472E+00
  0.325   1.785   0.139635E+06 -0.139633E+06
  0.325   1.785  -0.139636E+06  0.139633E+06
  0.338   1.819   0.759323E+00  0.377549E+00
  0.338   1.819   0.165037E+06 -0.107146E+06
  0.338   1.819  -0.165036E+06  0.107145E+06
  0.350   1.853  -0.156106E+01  0.227709E+00
  0.350   1.853   0.180519E+06 -0.708567E+05
  0.350   1.853  -0.180519E+06  0.708565E+05
  0.363   1.885   0.602101E+00 -0.495597E-01
  0.363   1.885   0.186440E+06 -0.343776E+05
  0.363   1.885  -0.186441E+06  0.343777E+05
  0.375   1.918   0.104003E+01  0.307869E+00
  0.375   1.918   0.184675E+06 -0.221054E+03
  0.375   1.918  -0.184676E+06  0.220188E+03
  0.388   1.949   0.797536E+00 -0.725615E-01
  0.388   1.949   0.177338E+06  0.307344E+05
  0.388   1.949  -0.177339E+06 -0.307356E+05
  0.400   1.981   0.516173E+00 -0.108874E+01
  0.400   1.981   0.165785E+06  0.586297E+05
  0.400   1.981  -0.165785E+06 -0.586275E+05
  0.413   2.011  -0.179949E-01  0.113317E+01
  0.413   2.011   0.150440E+06  0.836425E+05
  0.413   2.011  -0.150440E+06 -0.836406E+05
  0.425   2.042   0.225876E+00  0.899603E+00
  0.425   2.042   0.131335E+06  0.105416E+06
  0.425   2.042  -0.131336E+06 -0.105415E+06
  0.438   2.071   0.194430E+00  0.677958E+00
  0.438   2.071   0.108818E+06  0.123010E+06
  0.438   2.071  -0.108820E+06 -0.123011E+06
  0.450   2.101  -0.156604E+00  0.790872E+00
  0.450   2.101   0.839109E+05  0.135476E+06
  0.450   2.101  -0.839127E+05 -0.135481E+06
  0.463   2.130   0.637251E+00 -0.485122E+00
  0.463   2.130   0.580896E+05  0.142342E+06
  0.463   2.130  -0.580890E+05 -0.142343E+06
  0.475   2.158   0.915779E-01 -0.173907E+00
  0.475   2.158   0.330661E+05  0.143952E+06
  0.475   2.158  -0.330664E+05 -0.143951E+06
  0.488   2.186   0.140902E+00  0.746342E+00
  0.488   2.186   0.100010E+05  0.141258E+06
  0.488   2.186  -0.999953E+04 -0.141256E+06
  0.500   2.214  -0.585901E+00  0.301611E+00
  0.500   2.214  -0.105257E+05  0.135463E+06
  0.500   2.214   0.105302E+05 -0.135461E+06
  0.512   2.242  -0.312633E+00  0.431254E+00
  0.512   2.242  -0.285185E+05  0.127548E+06
  0.512   2.242   0.285158E+05 -0.127550E+06
  0.525   2.269   0.763793E-01 -0.157236E+00
  0.525   2.269  -0.442286E+05  0.118325E+06
  0.525   2.269   0.442317E+05 -0.118324E+06
  0.537   2.296  -0.622810E+00 -0.599435E+00
  0.537   2.296  -0.580948E+05  0.108215E+06
  0.537   2.296   0.580929E+05 -0.108213E+06
  0.550   2.322   0.270068E+00 -0.200967E+00
  0.550   2.322  -0.705091E+05  0.973789E+05
  0.550   2.322   0.705099E+05 -0.973785E+05
  0.562   2.349  -0.358670E+00 -0.617934E+00
  0.562   2.349  -0.818071E+05  0.857882E+05
  0.562   2.349   0.818116E+05 -0.857886E+05
  0.575   2.375  -0.367624E+00 -0.129127E+01
  0.575   2.375  -0.922199E+05  0.732395E+05
  0.575   2.375   0.922193E+05 -0.732402E+05
  0.588   2.400  -0.126035E+00 -0.478413E-01
  0.588   2.400  -0.101797E+06  0.593935E+05
  0.588   2.400   0.101798E+06 -0.593939E+05
  0.600   2.426  -0.231785E+00 -0.179979E+00
  0.600   2.426  -0.110448E+06  0.438425E+05
  0.600   2.426   0.110448E+06 -0.438426E+05
  0.613   2.451  -0.161289E-01 -0.318091E-01
  0.613   2.451  -0.117885E+06  0.260415E+05
  0.613   2.451   0.117884E+06 -0.260418E+05
  0.625   2.476  -0.148770E+01  0.169378E+01
  0.625   2.476  -0.123353E+06  0.533743E+04
  0.625   2.476   0.123351E+06 -0.533729E+04
  0.637   2.500   0.120643E-01 -0.558308E-01
  0.637   2.500  -0.125563E+06 -0.188738E+05
  0.637   2.500   0.125562E+06  0.188738E+05
  0.650   2.525  -0.246987E+00 -0.830180E-01
  0.650   2.525  -0.122204E+06 -0.468522E+05
  0.650   2.525   0.122204E+06  0.468516E+05
  0.662   2.549  -0.510864E+00 -0.176143E+00
  0.662   2.549  -0.109708E+06 -0.774277E+05
  0.662   2.549   0.109708E+06  0.774270E+05
  0.675   2.573   0.491709E+00  0.241100E+00
  0.675   2.573  -0.841476E+05 -0.106119E+06
  0.675   2.573   0.841471E+05  0.106119E+06
  0.688   2.597  -0.171455E+01 -0.198926E+01
  0.688   2.597  -0.449560E+05 -0.123875E+06
  0.688   2.597   0.449600E+05  0.123873E+06
  0.700   2.620  -0.100679E+00  0.543534E+00
  0.700   2.620  -0.347398E+03 -0.121361E+06
  0.700   2.620   0.345032E+03  0.121363E+06
  0.713   2.643  -0.619195E+00 -0.117057E+00
  0.713   2.643   0.351152E+05 -0.989528E+05
  0.713   2.643  -0.351132E+05  0.989535E+05
  0.725   2.666   0.112143E+01  0.194042E+00
  0.725   2.666   0.529460E+05 -0.680065E+05
  0.725   2.666  -0.529452E+05  0.680061E+05
  0.738   2.689   0.368882E+00 -0.298895E-01
  0.738   2.689   0.556602E+05 -0.397143E+05
  0.738   2.689  -0.556604E+05  0.397149E+05
  0.750   2.712  -0.853669E+00  0.476206E+00
  0.750   2.712   0.499689E+05 -0.185236E+05
  0.750   2.712  -0.499663E+05  0.185246E+05
  0.762   2.735   0.542354E-01 -0.124768E+00
  0.762   2.735   0.411535E+05 -0.403641E+04
  0.762   2.735  -0.411539E+05  0.403639E+04
  0.775   2.757  -0.120031E+00 -0.110694E+01
  0.775   2.757   0.320358E+05  0.588560E+04
  0.775   2.757  -0.320296E+05 -0.588538E+04
  0.787   2.779  -0.332424E+00  0.265641E+01
  0.787   2.779   0.239892E+05  0.143157E+05
  0.787   2.779  -0.239856E+05 -0.143132E+05
  0.800   2.801   0.864480E+00 -0.245163E+01
  0.800   2.801   0.190155E+05  0.301514E+05
  0.800   2.801  -0.190144E+05 -0.301533E+05
  0.812   2.823   0.521367E+02 -0.335732E+03
  0.812   2.823   0.152726E+06 -0.938230E+05
  0.812   2.823  -0.152607E+06  0.933178E+05
  0.825   2.844   0.253938E+00  0.104573E+01
  0.825   2.844   0.124740E+05 -0.240035E+05
  0.825   2.844  -0.124738E+05  0.240058E+05
  0.838   2.866  -0.561548E+01 -0.130289E+01
  0.838   2.866   0.787976E+04 -0.151215E+05
  0.838   2.866  -0.788539E+04  0.151201E+05
  0.850   2.887  -0.117456E+00 -0.240328E+01
  0.850   2.887   0.653039E+04 -0.131430E+05
  0.850   2.887  -0.652973E+04  0.131427E+05
  0.863   2.908   0.363280E+00  0.781786E+00
  0.863   2.908   0.653792E+04 -0.126726E+05
  0.863   2.908  -0.653786E+04  0.126745E+05
  0.875   2.929  -0.530070E+00 -0.961828E+00
  0.875   2.929   0.722645E+04 -0.123417E+05
  0.875   2.929  -0.722294E+04  0.123450E+05
  0.887   2.950   0.294266E+00 -0.291929E+00
  0.887   2.950   0.814582E+04 -0.117798E+05
  0.887   2.950  -0.814686E+04  0.117787E+05
  0.900   2.971  -0.495199E-01 -0.312819E+00
  0.900   2.971   0.898958E+04 -0.109738E+05
  0.900   2.971  -0.899001E+04  0.109736E+05
  0.912   2.991   0.102523E+01  0.264541E+00
  0.912   2.991   0.960990E+04 -0.100610E+05
  0.912   2.991  -0.960903E+04  0.100624E+05
  0.925   3.012   0.311006E-01 -0.247109E+01
  0.925   3.012   0.998130E+04 -0.919886E+04
  0.925   3.012  -0.998335E+04  0.919639E+04
  0.938   3.032   0.155782E+01  0.379937E+00
  0.938   3.032   0.101840E+05 -0.852939E+04
  0.938   3.032  -0.101835E+05  0.852833E+04
  0.950   3.052   0.104615E+00  0.402533E-01
  0.950   3.052   0.103499E+05 -0.813182E+04
  0.950   3.052  -0.103486E+05  0.813217E+04
  0.963   3.072   0.223890E+01  0.222393E+01
  0.963   3.072   0.106432E+05 -0.804144E+04
  0.963   3.072  -0.106423E+05  0.803870E+04
  0.975   3.092  -0.272582E+01 -0.223066E+01
  0.975   3.092   0.112617E+05 -0.820508E+04
  0.975   3.092  -0.112614E+05  0.820352E+04
  0.988   3.112  -0.824867E+00 -0.972900E+00
  0.988   3.112   0.124118E+05 -0.847720E+04
  0.988   3.112  -0.124106E+05  0.847719E+04
  1.000   3.132   0.299294E+01  0.158530E+01
  1.000   3.132   0.140671E+05 -0.868389E+04
  1.000   3.132  -0.140643E+05  0.868358E+04
  1.012   3.151  -0.106739E+00  0.467136E+00
  1.012   3.151   0.166562E+05 -0.822072E+04
  1.012   3.151  -0.166489E+05  0.821676E+04
  1.025   3.170   0.101919E+01 -0.802760E+00
  1.025   3.170   0.197013E+05 -0.667262E+04
  1.025   3.170  -0.197041E+05  0.667278E+04
  1.038   3.190   0.315889E+01  0.595233E+01
  1.038   3.190   0.226339E+05 -0.372199E+04
  1.038   3.190  -0.226307E+05  0.372200E+04
  1.050   3.209  -0.836804E+00  0.170933E+01
  1.050   3.209   0.246989E+05  0.545795E+03
  1.050   3.209  -0.246984E+05 -0.547545E+03
  1.062   3.228   0.105675E+01 -0.455617E+00
  1.062   3.228   0.253015E+05  0.561524E+04
  1.062   3.228  -0.253045E+05 -0.561251E+04
  1.075   3.247  -0.521558E+00  0.296908E+01
  1.075   3.247   0.242781E+05  0.107412E+05
  1.075   3.247  -0.242803E+05 -0.107421E+05
  1.087   3.266  -0.112327E+01  0.197897E+01
  1.087   3.266   0.218530E+05  0.152972E+05
  1.087   3.266  -0.218536E+05 -0.153001E+05
  1.100   3.284  -0.635247E+00  0.319802E+00
  1.100   3.284   0.184485E+05  0.189118E+05
  1.100   3.284  -0.184480E+05 -0.189140E+05
  1.113   3.303  -0.171689E+01  0.759419E-01
  1.113   3.303   0.145007E+05  0.214766E+05
  1.113   3.303  -0.144988E+05 -0.214764E+05
  1.125   3.322   0.196162E+01 -0.540230E+01
  1.125   3.322   0.103516E+05  0.230374E+05
  1.125   3.322  -0.103433E+05 -0.230394E+05
  1.137   3.340  -0.196993E+01 -0.115438E+01
  1.137   3.340   0.623098E+04  0.237168E+05
  1.137   3.340  -0.623094E+04 -0.237220E+05
  1.150   3.358   0.466089E+01 -0.199232E+02
  1.150   3.358   0.230563E+04  0.236523E+05
  1.150   3.358  -0.229467E+04 -0.236463E+05
  1.163   3.376   0.528008E+00 -0.704871E+00
  1.163   3.376  -0.135556E+04  0.229432E+05
  1.163   3.376   0.135798E+04 -0.229440E+05
  1.175   3.395  -0.447521E+00  0.822574E+00
  1.175   3.395  -0.468204E+04  0.217184E+05
  1.175   3.395   0.468004E+04 -0.217173E+05
  1.188   3.413   0.352826E+01 -0.147787E+01
  1.188   3.413  -0.764807E+04  0.200692E+05
  1.188   3.413   0.764550E+04 -0.200714E+05
  1.200   3.430   0.443172E+01  0.121927E+00
  1.200   3.430  -0.102233E+05  0.180679E+05
  1.200   3.430   0.102202E+05 -0.180675E+05
  1.213   3.448  -0.433379E+01  0.173482E+01
  1.213   3.448  -0.123633E+05  0.157446E+05
  1.213   3.448   0.123665E+05 -0.157462E+05
  1.225   3.466   0.159277E+01 -0.500438E+01
  1.225   3.466  -0.140385E+05  0.131859E+05
  1.225   3.466   0.140440E+05 -0.131846E+05
  1.238   3.484  -0.202956E+01  0.311207E+01
  1.238   3.484  -0.151631E+05  0.104727E+05
  1.238   3.484   0.151638E+05 -0.104696E+05
  1.250   3.501   0.424094E+01  0.529804E+00
  1.250   3.501  -0.155841E+05  0.778145E+04
  1.250   3.501   0.155888E+05 -0.778061E+04
