  0.000   0.000   0.000000E+00  0.000000E+00
  0.000   0.000   0.000000E+00  0.000000E+00
  0.000   0.000   0.000000E+00  0.000000E+00
 -1.000  -1.000            NaN           NaN
 -1.000  -1.000            NaN           NaN
 -1.000  -1.000            NaN           NaN
  0.013   0.333  -0.225487E-08 -0.363240E-08
  0.013   0.333   0.105812E-03  0.541296E-06
  0.013   0.333  -0.105800E-03 -0.550763E-06
  0.025   0.494   0.135766E-08 -0.208762E-08
  0.025   0.494   0.204995E-03  0.102961E-04
  0.025   0.494  -0.204984E-03 -0.103104E-04
  0.038   0.606  -0.425349E-07  0.878031E-07
  0.038   0.606   0.296785E-03  0.303569E-04
  0.038   0.606  -0.296984E-03 -0.302648E-04
  0.050   0.700  -0.698643E-07  0.788964E-07
  0.050   0.700   0.379512E-03  0.592688E-04
  0.050   0.700  -0.379970E-03 -0.591072E-04
  0.062   0.783  -0.259593E-06  0.251335E-06
  0.062   0.783   0.452719E-03  0.944183E-04
  0.062   0.783  -0.452840E-03 -0.945041E-04
  0.075   0.858   0.186008E-06 -0.118785E-06
  0.075   0.858   0.515382E-03  0.132271E-03
  0.075   0.858  -0.515250E-03 -0.132464E-03
  0.088   0.926   0.329574E-06 -0.121330E-06
  0.088   0.926   0.571228E-03  0.169179E-03
  0.088   0.926  -0.571026E-03 -0.169217E-03
  0.100   0.990   0.545631E-06 -0.707967E-07
  0.100   0.990   0.624661E-03  0.202868E-03
  0.100   0.990  -0.624284E-03 -0.202255E-03
  0.113   1.050  -0.252777E-06 -0.146714E-07
  0.113   1.050   0.682587E-03  0.232719E-03
  0.113   1.050  -0.682467E-03 -0.233449E-03
  0.125   1.107   0.539992E-06  0.903366E-07
  0.125   1.107   0.756129E-03  0.266997E-03
  0.125   1.107  -0.756448E-03 -0.266573E-03
  0.138   1.161   0.678044E-07  0.293456E-08
  0.138   1.161   0.844413E-03  0.315160E-03
  0.138   1.161  -0.844689E-03 -0.314779E-03
  0.150   1.213  -0.165684E-06 -0.727076E-07
  0.150   1.213   0.952312E-03  0.396452E-03
  0.150   1.213  -0.952332E-03 -0.396515E-03
  0.163   1.262  -0.135397E-05 -0.107738E-05
  0.163   1.262   0.105134E-02  0.525000E-03
  0.163   1.262  -0.105135E-02 -0.527407E-03
  0.175   1.310   0.916222E-07  0.141283E-06
  0.175   1.310   0.113544E-02  0.707866E-03
  0.175   1.310  -0.113532E-02 -0.707863E-03
  0.188   1.356  -0.280846E-06  0.335809E-07
  0.188   1.356   0.116536E-02  0.932793E-03
  0.188   1.356  -0.116918E-02 -0.926994E-03
  0.200   1.400  -0.810095E-06 -0.116367E-05
  0.200   1.400   0.113385E-02  0.117054E-02
  0.200   1.400  -0.113624E-02 -0.116722E-02
  0.213   1.444   0.434593E-06  0.138028E-05
  0.213   1.444   0.103750E-02  0.141028E-02
  0.213   1.444  -0.103806E-02 -0.141217E-02
  0.225   1.485  -0.713435E-06 -0.304125E-05
  0.225   1.485   0.877568E-03  0.164516E-02
  0.225   1.485  -0.879284E-03 -0.164410E-02
  0.238   1.526  -0.186857E-07 -0.980440E-06
  0.238   1.526   0.646368E-03  0.184869E-02
  0.238   1.526  -0.650048E-03 -0.184614E-02
  0.250   1.566   0.847252E-07 -0.340120E-06
  0.250   1.566   0.349840E-03  0.200091E-02
  0.250   1.566  -0.351151E-03 -0.200044E-02
  0.263   1.604   0.595303E-06 -0.123136E-05
  0.263   1.604  -0.944378E-05  0.207714E-02
  0.263   1.604   0.750536E-05 -0.207393E-02
  0.275   1.642  -0.679764E-08 -0.766756E-07
  0.275   1.642  -0.411906E-03  0.204079E-02
  0.275   1.642   0.409779E-03 -0.204273E-02
  0.288   1.679   0.332704E-06 -0.969032E-07
  0.288   1.679  -0.819760E-03  0.187087E-02
  0.288   1.679   0.817241E-03 -0.187045E-02
  0.300   1.715  -0.154787E-06  0.264161E-06
  0.300   1.715  -0.117741E-02  0.153860E-02
  0.300   1.715   0.117756E-02 -0.153871E-02
  0.313   1.751  -0.508001E-07 -0.202278E-06
  0.313   1.751  -0.140553E-02  0.105330E-02
  0.313   1.751   0.140641E-02 -0.105310E-02
  0.325   1.785   0.415056E-06 -0.167771E-07
  0.325   1.785  -0.141962E-02  0.469279E-03
  0.325   1.785   0.141917E-02 -0.465157E-03
  0.338   1.819   0.732020E-06 -0.117540E-05
  0.338   1.819  -0.115701E-02 -0.110033E-03
  0.338   1.819   0.115862E-02  0.111542E-03
  0.350   1.853   0.378068E-06 -0.263338E-06
  0.350   1.853  -0.635510E-03 -0.538177E-03
  0.350   1.853   0.636087E-03  0.538256E-03
  0.363   1.885  -0.128148E-05 -0.301005E-06
  0.363   1.885   0.556757E-04 -0.694148E-03
  0.363   1.885  -0.549950E-04  0.696856E-03
  0.375   1.918   0.121933E-06 -0.103726E-05
  0.375   1.918   0.775106E-03 -0.532761E-03
  0.375   1.918  -0.773435E-03  0.531213E-03
  0.388   1.949  -0.443798E-06  0.393604E-06
  0.388   1.949   0.138580E-02 -0.702048E-04
  0.388   1.949  -0.138589E-02  0.662876E-04
  0.400   1.981  -0.128814E-05 -0.308561E-06
  0.400   1.981   0.177787E-02  0.622052E-03
  0.400   1.981  -0.177822E-02 -0.625027E-03
  0.413   2.011   0.352826E-05  0.253722E-05
  0.413   2.011   0.188010E-02  0.144269E-02
  0.413   2.011  -0.187805E-02 -0.144526E-02
  0.425   2.042  -0.344239E-06  0.318192E-06
  0.425   2.042   0.165485E-02  0.226052E-02
  0.425   2.042  -0.165278E-02 -0.226991E-02
  0.438   2.071   0.903797E-06  0.273696E-05
  0.438   2.071   0.113132E-02  0.294711E-02
  0.438   2.071  -0.113310E-02 -0.294739E-02
  0.450   2.101   0.219549E-06  0.144844E-06
  0.450   2.101   0.396815E-03  0.338147E-02
  0.450   2.101  -0.417369E-03 -0.335894E-02
  0.463   2.130  -0.483738E-06  0.807608E-06
  0.463   2.130  -0.378775E-03  0.346508E-02
  0.463   2.130   0.377880E-03 -0.346631E-02
  0.475   2.158  -0.762500E-06  0.606757E-06
  0.475   2.158  -0.105882E-02  0.327514E-02
  0.475   2.158   0.105702E-02 -0.327617E-02
  0.488   2.186   0.178091E-04 -0.230923E-04
  0.488   2.186  -0.151671E-02  0.289936E-02
  0.488   2.186   0.152660E-02 -0.288849E-02
  0.500   2.214  -0.765286E-05  0.341692E-04
  0.500   2.214  -0.170956E-02  0.248312E-02
  0.500   2.214   0.170648E-02 -0.244878E-02
  0.512   2.242  -0.358245E-05  0.157271E-05
  0.512   2.242  -0.164606E-02  0.210961E-02
  0.512   2.242   0.165667E-02 -0.212320E-02
  0.525   2.269  -0.171585E-05  0.246035E-05
  0.525   2.269  -0.140187E-02  0.196491E-02
  0.525   2.269   0.140297E-02 -0.196318E-02
  0.537   2.296   0.585512E-05  0.370925E-06
  0.537   2.296  -0.107430E-02  0.209207E-02
  0.537   2.296   0.106699E-02 -0.208559E-02
  0.550   2.322  -0.141646E-05 -0.453530E-06
  0.550   2.322  -0.776621E-03  0.253662E-02
  0.550   2.322   0.779210E-03 -0.252668E-02
  0.562   2.349  -0.341799E-05  0.291615E-05
  0.562   2.349  -0.671299E-03  0.329556E-02
  0.562   2.349   0.671890E-03 -0.328434E-02
  0.575   2.375  -0.159227E-05  0.110941E-05
  0.575   2.375  -0.891249E-03  0.431594E-02
  0.575   2.375   0.890052E-03 -0.430828E-02
  0.588   2.400  -0.287118E-05 -0.700526E-06
  0.588   2.400  -0.156463E-02  0.550319E-02
  0.588   2.400   0.156503E-02 -0.550093E-02
  0.600   2.426  -0.332083E-05 -0.510065E-06
  0.600   2.426  -0.280067E-02  0.672122E-02
  0.600   2.426   0.280818E-02 -0.672399E-02
  0.613   2.451   0.219613E-05 -0.562510E-06
  0.613   2.451  -0.471379E-02  0.779993E-02
  0.613   2.451   0.471220E-02 -0.780174E-02
  0.625   2.476   0.218110E-05  0.966561E-06
  0.625   2.476  -0.736286E-02  0.849787E-02
  0.625   2.476   0.735767E-02 -0.850044E-02
  0.637   2.500  -0.954903E-06 -0.792166E-06
  0.637   2.500  -0.107930E-01  0.847958E-02
  0.637   2.500   0.108055E-01 -0.847881E-02
  0.650   2.525   0.171311E-05  0.455745E-06
  0.650   2.525  -0.149818E-01  0.723563E-02
  0.650   2.525   0.149798E-01 -0.723704E-02
  0.662   2.549   0.117950E-06  0.142659E-06
  0.662   2.549  -0.195189E-01  0.406281E-02
  0.662   2.549   0.195182E-01 -0.406583E-02
  0.675   2.573   0.125536E-05  0.278750E-05
  0.675   2.573  -0.233665E-01 -0.173247E-02
  0.675   2.573   0.233713E-01  0.173463E-02
  0.688   2.597  -0.186410E-05 -0.929242E-05
  0.688   2.597  -0.246310E-01 -0.100506E-01
  0.688   2.597   0.246180E-01  0.100627E-01
  0.700   2.620   0.275595E-05  0.230304E-05
  0.700   2.620  -0.214950E-01 -0.189673E-01
  0.700   2.620   0.214940E-01  0.189539E-01
  0.713   2.643  -0.283678E-05 -0.168962E-04
  0.713   2.643  -0.143509E-01 -0.253637E-01
  0.713   2.643   0.143503E-01  0.253985E-01
  0.725   2.666  -0.639152E-06  0.767339E-05
  0.725   2.666  -0.577215E-02 -0.276945E-01
  0.725   2.666   0.577283E-02  0.276882E-01
  0.738   2.689   0.113378E-05 -0.870775E-06
  0.738   2.689   0.184818E-02 -0.265971E-01
  0.738   2.689  -0.184965E-02  0.265857E-01
  0.750   2.712   0.221806E-05 -0.210549E-06
  0.750   2.712   0.755913E-02 -0.236213E-01
  0.750   2.712  -0.756097E-02  0.236228E-01
  0.762   2.735   0.321154E-05 -0.310405E-05
  0.762   2.735   0.114133E-01 -0.200248E-01
  0.762   2.735  -0.114146E-01  0.200244E-01
  0.775   2.757   0.692440E-05 -0.587585E-05
  0.775   2.757   0.138027E-01 -0.166028E-01
  0.775   2.757  -0.138065E-01  0.166216E-01
  0.787   2.779  -0.730970E-05  0.421135E-05
  0.787   2.779   0.151861E-01 -0.141670E-01
  0.787   2.779  -0.151917E-01  0.141795E-01
  0.800   2.801   0.241919E-05  0.183237E-05
  0.800   2.801   0.162508E-01 -0.150240E-01
  0.800   2.801  -0.162495E-01  0.150215E-01
  0.812   2.823   0.225818E-03  0.574060E-03
  0.812   2.823  -0.110242E+00 -0.481330E-01
  0.812   2.823   0.110216E+00  0.482545E-01
  0.825   2.844   0.104009E-05 -0.443915E-06
  0.825   2.844   0.612456E-02  0.125880E-01
  0.825   2.844  -0.613259E-02 -0.125882E-01
  0.838   2.866   0.452350E-05 -0.472396E-05
  0.838   2.866   0.655055E-02  0.972915E-02
  0.838   2.866  -0.654932E-02 -0.972996E-02
  0.850   2.887   0.132403E-04  0.110257E-05
  0.850   2.887   0.409691E-02  0.973265E-02
  0.850   2.887  -0.409849E-02 -0.971257E-02
  0.863   2.908   0.107897E-05 -0.352470E-07
  0.863   2.908   0.590452E-03  0.953157E-02
  0.863   2.908  -0.591129E-03 -0.953949E-02
  0.875   2.929   0.276485E-05  0.144465E-05
  0.875   2.929  -0.334299E-02  0.835492E-02
  0.875   2.929   0.333909E-02 -0.835413E-02
  0.887   2.950  -0.276383E-05 -0.125417E-05
  0.887   2.950  -0.718537E-02  0.589446E-02
  0.887   2.950   0.718529E-02 -0.589645E-02
  0.900   2.971   0.804627E-06 -0.167281E-06
  0.900   2.971  -0.105044E-01  0.208455E-02
  0.900   2.971   0.105030E-01 -0.208918E-02
  0.912   2.991  -0.937094E-06  0.224696E-05
  0.912   2.991  -0.128992E-01 -0.301943E-02
  0.912   2.991   0.128955E-01  0.301826E-02
  0.925   3.012  -0.387401E-05  0.173048E-04
  0.925   3.012  -0.139742E-01 -0.932571E-02
  0.925   3.012   0.139524E-01  0.934957E-02
  0.938   3.032  -0.197427E-05  0.381131E-05
  0.938   3.032  -0.131779E-01 -0.167415E-01
  0.938   3.032   0.131749E-01  0.167469E-01
  0.950   3.052   0.325595E-05  0.329261E-05
  0.950   3.052  -0.993652E-02 -0.249514E-01
  0.950   3.052   0.993306E-02  0.249548E-01
  0.963   3.072  -0.130411E-05  0.283544E-05
  0.963   3.072  -0.344759E-02 -0.333515E-01
  0.963   3.072   0.344055E-02  0.333577E-01
  0.975   3.092   0.288898E-05 -0.458128E-05
  0.975   3.092   0.708514E-02 -0.408290E-01
  0.975   3.092  -0.707797E-02  0.408234E-01
  0.988   3.112   0.146144E-06 -0.187504E-05
  0.988   3.112   0.221359E-01 -0.455088E-01
  0.988   3.112  -0.221374E-01  0.455060E-01
  1.000   3.132  -0.560834E-05  0.877567E-05
  1.000   3.132   0.411801E-01 -0.456876E-01
  1.000   3.132  -0.411829E-01  0.456914E-01
  1.012   3.151  -0.109851E-05 -0.267203E-05
  1.012   3.151   0.626618E-01 -0.366255E-01
  1.012   3.151  -0.626618E-01  0.366331E-01
  1.025   3.170  -0.279547E-05  0.183344E-05
  1.025   3.170   0.818242E-01 -0.171602E-01
  1.025   3.170  -0.818248E-01  0.171668E-01
  1.038   3.190  -0.147662E-05  0.208029E-06
  1.038   3.190   0.927741E-01  0.117158E-01
  1.038   3.190  -0.927726E-01 -0.117142E-01
  1.050   3.209  -0.652832E-05  0.404310E-05
  1.050   3.209   0.905902E-01  0.451631E-01
  1.050   3.209  -0.905942E-01 -0.451622E-01
  1.062   3.228  -0.321696E-05  0.681321E-06
  1.062   3.228   0.742097E-01  0.758496E-01
  1.062   3.228  -0.742103E-01 -0.758374E-01
  1.075   3.247  -0.717180E-05  0.249557E-05
  1.075   3.247   0.469939E-01  0.972686E-01
  1.075   3.247  -0.469948E-01 -0.972661E-01
  1.087   3.266  -0.104432E-05  0.356240E-06
  1.087   3.266   0.148928E-01  0.106275E+00
  1.087   3.266  -0.148923E-01 -0.106283E+00
  1.100   3.284  -0.224869E-05 -0.392565E-06
  1.100   3.284  -0.162514E-01  0.103331E+00
  1.100   3.284   0.162524E-01 -0.103334E+00
  1.113   3.303   0.153261E-05 -0.331507E-06
  1.113   3.303  -0.423593E-01  0.911111E-01
  1.113   3.303   0.423606E-01 -0.911149E-01
  1.125   3.322   0.718729E-05  0.253541E-05
  1.125   3.322  -0.614055E-01  0.730664E-01
  1.125   3.322   0.614099E-01 -0.730896E-01
  1.137   3.340  -0.198823E-05 -0.347334E-06
  1.137   3.340  -0.730370E-01  0.524811E-01
  1.137   3.340   0.730383E-01 -0.524796E-01
  1.150   3.358  -0.275626E-04 -0.197399E-04
  1.150   3.358  -0.780147E-01  0.318816E-01
  1.150   3.358   0.780247E-01 -0.319378E-01
  1.163   3.376   0.137928E-05  0.269310E-05
  1.163   3.376  -0.774508E-01  0.129236E-01
  1.163   3.376   0.774538E-01 -0.129315E-01
  1.175   3.395   0.407894E-06 -0.886564E-06
  1.175   3.395  -0.729364E-01 -0.330160E-02
  1.175   3.395   0.729355E-01  0.330493E-02
  1.188   3.413  -0.337495E-05 -0.790208E-06
  1.188   3.413  -0.657810E-01 -0.164830E-01
  1.188   3.413   0.657776E-01  0.164889E-01
  1.200   3.430  -0.315096E-07 -0.392417E-05
  1.200   3.430  -0.569821E-01 -0.265635E-01
  1.200   3.430   0.569809E-01  0.265667E-01
  1.213   3.448   0.381276E-05  0.137712E-04
  1.213   3.448  -0.474202E-01 -0.338203E-01
  1.213   3.448   0.474170E-01  0.338265E-01
  1.225   3.466  -0.417506E-05 -0.624222E-06
  1.225   3.466  -0.375724E-01 -0.384813E-01
  1.225   3.466   0.375692E-01  0.384787E-01
  1.238   3.484  -0.678264E-05 -0.512896E-05
  1.238   3.484  -0.277592E-01 -0.406494E-01
  1.238   3.484   0.277700E-01  0.406415E-01
  1.250   3.501   0.110574E-04  0.366796E-05
  1.250   3.501  -0.181607E-01 -0.398611E-01
  1.250   3.501   0.181687E-01  0.398534E-01
