  0.000   0.000   0.000000E+00  0.000000E+00
  0.000   0.000   0.000000E+00  0.000000E+00
  0.000   0.000   0.000000E+00  0.000000E+00
 -1.000  -1.000            NaN           NaN
 -1.000  -1.000            NaN           NaN
 -1.000  -1.000            NaN           NaN
  0.013   0.333   0.383240E+05 -0.231259E+06
  0.013   0.333  -0.171525E+04 -0.234493E+06
  0.013   0.333  -0.171526E+04 -0.234493E+06
  0.025   0.494   0.618161E+05 -0.184149E+06
  0.025   0.494  -0.509987E+04 -0.195222E+06
  0.025   0.494  -0.509983E+04 -0.195222E+06
  0.038   0.606   0.759503E+05 -0.144788E+06
  0.038   0.606  -0.800914E+04 -0.166358E+06
  0.038   0.606  -0.800903E+04 -0.166358E+06
  0.050   0.700   0.826832E+05 -0.110350E+06
  0.050   0.700  -0.968013E+04 -0.143292E+06
  0.050   0.700  -0.968012E+04 -0.143292E+06
  0.062   0.783   0.836611E+05 -0.807297E+05
  0.062   0.783  -0.988798E+04 -0.124308E+06
  0.062   0.783  -0.988794E+04 -0.124308E+06
  0.075   0.858   0.804676E+05 -0.559801E+05
  0.075   0.858  -0.872775E+04 -0.108166E+06
  0.075   0.858  -0.872788E+04 -0.108166E+06
  0.088   0.926   0.745848E+05 -0.359080E+05
  0.088   0.926  -0.654951E+04 -0.939106E+05
  0.088   0.926  -0.654987E+04 -0.939106E+05
  0.100   0.990   0.672349E+05 -0.200029E+05
  0.100   0.990  -0.384176E+04 -0.808438E+05
  0.100   0.990  -0.384160E+04 -0.808438E+05
  0.113   1.050   0.592566E+05 -0.754666E+04
  0.113   1.050  -0.114775E+04 -0.685222E+05
  0.113   1.050  -0.114787E+04 -0.685222E+05
  0.125   1.107   0.510694E+05  0.221254E+04
  0.125   1.107   0.974400E+03 -0.567727E+05
  0.125   1.107   0.974570E+03 -0.567727E+05
  0.138   1.161   0.426662E+05  0.977560E+04
  0.138   1.161   0.196500E+04 -0.456855E+05
  0.138   1.161   0.196486E+04 -0.456855E+05
  0.150   1.213   0.339611E+05  0.152344E+05
  0.150   1.213   0.145854E+04 -0.357620E+05
  0.150   1.213   0.145927E+04 -0.357619E+05
  0.163   1.262   0.251722E+05  0.182641E+05
  0.163   1.262  -0.403646E+03 -0.277536E+05
  0.163   1.262  -0.403216E+03 -0.277534E+05
  0.175   1.310   0.171150E+05  0.187590E+05
  0.175   1.310  -0.278119E+04 -0.221422E+05
  0.175   1.310  -0.278084E+04 -0.221420E+05
  0.188   1.356   0.106674E+05  0.173149E+05
  0.188   1.356  -0.468533E+04 -0.186075E+05
  0.188   1.356  -0.468504E+04 -0.186073E+05
  0.200   1.400   0.611838E+04  0.149479E+05
  0.200   1.400  -0.566671E+04 -0.163347E+05
  0.200   1.400  -0.566671E+04 -0.163347E+05
  0.213   1.444   0.317906E+04  0.124683E+05
  0.213   1.444  -0.583319E+04 -0.146251E+05
  0.213   1.444  -0.583387E+04 -0.146257E+05
  0.225   1.485   0.135603E+04  0.102839E+05
  0.225   1.485  -0.549286E+04 -0.131212E+05
  0.225   1.485  -0.549240E+04 -0.131206E+05
  0.238   1.526   0.224867E+03  0.849822E+04
  0.238   1.526  -0.490962E+04 -0.117011E+05
  0.238   1.526  -0.490965E+04 -0.117009E+05
  0.250   1.566  -0.501874E+03  0.708510E+04
  0.250   1.566  -0.423788E+04 -0.103539E+05
  0.250   1.566  -0.423773E+04 -0.103536E+05
  0.263   1.604  -0.100501E+04  0.596623E+04
  0.263   1.604  -0.356122E+04 -0.908733E+04
  0.263   1.604  -0.356112E+04 -0.908730E+04
  0.275   1.642  -0.138918E+04  0.505747E+04
  0.275   1.642  -0.292006E+04 -0.791114E+04
  0.275   1.642  -0.292021E+04 -0.791116E+04
  0.288   1.679  -0.170807E+04  0.428292E+04
  0.288   1.679  -0.233266E+04 -0.682397E+04
  0.288   1.679  -0.233270E+04 -0.682401E+04
  0.300   1.715  -0.197974E+04  0.357918E+04
  0.300   1.715  -0.180882E+04 -0.581821E+04
  0.300   1.715  -0.180881E+04 -0.581826E+04
  0.313   1.751  -0.219679E+04  0.289998E+04
  0.313   1.751  -0.135793E+04 -0.488555E+04
  0.313   1.751  -0.135783E+04 -0.488545E+04
  0.325   1.785  -0.232773E+04  0.222369E+04
  0.325   1.785  -0.994768E+03 -0.401919E+04
  0.325   1.785  -0.994618E+03 -0.401920E+04
  0.338   1.819  -0.234060E+04  0.156198E+04
  0.338   1.819  -0.731832E+03 -0.322657E+04
  0.338   1.819  -0.731741E+03 -0.322655E+04
  0.350   1.853  -0.222063E+04  0.955244E+03
  0.350   1.853  -0.570912E+03 -0.252442E+04
  0.350   1.853  -0.570979E+03 -0.252444E+04
  0.363   1.885  -0.198583E+04  0.451607E+03
  0.363   1.885  -0.496856E+03 -0.193248E+04
  0.363   1.885  -0.496768E+03 -0.193242E+04
  0.375   1.918  -0.168520E+04  0.775492E+02
  0.375   1.918  -0.480716E+03 -0.145804E+04
  0.375   1.918  -0.480567E+03 -0.145792E+04
  0.388   1.949  -0.136762E+04 -0.168607E+03
  0.388   1.949  -0.493604E+03 -0.109279E+04
  0.388   1.949  -0.493420E+03 -0.109269E+04
  0.400   1.981  -0.106960E+04 -0.309160E+03
  0.400   1.981  -0.512758E+03 -0.820726E+03
  0.400   1.981  -0.513216E+03 -0.821250E+03
  0.413   2.011  -0.809980E+03 -0.371734E+03
  0.413   2.011  -0.528580E+03 -0.619843E+03
  0.413   2.011  -0.528553E+03 -0.619890E+03
  0.425   2.042  -0.595612E+03 -0.381836E+03
  0.425   2.042  -0.533371E+03 -0.474692E+03
  0.425   2.042  -0.533284E+03 -0.474603E+03
  0.438   2.071  -0.426052E+03 -0.357279E+03
  0.438   2.071  -0.526450E+03 -0.369406E+03
  0.438   2.071  -0.526498E+03 -0.369359E+03
  0.450   2.101  -0.298334E+03 -0.315260E+03
  0.450   2.101  -0.506909E+03 -0.294325E+03
  0.450   2.101  -0.506964E+03 -0.294329E+03
  0.463   2.130  -0.206093E+03 -0.264867E+03
  0.463   2.130  -0.481213E+03 -0.236468E+03
  0.463   2.130  -0.481152E+03 -0.236328E+03
  0.475   2.158  -0.142219E+03 -0.216395E+03
  0.475   2.158  -0.447936E+03 -0.192618E+03
  0.475   2.158  -0.447866E+03 -0.192357E+03
  0.488   2.186  -0.992524E+02 -0.173361E+03
  0.488   2.186  -0.412068E+03 -0.156871E+03
  0.488   2.186  -0.412069E+03 -0.156892E+03
  0.500   2.214  -0.704536E+02 -0.137648E+03
  0.500   2.214  -0.375341E+03 -0.127833E+03
  0.500   2.214  -0.375335E+03 -0.127863E+03
  0.512   2.242  -0.510447E+02 -0.108470E+03
  0.512   2.242  -0.339912E+03 -0.103651E+03
  0.512   2.242  -0.339927E+03 -0.103719E+03
  0.525   2.269  -0.398947E+02 -0.838256E+02
  0.525   2.269  -0.308378E+03 -0.829536E+02
  0.525   2.269  -0.308280E+03 -0.827771E+02
  0.537   2.296  -0.306694E+02 -0.657122E+02
  0.537   2.296  -0.277373E+03 -0.672622E+02
  0.537   2.296  -0.277351E+03 -0.673002E+02
  0.550   2.322  -0.265138E+02 -0.507312E+02
  0.550   2.322  -0.250546E+03 -0.544804E+02
  0.550   2.322  -0.250569E+03 -0.544730E+02
  0.562   2.349  -0.241200E+02 -0.393641E+02
  0.562   2.349  -0.225594E+03 -0.445944E+02
  0.562   2.349  -0.225613E+03 -0.446364E+02
  0.575   2.375  -0.229551E+02 -0.312206E+02
  0.575   2.375  -0.202255E+03 -0.378771E+02
  0.575   2.375  -0.202298E+03 -0.378993E+02
  0.588   2.400  -0.230447E+02 -0.257942E+02
  0.588   2.400  -0.182160E+03 -0.330303E+02
  0.588   2.400  -0.182164E+03 -0.330532E+02
  0.600   2.426  -0.234752E+02 -0.227802E+02
  0.600   2.426  -0.163381E+03 -0.298996E+02
  0.600   2.426  -0.163398E+03 -0.298945E+02
  0.613   2.451  -0.230888E+02 -0.216506E+02
  0.613   2.451  -0.145181E+03 -0.285428E+02
  0.613   2.451  -0.145168E+03 -0.285566E+02
  0.625   2.476  -0.224734E+02 -0.224834E+02
  0.625   2.476  -0.128034E+03 -0.284894E+02
  0.625   2.476  -0.128001E+03 -0.284921E+02
  0.637   2.500  -0.203572E+02 -0.244472E+02
  0.637   2.500  -0.111583E+03 -0.292126E+02
  0.637   2.500  -0.111533E+03 -0.292171E+02
  0.650   2.525  -0.168339E+02 -0.272794E+02
  0.650   2.525  -0.949308E+02 -0.302972E+02
  0.650   2.525  -0.949579E+02 -0.302977E+02
  0.662   2.549  -0.106507E+02 -0.293480E+02
  0.662   2.549  -0.771306E+02 -0.310606E+02
  0.662   2.549  -0.771487E+02 -0.310602E+02
  0.675   2.573  -0.234937E+01 -0.299159E+02
  0.675   2.573  -0.593583E+02 -0.306485E+02
  0.675   2.573  -0.593373E+02 -0.306344E+02
  0.688   2.597   0.692714E+01 -0.273067E+02
  0.688   2.597  -0.417175E+02 -0.266528E+02
  0.688   2.597  -0.417359E+02 -0.267013E+02
  0.700   2.620   0.147438E+02 -0.204485E+02
  0.700   2.620  -0.266862E+02 -0.192786E+02
  0.700   2.620  -0.266366E+02 -0.190508E+02
  0.713   2.643   0.187116E+02 -0.118930E+02
  0.713   2.643  -0.163728E+02 -0.964492E+01
  0.713   2.643  -0.163626E+02 -0.960692E+01
  0.725   2.666   0.186843E+02 -0.359478E+01
  0.725   2.666  -0.107794E+02 -0.128260E+01
  0.725   2.666  -0.107495E+02 -0.131833E+01
  0.738   2.689   0.164911E+02  0.249693E+01
  0.738   2.689  -0.797561E+01  0.451543E+01
  0.738   2.689  -0.795761E+01  0.453742E+01
  0.750   2.712   0.136500E+02  0.665568E+01
  0.750   2.712  -0.612031E+01  0.763846E+01
  0.750   2.712  -0.610512E+01  0.764183E+01
  0.762   2.735   0.106137E+02  0.972671E+01
  0.762   2.735  -0.434307E+01  0.875180E+01
  0.762   2.735  -0.434248E+01  0.875773E+01
  0.775   2.757   0.699461E+01  0.124306E+02
  0.775   2.757  -0.210465E+01  0.783889E+01
  0.775   2.757  -0.221095E+01  0.784145E+01
  0.787   2.779   0.127196E+01  0.156626E+02
  0.787   2.779   0.734306E+00  0.414092E+01
  0.787   2.779   0.733680E+00  0.414422E+01
  0.800   2.801  -0.141026E+02  0.225332E+02
  0.800   2.801   0.482942E+01 -0.107244E+02
  0.800   2.801   0.483792E+01 -0.107209E+02
  0.812   2.823   0.111034E+03  0.276596E+03
  0.812   2.823  -0.148901E+03  0.178629E+02
  0.812   2.823  -0.149446E+03  0.185117E+02
  0.825   2.844   0.467207E+02  0.163579E+02
  0.825   2.844  -0.136203E+02  0.436122E+02
  0.825   2.844  -0.136302E+02  0.436091E+02
  0.838   2.866   0.302440E+02  0.186120E+02
  0.838   2.866  -0.461733E+01  0.341118E+02
  0.838   2.866  -0.459607E+01  0.341133E+02
  0.850   2.887   0.238238E+02  0.212370E+02
  0.850   2.887  -0.115643E+01  0.310404E+02
  0.850   2.887  -0.113816E+01  0.310344E+02
  0.863   2.908   0.197585E+02  0.236101E+02
  0.863   2.908   0.889246E+00  0.299019E+02
  0.863   2.908   0.881004E+00  0.299015E+02
  0.875   2.929   0.166242E+02  0.258114E+02
  0.875   2.929   0.219227E+01  0.297683E+02
  0.875   2.929   0.221287E+01  0.297846E+02
  0.887   2.950   0.133755E+02  0.276099E+02
  0.887   2.950   0.306368E+01  0.296460E+02
  0.887   2.950   0.305190E+01  0.296488E+02
  0.900   2.971   0.103333E+02  0.291035E+02
  0.900   2.971   0.353021E+01  0.298821E+02
  0.900   2.971   0.354686E+01  0.298831E+02
  0.912   2.991   0.723312E+01  0.302048E+02
  0.912   2.991   0.373796E+01  0.301080E+02
  0.912   2.991   0.373495E+01  0.301195E+02
  0.925   3.012   0.410301E+01  0.310339E+02
  0.925   3.012   0.362067E+01  0.304021E+02
  0.925   3.012   0.361994E+01  0.304014E+02
  0.938   3.032   0.960622E+00  0.314480E+02
  0.938   3.032   0.329358E+01  0.306193E+02
  0.938   3.032   0.330750E+01  0.306323E+02
  0.950   3.052  -0.218852E+01  0.313431E+02
  0.950   3.052   0.282982E+01  0.306663E+02
  0.950   3.052   0.283370E+01  0.306582E+02
  0.963   3.072  -0.526946E+01  0.307827E+02
  0.963   3.072   0.221307E+01  0.305702E+02
  0.963   3.072   0.221320E+01  0.305727E+02
  0.975   3.092  -0.813260E+01  0.295006E+02
  0.975   3.092   0.147223E+01  0.301301E+02
  0.975   3.092   0.151129E+01  0.301129E+02
  0.988   3.112  -0.109417E+02  0.284124E+02
  0.988   3.112   0.711901E+00  0.299788E+02
  0.988   3.112   0.725602E+00  0.300357E+02
  1.000   3.132  -0.133884E+02  0.266928E+02
  1.000   3.132  -0.160908E+00  0.295784E+02
  1.000   3.132  -0.156656E+00  0.295780E+02
  1.012   3.151  -0.155066E+02  0.246201E+02
  1.012   3.151  -0.103676E+01  0.288904E+02
  1.012   3.151  -0.105147E+01  0.288897E+02
  1.025   3.170  -0.172603E+02  0.222233E+02
  1.025   3.170  -0.190134E+01  0.279679E+02
  1.025   3.170  -0.191097E+01  0.279891E+02
  1.038   3.190  -0.185695E+02  0.196758E+02
  1.038   3.190  -0.277121E+01  0.269347E+02
  1.038   3.190  -0.276179E+01  0.269217E+02
  1.050   3.209  -0.194035E+02  0.170468E+02
  1.050   3.209  -0.353888E+01  0.257023E+02
  1.050   3.209  -0.353705E+01  0.256995E+02
  1.062   3.228  -0.198780E+02  0.144255E+02
  1.062   3.228  -0.421768E+01  0.243101E+02
  1.062   3.228  -0.422517E+01  0.243069E+02
  1.075   3.247  -0.200037E+02  0.118753E+02
  1.075   3.247  -0.480582E+01  0.228618E+02
  1.075   3.247  -0.480641E+01  0.228657E+02
  1.087   3.266  -0.197651E+02  0.944045E+01
  1.087   3.266  -0.525667E+01  0.212797E+02
  1.087   3.266  -0.527250E+01  0.212765E+02
  1.100   3.284  -0.192221E+02  0.715323E+01
  1.100   3.284  -0.559829E+01  0.196422E+02
  1.100   3.284  -0.561059E+01  0.196217E+02
  1.113   3.303  -0.258592E+02  0.243716E+01
  1.113   3.303  -0.576070E+01  0.260818E+02
  1.113   3.303  -0.576061E+01  0.260855E+02
  1.125   3.322  -0.174044E+02  0.322257E+01
  1.125   3.322  -0.594306E+01  0.163227E+02
  1.125   3.322  -0.593352E+01  0.163203E+02
  1.137   3.340  -0.161966E+02  0.164600E+01
  1.137   3.340  -0.597198E+01  0.146079E+02
  1.137   3.340  -0.596017E+01  0.146542E+02
  1.150   3.358  -0.148311E+02  0.365387E+00
  1.150   3.358  -0.587528E+01  0.129669E+02
  1.150   3.358  -0.587327E+01  0.129390E+02
  1.163   3.376  -0.135464E+02 -0.581152E+00
  1.163   3.376  -0.574302E+01  0.113089E+02
  1.163   3.376  -0.574777E+01  0.113079E+02
  1.175   3.395  -0.122296E+02 -0.125958E+01
  1.175   3.395  -0.554718E+01  0.971282E+01
  1.175   3.395  -0.554780E+01  0.971477E+01
  1.188   3.413  -0.110243E+02 -0.165740E+01
  1.188   3.413  -0.531234E+01  0.812319E+01
  1.188   3.413  -0.530969E+01  0.812323E+01
  1.200   3.430  -0.990176E+01 -0.185900E+01
  1.200   3.430  -0.497931E+01  0.659092E+01
  1.200   3.430  -0.497314E+01  0.658635E+01
  1.213   3.448  -0.903217E+01 -0.169255E+01
  1.213   3.448  -0.468642E+01  0.500457E+01
  1.213   3.448  -0.469485E+01  0.501312E+01
  1.225   3.466  -0.838836E+01 -0.158528E+01
  1.225   3.466  -0.437801E+01  0.355909E+01
  1.225   3.466  -0.437781E+01  0.355312E+01
  1.238   3.484  -0.797473E+01 -0.131901E+01
  1.238   3.484  -0.402740E+01  0.208884E+01
  1.238   3.484  -0.403503E+01  0.209042E+01
  1.250   3.501  -0.785343E+01 -0.903953E+00
  1.250   3.501  -0.365667E+01  0.605135E+00
  1.250   3.501  -0.363647E+01  0.619288E+00
