  0.000   0.000   0.000000E+00  0.000000E+00
  0.000   0.000   0.000000E+00  0.000000E+00
  0.000   0.000   0.000000E+00  0.000000E+00
 -1.000  -1.000            NaN           NaN
 -1.000  -1.000            NaN           NaN
 -1.000  -1.000            NaN           NaN
  0.013   0.333  -0.624792E+05 -0.934968E+04
  0.013   0.333  -0.659267E+05 -0.499116E+03
  0.013   0.333  -0.659267E+05 -0.499118E+03
  0.025   0.494  -0.113312E+06 -0.366505E+05
  0.025   0.494  -0.124589E+06 -0.154082E+04
  0.025   0.494  -0.124589E+06 -0.154081E+04
  0.038   0.606  -0.150200E+06 -0.786494E+05
  0.038   0.606  -0.176959E+06 -0.363858E+04
  0.038   0.606  -0.176959E+06 -0.363853E+04
  0.050   0.700  -0.170621E+06 -0.131275E+06
  0.050   0.700  -0.222880E+06 -0.686006E+04
  0.050   0.700  -0.222880E+06 -0.686007E+04
  0.062   0.783  -0.172706E+06 -0.189938E+06
  0.062   0.783  -0.262258E+06 -0.103998E+05
  0.062   0.783  -0.262258E+06 -0.103998E+05
  0.075   0.858  -0.155659E+06 -0.249667E+06
  0.075   0.858  -0.295793E+06 -0.129303E+05
  0.075   0.858  -0.295793E+06 -0.129303E+05
  0.088   0.926  -0.119943E+06 -0.305876E+06
  0.088   0.926  -0.325630E+06 -0.133957E+05
  0.088   0.926  -0.325630E+06 -0.133956E+05
  0.100   0.990  -0.665131E+05 -0.354139E+06
  0.100   0.990  -0.354488E+06 -0.118421E+05
  0.100   0.990  -0.354488E+06 -0.118420E+05
  0.113   1.050   0.336069E+04 -0.389563E+06
  0.113   1.050  -0.384770E+06 -0.998461E+04
  0.113   1.050  -0.384770E+06 -0.998478E+04
  0.125   1.107   0.876792E+05 -0.407143E+06
  0.125   1.107  -0.418698E+06 -0.114145E+05
  0.125   1.107  -0.418698E+06 -0.114143E+05
  0.138   1.161   0.181735E+06 -0.399090E+06
  0.138   1.161  -0.454771E+06 -0.210422E+05
  0.138   1.161  -0.454771E+06 -0.210422E+05
  0.150   1.213   0.275858E+06 -0.359847E+06
  0.150   1.213  -0.489426E+06 -0.434839E+05
  0.150   1.213  -0.489426E+06 -0.434837E+05
  0.163   1.262   0.353596E+06 -0.288659E+06
  0.163   1.262  -0.513337E+06 -0.791267E+05
  0.163   1.262  -0.513338E+06 -0.791279E+05
  0.175   1.310   0.400867E+06 -0.197807E+06
  0.175   1.310  -0.519295E+06 -0.121637E+06
  0.175   1.310  -0.519295E+06 -0.121636E+06
  0.188   1.356   0.415671E+06 -0.105570E+06
  0.188   1.356  -0.506502E+06 -0.161036E+06
  0.188   1.356  -0.506503E+06 -0.161035E+06
  0.200   1.400   0.407176E+06 -0.243342E+05
  0.200   1.400  -0.480452E+06 -0.190202E+06
  0.200   1.400  -0.480452E+06 -0.190202E+06
  0.213   1.444   0.385439E+06  0.429921E+05
  0.213   1.444  -0.447206E+06 -0.206726E+06
  0.213   1.444  -0.447206E+06 -0.206726E+06
  0.225   1.485   0.357579E+06  0.984810E+05
  0.225   1.485  -0.412019E+06 -0.211460E+06
  0.225   1.485  -0.412020E+06 -0.211460E+06
  0.238   1.526   0.326864E+06  0.145408E+06
  0.238   1.526  -0.378185E+06 -0.206180E+06
  0.238   1.526  -0.378185E+06 -0.206180E+06
  0.250   1.566   0.294114E+06  0.186492E+06
  0.250   1.566  -0.347716E+06 -0.192641E+06
  0.250   1.566  -0.347716E+06 -0.192640E+06
  0.263   1.604   0.258844E+06  0.223510E+06
  0.263   1.604  -0.322059E+06 -0.172373E+06
  0.263   1.604  -0.322059E+06 -0.172373E+06
  0.275   1.642   0.219907E+06  0.257333E+06
  0.275   1.642  -0.302648E+06 -0.146836E+06
  0.275   1.642  -0.302647E+06 -0.146837E+06
  0.288   1.679   0.175594E+06  0.287526E+06
  0.288   1.679  -0.290838E+06 -0.117680E+06
  0.288   1.679  -0.290838E+06 -0.117680E+06
  0.300   1.715   0.124399E+06  0.312319E+06
  0.300   1.715  -0.288127E+06 -0.872589E+05
  0.300   1.715  -0.288127E+06 -0.872588E+05
  0.313   1.751   0.657583E+05  0.328399E+06
  0.313   1.751  -0.295504E+06 -0.590600E+05
  0.313   1.751  -0.295504E+06 -0.590596E+05
  0.325   1.785   0.137369E+04  0.331156E+06
  0.325   1.785  -0.312097E+06 -0.376463E+05
  0.325   1.785  -0.312098E+06 -0.376457E+05
  0.338   1.819  -0.638610E+05  0.317021E+06
  0.338   1.819  -0.334541E+06 -0.274618E+05
  0.338   1.819  -0.334542E+06 -0.274612E+05
  0.350   1.853  -0.122590E+06  0.285408E+06
  0.350   1.853  -0.356529E+06 -0.305168E+05
  0.350   1.853  -0.356530E+06 -0.305166E+05
  0.363   1.885  -0.168097E+06  0.240414E+06
  0.363   1.885  -0.371584E+06 -0.447327E+05
  0.363   1.885  -0.371585E+06 -0.447323E+05
  0.375   1.918  -0.197215E+06  0.188903E+06
  0.375   1.918  -0.375814E+06 -0.647679E+05
  0.375   1.918  -0.375814E+06 -0.647679E+05
  0.388   1.949  -0.210772E+06  0.137395E+06
  0.388   1.949  -0.369087E+06 -0.847386E+05
  0.388   1.949  -0.369088E+06 -0.847386E+05
  0.400   1.981  -0.211804E+06  0.901987E+05
  0.400   1.981  -0.353950E+06 -0.100394E+06
  0.400   1.981  -0.353949E+06 -0.100395E+06
  0.413   2.011  -0.203711E+06  0.494576E+05
  0.413   2.011  -0.333890E+06 -0.109698E+06
  0.413   2.011  -0.333889E+06 -0.109698E+06
  0.425   2.042  -0.189495E+06  0.160092E+05
  0.425   2.042  -0.312224E+06 -0.112410E+06
  0.425   2.042  -0.312223E+06 -0.112413E+06
  0.438   2.071  -0.171682E+06 -0.100058E+05
  0.438   2.071  -0.291524E+06 -0.109484E+06
  0.438   2.071  -0.291524E+06 -0.109484E+06
  0.450   2.101  -0.152556E+06 -0.290445E+05
  0.450   2.101  -0.273470E+06 -0.102621E+06
  0.450   2.101  -0.273463E+06 -0.102629E+06
  0.463   2.130  -0.133959E+06 -0.420855E+05
  0.463   2.130  -0.258648E+06 -0.936743E+05
  0.463   2.130  -0.258649E+06 -0.936739E+05
  0.475   2.158  -0.117059E+06 -0.505579E+05
  0.475   2.158  -0.246817E+06 -0.843039E+05
  0.475   2.158  -0.246818E+06 -0.843036E+05
  0.488   2.186  -0.102324E+06 -0.558705E+05
  0.488   2.186  -0.237172E+06 -0.755330E+05
  0.488   2.186  -0.237171E+06 -0.755335E+05
  0.500   2.214  -0.897076E+05 -0.591317E+05
  0.500   2.214  -0.228773E+06 -0.677845E+05
  0.500   2.214  -0.228773E+06 -0.677985E+05
  0.512   2.242  -0.789590E+05 -0.610942E+05
  0.512   2.242  -0.220883E+06 -0.610195E+05
  0.512   2.242  -0.220882E+06 -0.610200E+05
  0.525   2.269  -0.697926E+05 -0.621530E+05
  0.525   2.269  -0.212990E+06 -0.549515E+05
  0.525   2.269  -0.212990E+06 -0.549512E+05
  0.537   2.296  -0.620906E+05 -0.626049E+05
  0.537   2.296  -0.204847E+06 -0.492289E+05
  0.537   2.296  -0.204848E+06 -0.492294E+05
  0.550   2.322  -0.557961E+05 -0.627039E+05
  0.550   2.322  -0.196380E+06 -0.435241E+05
  0.550   2.322  -0.196380E+06 -0.435227E+05
  0.562   2.349  -0.509158E+05 -0.627770E+05
  0.562   2.349  -0.187625E+06 -0.375502E+05
  0.562   2.349  -0.187625E+06 -0.375492E+05
  0.575   2.375  -0.474034E+05 -0.632325E+05
  0.575   2.375  -0.178693E+06 -0.310776E+05
  0.575   2.375  -0.178693E+06 -0.310741E+05
  0.588   2.400  -0.451361E+05 -0.645594E+05
  0.588   2.400  -0.169732E+06 -0.239029E+05
  0.588   2.400  -0.169732E+06 -0.239017E+05
  0.600   2.426  -0.438289E+05 -0.672920E+05
  0.600   2.426  -0.160950E+06 -0.158535E+05
  0.600   2.426  -0.160949E+06 -0.158537E+05
  0.613   2.451  -0.430840E+05 -0.720807E+05
  0.613   2.451  -0.152578E+06 -0.673972E+04
  0.613   2.451  -0.152577E+06 -0.673974E+04
  0.625   2.476  -0.420546E+05 -0.795650E+05
  0.625   2.476  -0.145009E+06  0.362687E+04
  0.625   2.476  -0.145010E+06  0.362722E+04
  0.637   2.500  -0.395156E+05 -0.903695E+05
  0.637   2.500  -0.138814E+06  0.154360E+05
  0.637   2.500  -0.138812E+06  0.154355E+05
  0.650   2.525  -0.333670E+05 -0.104771E+06
  0.650   2.525  -0.134934E+06  0.287104E+05
  0.650   2.525  -0.134935E+06  0.287125E+05
  0.662   2.549  -0.204994E+05 -0.121927E+06
  0.662   2.549  -0.134795E+06  0.429462E+05
  0.662   2.549  -0.134796E+06  0.429501E+05
  0.675   2.573   0.258480E+04 -0.138266E+06
  0.675   2.573  -0.139995E+06  0.563284E+05
  0.675   2.573  -0.139993E+06  0.563294E+05
  0.688   2.597   0.368118E+05 -0.146352E+06
  0.688   2.597  -0.150828E+06  0.651546E+05
  0.688   2.597  -0.150829E+06  0.651554E+05
  0.700   2.620   0.759361E+05 -0.138110E+06
  0.700   2.620  -0.164022E+06  0.654743E+05
  0.700   2.620  -0.164021E+06  0.654740E+05
  0.713   2.643   0.108009E+06 -0.113081E+06
  0.713   2.643  -0.173491E+06  0.572010E+05
  0.713   2.643  -0.173492E+06  0.572001E+05
  0.725   2.666   0.125495E+06 -0.800971E+05
  0.725   2.666  -0.175397E+06  0.449205E+05
  0.725   2.666  -0.175397E+06  0.449214E+05
  0.738   2.689   0.129851E+06 -0.484796E+05
  0.738   2.689  -0.170481E+06  0.335160E+05
  0.738   2.689  -0.170481E+06  0.335149E+05
  0.750   2.712   0.126393E+06 -0.222217E+05
  0.750   2.712  -0.161469E+06  0.251933E+05
  0.750   2.712  -0.161469E+06  0.251939E+05
  0.762   2.735   0.119499E+06 -0.112913E+04
  0.762   2.735  -0.150646E+06  0.201713E+05
  0.762   2.735  -0.150645E+06  0.201708E+05
  0.775   2.757   0.111559E+06  0.167393E+05
  0.775   2.757  -0.139391E+06  0.179709E+05
  0.775   2.757  -0.139391E+06  0.179713E+05
  0.787   2.779   0.103557E+06  0.346694E+05
  0.787   2.779  -0.128533E+06  0.182582E+05
  0.787   2.779  -0.128534E+06  0.182590E+05
  0.800   2.801   0.965199E+05  0.634935E+05
  0.800   2.801  -0.119202E+06  0.218104E+05
  0.800   2.801  -0.119202E+06  0.218121E+05
  0.812   2.823   0.286125E+06 -0.223110E+05
  0.812   2.823  -0.465850E+05  0.939066E+05
  0.812   2.823  -0.466006E+05  0.939889E+05
  0.825   2.844   0.956909E+05  0.152158E+05
  0.825   2.844  -0.862823E+05  0.166996E+05
  0.825   2.844  -0.862825E+05  0.166990E+05
  0.838   2.866   0.827382E+05  0.367958E+05
  0.838   2.866  -0.802183E+05  0.236906E+05
  0.838   2.866  -0.802145E+05  0.236936E+05
  0.850   2.887   0.734448E+05  0.489802E+05
  0.850   2.887  -0.724043E+05  0.300425E+05
  0.850   2.887  -0.724047E+05  0.300431E+05
  0.863   2.908   0.644856E+05  0.578270E+05
  0.863   2.908  -0.650667E+05  0.367254E+05
  0.863   2.908  -0.650673E+05  0.367235E+05
  0.875   2.929   0.554095E+05  0.646473E+05
  0.875   2.929  -0.587567E+05  0.437255E+05
  0.875   2.929  -0.587563E+05  0.437298E+05
  0.887   2.950   0.462804E+05  0.698712E+05
  0.887   2.950  -0.536351E+05  0.508267E+05
  0.887   2.950  -0.536342E+05  0.508271E+05
  0.900   2.971   0.372789E+05  0.738089E+05
  0.900   2.971  -0.497006E+05  0.577722E+05
  0.900   2.971  -0.497012E+05  0.577722E+05
  0.912   2.991   0.285178E+05  0.768026E+05
  0.912   2.991  -0.468562E+05  0.643770E+05
  0.912   2.991  -0.468561E+05  0.643803E+05
  0.925   3.012   0.199753E+05  0.791797E+05
  0.925   3.012  -0.449811E+05  0.705343E+05
  0.925   3.012  -0.449785E+05  0.705357E+05
  0.938   3.032   0.114784E+05  0.812142E+05
  0.938   3.032  -0.439909E+05  0.761957E+05
  0.938   3.032  -0.439911E+05  0.761952E+05
  0.950   3.052   0.274755E+04  0.830747E+05
  0.950   3.052  -0.438911E+05  0.813269E+05
  0.950   3.052  -0.438898E+05  0.813271E+05
  0.963   3.072  -0.664413E+04  0.847811E+05
  0.963   3.072  -0.447392E+05  0.858353E+05
  0.963   3.072  -0.447380E+05  0.858353E+05
  0.975   3.092  -0.171801E+05  0.860988E+05
  0.975   3.092  -0.466299E+05  0.895285E+05
  0.975   3.092  -0.466303E+05  0.895298E+05
  0.988   3.112  -0.293179E+05  0.864618E+05
  0.988   3.112  -0.496203E+05  0.920461E+05
  0.988   3.112  -0.496200E+05  0.920472E+05
  1.000   3.132  -0.436770E+05  0.855562E+05
  1.000   3.132  -0.538191E+05  0.935739E+05
  1.000   3.132  -0.538183E+05  0.935739E+05
  1.012   3.151  -0.592492E+05  0.806958E+05
  1.012   3.151  -0.584015E+05  0.921055E+05
  1.012   3.151  -0.584020E+05  0.921067E+05
  1.025   3.170  -0.750587E+05  0.712396E+05
  1.025   3.170  -0.625908E+05  0.878635E+05
  1.025   3.170  -0.625904E+05  0.878636E+05
  1.038   3.190  -0.889063E+05  0.566577E+05
  1.038   3.190  -0.651687E+05  0.809566E+05
  1.038   3.190  -0.651688E+05  0.809559E+05
  1.050   3.209  -0.983282E+05  0.379103E+05
  1.050   3.209  -0.649886E+05  0.722680E+05
  1.050   3.209  -0.649872E+05  0.722682E+05
  1.062   3.228  -0.101754E+06  0.172930E+05
  1.062   3.228  -0.615537E+05  0.632365E+05
  1.062   3.228  -0.615539E+05  0.632369E+05
  1.075   3.247  -0.992589E+05 -0.248500E+04
  1.075   3.247  -0.552976E+05  0.552736E+05
  1.075   3.247  -0.552975E+05  0.552740E+05
  1.087   3.266  -0.921411E+05 -0.194142E+05
  1.087   3.266  -0.471460E+05  0.492367E+05
  1.087   3.266  -0.471458E+05  0.492358E+05
  1.100   3.284  -0.822270E+05 -0.325884E+05
  1.100   3.284  -0.381687E+05  0.453916E+05
  1.100   3.284  -0.381682E+05  0.453915E+05
  1.113   3.303  -0.711163E+05 -0.420472E+05
  1.113   3.303  -0.292520E+05  0.435432E+05
  1.113   3.303  -0.292510E+05  0.435433E+05
  1.125   3.322  -0.600140E+05 -0.481895E+05
  1.125   3.322  -0.208553E+05  0.433039E+05
  1.125   3.322  -0.208546E+05  0.433038E+05
  1.137   3.340  -0.495971E+05 -0.518143E+05
  1.137   3.340  -0.134016E+05  0.442255E+05
  1.137   3.340  -0.134011E+05  0.442250E+05
  1.150   3.358  -0.402483E+05 -0.536087E+05
  1.150   3.358  -0.705850E+04  0.459459E+05
  1.150   3.358  -0.705900E+04  0.459405E+05
  1.163   3.376  -0.319641E+05 -0.540352E+05
  1.163   3.376  -0.170269E+04  0.479345E+05
  1.163   3.376  -0.170372E+04  0.479345E+05
  1.175   3.395  -0.247866E+05 -0.536809E+05
  1.175   3.395   0.254870E+04  0.500724E+05
  1.175   3.395   0.254729E+04  0.500718E+05
  1.188   3.413  -0.185433E+05 -0.528782E+05
  1.188   3.413   0.585633E+04  0.520372E+05
  1.188   3.413   0.585021E+04  0.520377E+05
  1.200   3.430  -0.129881E+05 -0.516857E+05
  1.200   3.430   0.821782E+04  0.536227E+05
  1.200   3.430   0.821623E+04  0.536212E+05
  1.213   3.448  -0.796899E+04 -0.502639E+05
  1.213   3.448   0.980698E+04  0.545904E+05
  1.213   3.448   0.980671E+04  0.545914E+05
  1.225   3.466  -0.327402E+04 -0.484669E+05
  1.225   3.466   0.106314E+05  0.546713E+05
  1.225   3.466   0.106354E+05  0.546734E+05
  1.238   3.484   0.126961E+04 -0.459735E+05
  1.238   3.484   0.106882E+05  0.534697E+05
  1.238   3.484   0.106871E+05  0.534650E+05
  1.250   3.501   0.572308E+04 -0.418661E+05
  1.250   3.501   0.985465E+04  0.499742E+05
  1.250   3.501   0.986290E+04  0.499825E+05
