  0.000   0.000   0.000000E+00  0.000000E+00
  0.000   0.000   0.000000E+00  0.000000E+00
  0.000   0.000   0.000000E+00  0.000000E+00
  0.000   0.000   0.000000E+00  0.000000E+00
  0.000   0.000   0.000000E+00  0.000000E+00
  0.000   0.000   0.000000E+00  0.000000E+00
  0.000   0.000   0.000000E+00  0.000000E+00
  0.000   0.000   0.000000E+00  0.000000E+00
  0.000   0.000   0.000000E+00  0.000000E+00
  0.000   0.000   0.000000E+00  0.000000E+00
  0.000   0.000   0.000000E+00  0.000000E+00
  0.000   0.000   0.000000E+00  0.000000E+00
  0.000   0.000   0.000000E+00  0.000000E+00
  0.000   0.000   0.000000E+00  0.000000E+00
  0.000   0.000   0.000000E+00  0.000000E+00
  0.000   0.000   0.000000E+00  0.000000E+00
  0.000   0.000   0.000000E+00  0.000000E+00
  0.000   0.000   0.000000E+00  0.000000E+00
  0.000   0.000   0.000000E+00  0.000000E+00
  0.000   0.000   0.000000E+00  0.000000E+00
 -1.000  -1.000            NaN           NaN
 -1.000  -1.000            NaN           NaN
 -1.000  -1.000            NaN           NaN
 -1.000  -1.000            NaN           NaN
 -1.000  -1.000            NaN           NaN
 -1.000  -1.000            NaN           NaN
 -1.000  -1.000            NaN           NaN
 -1.000  -1.000            NaN           NaN
 -1.000  -1.000            NaN           NaN
 -1.000  -1.000            NaN           NaN
 -1.000  -1.000            NaN           NaN
 -1.000  -1.000            NaN           NaN
 -1.000  -1.000            NaN           NaN
 -1.000  -1.000            NaN           NaN
 -1.000  -1.000            NaN           NaN
 -1.000  -1.000            NaN           NaN
 -1.000  -1.000            NaN           NaN
 -1.000  -1.000            NaN           NaN
 -1.000  -1.000            NaN           NaN
 -1.000  -1.000            NaN           NaN
  0.067   0.200  -0.160176E-01 -0.108061E-01
  0.067   0.200  -0.898238E-02 -0.134673E-01
  0.067   0.200  -0.149065E-02 -0.145214E-01
  0.067   0.200   0.610346E-02 -0.141994E-01
  0.067   0.200   0.136159E-01 -0.122207E-01
  0.067   0.200  -0.369751E-02  0.909661E-03
  0.067   0.200  -0.248979E-02  0.368317E-03
  0.067   0.200  -0.768851E-03  0.135274E-03
  0.067   0.200   0.999143E-03  0.240370E-03
  0.067   0.200   0.246643E-02  0.721056E-03
  0.067   0.200   0.217241E-02  0.106635E-01
  0.067   0.200   0.109863E-02  0.112861E-01
  0.067   0.200  -0.296590E-03  0.115561E-01
  0.067   0.200  -0.168019E-02  0.114862E-01
  0.067   0.200  -0.260036E-02  0.110470E-01
  0.067   0.200   0.145175E-01  0.224031E-01
  0.067   0.200   0.759084E-02  0.251420E-01
  0.067   0.200   0.415222E-03  0.262327E-01
  0.067   0.200  -0.680236E-02  0.259452E-01
  0.067   0.200  -0.137957E-01  0.240075E-01
