  0.000   0.000   0.000000E+00  0.000000E+00
  0.000   0.000   0.000000E+00  0.000000E+00
  0.000   0.000   0.000000E+00  0.000000E+00
  0.000   0.000   0.000000E+00  0.000000E+00
  0.000   0.000   0.000000E+00  0.000000E+00
  0.000   0.000   0.000000E+00  0.000000E+00
  0.000   0.000   0.000000E+00  0.000000E+00
  0.000   0.000   0.000000E+00  0.000000E+00
  0.000   0.000   0.000000E+00  0.000000E+00
  0.000   0.000   0.000000E+00  0.000000E+00
  0.000   0.000   0.000000E+00  0.000000E+00
  0.000   0.000   0.000000E+00  0.000000E+00
  0.000   0.000   0.000000E+00  0.000000E+00
  0.000   0.000   0.000000E+00  0.000000E+00
  0.000   0.000   0.000000E+00  0.000000E+00
  0.000   0.000   0.000000E+00  0.000000E+00
  0.000   0.000   0.000000E+00  0.000000E+00
  0.000   0.000   0.000000E+00  0.000000E+00
  0.000   0.000   0.000000E+00  0.000000E+00
  0.000   0.000   0.000000E+00  0.000000E+00
 -1.000  -1.000            NaN           NaN
 -1.000  -1.000            NaN           NaN
 -1.000  -1.000            NaN           NaN
 -1.000  -1.000            NaN           NaN
 -1.000  -1.000            NaN           NaN
 -1.000  -1.000            NaN           NaN
 -1.000  -1.000            NaN           NaN
 -1.000  -1.000            NaN           NaN
 -1.000  -1.000            NaN           NaN
 -1.000  -1.000            NaN           NaN
 -1.000  -1.000            NaN           NaN
 -1.000  -1.000            NaN           NaN
 -1.000  -1.000            NaN           NaN
 -1.000  -1.000            NaN           NaN
 -1.000  -1.000            NaN           NaN
 -1.000  -1.000            NaN           NaN
 -1.000  -1.000            NaN           NaN
 -1.000  -1.000            NaN           NaN
 -1.000  -1.000            NaN           NaN
 -1.000  -1.000            NaN           NaN
  0.067   0.200  -0.837517E-03 -0.790043E-03
  0.067   0.200  -0.464190E-03 -0.932993E-03
  0.067   0.200  -0.677088E-04 -0.989668E-03
  0.067   0.200   0.334317E-03 -0.972404E-03
  0.067   0.200   0.733520E-03 -0.866370E-03
  0.067   0.200  -0.180880E-03 -0.165458E-03
  0.067   0.200  -0.118165E-03 -0.195470E-03
  0.067   0.200  -0.293042E-04 -0.208367E-03
  0.067   0.200   0.621538E-04 -0.202650E-03
  0.067   0.200   0.139220E-03 -0.176384E-03
  0.067   0.200   0.132741E-03  0.355693E-03
  0.067   0.200   0.735372E-04  0.387800E-03
  0.067   0.200  -0.407144E-05  0.401774E-03
  0.067   0.200  -0.809758E-04  0.398145E-03
  0.067   0.200  -0.131488E-03  0.375335E-03
  0.067   0.200   0.792413E-03  0.983659E-03
  0.067   0.200   0.420584E-03  0.112878E-02
  0.067   0.200   0.340337E-04  0.118662E-02
  0.067   0.200  -0.354676E-03  0.117134E-02
  0.067   0.200  -0.729423E-03  0.106848E-02
