  0.000   0.000   0.000000E+00  0.000000E+00
  0.000   0.000   0.000000E+00  0.000000E+00
  0.000   0.000   0.000000E+00  0.000000E+00
  0.000   0.000   0.000000E+00  0.000000E+00
  0.000   0.000   0.000000E+00  0.000000E+00
  0.000   0.000   0.000000E+00  0.000000E+00
  0.000   0.000   0.000000E+00  0.000000E+00
  0.000   0.000   0.000000E+00  0.000000E+00
  0.000   0.000   0.000000E+00  0.000000E+00
  0.000   0.000   0.000000E+00  0.000000E+00
  0.000   0.000   0.000000E+00  0.000000E+00
  0.000   0.000   0.000000E+00  0.000000E+00
  0.000   0.000   0.000000E+00  0.000000E+00
  0.000   0.000   0.000000E+00  0.000000E+00
  0.000   0.000   0.000000E+00  0.000000E+00
  0.000   0.000   0.000000E+00  0.000000E+00
  0.000   0.000   0.000000E+00  0.000000E+00
  0.000   0.000   0.000000E+00  0.000000E+00
  0.000   0.000   0.000000E+00  0.000000E+00
  0.000   0.000   0.000000E+00  0.000000E+00
 -1.000  -1.000            NaN           NaN
 -1.000  -1.000            NaN           NaN
 -1.000  -1.000            NaN           NaN
 -1.000  -1.000            NaN           NaN
 -1.000  -1.000            NaN           NaN
 -1.000  -1.000            NaN           NaN
 -1.000  -1.000            NaN           NaN
 -1.000  -1.000            NaN           NaN
 -1.000  -1.000            NaN           NaN
 -1.000  -1.000            NaN           NaN
 -1.000  -1.000            NaN           NaN
 -1.000  -1.000            NaN           NaN
 -1.000  -1.000            NaN           NaN
 -1.000  -1.000            NaN           NaN
 -1.000  -1.000            NaN           NaN
 -1.000  -1.000            NaN           NaN
 -1.000  -1.000            NaN           NaN
 -1.000  -1.000            NaN           NaN
 -1.000  -1.000            NaN           NaN
 -1.000  -1.000            NaN           NaN
  0.067   0.200  -0.125092E+00 -0.503237E+03
  0.067   0.200  -0.136346E+02 -0.503008E+03
  0.067   0.200  -0.270112E+02 -0.502467E+03
  0.067   0.200  -0.403706E+02 -0.501604E+03
  0.067   0.200  -0.538278E+02 -0.500416E+03
  0.067   0.200  -0.653291E-01 -0.503157E+03
  0.067   0.200  -0.136001E+02 -0.502918E+03
  0.067   0.200  -0.270071E+02 -0.502372E+03
  0.067   0.200  -0.403973E+02 -0.501511E+03
  0.067   0.200  -0.538807E+02 -0.500331E+03
  0.067   0.200  -0.652943E-01 -0.503157E+03
  0.067   0.200  -0.136000E+02 -0.502918E+03
  0.067   0.200  -0.270071E+02 -0.502372E+03
  0.067   0.200  -0.403972E+02 -0.501511E+03
  0.067   0.200  -0.538807E+02 -0.500331E+03
  0.067   0.200  -0.124987E+00 -0.503237E+03
  0.067   0.200  -0.136345E+02 -0.503008E+03
  0.067   0.200  -0.270111E+02 -0.502467E+03
  0.067   0.200  -0.403704E+02 -0.501604E+03
  0.067   0.200  -0.538277E+02 -0.500416E+03
