  0.000   0.000   0.000000E+00  0.000000E+00
  0.000   0.000   0.000000E+00  0.000000E+00
  0.000   0.000   0.000000E+00  0.000000E+00
  0.000   0.000   0.000000E+00  0.000000E+00
  0.000   0.000   0.000000E+00  0.000000E+00
  0.000   0.000   0.000000E+00  0.000000E+00
  0.000   0.000   0.000000E+00  0.000000E+00
  0.000   0.000   0.000000E+00  0.000000E+00
  0.000   0.000   0.000000E+00  0.000000E+00
  0.000   0.000   0.000000E+00  0.000000E+00
  0.000   0.000   0.000000E+00  0.000000E+00
  0.000   0.000   0.000000E+00  0.000000E+00
  0.000   0.000   0.000000E+00  0.000000E+00
  0.000   0.000   0.000000E+00  0.000000E+00
  0.000   0.000   0.000000E+00  0.000000E+00
  0.000   0.000   0.000000E+00  0.000000E+00
  0.000   0.000   0.000000E+00  0.000000E+00
  0.000   0.000   0.000000E+00  0.000000E+00
  0.000   0.000   0.000000E+00  0.000000E+00
  0.000   0.000   0.000000E+00  0.000000E+00
 -1.000  -1.000            NaN           NaN
 -1.000  -1.000            NaN           NaN
 -1.000  -1.000            NaN           NaN
 -1.000  -1.000            NaN           NaN
 -1.000  -1.000            NaN           NaN
 -1.000  -1.000            NaN           NaN
 -1.000  -1.000            NaN           NaN
 -1.000  -1.000            NaN           NaN
 -1.000  -1.000            NaN           NaN
 -1.000  -1.000            NaN           NaN
 -1.000  -1.000            NaN           NaN
 -1.000  -1.000            NaN           NaN
 -1.000  -1.000            NaN           NaN
 -1.000  -1.000            NaN           NaN
 -1.000  -1.000            NaN           NaN
 -1.000  -1.000            NaN           NaN
 -1.000  -1.000            NaN           NaN
 -1.000  -1.000            NaN           NaN
 -1.000  -1.000            NaN           NaN
 -1.000  -1.000            NaN           NaN
  0.067   0.200  -0.367423E+01  0.272158E-02
  0.067   0.200  -0.356447E+01  0.816142E-01
  0.067   0.200  -0.355430E+01  0.166669E+00
  0.067   0.200  -0.355611E+01  0.252377E+00
  0.067   0.200  -0.365692E+01  0.342429E+00
  0.067   0.200  -0.367925E+01  0.622575E-02
  0.067   0.200  -0.357237E+01  0.836217E-01
  0.067   0.200  -0.356258E+01  0.167052E+00
  0.067   0.200  -0.356414E+01  0.251106E+00
  0.067   0.200  -0.366225E+01  0.339385E+00
  0.067   0.200  -0.367926E+01  0.622282E-02
  0.067   0.200  -0.357237E+01  0.836178E-01
  0.067   0.200  -0.356258E+01  0.167048E+00
  0.067   0.200  -0.356414E+01  0.251102E+00
  0.067   0.200  -0.366225E+01  0.339382E+00
  0.067   0.200  -0.367423E+01  0.271249E-02
  0.067   0.200  -0.356448E+01  0.816004E-01
  0.067   0.200  -0.355430E+01  0.166654E+00
  0.067   0.200  -0.355611E+01  0.252362E+00
  0.067   0.200  -0.365691E+01  0.342413E+00
