  0.000   0.000    0.10801E+05   0.00000E+00  -0.25684E-09   0.00000E+00   0.60438E+05   0.00000E+00
 -1.000  -1.000    0.37681E+04   0.00000E+00  -0.59640E-10   0.00000E+00   0.55334E+05   0.00000E+00
  0.004   0.200    0.10879E+05   0.00000E+00   0.72852E-10   0.00000E+00   0.60505E+05   0.00000E+00
  0.006   0.249    0.10924E+05   0.00000E+00   0.81977E-10   0.00000E+00   0.60544E+05   0.00000E+00
  0.009   0.298    0.10981E+05   0.00000E+00   0.14710E-09   0.00000E+00   0.60592E+05   0.00000E+00
  0.012   0.348    0.11050E+05   0.00000E+00   0.13651E-11   0.00000E+00   0.60652E+05   0.00000E+00
  0.016   0.397    0.11132E+05   0.00000E+00   0.74301E-11   0.00000E+00   0.60724E+05   0.00000E+00
  0.020   0.446    0.11230E+05   0.00000E+00   0.23317E-09   0.00000E+00   0.60809E+05   0.00000E+00
  0.025   0.495    0.11343E+05   0.00000E+00   0.33739E-10   0.00000E+00   0.60909E+05   0.00000E+00
  0.030   0.545    0.11475E+05   0.00000E+00   0.79372E-10   0.00000E+00   0.61025E+05   0.00000E+00
  0.036   0.594    0.11625E+05   0.00000E+00   0.38156E-11   0.00000E+00   0.61157E+05   0.00000E+00
  0.042   0.643    0.11797E+05   0.00000E+00   0.35424E-10   0.00000E+00   0.61309E+05   0.00000E+00
  0.049   0.693    0.11992E+05   0.00000E+00  -0.15086E-09   0.00000E+00   0.61481E+05   0.00000E+00
  0.056   0.742    0.12212E+05   0.00000E+00  -0.10799E-09   0.00000E+00   0.61674E+05   0.00000E+00
  0.064   0.791    0.12456E+05   0.00000E+00   0.12814E-09   0.00000E+00   0.61888E+05   0.00000E+00
  0.072   0.840    0.12724E+05   0.00000E+00   0.16798E-09   0.00000E+00   0.62121E+05   0.00000E+00
  0.081   0.889    0.13016E+05   0.00000E+00  -0.26434E-10   0.00000E+00   0.62369E+05   0.00000E+00
  0.090   0.939    0.13330E+05   0.00000E+00   0.11306E-09   0.00000E+00   0.62631E+05   0.00000E+00
  0.100   0.988    0.13663E+05   0.00000E+00   0.39018E-11   0.00000E+00   0.62901E+05   0.00000E+00
  0.110   1.037    0.14011E+05   0.00000E+00  -0.66054E-10   0.00000E+00   0.63177E+05   0.00000E+00
  0.120   1.087    0.14369E+05   0.00000E+00  -0.15169E-09   0.00000E+00   0.63451E+05   0.00000E+00
  0.132   1.136    0.14729E+05   0.00000E+00   0.61735E-11   0.00000E+00   0.63715E+05   0.00000E+00
  0.143   1.185    0.15080E+05   0.00000E+00  -0.18532E-10   0.00000E+00   0.63960E+05   0.00000E+00
  0.155   1.234    0.15411E+05   0.00000E+00   0.13940E-11   0.00000E+00   0.64172E+05   0.00000E+00
  0.168   1.284    0.15706E+05   0.00000E+00   0.17671E-10   0.00000E+00   0.64337E+05   0.00000E+00
  0.181   1.333    0.15949E+05   0.00000E+00   0.65309E-10   0.00000E+00   0.64440E+05   0.00000E+00
  0.195   1.382    0.16122E+05   0.00000E+00  -0.32236E-11   0.00000E+00   0.64465E+05   0.00000E+00
  0.209   1.431    0.16209E+05   0.00000E+00   0.36543E-10   0.00000E+00   0.64399E+05   0.00000E+00
  0.224   1.480    0.16191E+05   0.00000E+00  -0.12822E-10   0.00000E+00   0.64232E+05   0.00000E+00
  0.239   1.530    0.16056E+05   0.00000E+00   0.37574E-10   0.00000E+00   0.63955E+05   0.00000E+00
  0.254   1.579    0.15791E+05   0.00000E+00  -0.10238E-11   0.00000E+00   0.63565E+05   0.00000E+00
  0.270   1.628    0.15392E+05   0.00000E+00   0.79955E-10   0.00000E+00   0.63064E+05   0.00000E+00
  0.287   1.677    0.14859E+05   0.00000E+00   0.30327E-10   0.00000E+00   0.62460E+05   0.00000E+00
  0.304   1.727    0.14198E+05   0.00000E+00  -0.63319E-10   0.00000E+00   0.61766E+05   0.00000E+00
  0.322   1.776    0.13424E+05   0.00000E+00  -0.25993E-10   0.00000E+00   0.60998E+05   0.00000E+00
  0.340   1.825    0.12555E+05   0.00000E+00   0.44271E-11   0.00000E+00   0.60178E+05   0.00000E+00
  0.358   1.875    0.11615E+05   0.00000E+00   0.59797E-12   0.00000E+00   0.59328E+05   0.00000E+00
  0.377   1.924    0.10629E+05   0.00000E+00  -0.82667E-12   0.00000E+00   0.58470E+05   0.00000E+00
  0.397   1.973    0.96207E+04   0.00000E+00   0.26768E-10   0.00000E+00   0.57626E+05   0.00000E+00
  0.417   2.022    0.86154E+04   0.00000E+00  -0.76487E-10   0.00000E+00   0.56814E+05   0.00000E+00
  0.438   2.072    0.76334E+04   0.00000E+00  -0.38141E-11   0.00000E+00   0.56049E+05   0.00000E+00
  0.459   2.121    0.66915E+04   0.00000E+00  -0.14408E-10   0.00000E+00   0.55342E+05   0.00000E+00
  0.480   2.170    0.58030E+04   0.00000E+00   0.48561E-10   0.00000E+00   0.54700E+05   0.00000E+00
  0.502   2.219    0.49769E+04   0.00000E+00  -0.54543E-10   0.00000E+00   0.54128E+05   0.00000E+00
  0.525   2.269    0.42188E+04   0.00000E+00  -0.53748E-10   0.00000E+00   0.53626E+05   0.00000E+00
  0.548   2.318    0.35313E+04   0.00000E+00   0.91933E-11   0.00000E+00   0.53193E+05   0.00000E+00
  0.571   2.367    0.29145E+04   0.00000E+00  -0.30550E-10   0.00000E+00   0.52826E+05   0.00000E+00
  0.595   2.416    0.23666E+04   0.00000E+00  -0.72017E-10   0.00000E+00   0.52521E+05   0.00000E+00
  0.620   2.466    0.18846E+04   0.00000E+00  -0.24553E-10   0.00000E+00   0.52272E+05   0.00000E+00
  0.645   2.515    0.14646E+04   0.00000E+00   0.44804E-10   0.00000E+00   0.52074E+05   0.00000E+00
  0.670   2.564    0.11021E+04   0.00000E+00  -0.95885E-10   0.00000E+00   0.51922E+05   0.00000E+00
  0.696   2.613    0.79230E+03   0.00000E+00   0.30920E-10   0.00000E+00   0.51810E+05   0.00000E+00
  0.723   2.663    0.53046E+03   0.00000E+00   0.15862E-10   0.00000E+00   0.51732E+05   0.00000E+00
  0.750   2.712    0.31189E+03   0.00000E+00  -0.16809E-11   0.00000E+00   0.51685E+05   0.00000E+00
  0.777   2.761    0.13209E+03   0.00000E+00   0.70901E-11   0.00000E+00   0.51663E+05   0.00000E+00
  0.805   2.810   -0.13201E+02   0.00000E+00  -0.50967E-10   0.00000E+00   0.51662E+05   0.00000E+00
  0.834   2.860   -0.12792E+03   0.00000E+00   0.20522E-10   0.00000E+00   0.51680E+05   0.00000E+00
  0.863   2.909   -0.21571E+03   0.00000E+00   0.25094E-10   0.00000E+00   0.51712E+05   0.00000E+00
  0.892   2.958   -0.27992E+03   0.00000E+00  -0.56818E-10   0.00000E+00   0.51756E+05   0.00000E+00
  0.922   3.007   -0.32359E+03   0.00000E+00  -0.15881E-10   0.00000E+00   0.51810E+05   0.00000E+00
  0.953   3.057   -0.34948E+03   0.00000E+00   0.36234E-10   0.00000E+00   0.51872E+05   0.00000E+00
  0.984   3.106   -0.36010E+03   0.00000E+00  -0.26814E-10   0.00000E+00   0.51939E+05   0.00000E+00
  1.015   3.155   -0.35773E+03   0.00000E+00   0.17405E-10   0.00000E+00   0.52011E+05   0.00000E+00
  1.047   3.204   -0.34445E+03   0.00000E+00   0.25972E-10   0.00000E+00   0.52085E+05   0.00000E+00
  1.079   3.254   -0.32220E+03   0.00000E+00   0.25892E-10   0.00000E+00   0.52162E+05   0.00000E+00
  1.112   3.303   -0.29289E+03   0.00000E+00   0.34125E-10   0.00000E+00   0.52240E+05   0.00000E+00
  1.146   3.352   -0.25849E+03   0.00000E+00   0.53622E-10   0.00000E+00   0.52319E+05   0.00000E+00
  1.180   3.401   -0.22147E+03   0.00000E+00  -0.11115E-10   0.00000E+00   0.52397E+05   0.00000E+00
  1.214   3.451   -0.18574E+03   0.00000E+00   0.38650E-10   0.00000E+00   0.52475E+05   0.00000E+00
  1.249   3.500   -0.16043E+03   0.00000E+00  -0.32981E-10   0.00000E+00   0.52550E+05   0.00000E+00
  1.284   3.549   -0.18260E+03   0.00000E+00   0.95097E-10   0.00000E+00   0.52615E+05   0.00000E+00
  1.320   3.598   -0.87956E+03   0.00000E+00   0.15899E-09   0.00000E+00   0.52493E+05   0.00000E+00
  1.357   3.648    0.25329E+03   0.00000E+00  -0.81412E-10   0.00000E+00   0.52728E+05   0.00000E+00
  1.394   3.697    0.26218E+03   0.00000E+00  -0.35403E-10   0.00000E+00   0.52854E+05   0.00000E+00
  1.431   3.746    0.29495E+03   0.00000E+00  -0.68789E-11   0.00000E+00   0.52932E+05   0.00000E+00
  1.469   3.795    0.34221E+03   0.00000E+00   0.18541E-12   0.00000E+00   0.53004E+05   0.00000E+00
  1.507   3.845    0.39549E+03   0.00000E+00  -0.58728E-10   0.00000E+00   0.53073E+05   0.00000E+00
  1.546   3.894    0.45152E+03   0.00000E+00  -0.53206E-11   0.00000E+00   0.53141E+05   0.00000E+00
  1.585   3.943    0.50872E+03   0.00000E+00   0.82115E-10   0.00000E+00   0.53207E+05   0.00000E+00
  1.625   3.992    0.56623E+03   0.00000E+00  -0.17915E-10   0.00000E+00   0.53271E+05   0.00000E+00
  1.666   4.042    0.62350E+03   0.00000E+00  -0.54175E-10   0.00000E+00   0.53334E+05   0.00000E+00
  1.706   4.091    0.68016E+03   0.00000E+00  -0.74665E-10   0.00000E+00   0.53394E+05   0.00000E+00
  1.748   4.140    0.73591E+03   0.00000E+00  -0.18231E-10   0.00000E+00   0.53453E+05   0.00000E+00
  1.790   4.189    0.79054E+03   0.00000E+00  -0.62274E-10   0.00000E+00   0.53509E+05   0.00000E+00
  1.832   4.239    0.84385E+03   0.00000E+00  -0.56587E-10   0.00000E+00   0.53564E+05   0.00000E+00
  1.875   4.288    0.89566E+03   0.00000E+00   0.24405E-11   0.00000E+00   0.53617E+05   0.00000E+00
  1.918   4.337    0.94577E+03   0.00000E+00  -0.21450E-12   0.00000E+00   0.53667E+05   0.00000E+00
  1.962   4.386    0.99391E+03   0.00000E+00   0.60491E-10   0.00000E+00   0.53715E+05   0.00000E+00
  2.006   4.436    0.10398E+04   0.00000E+00  -0.42544E-10   0.00000E+00   0.53761E+05   0.00000E+00
  2.051   4.485    0.10828E+04   0.00000E+00   0.46252E-10   0.00000E+00   0.53804E+05   0.00000E+00
  2.096   4.534    0.11220E+04   0.00000E+00   0.27126E-10   0.00000E+00   0.53844E+05   0.00000E+00
  2.142   4.583    0.11556E+04   0.00000E+00  -0.45946E-10   0.00000E+00   0.53881E+05   0.00000E+00
  2.188   4.633    0.11796E+04   0.00000E+00   0.84859E-10   0.00000E+00   0.53912E+05   0.00000E+00
  2.235   4.682    0.11826E+04   0.00000E+00   0.29050E-10   0.00000E+00   0.53933E+05   0.00000E+00
  2.282   4.731    0.11175E+04   0.00000E+00   0.73590E-10   0.00000E+00   0.53925E+05   0.00000E+00
  2.330   4.780    0.45726E+03   0.00000E+00  -0.53008E-10   0.00000E+00   0.53660E+05   0.00000E+00
  2.378   4.830    0.17711E+04   0.00000E+00   0.18573E-10   0.00000E+00   0.54207E+05   0.00000E+00
  2.427   4.879    0.16402E+04   0.00000E+00  -0.59126E-10   0.00000E+00   0.54175E+05   0.00000E+00
  2.476   4.928    0.16236E+04   0.00000E+00   0.67069E-10   0.00000E+00   0.54181E+05   0.00000E+00
  2.526   4.977    0.16341E+04   0.00000E+00  -0.28978E-10   0.00000E+00   0.54197E+05   0.00000E+00
  2.576   5.027    0.16545E+04   0.00000E+00   0.12517E-10   0.00000E+00   0.54214E+05   0.00000E+00
  2.627   5.076    0.16790E+04   0.00000E+00   0.10022E-09   0.00000E+00   0.54232E+05   0.00000E+00
  2.678   5.125    0.17054E+04   0.00000E+00   0.33915E-10   0.00000E+00   0.54249E+05   0.00000E+00
  2.730   5.174    0.17325E+04   0.00000E+00   0.29780E-10   0.00000E+00   0.54264E+05   0.00000E+00
  2.782   5.224    0.17595E+04   0.00000E+00   0.77680E-11   0.00000E+00   0.54279E+05   0.00000E+00
  2.835   5.273    0.17860E+04   0.00000E+00  -0.60538E-10   0.00000E+00   0.54292E+05   0.00000E+00
  2.888   5.322    0.18117E+04   0.00000E+00  -0.44407E-11   0.00000E+00   0.54303E+05   0.00000E+00
  2.942   5.371    0.18363E+04   0.00000E+00   0.32285E-10   0.00000E+00   0.54313E+05   0.00000E+00
  2.996   5.421    0.18593E+04   0.00000E+00   0.92215E-10   0.00000E+00   0.54321E+05   0.00000E+00
  3.051   5.470    0.18802E+04   0.00000E+00  -0.10671E-10   0.00000E+00   0.54327E+05   0.00000E+00
  3.106   5.519    0.18981E+04   0.00000E+00   0.52867E-10   0.00000E+00   0.54331E+05   0.00000E+00
  3.162   5.568    0.19113E+04   0.00000E+00   0.37469E-10   0.00000E+00   0.54332E+05   0.00000E+00
  3.218   5.618    0.19160E+04   0.00000E+00   0.14866E-10   0.00000E+00   0.54328E+05   0.00000E+00
  3.275   5.667    0.19022E+04   0.00000E+00   0.16122E-10   0.00000E+00   0.54315E+05   0.00000E+00
  3.332   5.716    0.18337E+04   0.00000E+00   0.23870E-12   0.00000E+00   0.54279E+05   0.00000E+00
  3.389   5.765    0.22131E+04   0.00000E+00  -0.72168E-10   0.00000E+00   0.54502E+05   0.00000E+00
  3.447   5.815    0.23671E+04   0.00000E+00   0.67533E-11   0.00000E+00   0.54516E+05   0.00000E+00
  3.506   5.864    0.22562E+04   0.00000E+00   0.11318E-10   0.00000E+00   0.54449E+05   0.00000E+00
  3.565   5.913    0.22301E+04   0.00000E+00  -0.96581E-10   0.00000E+00   0.54426E+05   0.00000E+00
  3.625   5.962    0.22266E+04   0.00000E+00  -0.60546E-10   0.00000E+00   0.54414E+05   0.00000E+00
  3.685   6.012    0.22318E+04   0.00000E+00  -0.17760E-10   0.00000E+00   0.54406E+05   0.00000E+00
  3.746   6.061    0.22408E+04   0.00000E+00  -0.57528E-10   0.00000E+00   0.54399E+05   0.00000E+00
  3.807   6.110    0.22516E+04   0.00000E+00   0.14217E-10   0.00000E+00   0.54393E+05   0.00000E+00
  3.868   6.159    0.22630E+04   0.00000E+00  -0.48404E-10   0.00000E+00   0.54387E+05   0.00000E+00
  3.931   6.209    0.22743E+04   0.00000E+00   0.16060E-10   0.00000E+00   0.54381E+05   0.00000E+00
  3.993   6.258    0.22850E+04   0.00000E+00  -0.14570E-09   0.00000E+00   0.54374E+05   0.00000E+00
  4.056   6.307    0.22943E+04   0.00000E+00  -0.29744E-10   0.00000E+00   0.54367E+05   0.00000E+00
  4.120   6.356    0.23015E+04   0.00000E+00   0.50238E-10   0.00000E+00   0.54359E+05   0.00000E+00
  4.184   6.406    0.23051E+04   0.00000E+00   0.32499E-10   0.00000E+00   0.54349E+05   0.00000E+00
  4.249   6.455    0.23024E+04   0.00000E+00   0.36804E-10   0.00000E+00   0.54336E+05   0.00000E+00
  4.314   6.504    0.22875E+04   0.00000E+00  -0.57361E-10   0.00000E+00   0.54318E+05   0.00000E+00
  4.379   6.553    0.22602E+04   0.00000E+00  -0.13916E-10   0.00000E+00   0.54300E+05   0.00000E+00
  4.445   6.603    0.27747E+04   0.00000E+00  -0.10588E-10   0.00000E+00   0.54592E+05   0.00000E+00
  4.512   6.652    0.26787E+04   0.00000E+00   0.76298E-10   0.00000E+00   0.54489E+05   0.00000E+00
  4.579   6.701    0.25753E+04   0.00000E+00  -0.67679E-10   0.00000E+00   0.54418E+05   0.00000E+00
  4.646   6.750    0.25429E+04   0.00000E+00   0.24310E-10   0.00000E+00   0.54388E+05   0.00000E+00
  4.714   6.800    0.25316E+04   0.00000E+00   0.35067E-10   0.00000E+00   0.54370E+05   0.00000E+00
  4.783   6.849    0.25285E+04   0.00000E+00  -0.12084E-09   0.00000E+00   0.54357E+05   0.00000E+00
  4.852   6.898    0.25293E+04   0.00000E+00  -0.15180E-10   0.00000E+00   0.54347E+05   0.00000E+00
  4.922   6.947    0.25317E+04   0.00000E+00   0.30076E-11   0.00000E+00   0.54337E+05   0.00000E+00
  4.992   6.997    0.25346E+04   0.00000E+00   0.29890E-10   0.00000E+00   0.54328E+05   0.00000E+00
  5.062   7.046    0.25372E+04   0.00000E+00  -0.72512E-10   0.00000E+00   0.54319E+05   0.00000E+00
  5.133   7.095    0.25386E+04   0.00000E+00   0.34982E-10   0.00000E+00   0.54309E+05   0.00000E+00
  5.205   7.144    0.25378E+04   0.00000E+00   0.50233E-10   0.00000E+00   0.54299E+05   0.00000E+00
  5.277   7.194    0.25334E+04   0.00000E+00   0.26779E-10   0.00000E+00   0.54287E+05   0.00000E+00
  5.349   7.243    0.25249E+04   0.00000E+00   0.44538E-10   0.00000E+00   0.54274E+05   0.00000E+00
  5.422   7.292    0.25420E+04   0.00000E+00  -0.11848E-09   0.00000E+00   0.54277E+05   0.00000E+00
  5.496   7.341    0.29352E+04   0.00000E+00   0.32709E-10   0.00000E+00   0.54489E+05   0.00000E+00
  5.570   7.391    0.28605E+04   0.00000E+00   0.50175E-10   0.00000E+00   0.54430E+05   0.00000E+00
  5.644   7.440    0.27616E+04   0.00000E+00  -0.65485E-10   0.00000E+00   0.54365E+05   0.00000E+00
  5.719   7.489    0.27249E+04   0.00000E+00   0.66257E-10   0.00000E+00   0.54336E+05   0.00000E+00
  5.795   7.538    0.27088E+04   0.00000E+00  -0.12030E-09   0.00000E+00   0.54319E+05   0.00000E+00
  5.871   7.588    0.27010E+04   0.00000E+00   0.21423E-10   0.00000E+00   0.54307E+05   0.00000E+00
  5.947   7.637    0.26970E+04   0.00000E+00  -0.94554E-10   0.00000E+00   0.54297E+05   0.00000E+00
  6.024   7.686    0.26948E+04   0.00000E+00  -0.25205E-10   0.00000E+00   0.54289E+05   0.00000E+00
  6.101   7.735    0.26930E+04   0.00000E+00  -0.43944E-10   0.00000E+00   0.54281E+05   0.00000E+00
  6.179   7.785    0.26909E+04   0.00000E+00   0.41013E-10   0.00000E+00   0.54272E+05   0.00000E+00
  6.258   7.834    0.26879E+04   0.00000E+00   0.28709E-10   0.00000E+00   0.54264E+05   0.00000E+00
  6.337   7.883    0.26846E+04   0.00000E+00  -0.11440E-10   0.00000E+00   0.54255E+05   0.00000E+00
  6.416   7.932    0.26915E+04   0.00000E+00   0.52140E-10   0.00000E+00   0.54250E+05   0.00000E+00
  6.496   7.982    0.28133E+04   0.00000E+00   0.46612E-10   0.00000E+00   0.54304E+05   0.00000E+00
  6.576   8.031    0.30447E+04   0.00000E+00   0.49813E-11   0.00000E+00   0.54427E+05   0.00000E+00
  6.657   8.080    0.29243E+04   0.00000E+00   0.75441E-10   0.00000E+00   0.54362E+05   0.00000E+00
  6.739   8.129    0.28606E+04   0.00000E+00   0.45524E-10   0.00000E+00   0.54324E+05   0.00000E+00
  6.821   8.178    0.28323E+04   0.00000E+00   0.30539E-10   0.00000E+00   0.54304E+05   0.00000E+00
  6.903   8.228    0.28177E+04   0.00000E+00   0.28692E-10   0.00000E+00   0.54291E+05   0.00000E+00
  6.986   8.277    0.28093E+04   0.00000E+00   0.13631E-11   0.00000E+00   0.54282E+05   0.00000E+00
  7.069   8.326    0.28039E+04   0.00000E+00   0.78839E-10   0.00000E+00   0.54275E+05   0.00000E+00
  7.153   8.375    0.27998E+04   0.00000E+00  -0.67419E-11   0.00000E+00   0.54268E+05   0.00000E+00
  7.238   8.425    0.27965E+04   0.00000E+00  -0.46181E-11   0.00000E+00   0.54261E+05   0.00000E+00
  7.322   8.474    0.27946E+04   0.00000E+00  -0.18502E-10   0.00000E+00   0.54255E+05   0.00000E+00
  7.408   8.523    0.27994E+04   0.00000E+00   0.17623E-10   0.00000E+00   0.54251E+05   0.00000E+00
  7.494   8.572    0.28457E+04   0.00000E+00   0.26671E-10   0.00000E+00   0.54265E+05   0.00000E+00
  7.580   8.622    0.30420E+04   0.00000E+00   0.22073E-10   0.00000E+00   0.54356E+05   0.00000E+00
  7.667   8.671    0.30534E+04   0.00000E+00  -0.59187E-10   0.00000E+00   0.54374E+05   0.00000E+00
  7.754   8.720    0.29686E+04   0.00000E+00  -0.15898E-10   0.00000E+00   0.54333E+05   0.00000E+00
  7.842   8.769    0.29262E+04   0.00000E+00  -0.11089E-09   0.00000E+00   0.54310E+05   0.00000E+00
  7.930   8.819    0.29047E+04   0.00000E+00  -0.29867E-10   0.00000E+00   0.54297E+05   0.00000E+00
  8.019   8.868    0.28925E+04   0.00000E+00  -0.10535E-09   0.00000E+00   0.54288E+05   0.00000E+00
  8.109   8.917    0.28847E+04   0.00000E+00   0.44585E-10   0.00000E+00   0.54281E+05   0.00000E+00
  8.198   8.966    0.28797E+04   0.00000E+00   0.19215E-10   0.00000E+00   0.54276E+05   0.00000E+00
  8.289   9.016    0.28769E+04   0.00000E+00   0.12585E-10   0.00000E+00   0.54271E+05   0.00000E+00
  8.379   9.065    0.28785E+04   0.00000E+00  -0.65972E-11   0.00000E+00   0.54267E+05   0.00000E+00
  8.471   9.114    0.28959E+04   0.00000E+00   0.58902E-11   0.00000E+00   0.54269E+05   0.00000E+00
  8.563   9.163    0.29765E+04   0.00000E+00  -0.37538E-10   0.00000E+00   0.54299E+05   0.00000E+00
  8.655   9.213    0.31170E+04   0.00000E+00   0.90650E-11   0.00000E+00   0.54369E+05   0.00000E+00
  8.748   9.262    0.30745E+04   0.00000E+00  -0.12387E-10   0.00000E+00   0.54361E+05   0.00000E+00
  8.841   9.311    0.30126E+04   0.00000E+00  -0.24021E-10   0.00000E+00   0.54334E+05   0.00000E+00
  8.935   9.361    0.29795E+04   0.00000E+00   0.33315E-10   0.00000E+00   0.54318E+05   0.00000E+00
  9.029   9.410    0.29614E+04   0.00000E+00  -0.43012E-10   0.00000E+00   0.54308E+05   0.00000E+00
  9.124   9.459    0.29508E+04   0.00000E+00   0.12105E-10   0.00000E+00   0.54302E+05   0.00000E+00
  9.219   9.508    0.29445E+04   0.00000E+00   0.27296E-10   0.00000E+00   0.54297E+05   0.00000E+00
  9.315   9.557    0.29420E+04   0.00000E+00   0.58190E-10   0.00000E+00   0.54294E+05   0.00000E+00
  9.411   9.607    0.29458E+04   0.00000E+00  -0.18181E-10   0.00000E+00   0.54292E+05   0.00000E+00
  9.508   9.656    0.29673E+04   0.00000E+00  -0.65985E-10   0.00000E+00   0.54297E+05   0.00000E+00
  9.605   9.705    0.30415E+04   0.00000E+00  -0.50287E-10   0.00000E+00   0.54324E+05   0.00000E+00
  9.703   9.755    0.31434E+04   0.00000E+00  -0.26394E-10   0.00000E+00   0.54375E+05   0.00000E+00
  9.801   9.804    0.31139E+04   0.00000E+00  -0.22236E-11   0.00000E+00   0.54374E+05   0.00000E+00
  9.900   9.853    0.30604E+04   0.00000E+00  -0.27815E-10   0.00000E+00   0.54354E+05   0.00000E+00
  9.999   9.902    0.30289E+04   0.00000E+00  -0.29437E-10   0.00000E+00   0.54340E+05   0.00000E+00
 10.098   9.951    0.30114E+04   0.00000E+00   0.10119E-09   0.00000E+00   0.54332E+05   0.00000E+00
 10.199  10.001    0.30014E+04   0.00000E+00  -0.42153E-10   0.00000E+00   0.54327E+05   0.00000E+00
