  0.000   0.000   -0.91339E-11   0.00000E+00   0.66375E+05   0.00000E+00  -0.28117E-10   0.00000E+00
 -1.000  -1.000    0.11054E-12   0.00000E+00   0.48939E+05   0.00000E+00  -0.26370E-10   0.00000E+00
  0.004   0.200   -0.68763E-11   0.00000E+00   0.67832E+05   0.00000E+00   0.45758E-10   0.00000E+00
  0.006   0.249   -0.38939E-11   0.00000E+00   0.68237E+05   0.00000E+00  -0.10969E-10   0.00000E+00
  0.009   0.298   -0.75192E-11   0.00000E+00   0.68565E+05   0.00000E+00  -0.10023E-10   0.00000E+00
  0.012   0.348   -0.86340E-11   0.00000E+00   0.68784E+05   0.00000E+00  -0.10848E-11   0.00000E+00
  0.016   0.397    0.37947E-11   0.00000E+00   0.68874E+05   0.00000E+00  -0.24881E-10   0.00000E+00
  0.020   0.446   -0.39078E-11   0.00000E+00   0.68816E+05   0.00000E+00  -0.20812E-10   0.00000E+00
  0.025   0.495    0.16689E-11   0.00000E+00   0.68602E+05   0.00000E+00   0.21203E-10   0.00000E+00
  0.030   0.545   -0.11273E-10   0.00000E+00   0.68227E+05   0.00000E+00   0.38246E-10   0.00000E+00
  0.036   0.594   -0.56875E-11   0.00000E+00   0.67694E+05   0.00000E+00  -0.27128E-10   0.00000E+00
  0.042   0.643   -0.90465E-11   0.00000E+00   0.67008E+05   0.00000E+00   0.48663E-10   0.00000E+00
  0.049   0.693    0.26652E-11   0.00000E+00   0.66181E+05   0.00000E+00  -0.26998E-10   0.00000E+00
  0.056   0.742   -0.12427E-10   0.00000E+00   0.65227E+05   0.00000E+00  -0.38194E-10   0.00000E+00
  0.064   0.791   -0.93980E-11   0.00000E+00   0.64161E+05   0.00000E+00  -0.41303E-10   0.00000E+00
  0.072   0.840   -0.95157E-11   0.00000E+00   0.63002E+05   0.00000E+00   0.92749E-11   0.00000E+00
  0.081   0.889   -0.51092E-11   0.00000E+00   0.61770E+05   0.00000E+00   0.17866E-10   0.00000E+00
  0.090   0.939   -0.62690E-11   0.00000E+00   0.60483E+05   0.00000E+00   0.13723E-10   0.00000E+00
  0.100   0.988    0.38184E-11   0.00000E+00   0.59162E+05   0.00000E+00   0.31867E-10   0.00000E+00
  0.110   1.037   -0.63867E-11   0.00000E+00   0.57825E+05   0.00000E+00  -0.28983E-10   0.00000E+00
  0.120   1.087    0.29599E-12   0.00000E+00   0.56489E+05   0.00000E+00   0.65776E-10   0.00000E+00
  0.132   1.136   -0.57878E-11   0.00000E+00   0.55168E+05   0.00000E+00  -0.16768E-10   0.00000E+00
  0.143   1.185    0.81624E-12   0.00000E+00   0.53877E+05   0.00000E+00  -0.41859E-11   0.00000E+00
  0.155   1.234   -0.12190E-10   0.00000E+00   0.52627E+05   0.00000E+00   0.48654E-10   0.00000E+00
  0.168   1.284   -0.88408E-11   0.00000E+00   0.51427E+05   0.00000E+00   0.42734E-10   0.00000E+00
  0.181   1.333   -0.89911E-11   0.00000E+00   0.50285E+05   0.00000E+00  -0.58966E-11   0.00000E+00
  0.195   1.382   -0.94414E-11   0.00000E+00   0.49209E+05   0.00000E+00   0.20810E-10   0.00000E+00
  0.209   1.431   -0.82307E-11   0.00000E+00   0.48203E+05   0.00000E+00   0.36570E-11   0.00000E+00
  0.224   1.480   -0.87352E-11   0.00000E+00   0.47272E+05   0.00000E+00  -0.33063E-10   0.00000E+00
  0.239   1.530   -0.88957E-11   0.00000E+00   0.46419E+05   0.00000E+00  -0.20154E-10   0.00000E+00
  0.254   1.579   -0.16051E-10   0.00000E+00   0.45644E+05   0.00000E+00  -0.48460E-10   0.00000E+00
  0.270   1.628   -0.35943E-11   0.00000E+00   0.44948E+05   0.00000E+00  -0.11775E-10   0.00000E+00
  0.287   1.677    0.22159E-11   0.00000E+00   0.44330E+05   0.00000E+00   0.68188E-11   0.00000E+00
  0.304   1.727   -0.11986E-10   0.00000E+00   0.43788E+05   0.00000E+00  -0.56286E-10   0.00000E+00
  0.322   1.776   -0.93606E-11   0.00000E+00   0.43320E+05   0.00000E+00  -0.24623E-10   0.00000E+00
  0.340   1.825   -0.12906E-10   0.00000E+00   0.42923E+05   0.00000E+00  -0.30746E-10   0.00000E+00
  0.358   1.875   -0.48902E-11   0.00000E+00   0.42592E+05   0.00000E+00   0.20197E-10   0.00000E+00
  0.377   1.924   -0.13246E-10   0.00000E+00   0.42323E+05   0.00000E+00   0.12287E-10   0.00000E+00
  0.397   1.973   -0.62352E-11   0.00000E+00   0.42113E+05   0.00000E+00   0.67680E-10   0.00000E+00
  0.417   2.022   -0.25652E-11   0.00000E+00   0.41957E+05   0.00000E+00  -0.29308E-10   0.00000E+00
  0.438   2.072   -0.43309E-11   0.00000E+00   0.41851E+05   0.00000E+00  -0.20700E-10   0.00000E+00
  0.459   2.121   -0.97662E-11   0.00000E+00   0.41790E+05   0.00000E+00   0.28744E-11   0.00000E+00
  0.480   2.170   -0.40660E-11   0.00000E+00   0.41769E+05   0.00000E+00  -0.17573E-10   0.00000E+00
  0.502   2.219   -0.71394E-11   0.00000E+00   0.41786E+05   0.00000E+00   0.35930E-11   0.00000E+00
  0.525   2.269   -0.77041E-12   0.00000E+00   0.41835E+05   0.00000E+00  -0.11699E-10   0.00000E+00
  0.548   2.318   -0.30868E-11   0.00000E+00   0.41912E+05   0.00000E+00   0.24549E-10   0.00000E+00
  0.571   2.367   -0.79919E-11   0.00000E+00   0.42014E+05   0.00000E+00   0.37492E-11   0.00000E+00
  0.595   2.416   -0.90492E-12   0.00000E+00   0.42136E+05   0.00000E+00   0.13024E-10   0.00000E+00
  0.620   2.466   -0.36964E-11   0.00000E+00   0.42275E+05   0.00000E+00  -0.24665E-10   0.00000E+00
  0.645   2.515   -0.81011E-12   0.00000E+00   0.42428E+05   0.00000E+00   0.28198E-10   0.00000E+00
  0.670   2.564   -0.44277E-11   0.00000E+00   0.42592E+05   0.00000E+00   0.68380E-11   0.00000E+00
  0.696   2.613   -0.50635E-11   0.00000E+00   0.42763E+05   0.00000E+00  -0.29149E-10   0.00000E+00
  0.723   2.663   -0.21441E-11   0.00000E+00   0.42939E+05   0.00000E+00  -0.16634E-10   0.00000E+00
  0.750   2.712   -0.62593E-12   0.00000E+00   0.43117E+05   0.00000E+00   0.26297E-10   0.00000E+00
  0.777   2.761   -0.15076E-11   0.00000E+00   0.43295E+05   0.00000E+00   0.16266E-10   0.00000E+00
  0.805   2.810   -0.16309E-11   0.00000E+00   0.43470E+05   0.00000E+00   0.24065E-10   0.00000E+00
  0.834   2.860    0.13753E-12   0.00000E+00   0.43640E+05   0.00000E+00   0.27226E-10   0.00000E+00
  0.863   2.909   -0.92577E-13   0.00000E+00   0.43798E+05   0.00000E+00   0.29467E-10   0.00000E+00
  0.892   2.958   -0.41527E-11   0.00000E+00   0.43933E+05   0.00000E+00   0.56440E-10   0.00000E+00
  0.922   3.007    0.11499E-10   0.00000E+00   0.43998E+05   0.00000E+00   0.54064E-10   0.00000E+00
  0.953   3.057    0.28266E-10   0.00000E+00   0.43237E+05   0.00000E+00   0.44844E-09   0.00000E+00
  0.984   3.106    0.61629E-11   0.00000E+00   0.44978E+05   0.00000E+00  -0.13813E-09   0.00000E+00
  1.015   3.155   -0.67738E-11   0.00000E+00   0.44903E+05   0.00000E+00  -0.68541E-10   0.00000E+00
  1.047   3.204   -0.49594E-11   0.00000E+00   0.44992E+05   0.00000E+00  -0.49700E-10   0.00000E+00
  1.079   3.254   -0.41242E-11   0.00000E+00   0.45111E+05   0.00000E+00  -0.58692E-10   0.00000E+00
  1.112   3.303   -0.36033E-11   0.00000E+00   0.45237E+05   0.00000E+00  -0.12474E-10   0.00000E+00
  1.146   3.352   -0.47455E-11   0.00000E+00   0.45364E+05   0.00000E+00  -0.44061E-11   0.00000E+00
  1.180   3.401   -0.28486E-11   0.00000E+00   0.45491E+05   0.00000E+00  -0.37999E-10   0.00000E+00
  1.214   3.451   -0.41920E-11   0.00000E+00   0.45615E+05   0.00000E+00  -0.21241E-10   0.00000E+00
  1.249   3.500   -0.32824E-11   0.00000E+00   0.45737E+05   0.00000E+00   0.14957E-10   0.00000E+00
  1.284   3.549   -0.21725E-11   0.00000E+00   0.45857E+05   0.00000E+00  -0.15524E-10   0.00000E+00
  1.320   3.598   -0.29169E-11   0.00000E+00   0.45973E+05   0.00000E+00  -0.12436E-10   0.00000E+00
  1.357   3.648   -0.28518E-11   0.00000E+00   0.46087E+05   0.00000E+00  -0.14375E-10   0.00000E+00
  1.394   3.697   -0.22817E-11   0.00000E+00   0.46198E+05   0.00000E+00   0.31101E-10   0.00000E+00
  1.431   3.746   -0.25201E-11   0.00000E+00   0.46307E+05   0.00000E+00   0.40723E-11   0.00000E+00
  1.469   3.795   -0.28611E-11   0.00000E+00   0.46413E+05   0.00000E+00   0.31345E-10   0.00000E+00
  1.507   3.845   -0.33332E-11   0.00000E+00   0.46517E+05   0.00000E+00  -0.32908E-10   0.00000E+00
  1.546   3.894   -0.23779E-11   0.00000E+00   0.46618E+05   0.00000E+00   0.46019E-11   0.00000E+00
  1.585   3.943   -0.16329E-11   0.00000E+00   0.46717E+05   0.00000E+00  -0.98631E-11   0.00000E+00
  1.625   3.992   -0.22603E-11   0.00000E+00   0.46813E+05   0.00000E+00   0.14870E-10   0.00000E+00
  1.666   4.042   -0.27430E-11   0.00000E+00   0.46906E+05   0.00000E+00   0.91627E-12   0.00000E+00
  1.706   4.091   -0.24353E-11   0.00000E+00   0.46995E+05   0.00000E+00  -0.62181E-11   0.00000E+00
  1.748   4.140   -0.36712E-11   0.00000E+00   0.47081E+05   0.00000E+00  -0.10187E-10   0.00000E+00
  1.790   4.189   -0.26171E-11   0.00000E+00   0.47160E+05   0.00000E+00  -0.40707E-10   0.00000E+00
  1.832   4.239   -0.31668E-12   0.00000E+00   0.47208E+05   0.00000E+00   0.30246E-10   0.00000E+00
  1.875   4.288   -0.28549E-11   0.00000E+00   0.47393E+05   0.00000E+00  -0.98499E-11   0.00000E+00
  1.918   4.337   -0.32795E-11   0.00000E+00   0.47437E+05   0.00000E+00  -0.23760E-10   0.00000E+00
  1.962   4.386   -0.48657E-11   0.00000E+00   0.47503E+05   0.00000E+00   0.19498E-10   0.00000E+00
  2.006   4.436   -0.16592E-11   0.00000E+00   0.47570E+05   0.00000E+00   0.89573E-12   0.00000E+00
  2.051   4.485   -0.35589E-11   0.00000E+00   0.47635E+05   0.00000E+00  -0.10327E-10   0.00000E+00
  2.096   4.534   -0.41655E-11   0.00000E+00   0.47698E+05   0.00000E+00   0.34243E-10   0.00000E+00
  2.142   4.583   -0.30416E-11   0.00000E+00   0.47757E+05   0.00000E+00  -0.76026E-11   0.00000E+00
  2.188   4.633   -0.36949E-11   0.00000E+00   0.47812E+05   0.00000E+00   0.33225E-11   0.00000E+00
  2.235   4.682   -0.24777E-11   0.00000E+00   0.47864E+05   0.00000E+00   0.23329E-11   0.00000E+00
  2.282   4.731   -0.32344E-11   0.00000E+00   0.47913E+05   0.00000E+00  -0.20552E-10   0.00000E+00
  2.330   4.780   -0.26914E-11   0.00000E+00   0.47957E+05   0.00000E+00  -0.25445E-10   0.00000E+00
  2.378   4.830   -0.29572E-11   0.00000E+00   0.47998E+05   0.00000E+00  -0.10914E-10   0.00000E+00
  2.427   4.879   -0.10003E-11   0.00000E+00   0.48036E+05   0.00000E+00  -0.54513E-11   0.00000E+00
  2.476   4.928   -0.17250E-11   0.00000E+00   0.48069E+05   0.00000E+00   0.49783E-10   0.00000E+00
  2.526   4.977   -0.26723E-11   0.00000E+00   0.48099E+05   0.00000E+00   0.69097E-10   0.00000E+00
  2.576   5.027   -0.43660E-11   0.00000E+00   0.48126E+05   0.00000E+00   0.33733E-11   0.00000E+00
  2.627   5.076   -0.20907E-11   0.00000E+00   0.48149E+05   0.00000E+00   0.32500E-10   0.00000E+00
  2.678   5.125   -0.32563E-11   0.00000E+00   0.48168E+05   0.00000E+00  -0.23507E-10   0.00000E+00
  2.730   5.174   -0.17248E-11   0.00000E+00   0.48184E+05   0.00000E+00  -0.54448E-11   0.00000E+00
  2.782   5.224   -0.18445E-11   0.00000E+00   0.48196E+05   0.00000E+00   0.49949E-10   0.00000E+00
  2.835   5.273   -0.20805E-11   0.00000E+00   0.48202E+05   0.00000E+00  -0.43453E-10   0.00000E+00
  2.888   5.322   -0.46706E-11   0.00000E+00   0.48229E+05   0.00000E+00  -0.23808E-10   0.00000E+00
  2.942   5.371   -0.47998E-11   0.00000E+00   0.48232E+05   0.00000E+00   0.20777E-10   0.00000E+00
  2.996   5.421   -0.35507E-11   0.00000E+00   0.48230E+05   0.00000E+00  -0.56312E-10   0.00000E+00
  3.051   5.470   -0.41851E-11   0.00000E+00   0.48228E+05   0.00000E+00  -0.34292E-10   0.00000E+00
  3.106   5.519   -0.44375E-11   0.00000E+00   0.48225E+05   0.00000E+00  -0.30585E-10   0.00000E+00
  3.162   5.568   -0.88748E-12   0.00000E+00   0.48220E+05   0.00000E+00  -0.54701E-11   0.00000E+00
  3.218   5.618    0.34653E-13   0.00000E+00   0.48212E+05   0.00000E+00   0.18862E-10   0.00000E+00
  3.275   5.667   -0.30505E-11   0.00000E+00   0.48203E+05   0.00000E+00  -0.17857E-10   0.00000E+00
  3.332   5.716   -0.19543E-11   0.00000E+00   0.48193E+05   0.00000E+00  -0.87776E-10   0.00000E+00
  3.389   5.765   -0.32981E-11   0.00000E+00   0.48180E+05   0.00000E+00   0.22163E-10   0.00000E+00
  3.447   5.815   -0.33708E-11   0.00000E+00   0.48167E+05   0.00000E+00   0.15265E-10   0.00000E+00
  3.506   5.864   -0.11204E-11   0.00000E+00   0.48152E+05   0.00000E+00  -0.19843E-10   0.00000E+00
  3.565   5.913   -0.37564E-11   0.00000E+00   0.48135E+05   0.00000E+00  -0.29130E-10   0.00000E+00
  3.625   5.962   -0.29649E-11   0.00000E+00   0.48118E+05   0.00000E+00  -0.11342E-10   0.00000E+00
  3.685   6.012   -0.30594E-11   0.00000E+00   0.48100E+05   0.00000E+00   0.37716E-11   0.00000E+00
  3.746   6.061   -0.32201E-11   0.00000E+00   0.48080E+05   0.00000E+00  -0.25788E-10   0.00000E+00
  3.807   6.110   -0.26181E-11   0.00000E+00   0.48060E+05   0.00000E+00  -0.20099E-10   0.00000E+00
  3.868   6.159   -0.29501E-11   0.00000E+00   0.48039E+05   0.00000E+00   0.22263E-10   0.00000E+00
  3.931   6.209   -0.34299E-11   0.00000E+00   0.48020E+05   0.00000E+00  -0.20440E-10   0.00000E+00
  3.993   6.258   -0.15961E-11   0.00000E+00   0.48000E+05   0.00000E+00   0.34470E-11   0.00000E+00
  4.056   6.307   -0.37376E-11   0.00000E+00   0.47978E+05   0.00000E+00  -0.32367E-10   0.00000E+00
  4.120   6.356   -0.19779E-11   0.00000E+00   0.47955E+05   0.00000E+00   0.36015E-10   0.00000E+00
  4.184   6.406   -0.56918E-11   0.00000E+00   0.47933E+05   0.00000E+00  -0.10870E-10   0.00000E+00
  4.249   6.455   -0.47706E-11   0.00000E+00   0.47911E+05   0.00000E+00   0.11347E-10   0.00000E+00
  4.314   6.504   -0.45898E-11   0.00000E+00   0.47888E+05   0.00000E+00  -0.43026E-10   0.00000E+00
  4.379   6.553   -0.47936E-11   0.00000E+00   0.47866E+05   0.00000E+00  -0.29693E-10   0.00000E+00
  4.445   6.603   -0.22531E-11   0.00000E+00   0.47844E+05   0.00000E+00  -0.34871E-10   0.00000E+00
  4.512   6.652   -0.40516E-11   0.00000E+00   0.47821E+05   0.00000E+00   0.29893E-10   0.00000E+00
  4.579   6.701   -0.34284E-11   0.00000E+00   0.47799E+05   0.00000E+00  -0.18144E-10   0.00000E+00
  4.646   6.750   -0.46619E-11   0.00000E+00   0.47778E+05   0.00000E+00   0.11730E-10   0.00000E+00
  4.714   6.800   -0.84095E-12   0.00000E+00   0.47756E+05   0.00000E+00   0.46174E-10   0.00000E+00
  4.783   6.849   -0.68697E-11   0.00000E+00   0.47735E+05   0.00000E+00  -0.62188E-10   0.00000E+00
  4.852   6.898   -0.21923E-11   0.00000E+00   0.47714E+05   0.00000E+00   0.52834E-10   0.00000E+00
  4.922   6.947   -0.47672E-11   0.00000E+00   0.47693E+05   0.00000E+00  -0.74860E-10   0.00000E+00
  4.992   6.997   -0.17219E-11   0.00000E+00   0.47673E+05   0.00000E+00  -0.64475E-11   0.00000E+00
  5.062   7.046    0.37227E-12   0.00000E+00   0.47654E+05   0.00000E+00  -0.66058E-13   0.00000E+00
  5.133   7.095   -0.38662E-11   0.00000E+00   0.47635E+05   0.00000E+00  -0.55893E-10   0.00000E+00
  5.205   7.144   -0.33768E-11   0.00000E+00   0.47616E+05   0.00000E+00  -0.77147E-11   0.00000E+00
  5.277   7.194   -0.31915E-11   0.00000E+00   0.47598E+05   0.00000E+00   0.44614E-10   0.00000E+00
  5.349   7.243   -0.23979E-11   0.00000E+00   0.47580E+05   0.00000E+00  -0.42983E-10   0.00000E+00
  5.422   7.292   -0.46273E-11   0.00000E+00   0.47562E+05   0.00000E+00   0.59563E-11   0.00000E+00
  5.496   7.341   -0.38534E-12   0.00000E+00   0.47545E+05   0.00000E+00  -0.52150E-10   0.00000E+00
  5.570   7.391   -0.67472E-11   0.00000E+00   0.47529E+05   0.00000E+00  -0.58291E-11   0.00000E+00
  5.644   7.440   -0.38979E-11   0.00000E+00   0.47513E+05   0.00000E+00  -0.14554E-11   0.00000E+00
  5.719   7.489   -0.13743E-11   0.00000E+00   0.47498E+05   0.00000E+00  -0.33793E-10   0.00000E+00
  5.795   7.538   -0.54627E-11   0.00000E+00   0.47483E+05   0.00000E+00  -0.46332E-10   0.00000E+00
  5.871   7.588   -0.82241E-12   0.00000E+00   0.47468E+05   0.00000E+00   0.27745E-10   0.00000E+00
  5.947   7.637   -0.18455E-11   0.00000E+00   0.47454E+05   0.00000E+00   0.22376E-10   0.00000E+00
  6.024   7.686   -0.36506E-11   0.00000E+00   0.47440E+05   0.00000E+00   0.74030E-11   0.00000E+00
  6.101   7.735   -0.15683E-11   0.00000E+00   0.47428E+05   0.00000E+00  -0.21284E-10   0.00000E+00
  6.179   7.785   -0.31420E-11   0.00000E+00   0.47416E+05   0.00000E+00   0.28757E-11   0.00000E+00
  6.258   7.834   -0.58232E-11   0.00000E+00   0.47404E+05   0.00000E+00   0.68008E-11   0.00000E+00
  6.337   7.883   -0.25754E-11   0.00000E+00   0.47393E+05   0.00000E+00  -0.30272E-10   0.00000E+00
  6.416   7.932   -0.51446E-11   0.00000E+00   0.47382E+05   0.00000E+00  -0.27887E-10   0.00000E+00
  6.496   7.982   -0.15687E-11   0.00000E+00   0.47371E+05   0.00000E+00   0.35449E-10   0.00000E+00
  6.576   8.031   -0.37048E-11   0.00000E+00   0.47361E+05   0.00000E+00  -0.25075E-10   0.00000E+00
  6.657   8.080   -0.30392E-11   0.00000E+00   0.47352E+05   0.00000E+00   0.26454E-10   0.00000E+00
  6.739   8.129   -0.49952E-11   0.00000E+00   0.47343E+05   0.00000E+00   0.12665E-10   0.00000E+00
  6.821   8.178   -0.59573E-11   0.00000E+00   0.47334E+05   0.00000E+00  -0.21479E-10   0.00000E+00
  6.903   8.228   -0.16578E-11   0.00000E+00   0.47326E+05   0.00000E+00   0.20270E-10   0.00000E+00
  6.986   8.277   -0.35229E-11   0.00000E+00   0.47318E+05   0.00000E+00   0.31433E-11   0.00000E+00
  7.069   8.326   -0.43102E-11   0.00000E+00   0.47311E+05   0.00000E+00   0.25331E-10   0.00000E+00
  7.153   8.375   -0.60966E-11   0.00000E+00   0.47304E+05   0.00000E+00  -0.99664E-11   0.00000E+00
  7.238   8.425   -0.30277E-11   0.00000E+00   0.47298E+05   0.00000E+00   0.21662E-10   0.00000E+00
  7.322   8.474   -0.52429E-11   0.00000E+00   0.47292E+05   0.00000E+00  -0.14270E-10   0.00000E+00
  7.408   8.523   -0.16365E-11   0.00000E+00   0.47287E+05   0.00000E+00   0.91606E-11   0.00000E+00
  7.494   8.572   -0.50275E-11   0.00000E+00   0.47281E+05   0.00000E+00  -0.59606E-10   0.00000E+00
  7.580   8.622   -0.20326E-11   0.00000E+00   0.47277E+05   0.00000E+00  -0.30383E-11   0.00000E+00
  7.667   8.671    0.68089E-12   0.00000E+00   0.47272E+05   0.00000E+00   0.20782E-10   0.00000E+00
  7.754   8.720   -0.40658E-11   0.00000E+00   0.47268E+05   0.00000E+00  -0.43860E-10   0.00000E+00
  7.842   8.769   -0.61413E-11   0.00000E+00   0.47264E+05   0.00000E+00   0.96172E-11   0.00000E+00
  7.930   8.819   -0.38173E-11   0.00000E+00   0.47261E+05   0.00000E+00   0.46801E-11   0.00000E+00
  8.019   8.868   -0.23619E-11   0.00000E+00   0.47258E+05   0.00000E+00  -0.34192E-10   0.00000E+00
  8.109   8.917   -0.98081E-12   0.00000E+00   0.47255E+05   0.00000E+00   0.76482E-10   0.00000E+00
  8.198   8.966   -0.45717E-11   0.00000E+00   0.47253E+05   0.00000E+00  -0.88439E-11   0.00000E+00
  8.289   9.016   -0.50370E-11   0.00000E+00   0.47250E+05   0.00000E+00  -0.15615E-10   0.00000E+00
  8.379   9.065   -0.68556E-12   0.00000E+00   0.47248E+05   0.00000E+00  -0.54202E-11   0.00000E+00
  8.471   9.114   -0.41458E-11   0.00000E+00   0.47247E+05   0.00000E+00   0.10699E-10   0.00000E+00
  8.563   9.163   -0.36527E-11   0.00000E+00   0.47246E+05   0.00000E+00   0.12464E-10   0.00000E+00
  8.655   9.213   -0.47253E-11   0.00000E+00   0.47245E+05   0.00000E+00  -0.15673E-10   0.00000E+00
  8.748   9.262   -0.55544E-11   0.00000E+00   0.47244E+05   0.00000E+00  -0.25888E-10   0.00000E+00
  8.841   9.311   -0.13881E-11   0.00000E+00   0.47243E+05   0.00000E+00  -0.24142E-10   0.00000E+00
  8.935   9.361    0.49344E-12   0.00000E+00   0.47243E+05   0.00000E+00  -0.19753E-10   0.00000E+00
  9.029   9.410   -0.58256E-11   0.00000E+00   0.47243E+05   0.00000E+00  -0.10070E-10   0.00000E+00
  9.124   9.459   -0.52746E-11   0.00000E+00   0.47244E+05   0.00000E+00   0.60897E-10   0.00000E+00
  9.219   9.508   -0.58735E-11   0.00000E+00   0.47245E+05   0.00000E+00   0.11788E-10   0.00000E+00
  9.315   9.557   -0.21431E-11   0.00000E+00   0.47245E+05   0.00000E+00   0.45872E-11   0.00000E+00
  9.411   9.607   -0.13835E-11   0.00000E+00   0.47246E+05   0.00000E+00   0.10200E-10   0.00000E+00
  9.508   9.656   -0.33106E-11   0.00000E+00   0.47247E+05   0.00000E+00  -0.53115E-11   0.00000E+00
  9.605   9.705   -0.54362E-11   0.00000E+00   0.47248E+05   0.00000E+00   0.10280E-10   0.00000E+00
  9.703   9.755   -0.55481E-12   0.00000E+00   0.47249E+05   0.00000E+00   0.53244E-11   0.00000E+00
  9.801   9.804   -0.15677E-11   0.00000E+00   0.47251E+05   0.00000E+00   0.44754E-10   0.00000E+00
  9.900   9.853   -0.30519E-11   0.00000E+00   0.47253E+05   0.00000E+00  -0.77709E-11   0.00000E+00
  9.999   9.902   -0.25227E-12   0.00000E+00   0.47255E+05   0.00000E+00  -0.37122E-10   0.00000E+00
 10.098   9.951   -0.27447E-11   0.00000E+00   0.47258E+05   0.00000E+00  -0.13875E-10   0.00000E+00
 10.199  10.001   -0.17381E-11   0.00000E+00   0.47261E+05   0.00000E+00  -0.10948E-10   0.00000E+00
