  0.000   0.000    0.18192E+05   0.00000E+00  -0.89524E-11   0.00000E+00   0.10842E+05   0.00000E+00
 -1.000  -1.000    0.77121E+04   0.00000E+00  -0.84385E-11   0.00000E+00   0.37344E+04   0.00000E+00
  0.004   0.200    0.18289E+05   0.00000E+00  -0.15286E-11   0.00000E+00   0.10921E+05   0.00000E+00
  0.006   0.249    0.18345E+05   0.00000E+00   0.14194E-10   0.00000E+00   0.10967E+05   0.00000E+00
  0.009   0.298    0.18414E+05   0.00000E+00   0.27472E-10   0.00000E+00   0.11024E+05   0.00000E+00
  0.012   0.348    0.18499E+05   0.00000E+00  -0.95719E-11   0.00000E+00   0.11093E+05   0.00000E+00
  0.016   0.397    0.18599E+05   0.00000E+00  -0.17880E-10   0.00000E+00   0.11176E+05   0.00000E+00
  0.020   0.446    0.18717E+05   0.00000E+00   0.27787E-11   0.00000E+00   0.11275E+05   0.00000E+00
  0.025   0.495    0.18854E+05   0.00000E+00   0.15154E-10   0.00000E+00   0.11389E+05   0.00000E+00
  0.030   0.545    0.19011E+05   0.00000E+00   0.67999E-11   0.00000E+00   0.11521E+05   0.00000E+00
  0.036   0.594    0.19192E+05   0.00000E+00   0.81446E-11   0.00000E+00   0.11673E+05   0.00000E+00
  0.042   0.643    0.19397E+05   0.00000E+00  -0.75220E-11   0.00000E+00   0.11846E+05   0.00000E+00
  0.049   0.693    0.19630E+05   0.00000E+00   0.58842E-11   0.00000E+00   0.12043E+05   0.00000E+00
  0.056   0.742    0.19891E+05   0.00000E+00   0.92770E-12   0.00000E+00   0.12263E+05   0.00000E+00
  0.064   0.791    0.20182E+05   0.00000E+00  -0.11768E-10   0.00000E+00   0.12509E+05   0.00000E+00
  0.072   0.840    0.20505E+05   0.00000E+00   0.19096E-13   0.00000E+00   0.12779E+05   0.00000E+00
  0.081   0.889    0.20860E+05   0.00000E+00  -0.16748E-10   0.00000E+00   0.13073E+05   0.00000E+00
  0.090   0.939    0.21246E+05   0.00000E+00  -0.12657E-10   0.00000E+00   0.13389E+05   0.00000E+00
  0.100   0.988    0.21664E+05   0.00000E+00  -0.17941E-11   0.00000E+00   0.13724E+05   0.00000E+00
  0.110   1.037    0.22110E+05   0.00000E+00  -0.89266E-11   0.00000E+00   0.14075E+05   0.00000E+00
  0.120   1.087    0.22580E+05   0.00000E+00  -0.84901E-11   0.00000E+00   0.14436E+05   0.00000E+00
  0.132   1.136    0.23067E+05   0.00000E+00  -0.71392E-11   0.00000E+00   0.14799E+05   0.00000E+00
  0.143   1.185    0.23562E+05   0.00000E+00  -0.19940E-10   0.00000E+00   0.15153E+05   0.00000E+00
  0.155   1.234    0.24053E+05   0.00000E+00  -0.15569E-10   0.00000E+00   0.15486E+05   0.00000E+00
  0.168   1.284    0.24524E+05   0.00000E+00   0.65747E-11   0.00000E+00   0.15784E+05   0.00000E+00
  0.181   1.333    0.24959E+05   0.00000E+00  -0.15679E-10   0.00000E+00   0.16030E+05   0.00000E+00
  0.195   1.382    0.25338E+05   0.00000E+00  -0.93798E-11   0.00000E+00   0.16206E+05   0.00000E+00
  0.209   1.431    0.25640E+05   0.00000E+00  -0.49500E-11   0.00000E+00   0.16294E+05   0.00000E+00
  0.224   1.480    0.25841E+05   0.00000E+00  -0.98543E-11   0.00000E+00   0.16279E+05   0.00000E+00
  0.239   1.530    0.25921E+05   0.00000E+00  -0.14847E-10   0.00000E+00   0.16143E+05   0.00000E+00
  0.254   1.579    0.25860E+05   0.00000E+00  -0.30852E-11   0.00000E+00   0.15878E+05   0.00000E+00
  0.270   1.628    0.25643E+05   0.00000E+00  -0.10748E-10   0.00000E+00   0.15476E+05   0.00000E+00
  0.287   1.677    0.25263E+05   0.00000E+00  -0.74208E-11   0.00000E+00   0.14938E+05   0.00000E+00
  0.304   1.727    0.24717E+05   0.00000E+00  -0.44996E-11   0.00000E+00   0.14271E+05   0.00000E+00
  0.322   1.776    0.24014E+05   0.00000E+00  -0.54965E-11   0.00000E+00   0.13488E+05   0.00000E+00
  0.340   1.825    0.23166E+05   0.00000E+00  -0.66740E-11   0.00000E+00   0.12610E+05   0.00000E+00
  0.358   1.875    0.22194E+05   0.00000E+00  -0.20385E-11   0.00000E+00   0.11660E+05   0.00000E+00
  0.377   1.924    0.21123E+05   0.00000E+00  -0.52087E-11   0.00000E+00   0.10662E+05   0.00000E+00
  0.397   1.973    0.19980E+05   0.00000E+00  -0.71298E-11   0.00000E+00   0.96427E+04   0.00000E+00
  0.417   2.022    0.18792E+05   0.00000E+00  -0.61907E-11   0.00000E+00   0.86261E+04   0.00000E+00
  0.438   2.072    0.17586E+05   0.00000E+00  -0.40147E-11   0.00000E+00   0.76328E+04   0.00000E+00
  0.459   2.121    0.16384E+05   0.00000E+00  -0.26590E-11   0.00000E+00   0.66801E+04   0.00000E+00
  0.480   2.170    0.15206E+05   0.00000E+00  -0.73975E-11   0.00000E+00   0.57813E+04   0.00000E+00
  0.502   2.219    0.14067E+05   0.00000E+00  -0.59859E-11   0.00000E+00   0.49454E+04   0.00000E+00
  0.525   2.269    0.12980E+05   0.00000E+00  -0.49211E-11   0.00000E+00   0.41781E+04   0.00000E+00
  0.548   2.318    0.11952E+05   0.00000E+00  -0.55586E-11   0.00000E+00   0.34820E+04   0.00000E+00
  0.571   2.367    0.10989E+05   0.00000E+00  -0.69310E-11   0.00000E+00   0.28572E+04   0.00000E+00
  0.595   2.416    0.10093E+05   0.00000E+00  -0.37088E-11   0.00000E+00   0.23020E+04   0.00000E+00
  0.620   2.466    0.92642E+04   0.00000E+00  -0.27449E-11   0.00000E+00   0.18133E+04   0.00000E+00
  0.645   2.515    0.85020E+04   0.00000E+00  -0.42999E-11   0.00000E+00   0.13871E+04   0.00000E+00
  0.670   2.564    0.78043E+04   0.00000E+00  -0.35916E-11   0.00000E+00   0.10188E+04   0.00000E+00
  0.696   2.613    0.71680E+04   0.00000E+00  -0.29867E-11   0.00000E+00   0.70382E+03   0.00000E+00
  0.723   2.663    0.65897E+04   0.00000E+00  -0.44166E-11   0.00000E+00   0.43717E+03   0.00000E+00
  0.750   2.712    0.60658E+04   0.00000E+00  -0.62617E-11   0.00000E+00   0.21418E+03   0.00000E+00
  0.777   2.761    0.55926E+04   0.00000E+00  -0.60657E-11   0.00000E+00   0.30293E+02   0.00000E+00
  0.805   2.810    0.51662E+04   0.00000E+00  -0.35361E-11   0.00000E+00  -0.11876E+03   0.00000E+00
  0.834   2.860    0.47831E+04   0.00000E+00  -0.51310E-11   0.00000E+00  -0.23697E+03   0.00000E+00
  0.863   2.909    0.44396E+04   0.00000E+00  -0.64790E-11   0.00000E+00  -0.32801E+03   0.00000E+00
  0.892   2.958    0.41324E+04   0.00000E+00  -0.50713E-11   0.00000E+00  -0.39523E+03   0.00000E+00
  0.922   3.007    0.38584E+04   0.00000E+00  -0.61957E-11   0.00000E+00  -0.44171E+03   0.00000E+00
  0.953   3.057    0.36146E+04   0.00000E+00  -0.34746E-11   0.00000E+00  -0.47023E+03   0.00000E+00
  0.984   3.106    0.33980E+04   0.00000E+00  -0.54817E-11   0.00000E+00  -0.48331E+03   0.00000E+00
  1.015   3.155    0.32061E+04   0.00000E+00  -0.49979E-11   0.00000E+00  -0.48324E+03   0.00000E+00
  1.047   3.204    0.30362E+04   0.00000E+00  -0.50517E-11   0.00000E+00  -0.47215E+03   0.00000E+00
  1.079   3.254    0.28856E+04   0.00000E+00  -0.39017E-11   0.00000E+00  -0.45200E+03   0.00000E+00
  1.112   3.303    0.27515E+04   0.00000E+00  -0.51313E-11   0.00000E+00  -0.42474E+03   0.00000E+00
  1.146   3.352    0.26305E+04   0.00000E+00  -0.45588E-11   0.00000E+00  -0.39243E+03   0.00000E+00
  1.180   3.401    0.25179E+04   0.00000E+00  -0.37995E-11   0.00000E+00  -0.35763E+03   0.00000E+00
  1.214   3.451    0.24053E+04   0.00000E+00  -0.46601E-11   0.00000E+00  -0.32440E+03   0.00000E+00
  1.249   3.500    0.22726E+04   0.00000E+00  -0.41479E-11   0.00000E+00  -0.30180E+03   0.00000E+00
  1.284   3.549    0.20452E+04   0.00000E+00  -0.42452E-11   0.00000E+00  -0.32300E+03   0.00000E+00
  1.320   3.598    0.86676E+03   0.00000E+00  -0.14176E-10   0.00000E+00  -0.77945E+03   0.00000E+00
  1.357   3.648    0.32819E+04   0.00000E+00  -0.16592E-10   0.00000E+00   0.34882E+03   0.00000E+00
  1.394   3.697    0.27354E+04   0.00000E+00  -0.76280E-11   0.00000E+00   0.19286E+03   0.00000E+00
  1.431   3.746    0.25943E+04   0.00000E+00  -0.71617E-11   0.00000E+00   0.20102E+03   0.00000E+00
  1.469   3.795    0.25326E+04   0.00000E+00  -0.71696E-11   0.00000E+00   0.23986E+03   0.00000E+00
  1.507   3.845    0.25030E+04   0.00000E+00  -0.58685E-11   0.00000E+00   0.28965E+03   0.00000E+00
  1.546   3.894    0.24913E+04   0.00000E+00  -0.65677E-11   0.00000E+00   0.34438E+03   0.00000E+00
  1.585   3.943    0.24916E+04   0.00000E+00  -0.62189E-11   0.00000E+00   0.40152E+03   0.00000E+00
  1.625   3.992    0.25006E+04   0.00000E+00  -0.70504E-11   0.00000E+00   0.45976E+03   0.00000E+00
  1.666   4.042    0.25165E+04   0.00000E+00  -0.64666E-11   0.00000E+00   0.51834E+03   0.00000E+00
  1.706   4.091    0.25377E+04   0.00000E+00  -0.62438E-11   0.00000E+00   0.57673E+03   0.00000E+00
  1.748   4.140    0.25634E+04   0.00000E+00  -0.61654E-11   0.00000E+00   0.63460E+03   0.00000E+00
  1.790   4.189    0.25927E+04   0.00000E+00  -0.62236E-11   0.00000E+00   0.69165E+03   0.00000E+00
  1.832   4.239    0.26248E+04   0.00000E+00  -0.65460E-11   0.00000E+00   0.74766E+03   0.00000E+00
  1.875   4.288    0.26591E+04   0.00000E+00  -0.61907E-11   0.00000E+00   0.80242E+03   0.00000E+00
  1.918   4.337    0.26948E+04   0.00000E+00  -0.61657E-11   0.00000E+00   0.85571E+03   0.00000E+00
  1.962   4.386    0.27312E+04   0.00000E+00  -0.80638E-11   0.00000E+00   0.90728E+03   0.00000E+00
  2.006   4.436    0.27671E+04   0.00000E+00  -0.66037E-11   0.00000E+00   0.95679E+03   0.00000E+00
  2.051   4.485    0.28013E+04   0.00000E+00  -0.68937E-11   0.00000E+00   0.10037E+04   0.00000E+00
  2.096   4.534    0.28314E+04   0.00000E+00  -0.70414E-11   0.00000E+00   0.10473E+04   0.00000E+00
  2.142   4.583    0.28536E+04   0.00000E+00  -0.73193E-11   0.00000E+00   0.10859E+04   0.00000E+00
  2.188   4.633    0.28594E+04   0.00000E+00  -0.47542E-11   0.00000E+00   0.11160E+04   0.00000E+00
  2.235   4.682    0.28264E+04   0.00000E+00  -0.60552E-11   0.00000E+00   0.11283E+04   0.00000E+00
  2.282   4.731    0.26674E+04   0.00000E+00  -0.96110E-11   0.00000E+00   0.10853E+04   0.00000E+00
  2.330   4.780    0.17929E+04   0.00000E+00  -0.28683E-10   0.00000E+00   0.69531E+03   0.00000E+00
  2.378   4.830    0.41286E+04   0.00000E+00  -0.14832E-10   0.00000E+00   0.17274E+04   0.00000E+00
  2.427   4.879    0.37019E+04   0.00000E+00  -0.55551E-11   0.00000E+00   0.15808E+04   0.00000E+00
  2.476   4.928    0.36182E+04   0.00000E+00  -0.57345E-11   0.00000E+00   0.15674E+04   0.00000E+00
  2.526   4.977    0.36073E+04   0.00000E+00  -0.82919E-11   0.00000E+00   0.15822E+04   0.00000E+00
  2.576   5.027    0.36231E+04   0.00000E+00  -0.63722E-11   0.00000E+00   0.16066E+04   0.00000E+00
  2.627   5.076    0.36514E+04   0.00000E+00  -0.88254E-11   0.00000E+00   0.16351E+04   0.00000E+00
  2.678   5.125    0.36861E+04   0.00000E+00  -0.50493E-11   0.00000E+00   0.16653E+04   0.00000E+00
  2.730   5.174    0.37244E+04   0.00000E+00  -0.51407E-11   0.00000E+00   0.16959E+04   0.00000E+00
  2.782   5.224    0.37646E+04   0.00000E+00  -0.47512E-11   0.00000E+00   0.17264E+04   0.00000E+00
  2.835   5.273    0.38055E+04   0.00000E+00  -0.41884E-11   0.00000E+00   0.17563E+04   0.00000E+00
  2.888   5.322    0.38461E+04   0.00000E+00  -0.72314E-11   0.00000E+00   0.17852E+04   0.00000E+00
  2.942   5.371    0.38858E+04   0.00000E+00  -0.71012E-11   0.00000E+00   0.18129E+04   0.00000E+00
  2.996   5.421    0.39235E+04   0.00000E+00  -0.56143E-11   0.00000E+00   0.18389E+04   0.00000E+00
  3.051   5.470    0.39581E+04   0.00000E+00  -0.94741E-11   0.00000E+00   0.18628E+04   0.00000E+00
  3.106   5.519    0.39875E+04   0.00000E+00  -0.77538E-11   0.00000E+00   0.18837E+04   0.00000E+00
  3.162   5.568    0.40083E+04   0.00000E+00  -0.94178E-11   0.00000E+00   0.19001E+04   0.00000E+00
  3.218   5.618    0.40127E+04   0.00000E+00  -0.10936E-10   0.00000E+00   0.19086E+04   0.00000E+00
  3.275   5.667    0.39808E+04   0.00000E+00  -0.73326E-11   0.00000E+00   0.19008E+04   0.00000E+00
  3.332   5.716    0.38470E+04   0.00000E+00  -0.10856E-10   0.00000E+00   0.18522E+04   0.00000E+00
  3.389   5.765    0.48568E+04   0.00000E+00  -0.25268E-10   0.00000E+00   0.24447E+04   0.00000E+00
  3.447   5.815    0.49735E+04   0.00000E+00  -0.94892E-11   0.00000E+00   0.23870E+04   0.00000E+00
  3.506   5.864    0.47166E+04   0.00000E+00  -0.63682E-11   0.00000E+00   0.22597E+04   0.00000E+00
  3.565   5.913    0.46553E+04   0.00000E+00  -0.10906E-10   0.00000E+00   0.22316E+04   0.00000E+00
  3.625   5.962    0.46451E+04   0.00000E+00  -0.67726E-11   0.00000E+00   0.22283E+04   0.00000E+00
  3.685   6.012    0.46545E+04   0.00000E+00  -0.56242E-11   0.00000E+00   0.22340E+04   0.00000E+00
  3.746   6.061    0.46729E+04   0.00000E+00  -0.93159E-11   0.00000E+00   0.22438E+04   0.00000E+00
  3.807   6.110    0.46958E+04   0.00000E+00  -0.11698E-10   0.00000E+00   0.22552E+04   0.00000E+00
  3.868   6.159    0.47206E+04   0.00000E+00  -0.10990E-10   0.00000E+00   0.22673E+04   0.00000E+00
  3.931   6.209    0.47457E+04   0.00000E+00  -0.69860E-11   0.00000E+00   0.22791E+04   0.00000E+00
  3.993   6.258    0.47701E+04   0.00000E+00  -0.59611E-11   0.00000E+00   0.22902E+04   0.00000E+00
  4.056   6.307    0.47923E+04   0.00000E+00  -0.42784E-11   0.00000E+00   0.23000E+04   0.00000E+00
  4.120   6.356    0.48106E+04   0.00000E+00  -0.70850E-11   0.00000E+00   0.23076E+04   0.00000E+00
  4.184   6.406    0.48223E+04   0.00000E+00  -0.64078E-11   0.00000E+00   0.23118E+04   0.00000E+00
  4.249   6.455    0.48220E+04   0.00000E+00  -0.93021E-11   0.00000E+00   0.23104E+04   0.00000E+00
  4.314   6.504    0.47987E+04   0.00000E+00  -0.93151E-11   0.00000E+00   0.22993E+04   0.00000E+00
  4.379   6.553    0.47556E+04   0.00000E+00  -0.10534E-10   0.00000E+00   0.22913E+04   0.00000E+00
  4.445   6.603    0.58078E+04   0.00000E+00  -0.14135E-10   0.00000E+00   0.29072E+04   0.00000E+00
  4.512   6.652    0.55931E+04   0.00000E+00  -0.66906E-11   0.00000E+00   0.27082E+04   0.00000E+00
  4.579   6.701    0.53894E+04   0.00000E+00  -0.59833E-11   0.00000E+00   0.25870E+04   0.00000E+00
  4.646   6.750    0.53301E+04   0.00000E+00  -0.41683E-11   0.00000E+00   0.25497E+04   0.00000E+00
  4.714   6.800    0.53133E+04   0.00000E+00  -0.10142E-10   0.00000E+00   0.25359E+04   0.00000E+00
  4.783   6.849    0.53133E+04   0.00000E+00  -0.94654E-11   0.00000E+00   0.25312E+04   0.00000E+00
  4.852   6.898    0.53210E+04   0.00000E+00  -0.92586E-11   0.00000E+00   0.25305E+04   0.00000E+00
  4.922   6.947    0.53322E+04   0.00000E+00  -0.30667E-11   0.00000E+00   0.25316E+04   0.00000E+00
  4.992   6.997    0.53447E+04   0.00000E+00  -0.72999E-11   0.00000E+00   0.25332E+04   0.00000E+00
  5.062   7.046    0.53566E+04   0.00000E+00  -0.12814E-10   0.00000E+00   0.25346E+04   0.00000E+00
  5.133   7.095    0.53666E+04   0.00000E+00  -0.40709E-11   0.00000E+00   0.25348E+04   0.00000E+00
  5.205   7.144    0.53725E+04   0.00000E+00  -0.97918E-11   0.00000E+00   0.25329E+04   0.00000E+00
  5.277   7.194    0.53718E+04   0.00000E+00  -0.63870E-11   0.00000E+00   0.25276E+04   0.00000E+00
  5.349   7.243    0.53637E+04   0.00000E+00  -0.63286E-11   0.00000E+00   0.25194E+04   0.00000E+00
  5.422   7.292    0.54053E+04   0.00000E+00  -0.63163E-11   0.00000E+00   0.25428E+04   0.00000E+00
  5.496   7.341    0.61583E+04   0.00000E+00  -0.12911E-10   0.00000E+00   0.29605E+04   0.00000E+00
  5.570   7.391    0.60195E+04   0.00000E+00  -0.10762E-10   0.00000E+00   0.28606E+04   0.00000E+00
  5.644   7.440    0.58393E+04   0.00000E+00  -0.10013E-10   0.00000E+00   0.27527E+04   0.00000E+00
  5.719   7.489    0.57773E+04   0.00000E+00  -0.97882E-11   0.00000E+00   0.27122E+04   0.00000E+00
  5.795   7.538    0.57543E+04   0.00000E+00  -0.91527E-11   0.00000E+00   0.26935E+04   0.00000E+00
  5.871   7.588    0.57470E+04   0.00000E+00  -0.78484E-11   0.00000E+00   0.26836E+04   0.00000E+00
  5.947   7.637    0.57470E+04   0.00000E+00  -0.76479E-11   0.00000E+00   0.26776E+04   0.00000E+00
  6.024   7.686    0.57503E+04   0.00000E+00  -0.33299E-11   0.00000E+00   0.26734E+04   0.00000E+00
  6.101   7.735    0.57545E+04   0.00000E+00  -0.53358E-11   0.00000E+00   0.26696E+04   0.00000E+00
  6.179   7.785    0.57581E+04   0.00000E+00  -0.74106E-11   0.00000E+00   0.26654E+04   0.00000E+00
  6.258   7.834    0.57600E+04   0.00000E+00  -0.55281E-11   0.00000E+00   0.26600E+04   0.00000E+00
  6.337   7.883    0.57614E+04   0.00000E+00  -0.92666E-11   0.00000E+00   0.26535E+04   0.00000E+00
  6.416   7.932    0.57817E+04   0.00000E+00  -0.57543E-11   0.00000E+00   0.26549E+04   0.00000E+00
  6.496   7.982    0.60135E+04   0.00000E+00  -0.72028E-11   0.00000E+00   0.27637E+04   0.00000E+00
  6.576   8.031    0.64448E+04   0.00000E+00  -0.69790E-11   0.00000E+00   0.29970E+04   0.00000E+00
  6.657   8.080    0.62301E+04   0.00000E+00  -0.99083E-11   0.00000E+00   0.28866E+04   0.00000E+00
  6.739   8.129    0.61201E+04   0.00000E+00  -0.94472E-11   0.00000E+00   0.28239E+04   0.00000E+00
  6.821   8.178    0.60751E+04   0.00000E+00  -0.77521E-11   0.00000E+00   0.27946E+04   0.00000E+00
  6.903   8.228    0.60554E+04   0.00000E+00  -0.63964E-11   0.00000E+00   0.27785E+04   0.00000E+00
  6.986   8.277    0.60468E+04   0.00000E+00  -0.58139E-11   0.00000E+00   0.27682E+04   0.00000E+00
  7.069   8.326    0.60436E+04   0.00000E+00  -0.11218E-10   0.00000E+00   0.27607E+04   0.00000E+00
  7.153   8.375    0.60429E+04   0.00000E+00  -0.83993E-11   0.00000E+00   0.27543E+04   0.00000E+00
  7.238   8.425    0.60436E+04   0.00000E+00  -0.95101E-11   0.00000E+00   0.27482E+04   0.00000E+00
  7.322   8.474    0.60466E+04   0.00000E+00  -0.91560E-11   0.00000E+00   0.27421E+04   0.00000E+00
  7.408   8.523    0.60618E+04   0.00000E+00  -0.99150E-11   0.00000E+00   0.27396E+04   0.00000E+00
  7.494   8.572    0.61523E+04   0.00000E+00  -0.60827E-11   0.00000E+00   0.27689E+04   0.00000E+00
  7.580   8.622    0.65141E+04   0.00000E+00  -0.12134E-10   0.00000E+00   0.29397E+04   0.00000E+00
  7.667   8.671    0.65406E+04   0.00000E+00  -0.82919E-11   0.00000E+00   0.29755E+04   0.00000E+00
  7.754   8.720    0.63929E+04   0.00000E+00  -0.11760E-10   0.00000E+00   0.29057E+04   0.00000E+00
  7.842   8.769    0.63221E+04   0.00000E+00  -0.73959E-11   0.00000E+00   0.28670E+04   0.00000E+00
  7.930   8.819    0.62891E+04   0.00000E+00  -0.81912E-11   0.00000E+00   0.28457E+04   0.00000E+00
  8.019   8.868    0.62727E+04   0.00000E+00  -0.62866E-11   0.00000E+00   0.28325E+04   0.00000E+00
  8.109   8.917    0.62644E+04   0.00000E+00  -0.74917E-11   0.00000E+00   0.28230E+04   0.00000E+00
  8.198   8.966    0.62608E+04   0.00000E+00  -0.74830E-11   0.00000E+00   0.28154E+04   0.00000E+00
  8.289   9.016    0.62613E+04   0.00000E+00  -0.37944E-11   0.00000E+00   0.28090E+04   0.00000E+00
  8.379   9.065    0.62696E+04   0.00000E+00  -0.73558E-11   0.00000E+00   0.28045E+04   0.00000E+00
  8.471   9.114    0.63062E+04   0.00000E+00  -0.82948E-11   0.00000E+00   0.28098E+04   0.00000E+00
  8.563   9.163    0.64568E+04   0.00000E+00  -0.10052E-10   0.00000E+00   0.28643E+04   0.00000E+00
  8.655   9.213    0.67149E+04   0.00000E+00  -0.92665E-11   0.00000E+00   0.29920E+04   0.00000E+00
  8.748   9.262    0.66431E+04   0.00000E+00  -0.63934E-11   0.00000E+00   0.29790E+04   0.00000E+00
  8.841   9.311    0.65365E+04   0.00000E+00  -0.79283E-11   0.00000E+00   0.29319E+04   0.00000E+00
  8.935   9.361    0.64817E+04   0.00000E+00  -0.53119E-11   0.00000E+00   0.29034E+04   0.00000E+00
  9.029   9.410    0.64539E+04   0.00000E+00  -0.52089E-11   0.00000E+00   0.28862E+04   0.00000E+00
  9.124   9.459    0.64393E+04   0.00000E+00  -0.72602E-11   0.00000E+00   0.28746E+04   0.00000E+00
  9.219   9.508    0.64325E+04   0.00000E+00  -0.75362E-11   0.00000E+00   0.28662E+04   0.00000E+00
  9.315   9.557    0.64324E+04   0.00000E+00  -0.52756E-11   0.00000E+00   0.28599E+04   0.00000E+00
  9.411   9.607    0.64436E+04   0.00000E+00  -0.96620E-11   0.00000E+00   0.28569E+04   0.00000E+00
  9.508   9.656    0.64865E+04   0.00000E+00  -0.71203E-11   0.00000E+00   0.28649E+04   0.00000E+00
  9.605   9.705    0.66240E+04   0.00000E+00  -0.10833E-10   0.00000E+00   0.29137E+04   0.00000E+00
  9.703   9.755    0.68114E+04   0.00000E+00  -0.61079E-11   0.00000E+00   0.30049E+04   0.00000E+00
  9.801   9.804    0.67621E+04   0.00000E+00  -0.86476E-11   0.00000E+00   0.30020E+04   0.00000E+00
  9.900   9.853    0.66698E+04   0.00000E+00  -0.83084E-11   0.00000E+00   0.29653E+04   0.00000E+00
  9.999   9.902    0.66170E+04   0.00000E+00  -0.82741E-11   0.00000E+00   0.29400E+04   0.00000E+00
 10.098   9.951    0.65890E+04   0.00000E+00  -0.72900E-11   0.00000E+00   0.29240E+04   0.00000E+00
 10.199  10.001    0.65748E+04   0.00000E+00  -0.80646E-11   0.00000E+00   0.29133E+04   0.00000E+00
