  0.000   0.000    0.00000E+00  -0.21094E-13   0.00000E+00  -0.16875E-13   0.00000E+00   0.15555E-01
 -1.000  -1.000    0.00000E+00  -0.11990E-13   0.00000E+00  -0.14710E-14   0.00000E+00   0.15476E-01
  0.004   0.200    0.00000E+00   0.26645E-14   0.00000E+00   0.41078E-14   0.00000E+00   0.15556E-01
  0.006   0.249    0.00000E+00  -0.17097E-13   0.00000E+00  -0.15543E-14   0.00000E+00   0.15556E-01
  0.009   0.298    0.00000E+00  -0.17764E-14   0.00000E+00   0.24647E-13   0.00000E+00   0.15556E-01
  0.012   0.348    0.00000E+00  -0.19984E-14   0.00000E+00  -0.86597E-14   0.00000E+00   0.15556E-01
  0.016   0.397    0.00000E+00  -0.28644E-13   0.00000E+00   0.88818E-15   0.00000E+00   0.15556E-01
  0.020   0.446    0.00000E+00  -0.57732E-14   0.00000E+00   0.64393E-14   0.00000E+00   0.15556E-01
  0.025   0.495    0.00000E+00   0.23093E-13   0.00000E+00   0.73275E-14   0.00000E+00   0.15556E-01
  0.030   0.545    0.00000E+00  -0.48850E-14   0.00000E+00  -0.44409E-15   0.00000E+00   0.15556E-01
  0.036   0.594    0.00000E+00  -0.88818E-14   0.00000E+00   0.19984E-14   0.00000E+00   0.15556E-01
  0.042   0.643    0.00000E+00  -0.64393E-14   0.00000E+00   0.00000E+00   0.00000E+00   0.15556E-01
  0.049   0.693    0.00000E+00  -0.19540E-13   0.00000E+00   0.53291E-14   0.00000E+00   0.15556E-01
  0.056   0.742    0.00000E+00   0.62172E-14   0.00000E+00  -0.19984E-14   0.00000E+00   0.15556E-01
  0.064   0.791    0.00000E+00  -0.15987E-13   0.00000E+00   0.44409E-14   0.00000E+00   0.15557E-01
  0.072   0.840    0.00000E+00  -0.13545E-13   0.00000E+00   0.26645E-14   0.00000E+00   0.15557E-01
  0.081   0.889    0.00000E+00  -0.20206E-13   0.00000E+00  -0.66613E-14   0.00000E+00   0.15557E-01
  0.090   0.939    0.00000E+00   0.21760E-13   0.00000E+00   0.13323E-14   0.00000E+00   0.15557E-01
  0.100   0.988    0.00000E+00  -0.33307E-14   0.00000E+00  -0.88818E-14   0.00000E+00   0.15557E-01
  0.110   1.037    0.00000E+00  -0.37748E-13   0.00000E+00  -0.11546E-13   0.00000E+00   0.15558E-01
  0.120   1.087    0.00000E+00   0.00000E+00   0.00000E+00   0.17097E-13   0.00000E+00   0.15558E-01
  0.132   1.136    0.00000E+00   0.44409E-14   0.00000E+00   0.57732E-14   0.00000E+00   0.15558E-01
  0.143   1.185    0.00000E+00  -0.27534E-13   0.00000E+00   0.15543E-14   0.00000E+00   0.15558E-01
  0.155   1.234    0.00000E+00  -0.25757E-13   0.00000E+00   0.19984E-13   0.00000E+00   0.15559E-01
  0.168   1.284    0.00000E+00   0.10214E-13   0.00000E+00  -0.55511E-14   0.00000E+00   0.15559E-01
  0.181   1.333    0.00000E+00  -0.44409E-15   0.00000E+00   0.14655E-13   0.00000E+00   0.15559E-01
  0.195   1.382    0.00000E+00   0.35971E-13   0.00000E+00  -0.37748E-14   0.00000E+00   0.15560E-01
  0.209   1.431    0.00000E+00  -0.22204E-14   0.00000E+00   0.19984E-13   0.00000E+00   0.15560E-01
  0.224   1.480    0.00000E+00  -0.10658E-13   0.00000E+00  -0.42188E-14   0.00000E+00   0.15561E-01
  0.239   1.530    0.00000E+00   0.11102E-13   0.00000E+00   0.77716E-14   0.00000E+00   0.15561E-01
  0.254   1.579    0.00000E+00   0.79936E-14   0.00000E+00   0.30864E-13   0.00000E+00   0.15562E-01
  0.270   1.628    0.00000E+00   0.14655E-13   0.00000E+00   0.77716E-14   0.00000E+00   0.15563E-01
  0.287   1.677    0.00000E+00   0.35527E-14   0.00000E+00  -0.15321E-13   0.00000E+00   0.15563E-01
  0.304   1.727    0.00000E+00   0.35527E-14   0.00000E+00  -0.28866E-13   0.00000E+00   0.15564E-01
  0.322   1.776    0.00000E+00  -0.88818E-14   0.00000E+00  -0.55511E-14   0.00000E+00   0.15565E-01
  0.340   1.825    0.00000E+00  -0.39968E-13   0.00000E+00   0.19984E-14   0.00000E+00   0.15566E-01
  0.358   1.875    0.00000E+00   0.93259E-14   0.00000E+00   0.19984E-13   0.00000E+00   0.15566E-01
  0.377   1.924    0.00000E+00   0.35083E-13   0.00000E+00  -0.21316E-13   0.00000E+00   0.15567E-01
  0.397   1.973    0.00000E+00  -0.17764E-13   0.00000E+00  -0.12434E-13   0.00000E+00   0.15568E-01
  0.417   2.022    0.00000E+00   0.33307E-14   0.00000E+00   0.11102E-13   0.00000E+00   0.15569E-01
  0.438   2.072    0.00000E+00  -0.13767E-13   0.00000E+00   0.20872E-13   0.00000E+00   0.15570E-01
  0.459   2.121    0.00000E+00   0.35527E-14   0.00000E+00  -0.22204E-15   0.00000E+00   0.15571E-01
  0.480   2.170    0.00000E+00   0.33307E-14   0.00000E+00  -0.56621E-14   0.00000E+00   0.15572E-01
  0.502   2.219    0.00000E+00  -0.88818E-14   0.00000E+00   0.24425E-13   0.00000E+00   0.15573E-01
  0.525   2.269    0.00000E+00  -0.77716E-14   0.00000E+00   0.11380E-13   0.00000E+00   0.15574E-01
  0.548   2.318    0.00000E+00  -0.57732E-14   0.00000E+00  -0.76605E-14   0.00000E+00   0.15575E-01
  0.571   2.367    0.00000E+00   0.57732E-14   0.00000E+00   0.64948E-14   0.00000E+00   0.15576E-01
  0.595   2.416    0.00000E+00   0.31086E-14   0.00000E+00   0.82157E-14   0.00000E+00   0.15577E-01
  0.620   2.466    0.00000E+00  -0.19762E-13   0.00000E+00   0.68001E-14   0.00000E+00   0.15578E-01
  0.645   2.515    0.00000E+00  -0.71054E-14   0.00000E+00   0.38858E-14   0.00000E+00   0.15579E-01
  0.670   2.564    0.00000E+00  -0.81046E-14   0.00000E+00   0.56760E-14   0.00000E+00   0.15580E-01
  0.696   2.613    0.00000E+00  -0.12768E-13   0.00000E+00   0.78271E-14   0.00000E+00   0.15581E-01
  0.723   2.663    0.00000E+00  -0.61062E-14   0.00000E+00   0.69493E-14   0.00000E+00   0.15582E-01
  0.750   2.712    0.00000E+00  -0.10547E-13   0.00000E+00   0.81202E-14   0.00000E+00   0.15583E-01
  0.777   2.761    0.00000E+00  -0.13434E-13   0.00000E+00   0.12601E-13   0.00000E+00   0.15585E-01
  0.805   2.810    0.00000E+00  -0.16154E-13   0.00000E+00   0.77924E-14   0.00000E+00   0.15586E-01
  0.834   2.860    0.00000E+00  -0.20761E-13   0.00000E+00   0.12629E-14   0.00000E+00   0.15588E-01
  0.863   2.909    0.00000E+00  -0.75495E-14   0.00000E+00   0.99920E-14   0.00000E+00   0.15589E-01
  0.892   2.958    0.00000E+00  -0.13489E-13   0.00000E+00   0.20303E-13   0.00000E+00   0.15591E-01
  0.922   3.007    0.00000E+00  -0.14821E-13   0.00000E+00   0.83822E-14   0.00000E+00   0.15592E-01
  0.953   3.057    0.00000E+00  -0.71332E-14   0.00000E+00   0.92149E-14   0.00000E+00   0.15594E-01
  0.984   3.106    0.00000E+00  -0.18791E-13   0.00000E+00   0.16931E-14   0.00000E+00   0.15596E-01
  1.015   3.155    0.00000E+00  -0.94369E-14   0.00000E+00   0.44686E-14   0.00000E+00   0.15597E-01
  1.047   3.204    0.00000E+00  -0.12004E-13   0.00000E+00   0.21816E-13   0.00000E+00   0.15598E-01
  1.079   3.254    0.00000E+00  -0.16182E-13   0.00000E+00   0.43299E-14   0.00000E+00   0.15599E-01
  1.112   3.303    0.00000E+00  -0.14259E-13   0.00000E+00   0.64115E-14   0.00000E+00   0.15600E-01
  1.146   3.352    0.00000E+00  -0.83961E-14   0.00000E+00   0.41633E-14   0.00000E+00   0.15601E-01
  1.180   3.401    0.00000E+00  -0.14082E-13   0.00000E+00   0.11852E-13   0.00000E+00   0.15601E-01
  1.214   3.451    0.00000E+00  -0.90900E-14   0.00000E+00   0.68556E-14   0.00000E+00   0.15601E-01
  1.249   3.500    0.00000E+00  -0.12566E-13   0.00000E+00   0.53291E-14   0.00000E+00   0.15602E-01
  1.284   3.549    0.00000E+00  -0.14752E-13   0.00000E+00   0.16237E-13   0.00000E+00   0.15602E-01
  1.320   3.598    0.00000E+00  -0.12879E-13   0.00000E+00   0.85487E-14   0.00000E+00   0.15602E-01
  1.357   3.648    0.00000E+00  -0.96173E-14   0.00000E+00   0.21511E-14   0.00000E+00   0.15603E-01
  1.394   3.697    0.00000E+00  -0.90865E-14   0.00000E+00   0.58287E-14   0.00000E+00   0.15603E-01
  1.431   3.746    0.00000E+00  -0.12941E-13   0.00000E+00   0.97422E-14   0.00000E+00   0.15604E-01
  1.469   3.795    0.00000E+00  -0.89651E-14   0.00000E+00   0.87708E-14   0.00000E+00   0.15605E-01
  1.507   3.845    0.00000E+00  -0.16043E-13   0.00000E+00   0.14155E-14   0.00000E+00   0.15606E-01
  1.546   3.894    0.00000E+00  -0.11546E-13   0.00000E+00   0.60230E-14   0.00000E+00   0.15608E-01
  1.585   3.943    0.00000E+00  -0.16306E-13   0.00000E+00   0.92981E-14   0.00000E+00   0.15609E-01
  1.625   3.992    0.00000E+00  -0.11574E-13   0.00000E+00   0.59674E-14   0.00000E+00   0.15610E-01
  1.666   4.042    0.00000E+00  -0.12212E-13   0.00000E+00   0.98532E-14   0.00000E+00   0.15610E-01
  1.706   4.091    0.00000E+00  -0.10103E-13   0.00000E+00   0.50515E-14   0.00000E+00   0.15611E-01
  1.748   4.140    0.00000E+00  -0.14350E-13   0.00000E+00   0.74385E-14   0.00000E+00   0.15612E-01
  1.790   4.189    0.00000E+00  -0.14017E-13   0.00000E+00   0.84932E-14   0.00000E+00   0.15611E-01
  1.832   4.239    0.00000E+00  -0.16098E-13   0.00000E+00   0.85210E-14   0.00000E+00   0.15611E-01
  1.875   4.288    0.00000E+00  -0.13683E-13   0.00000E+00   0.48850E-14   0.00000E+00   0.15610E-01
  1.918   4.337    0.00000E+00  -0.14572E-13   0.00000E+00   0.79936E-14   0.00000E+00   0.15610E-01
  1.962   4.386    0.00000E+00  -0.12629E-13   0.00000E+00   0.98255E-14   0.00000E+00   0.15610E-01
  2.006   4.436    0.00000E+00  -0.12323E-13   0.00000E+00   0.81046E-14   0.00000E+00   0.15609E-01
  2.051   4.485    0.00000E+00  -0.85765E-14   0.00000E+00   0.70777E-14   0.00000E+00   0.15610E-01
  2.096   4.534    0.00000E+00  -0.13961E-13   0.00000E+00   0.10311E-13   0.00000E+00   0.15610E-01
  2.142   4.583    0.00000E+00  -0.15321E-13   0.00000E+00   0.10464E-13   0.00000E+00   0.15610E-01
  2.188   4.633    0.00000E+00  -0.11463E-13   0.00000E+00   0.98255E-14   0.00000E+00   0.15611E-01
  2.235   4.682    0.00000E+00  -0.11990E-13   0.00000E+00   0.81601E-14   0.00000E+00   0.15611E-01
  2.282   4.731    0.00000E+00  -0.13378E-13   0.00000E+00   0.89651E-14   0.00000E+00   0.15612E-01
  2.330   4.780    0.00000E+00  -0.11768E-13   0.00000E+00   0.78826E-14   0.00000E+00   0.15611E-01
  2.378   4.830    0.00000E+00  -0.14311E-13   0.00000E+00   0.74038E-14   0.00000E+00   0.15611E-01
  2.427   4.879    0.00000E+00  -0.11685E-13   0.00000E+00   0.50168E-14   0.00000E+00   0.15610E-01
  2.476   4.928    0.00000E+00  -0.11796E-13   0.00000E+00   0.75356E-14   0.00000E+00   0.15608E-01
  2.526   4.977    0.00000E+00  -0.13850E-13   0.00000E+00   0.59674E-14   0.00000E+00   0.15606E-01
  2.576   5.027    0.00000E+00  -0.13406E-13   0.00000E+00   0.82850E-14   0.00000E+00   0.15608E-01
  2.627   5.076    0.00000E+00  -0.11879E-13   0.00000E+00   0.10950E-13   0.00000E+00   0.15607E-01
  2.678   5.125    0.00000E+00  -0.16320E-13   0.00000E+00   0.74940E-14   0.00000E+00   0.15605E-01
  2.730   5.174    0.00000E+00  -0.13600E-13   0.00000E+00   0.87153E-14   0.00000E+00   0.15605E-01
  2.782   5.224    0.00000E+00  -0.14017E-13   0.00000E+00   0.10450E-13   0.00000E+00   0.15604E-01
  2.835   5.273    0.00000E+00  -0.15626E-13   0.00000E+00   0.67307E-14   0.00000E+00   0.15605E-01
  2.888   5.322    0.00000E+00  -0.15682E-13   0.00000E+00   0.61062E-14   0.00000E+00   0.15605E-01
  2.942   5.371    0.00000E+00  -0.11602E-13   0.00000E+00   0.59674E-14   0.00000E+00   0.15604E-01
  2.996   5.421    0.00000E+00  -0.10381E-13   0.00000E+00   0.61201E-14   0.00000E+00   0.15604E-01
  3.051   5.470    0.00000E+00  -0.10464E-13   0.00000E+00   0.68695E-14   0.00000E+00   0.15603E-01
  3.106   5.519    0.00000E+00  -0.11158E-13   0.00000E+00   0.32335E-14   0.00000E+00   0.15602E-01
  3.162   5.568    0.00000E+00  -0.15710E-13   0.00000E+00   0.70915E-14   0.00000E+00   0.15601E-01
  3.218   5.618    0.00000E+00  -0.13434E-13   0.00000E+00   0.33584E-14   0.00000E+00   0.15600E-01
  3.275   5.667    0.00000E+00  -0.13045E-13   0.00000E+00   0.74246E-14   0.00000E+00   0.15598E-01
  3.332   5.716    0.00000E+00  -0.13101E-13   0.00000E+00   0.62034E-14   0.00000E+00   0.15604E-01
  3.389   5.765    0.00000E+00  -0.92010E-14   0.00000E+00   0.53568E-14   0.00000E+00   0.15602E-01
  3.447   5.815    0.00000E+00  -0.79901E-14   0.00000E+00   0.74975E-14   0.00000E+00   0.15601E-01
  3.506   5.864    0.00000E+00  -0.15640E-13   0.00000E+00   0.49370E-14   0.00000E+00   0.15600E-01
  3.565   5.913    0.00000E+00  -0.13808E-13   0.00000E+00   0.71609E-14   0.00000E+00   0.15600E-01
  3.625   5.962    0.00000E+00  -0.72720E-14   0.00000E+00   0.80422E-14   0.00000E+00   0.15599E-01
  3.685   6.012    0.00000E+00  -0.13184E-13   0.00000E+00   0.86181E-14   0.00000E+00   0.15599E-01
  3.746   6.061    0.00000E+00  -0.21760E-13   0.00000E+00   0.83475E-14   0.00000E+00   0.15598E-01
  3.807   6.110    0.00000E+00  -0.65781E-14   0.00000E+00   0.65850E-14   0.00000E+00   0.15595E-01
  3.868   6.159    0.00000E+00  -0.11657E-13   0.00000E+00   0.59674E-14   0.00000E+00   0.15593E-01
  3.931   6.209    0.00000E+00  -0.12629E-13   0.00000E+00   0.57593E-14   0.00000E+00   0.15591E-01
  3.993   6.258    0.00000E+00  -0.87985E-14   0.00000E+00   0.92842E-14   0.00000E+00   0.15588E-01
  4.056   6.307    0.00000E+00  -0.10908E-13   0.00000E+00   0.60577E-14   0.00000E+00   0.15587E-01
  4.120   6.356    0.00000E+00  -0.87153E-14   0.00000E+00   0.57593E-14   0.00000E+00   0.15594E-01
  4.184   6.406    0.00000E+00  -0.11741E-13   0.00000E+00   0.73344E-14   0.00000E+00   0.15591E-01
  4.249   6.455    0.00000E+00  -0.13378E-13   0.00000E+00   0.90900E-15   0.00000E+00   0.15589E-01
  4.314   6.504    0.00000E+00  -0.13517E-13   0.00000E+00   0.61756E-14   0.00000E+00   0.15587E-01
  4.379   6.553    0.00000E+00  -0.11768E-13   0.00000E+00   0.32613E-14   0.00000E+00   0.15585E-01
  4.445   6.603    0.00000E+00  -0.69805E-14   0.00000E+00   0.63283E-14   0.00000E+00   0.15583E-01
  4.512   6.652    0.00000E+00  -0.15331E-13   0.00000E+00   0.82712E-14   0.00000E+00   0.15583E-01
  4.579   6.701    0.00000E+00  -0.10679E-13   0.00000E+00   0.45727E-14   0.00000E+00   0.15583E-01
  4.646   6.750    0.00000E+00  -0.16348E-13   0.00000E+00   0.95687E-14   0.00000E+00   0.15580E-01
  4.714   6.800    0.00000E+00  -0.99365E-14   0.00000E+00  -0.98185E-15   0.00000E+00   0.15578E-01
  4.783   6.849    0.00000E+00  -0.11158E-13   0.00000E+00   0.30913E-14   0.00000E+00   0.15578E-01
  4.852   6.898    0.00000E+00  -0.12698E-13   0.00000E+00  -0.17694E-15   0.00000E+00   0.15586E-01
  4.922   6.947    0.00000E+00  -0.16001E-13   0.00000E+00   0.52076E-14   0.00000E+00   0.15584E-01
  4.992   6.997    0.00000E+00  -0.85765E-14   0.00000E+00   0.89512E-14   0.00000E+00   0.15581E-01
  5.062   7.046    0.00000E+00  -0.26090E-14   0.00000E+00   0.48572E-15   0.00000E+00   0.15578E-01
  5.133   7.095    0.00000E+00  -0.73969E-14   0.00000E+00   0.14946E-13   0.00000E+00   0.15575E-01
  5.205   7.144    0.00000E+00  -0.18749E-13   0.00000E+00   0.93259E-14   0.00000E+00   0.15572E-01
  5.277   7.194    0.00000E+00  -0.11352E-13   0.00000E+00   0.11026E-13   0.00000E+00   0.15570E-01
  5.349   7.243    0.00000E+00  -0.99365E-14   0.00000E+00   0.62450E-14   0.00000E+00   0.15571E-01
  5.422   7.292    0.00000E+00  -0.41356E-14   0.00000E+00   0.66058E-14   0.00000E+00   0.15569E-01
  5.496   7.341    0.00000E+00  -0.13101E-13   0.00000E+00   0.38858E-14   0.00000E+00   0.15566E-01
  5.570   7.391    0.00000E+00  -0.14086E-13   0.00000E+00   0.61479E-14   0.00000E+00   0.15574E-01
  5.644   7.440    0.00000E+00  -0.22605E-13   0.00000E+00   0.31294E-14   0.00000E+00   0.15577E-01
  5.719   7.489    0.00000E+00  -0.95375E-14   0.00000E+00   0.10830E-13   0.00000E+00   0.15573E-01
  5.795   7.538    0.00000E+00  -0.64254E-14   0.00000E+00   0.12740E-13   0.00000E+00   0.15568E-01
  5.871   7.588    0.00000E+00  -0.18562E-13   0.00000E+00   0.81124E-14   0.00000E+00   0.15565E-01
  5.947   7.637    0.00000E+00  -0.10214E-13   0.00000E+00   0.76970E-14   0.00000E+00   0.15561E-01
  6.024   7.686    0.00000E+00  -0.11907E-13   0.00000E+00   0.61583E-14   0.00000E+00   0.15557E-01
  6.101   7.735    0.00000E+00  -0.17500E-13   0.00000E+00   0.48295E-14   0.00000E+00   0.15555E-01
  6.179   7.785    0.00000E+00  -0.53291E-14   0.00000E+00   0.52978E-14   0.00000E+00   0.15556E-01
  6.258   7.834    0.00000E+00  -0.13808E-13   0.00000E+00   0.43056E-14   0.00000E+00   0.15556E-01
  6.337   7.883    0.00000E+00  -0.48156E-14   0.00000E+00   0.81393E-14   0.00000E+00   0.15562E-01
  6.416   7.932    0.00000E+00  -0.13586E-13   0.00000E+00   0.99018E-14   0.00000E+00   0.15558E-01
  6.496   7.982    0.00000E+00  -0.15801E-13   0.00000E+00   0.73717E-14   0.00000E+00   0.15554E-01
  6.576   8.031    0.00000E+00  -0.14877E-13   0.00000E+00   0.96867E-14   0.00000E+00   0.15551E-01
  6.657   8.080    0.00000E+00  -0.60923E-14   0.00000E+00   0.58217E-14   0.00000E+00   0.15545E-01
  6.739   8.129    0.00000E+00  -0.11616E-13   0.00000E+00   0.79138E-14   0.00000E+00   0.15541E-01
  6.821   8.178    0.00000E+00  -0.83759E-14   0.00000E+00   0.18891E-14   0.00000E+00   0.15538E-01
  6.903   8.228    0.00000E+00  -0.85886E-14   0.00000E+00   0.69510E-14   0.00000E+00   0.15538E-01
  6.986   8.277    0.00000E+00  -0.14089E-13   0.00000E+00   0.92240E-14   0.00000E+00   0.15546E-01
  7.069   8.326    0.00000E+00  -0.50585E-14   0.00000E+00   0.72746E-14   0.00000E+00   0.15550E-01
  7.153   8.375    0.00000E+00  -0.14218E-13   0.00000E+00   0.36325E-14   0.00000E+00   0.15546E-01
  7.238   8.425    0.00000E+00  -0.18111E-13   0.00000E+00   0.67446E-14   0.00000E+00   0.15539E-01
  7.322   8.474    0.00000E+00  -0.10027E-13   0.00000E+00   0.32717E-14   0.00000E+00   0.15535E-01
  7.408   8.523    0.00000E+00  -0.10124E-13   0.00000E+00   0.73899E-14   0.00000E+00   0.15532E-01
  7.494   8.572    0.00000E+00  -0.52909E-15   0.00000E+00   0.67984E-14   0.00000E+00   0.15526E-01
  7.580   8.622    0.00000E+00  -0.95202E-14   0.00000E+00   0.61826E-14   0.00000E+00   0.15523E-01
  7.667   8.671    0.00000E+00  -0.11657E-13   0.00000E+00   0.76467E-14   0.00000E+00   0.15528E-01
  7.754   8.720    0.00000E+00  -0.13281E-13   0.00000E+00   0.87430E-14   0.00000E+00   0.15539E-01
  7.842   8.769    0.00000E+00  -0.12171E-13   0.00000E+00   0.67724E-14   0.00000E+00   0.15540E-01
  7.930   8.819    0.00000E+00  -0.74003E-14   0.00000E+00   0.48486E-14   0.00000E+00   0.15534E-01
  8.019   8.868    0.00000E+00  -0.16152E-13   0.00000E+00   0.71870E-14   0.00000E+00   0.15527E-01
  8.109   8.917    0.00000E+00  -0.11774E-13   0.00000E+00  -0.58200E-15   0.00000E+00   0.15523E-01
  8.198   8.966    0.00000E+00  -0.13880E-13   0.00000E+00   0.96981E-14   0.00000E+00   0.15522E-01
  8.289   9.016    0.00000E+00  -0.13446E-13   0.00000E+00   0.36334E-14   0.00000E+00   0.15518E-01
  8.379   9.065    0.00000E+00  -0.83388E-14   0.00000E+00   0.64089E-14   0.00000E+00   0.15519E-01
  8.471   9.114    0.00000E+00  -0.19527E-13   0.00000E+00   0.68218E-14   0.00000E+00   0.15531E-01
  8.563   9.163    0.00000E+00  -0.12761E-13   0.00000E+00   0.46959E-14   0.00000E+00   0.15536E-01
  8.655   9.213    0.00000E+00  -0.10325E-13   0.00000E+00   0.51348E-15   0.00000E+00   0.15529E-01
  8.748   9.262    0.00000E+00  -0.88818E-14   0.00000E+00   0.27756E-14   0.00000E+00   0.15522E-01
  8.841   9.311    0.00000E+00  -0.48156E-14   0.00000E+00   0.49960E-14   0.00000E+00   0.15516E-01
  8.935   9.361    0.00000E+00  -0.90206E-14   0.00000E+00   0.75287E-14   0.00000E+00   0.15513E-01
  9.029   9.410    0.00000E+00  -0.10894E-13   0.00000E+00   0.95098E-14   0.00000E+00   0.15512E-01
  9.124   9.459    0.00000E+00  -0.98255E-14   0.00000E+00   0.79260E-14   0.00000E+00   0.15514E-01
  9.219   9.508    0.00000E+00  -0.11411E-13   0.00000E+00   0.79233E-14   0.00000E+00   0.15521E-01
  9.315   9.557    0.00000E+00  -0.13049E-13   0.00000E+00   0.82356E-14   0.00000E+00   0.15523E-01
  9.411   9.607    0.00000E+00  -0.11550E-13   0.00000E+00   0.10745E-13   0.00000E+00   0.15517E-01
  9.508   9.656    0.00000E+00  -0.61062E-14   0.00000E+00   0.50264E-14   0.00000E+00   0.15508E-01
  9.605   9.705    0.00000E+00  -0.13906E-13   0.00000E+00   0.38129E-14   0.00000E+00   0.15501E-01
  9.703   9.755    0.00000E+00  -0.90206E-14   0.00000E+00   0.23800E-14   0.00000E+00   0.15498E-01
  9.801   9.804    0.00000E+00  -0.10353E-13   0.00000E+00   0.57593E-14   0.00000E+00   0.15500E-01
  9.900   9.853    0.00000E+00  -0.17208E-13   0.00000E+00   0.10020E-13   0.00000E+00   0.15504E-01
  9.999   9.902    0.00000E+00  -0.42744E-14   0.00000E+00   0.92842E-14   0.00000E+00   0.15507E-01
 10.098   9.951    0.00000E+00  -0.17542E-13   0.00000E+00   0.75460E-14   0.00000E+00   0.15503E-01
 10.199  10.001    0.00000E+00  -0.81324E-14   0.00000E+00   0.89304E-14   0.00000E+00   0.15496E-01
