  0.000   0.000    0.00000E+00   0.18191E+05   0.00000E+00  -0.10842E+05   0.00000E+00   0.25466E-14
 -1.000  -1.000    0.00000E+00   0.77120E+04   0.00000E+00  -0.37345E+04   0.00000E+00   0.59674E-15
  0.004   0.200    0.00000E+00   0.18289E+05   0.00000E+00  -0.10921E+05   0.00000E+00   0.17347E-14
  0.006   0.249    0.00000E+00   0.18345E+05   0.00000E+00  -0.10967E+05   0.00000E+00   0.33376E-14
  0.009   0.298    0.00000E+00   0.18414E+05   0.00000E+00  -0.11024E+05   0.00000E+00   0.13878E-14
  0.012   0.348    0.00000E+00   0.18499E+05   0.00000E+00  -0.11093E+05   0.00000E+00   0.26715E-14
  0.016   0.397    0.00000E+00   0.18599E+05   0.00000E+00  -0.11176E+05   0.00000E+00   0.84655E-15
  0.020   0.446    0.00000E+00   0.18717E+05   0.00000E+00  -0.11275E+05   0.00000E+00   0.11866E-14
  0.025   0.495    0.00000E+00   0.18853E+05   0.00000E+00  -0.11389E+05   0.00000E+00   0.15335E-14
  0.030   0.545    0.00000E+00   0.19011E+05   0.00000E+00  -0.11521E+05   0.00000E+00   0.18180E-14
  0.036   0.594    0.00000E+00   0.19192E+05   0.00000E+00  -0.11673E+05   0.00000E+00   0.39621E-14
  0.042   0.643    0.00000E+00   0.19397E+05   0.00000E+00  -0.11846E+05   0.00000E+00   0.27964E-14
  0.049   0.693    0.00000E+00   0.19629E+05   0.00000E+00  -0.12043E+05   0.00000E+00   0.36082E-15
  0.056   0.742    0.00000E+00   0.19890E+05   0.00000E+00  -0.12263E+05   0.00000E+00   0.97145E-15
  0.064   0.791    0.00000E+00   0.20182E+05   0.00000E+00  -0.12509E+05   0.00000E+00   0.27062E-15
  0.072   0.840    0.00000E+00   0.20505E+05   0.00000E+00  -0.12779E+05   0.00000E+00   0.28935E-14
  0.081   0.889    0.00000E+00   0.20859E+05   0.00000E+00  -0.13073E+05   0.00000E+00   0.45242E-14
  0.090   0.939    0.00000E+00   0.21246E+05   0.00000E+00  -0.13389E+05   0.00000E+00   0.38025E-14
  0.100   0.988    0.00000E+00   0.21664E+05   0.00000E+00  -0.13724E+05   0.00000E+00   0.48433E-14
  0.110   1.037    0.00000E+00   0.22110E+05   0.00000E+00  -0.14075E+05   0.00000E+00   0.13531E-14
  0.120   1.087    0.00000E+00   0.22580E+05   0.00000E+00  -0.14436E+05   0.00000E+00   0.32960E-14
  0.132   1.136    0.00000E+00   0.23067E+05   0.00000E+00  -0.14799E+05   0.00000E+00   0.49266E-15
  0.143   1.185    0.00000E+00   0.23562E+05   0.00000E+00  -0.15153E+05   0.00000E+00   0.41633E-16
  0.155   1.234    0.00000E+00   0.24052E+05   0.00000E+00  -0.15486E+05   0.00000E+00   0.29421E-14
  0.168   1.284    0.00000E+00   0.24524E+05   0.00000E+00  -0.15784E+05   0.00000E+00   0.42258E-14
  0.181   1.333    0.00000E+00   0.24959E+05   0.00000E+00  -0.16030E+05   0.00000E+00   0.30878E-14
  0.195   1.382    0.00000E+00   0.25338E+05   0.00000E+00  -0.16206E+05   0.00000E+00   0.46976E-14
  0.209   1.431    0.00000E+00   0.25639E+05   0.00000E+00  -0.16294E+05   0.00000E+00   0.24564E-14
  0.224   1.480    0.00000E+00   0.25841E+05   0.00000E+00  -0.16279E+05   0.00000E+00   0.21511E-14
  0.239   1.530    0.00000E+00   0.25920E+05   0.00000E+00  -0.16144E+05   0.00000E+00   0.40523E-14
  0.254   1.579    0.00000E+00   0.25859E+05   0.00000E+00  -0.15878E+05   0.00000E+00   0.16029E-14
  0.270   1.628    0.00000E+00   0.25643E+05   0.00000E+00  -0.15476E+05   0.00000E+00   0.52389E-14
  0.287   1.677    0.00000E+00   0.25263E+05   0.00000E+00  -0.14938E+05   0.00000E+00   0.39690E-14
  0.304   1.727    0.00000E+00   0.24717E+05   0.00000E+00  -0.14271E+05   0.00000E+00   0.11588E-14
  0.322   1.776    0.00000E+00   0.24013E+05   0.00000E+00  -0.13488E+05   0.00000E+00   0.20123E-15
  0.340   1.825    0.00000E+00   0.23165E+05   0.00000E+00  -0.12610E+05   0.00000E+00   0.10963E-14
  0.358   1.875    0.00000E+00   0.22194E+05   0.00000E+00  -0.11660E+05   0.00000E+00   0.11102E-14
  0.377   1.924    0.00000E+00   0.21123E+05   0.00000E+00  -0.10662E+05   0.00000E+00   0.10963E-14
  0.397   1.973    0.00000E+00   0.19979E+05   0.00000E+00  -0.96428E+04   0.00000E+00   0.26021E-14
  0.417   2.022    0.00000E+00   0.18792E+05   0.00000E+00  -0.86261E+04   0.00000E+00   0.21164E-14
  0.438   2.072    0.00000E+00   0.17585E+05   0.00000E+00  -0.76329E+04   0.00000E+00   0.14364E-14
  0.459   2.121    0.00000E+00   0.16383E+05   0.00000E+00  -0.66802E+04   0.00000E+00  -0.12768E-14
  0.480   2.170    0.00000E+00   0.15205E+05   0.00000E+00  -0.57813E+04   0.00000E+00   0.12421E-14
  0.502   2.219    0.00000E+00   0.14067E+05   0.00000E+00  -0.49454E+04   0.00000E+00   0.25258E-14
  0.525   2.269    0.00000E+00   0.12980E+05   0.00000E+00  -0.41782E+04   0.00000E+00   0.33029E-14
  0.548   2.318    0.00000E+00   0.11952E+05   0.00000E+00  -0.34821E+04   0.00000E+00   0.83961E-15
  0.571   2.367    0.00000E+00   0.10989E+05   0.00000E+00  -0.28573E+04   0.00000E+00   0.38372E-14
  0.595   2.416    0.00000E+00   0.10093E+05   0.00000E+00  -0.23021E+04   0.00000E+00   0.19360E-14
  0.620   2.466    0.00000E+00   0.92641E+04   0.00000E+00  -0.18134E+04   0.00000E+00   0.25535E-14
  0.645   2.515    0.00000E+00   0.85019E+04   0.00000E+00  -0.13871E+04   0.00000E+00   0.80491E-15
  0.670   2.564    0.00000E+00   0.78042E+04   0.00000E+00  -0.10189E+04   0.00000E+00   0.65919E-15
  0.696   2.613    0.00000E+00   0.71679E+04   0.00000E+00  -0.70388E+03   0.00000E+00   0.14710E-14
  0.723   2.663    0.00000E+00   0.65896E+04   0.00000E+00  -0.43723E+03   0.00000E+00   0.11796E-14
  0.750   2.712    0.00000E+00   0.60657E+04   0.00000E+00  -0.21423E+03   0.00000E+00   0.50654E-15
  0.777   2.761    0.00000E+00   0.55925E+04   0.00000E+00  -0.30344E+02   0.00000E+00   0.14641E-14
  0.805   2.810    0.00000E+00   0.51661E+04   0.00000E+00   0.11872E+03   0.00000E+00  -0.15959E-15
  0.834   2.860    0.00000E+00   0.47830E+04   0.00000E+00   0.23693E+03   0.00000E+00   0.52736E-15
  0.863   2.909    0.00000E+00   0.44395E+04   0.00000E+00   0.32797E+03   0.00000E+00   0.20470E-14
  0.892   2.958    0.00000E+00   0.41323E+04   0.00000E+00   0.39520E+03   0.00000E+00   0.12629E-14
  0.922   3.007    0.00000E+00   0.38583E+04   0.00000E+00   0.44168E+03   0.00000E+00   0.22551E-14
  0.953   3.057    0.00000E+00   0.36144E+04   0.00000E+00   0.47020E+03   0.00000E+00   0.24078E-14
  0.984   3.106    0.00000E+00   0.33979E+04   0.00000E+00   0.48329E+03   0.00000E+00   0.10408E-14
  1.015   3.155    0.00000E+00   0.32060E+04   0.00000E+00   0.48323E+03   0.00000E+00   0.26229E-14
  1.047   3.204    0.00000E+00   0.30360E+04   0.00000E+00   0.47214E+03   0.00000E+00  -0.29143E-15
  1.079   3.254    0.00000E+00   0.28854E+04   0.00000E+00   0.45200E+03   0.00000E+00   0.13045E-14
  1.112   3.303    0.00000E+00   0.27513E+04   0.00000E+00   0.42475E+03   0.00000E+00   0.22829E-14
  1.146   3.352    0.00000E+00   0.26303E+04   0.00000E+00   0.39245E+03   0.00000E+00   0.11796E-14
  1.180   3.401    0.00000E+00   0.25177E+04   0.00000E+00   0.35767E+03   0.00000E+00   0.10825E-14
  1.214   3.451    0.00000E+00   0.24050E+04   0.00000E+00   0.32446E+03   0.00000E+00   0.62450E-16
  1.249   3.500    0.00000E+00   0.22722E+04   0.00000E+00   0.30191E+03   0.00000E+00   0.36776E-14
  1.284   3.549    0.00000E+00   0.20446E+04   0.00000E+00   0.32322E+03   0.00000E+00  -0.17347E-14
  1.320   3.598    0.00000E+00   0.86429E+03   0.00000E+00   0.78055E+03   0.00000E+00  -0.96589E-14
  1.357   3.648    0.00000E+00   0.32829E+04   0.00000E+00  -0.34926E+03   0.00000E+00   0.68001E-14
  1.394   3.697    0.00000E+00   0.27358E+04   0.00000E+00  -0.19308E+03   0.00000E+00   0.44756E-14
  1.431   3.746    0.00000E+00   0.25945E+04   0.00000E+00  -0.20117E+03   0.00000E+00   0.10131E-14
  1.469   3.795    0.00000E+00   0.25327E+04   0.00000E+00  -0.23998E+03   0.00000E+00   0.19360E-14
  1.507   3.845    0.00000E+00   0.25031E+04   0.00000E+00  -0.28975E+03   0.00000E+00   0.17764E-14
  1.546   3.894    0.00000E+00   0.24914E+04   0.00000E+00  -0.34447E+03   0.00000E+00   0.31017E-14
  1.585   3.943    0.00000E+00   0.24917E+04   0.00000E+00  -0.40160E+03   0.00000E+00   0.18874E-14
  1.625   3.992    0.00000E+00   0.25007E+04   0.00000E+00  -0.45984E+03   0.00000E+00   0.17139E-14
  1.666   4.042    0.00000E+00   0.25165E+04   0.00000E+00  -0.51840E+03   0.00000E+00   0.18735E-14
  1.706   4.091    0.00000E+00   0.25377E+04   0.00000E+00  -0.57680E+03   0.00000E+00   0.12629E-14
  1.748   4.140    0.00000E+00   0.25634E+04   0.00000E+00  -0.63465E+03   0.00000E+00   0.29143E-14
  1.790   4.189    0.00000E+00   0.25927E+04   0.00000E+00  -0.69170E+03   0.00000E+00   0.54817E-15
  1.832   4.239    0.00000E+00   0.26248E+04   0.00000E+00  -0.74771E+03   0.00000E+00   0.12629E-14
  1.875   4.288    0.00000E+00   0.26591E+04   0.00000E+00  -0.80246E+03   0.00000E+00   0.18457E-14
  1.918   4.337    0.00000E+00   0.26948E+04   0.00000E+00  -0.85575E+03   0.00000E+00  -0.27756E-16
  1.962   4.386    0.00000E+00   0.27311E+04   0.00000E+00  -0.90732E+03   0.00000E+00   0.19360E-14
  2.006   4.436    0.00000E+00   0.27670E+04   0.00000E+00  -0.95683E+03   0.00000E+00   0.83961E-15
  2.051   4.485    0.00000E+00   0.28012E+04   0.00000E+00  -0.10038E+04   0.00000E+00   0.21372E-14
  2.096   4.534    0.00000E+00   0.28313E+04   0.00000E+00  -0.10473E+04   0.00000E+00   0.12906E-14
  2.142   4.583    0.00000E+00   0.28535E+04   0.00000E+00  -0.10859E+04   0.00000E+00   0.12837E-14
  2.188   4.633    0.00000E+00   0.28593E+04   0.00000E+00  -0.11160E+04   0.00000E+00   0.24772E-14
  2.235   4.682    0.00000E+00   0.28262E+04   0.00000E+00  -0.11283E+04   0.00000E+00   0.22621E-14
  2.282   4.731    0.00000E+00   0.26671E+04   0.00000E+00  -0.10852E+04   0.00000E+00   0.16237E-14
  2.330   4.780    0.00000E+00   0.17927E+04   0.00000E+00  -0.69526E+03   0.00000E+00   0.18527E-14
  2.378   4.830    0.00000E+00   0.41288E+04   0.00000E+00  -0.17276E+04   0.00000E+00   0.38650E-14
  2.427   4.879    0.00000E+00   0.37020E+04   0.00000E+00  -0.15809E+04   0.00000E+00   0.20817E-14
  2.476   4.928    0.00000E+00   0.36182E+04   0.00000E+00  -0.15675E+04   0.00000E+00   0.18943E-14
  2.526   4.977    0.00000E+00   0.36073E+04   0.00000E+00  -0.15822E+04   0.00000E+00   0.19429E-15
  2.576   5.027    0.00000E+00   0.36231E+04   0.00000E+00  -0.16067E+04   0.00000E+00   0.22829E-14
  2.627   5.076    0.00000E+00   0.36513E+04   0.00000E+00  -0.16352E+04   0.00000E+00   0.16931E-14
  2.678   5.125    0.00000E+00   0.36861E+04   0.00000E+00  -0.16653E+04   0.00000E+00   0.47184E-15
  2.730   5.174    0.00000E+00   0.37244E+04   0.00000E+00  -0.16960E+04   0.00000E+00   0.86042E-15
  2.782   5.224    0.00000E+00   0.37646E+04   0.00000E+00  -0.17264E+04   0.00000E+00   0.21094E-14
  2.835   5.273    0.00000E+00   0.38054E+04   0.00000E+00  -0.17563E+04   0.00000E+00   0.96451E-15
  2.888   5.322    0.00000E+00   0.38461E+04   0.00000E+00  -0.17853E+04   0.00000E+00   0.13045E-14
  2.942   5.371    0.00000E+00   0.38857E+04   0.00000E+00  -0.18129E+04   0.00000E+00   0.20400E-14
  2.996   5.421    0.00000E+00   0.39235E+04   0.00000E+00  -0.18390E+04   0.00000E+00   0.61756E-15
  3.051   5.470    0.00000E+00   0.39580E+04   0.00000E+00  -0.18629E+04   0.00000E+00   0.54817E-15
  3.106   5.519    0.00000E+00   0.39875E+04   0.00000E+00  -0.18838E+04   0.00000E+00   0.13670E-14
  3.162   5.568    0.00000E+00   0.40082E+04   0.00000E+00  -0.19001E+04   0.00000E+00   0.11310E-14
  3.218   5.618    0.00000E+00   0.40127E+04   0.00000E+00  -0.19086E+04   0.00000E+00   0.17417E-14
  3.275   5.667    0.00000E+00   0.39807E+04   0.00000E+00  -0.19008E+04   0.00000E+00   0.16584E-14
  3.332   5.716    0.00000E+00   0.38469E+04   0.00000E+00  -0.18522E+04   0.00000E+00   0.17486E-14
  3.389   5.765    0.00000E+00   0.48574E+04   0.00000E+00  -0.24450E+04   0.00000E+00   0.32474E-14
  3.447   5.815    0.00000E+00   0.49735E+04   0.00000E+00  -0.23871E+04   0.00000E+00   0.63838E-15
  3.506   5.864    0.00000E+00   0.47166E+04   0.00000E+00  -0.22597E+04   0.00000E+00   0.12004E-14
  3.565   5.913    0.00000E+00   0.46553E+04   0.00000E+00  -0.22317E+04   0.00000E+00   0.14849E-14
  3.625   5.962    0.00000E+00   0.46451E+04   0.00000E+00  -0.22283E+04   0.00000E+00   0.17694E-14
  3.685   6.012    0.00000E+00   0.46545E+04   0.00000E+00  -0.22341E+04   0.00000E+00   0.22204E-14
  3.746   6.061    0.00000E+00   0.46729E+04   0.00000E+00  -0.22438E+04   0.00000E+00   0.15474E-14
  3.807   6.110    0.00000E+00   0.46957E+04   0.00000E+00  -0.22553E+04   0.00000E+00   0.29005E-14
  3.868   6.159    0.00000E+00   0.47205E+04   0.00000E+00  -0.22673E+04   0.00000E+00   0.17625E-14
  3.931   6.209    0.00000E+00   0.47457E+04   0.00000E+00  -0.22792E+04   0.00000E+00   0.12906E-14
  3.993   6.258    0.00000E+00   0.47700E+04   0.00000E+00  -0.22903E+04   0.00000E+00   0.87430E-15
  4.056   6.307    0.00000E+00   0.47922E+04   0.00000E+00  -0.23000E+04   0.00000E+00   0.16792E-14
  4.120   6.356    0.00000E+00   0.48105E+04   0.00000E+00  -0.23077E+04   0.00000E+00   0.61062E-15
  4.184   6.406    0.00000E+00   0.48222E+04   0.00000E+00  -0.23119E+04   0.00000E+00   0.19360E-14
  4.249   6.455    0.00000E+00   0.48219E+04   0.00000E+00  -0.23104E+04   0.00000E+00   0.15335E-14
  4.314   6.504    0.00000E+00   0.47986E+04   0.00000E+00  -0.22993E+04   0.00000E+00   0.26437E-14
  4.379   6.553    0.00000E+00   0.47556E+04   0.00000E+00  -0.22913E+04   0.00000E+00   0.16098E-14
  4.445   6.603    0.00000E+00   0.58079E+04   0.00000E+00  -0.29073E+04   0.00000E+00   0.45797E-14
  4.512   6.652    0.00000E+00   0.55930E+04   0.00000E+00  -0.27082E+04   0.00000E+00   0.21788E-14
  4.579   6.701    0.00000E+00   0.53893E+04   0.00000E+00  -0.25871E+04   0.00000E+00   0.23662E-14
  4.646   6.750    0.00000E+00   0.53301E+04   0.00000E+00  -0.25498E+04   0.00000E+00   0.23245E-14
  4.714   6.800    0.00000E+00   0.53133E+04   0.00000E+00  -0.25360E+04   0.00000E+00   0.96451E-15
  4.783   6.849    0.00000E+00   0.53133E+04   0.00000E+00  -0.25312E+04   0.00000E+00   0.24494E-14
  4.852   6.898    0.00000E+00   0.53210E+04   0.00000E+00  -0.25305E+04   0.00000E+00   0.20331E-14
  4.922   6.947    0.00000E+00   0.53322E+04   0.00000E+00  -0.25316E+04   0.00000E+00   0.21302E-14
  4.992   6.997    0.00000E+00   0.53446E+04   0.00000E+00  -0.25333E+04   0.00000E+00   0.14780E-14
  5.062   7.046    0.00000E+00   0.53566E+04   0.00000E+00  -0.25346E+04   0.00000E+00   0.12490E-14
  5.133   7.095    0.00000E+00   0.53665E+04   0.00000E+00  -0.25348E+04   0.00000E+00   0.10963E-14
  5.205   7.144    0.00000E+00   0.53724E+04   0.00000E+00  -0.25329E+04   0.00000E+00   0.19984E-14
  5.277   7.194    0.00000E+00   0.53717E+04   0.00000E+00  -0.25277E+04   0.00000E+00   0.17764E-14
  5.349   7.243    0.00000E+00   0.53636E+04   0.00000E+00  -0.25194E+04   0.00000E+00   0.24147E-14
  5.422   7.292    0.00000E+00   0.54052E+04   0.00000E+00  -0.25429E+04   0.00000E+00   0.22482E-14
  5.496   7.341    0.00000E+00   0.61584E+04   0.00000E+00  -0.29606E+04   0.00000E+00   0.14988E-14
  5.570   7.391    0.00000E+00   0.60194E+04   0.00000E+00  -0.28606E+04   0.00000E+00   0.22829E-14
  5.644   7.440    0.00000E+00   0.58393E+04   0.00000E+00  -0.27528E+04   0.00000E+00   0.22829E-14
  5.719   7.489    0.00000E+00   0.57772E+04   0.00000E+00  -0.27123E+04   0.00000E+00   0.29837E-14
  5.795   7.538    0.00000E+00   0.57542E+04   0.00000E+00  -0.26936E+04   0.00000E+00   0.15890E-14
  5.871   7.588    0.00000E+00   0.57470E+04   0.00000E+00  -0.26837E+04   0.00000E+00   0.17694E-14
  5.947   7.637    0.00000E+00   0.57470E+04   0.00000E+00  -0.26777E+04   0.00000E+00   0.21164E-14
  6.024   7.686    0.00000E+00   0.57502E+04   0.00000E+00  -0.26734E+04   0.00000E+00   0.10131E-14
  6.101   7.735    0.00000E+00   0.57544E+04   0.00000E+00  -0.26697E+04   0.00000E+00   0.16584E-14
  6.179   7.785    0.00000E+00   0.57580E+04   0.00000E+00  -0.26655E+04   0.00000E+00   0.10339E-14
  6.258   7.834    0.00000E+00   0.57600E+04   0.00000E+00  -0.26600E+04   0.00000E+00   0.14919E-14
  6.337   7.883    0.00000E+00   0.57613E+04   0.00000E+00  -0.26535E+04   0.00000E+00   0.18041E-14
  6.416   7.932    0.00000E+00   0.57817E+04   0.00000E+00  -0.26550E+04   0.00000E+00   0.44409E-15
  6.496   7.982    0.00000E+00   0.60135E+04   0.00000E+00  -0.27638E+04   0.00000E+00   0.81879E-15
  6.576   8.031    0.00000E+00   0.64447E+04   0.00000E+00  -0.29970E+04   0.00000E+00   0.22898E-14
  6.657   8.080    0.00000E+00   0.62300E+04   0.00000E+00  -0.28867E+04   0.00000E+00   0.94369E-15
  6.739   8.129    0.00000E+00   0.61200E+04   0.00000E+00  -0.28239E+04   0.00000E+00   0.13808E-14
  6.821   8.178    0.00000E+00   0.60751E+04   0.00000E+00  -0.27946E+04   0.00000E+00   0.70777E-15
  6.903   8.228    0.00000E+00   0.60553E+04   0.00000E+00  -0.27785E+04   0.00000E+00   0.16029E-14
  6.986   8.277    0.00000E+00   0.60468E+04   0.00000E+00  -0.27683E+04   0.00000E+00   0.90900E-15
  7.069   8.326    0.00000E+00   0.60436E+04   0.00000E+00  -0.27608E+04   0.00000E+00   0.15613E-14
  7.153   8.375    0.00000E+00   0.60429E+04   0.00000E+00  -0.27544E+04   0.00000E+00   0.17555E-14
  7.238   8.425    0.00000E+00   0.60435E+04   0.00000E+00  -0.27482E+04   0.00000E+00   0.24078E-14
  7.322   8.474    0.00000E+00   0.60465E+04   0.00000E+00  -0.27421E+04   0.00000E+00   0.11796E-14
  7.408   8.523    0.00000E+00   0.60618E+04   0.00000E+00  -0.27397E+04   0.00000E+00   0.14780E-14
  7.494   8.572    0.00000E+00   0.61523E+04   0.00000E+00  -0.27690E+04   0.00000E+00   0.13600E-14
  7.580   8.622    0.00000E+00   0.65141E+04   0.00000E+00  -0.29398E+04   0.00000E+00   0.39829E-14
  7.667   8.671    0.00000E+00   0.65405E+04   0.00000E+00  -0.29756E+04   0.00000E+00   0.22551E-14
  7.754   8.720    0.00000E+00   0.63928E+04   0.00000E+00  -0.29057E+04   0.00000E+00   0.30947E-14
  7.842   8.769    0.00000E+00   0.63221E+04   0.00000E+00  -0.28670E+04   0.00000E+00   0.16723E-14
  7.930   8.819    0.00000E+00   0.62890E+04   0.00000E+00  -0.28458E+04   0.00000E+00   0.22968E-14
  8.019   8.868    0.00000E+00   0.62726E+04   0.00000E+00  -0.28325E+04   0.00000E+00   0.78410E-15
  8.109   8.917    0.00000E+00   0.62644E+04   0.00000E+00  -0.28231E+04   0.00000E+00   0.24772E-14
  8.198   8.966    0.00000E+00   0.62608E+04   0.00000E+00  -0.28155E+04   0.00000E+00   0.20817E-14
  8.289   9.016    0.00000E+00   0.62612E+04   0.00000E+00  -0.28090E+04   0.00000E+00   0.29421E-14
  8.379   9.065    0.00000E+00   0.62696E+04   0.00000E+00  -0.28046E+04   0.00000E+00   0.21372E-14
  8.471   9.114    0.00000E+00   0.63062E+04   0.00000E+00  -0.28098E+04   0.00000E+00   0.25327E-14
  8.563   9.163    0.00000E+00   0.64568E+04   0.00000E+00  -0.28644E+04   0.00000E+00   0.21372E-14
  8.655   9.213    0.00000E+00   0.67149E+04   0.00000E+00  -0.29921E+04   0.00000E+00   0.26715E-14
  8.748   9.262    0.00000E+00   0.66430E+04   0.00000E+00  -0.29791E+04   0.00000E+00   0.22066E-14
  8.841   9.311    0.00000E+00   0.65364E+04   0.00000E+00  -0.29320E+04   0.00000E+00   0.11935E-14
  8.935   9.361    0.00000E+00   0.64816E+04   0.00000E+00  -0.29035E+04   0.00000E+00   0.23870E-14
  9.029   9.410    0.00000E+00   0.64538E+04   0.00000E+00  -0.28862E+04   0.00000E+00   0.12004E-14
  9.124   9.459    0.00000E+00   0.64393E+04   0.00000E+00  -0.28747E+04   0.00000E+00   0.43021E-15
  9.219   9.508    0.00000E+00   0.64325E+04   0.00000E+00  -0.28662E+04   0.00000E+00   0.17902E-14
  9.315   9.557    0.00000E+00   0.64324E+04   0.00000E+00  -0.28599E+04   0.00000E+00   0.94369E-15
  9.411   9.607    0.00000E+00   0.64435E+04   0.00000E+00  -0.28569E+04   0.00000E+00   0.22482E-14
  9.508   9.656    0.00000E+00   0.64865E+04   0.00000E+00  -0.28650E+04   0.00000E+00   0.31850E-14
  9.605   9.705    0.00000E+00   0.66240E+04   0.00000E+00  -0.29138E+04   0.00000E+00   0.23107E-14
  9.703   9.755    0.00000E+00   0.68114E+04   0.00000E+00  -0.30050E+04   0.00000E+00   0.24078E-14
  9.801   9.804    0.00000E+00   0.67620E+04   0.00000E+00  -0.30020E+04   0.00000E+00   0.21858E-14
  9.900   9.853    0.00000E+00   0.66697E+04   0.00000E+00  -0.29653E+04   0.00000E+00   0.25049E-14
  9.999   9.902    0.00000E+00   0.66169E+04   0.00000E+00  -0.29400E+04   0.00000E+00   0.30184E-14
 10.098   9.951    0.00000E+00   0.65890E+04   0.00000E+00  -0.29240E+04   0.00000E+00   0.19776E-14
 10.199  10.001    0.00000E+00   0.65747E+04   0.00000E+00  -0.29133E+04   0.00000E+00   0.11033E-14
