  0.000   0.000    0.00000E+00  -0.10801E+05   0.00000E+00   0.60437E+05   0.00000E+00   0.30389E-14
 -1.000  -1.000    0.00000E+00  -0.37682E+04   0.00000E+00   0.55334E+05   0.00000E+00   0.25127E-14
  0.004   0.200    0.00000E+00  -0.10880E+05   0.00000E+00   0.60504E+05   0.00000E+00   0.24037E-15
  0.006   0.249    0.00000E+00  -0.10925E+05   0.00000E+00   0.60543E+05   0.00000E+00   0.30112E-14
  0.009   0.298    0.00000E+00  -0.10981E+05   0.00000E+00   0.60592E+05   0.00000E+00   0.10402E-14
  0.012   0.348    0.00000E+00  -0.11050E+05   0.00000E+00   0.60651E+05   0.00000E+00   0.53126E-15
  0.016   0.397    0.00000E+00  -0.11133E+05   0.00000E+00   0.60723E+05   0.00000E+00   0.73802E-15
  0.020   0.446    0.00000E+00  -0.11230E+05   0.00000E+00   0.60809E+05   0.00000E+00   0.35051E-14
  0.025   0.495    0.00000E+00  -0.11343E+05   0.00000E+00   0.60909E+05   0.00000E+00   0.24379E-14
  0.030   0.545    0.00000E+00  -0.11475E+05   0.00000E+00   0.61024E+05   0.00000E+00   0.33686E-15
  0.036   0.594    0.00000E+00  -0.11625E+05   0.00000E+00   0.61157E+05   0.00000E+00   0.37316E-14
  0.042   0.643    0.00000E+00  -0.11797E+05   0.00000E+00   0.61308E+05   0.00000E+00   0.26404E-14
  0.049   0.693    0.00000E+00  -0.11992E+05   0.00000E+00   0.61480E+05   0.00000E+00   0.34332E-14
  0.056   0.742    0.00000E+00  -0.12212E+05   0.00000E+00   0.61674E+05   0.00000E+00   0.31937E-14
  0.064   0.791    0.00000E+00  -0.12456E+05   0.00000E+00   0.61887E+05   0.00000E+00  -0.16414E-14
  0.072   0.840    0.00000E+00  -0.12724E+05   0.00000E+00   0.62120E+05   0.00000E+00   0.22016E-14
  0.081   0.889    0.00000E+00  -0.13016E+05   0.00000E+00   0.62369E+05   0.00000E+00   0.53863E-14
  0.090   0.939    0.00000E+00  -0.13330E+05   0.00000E+00   0.62630E+05   0.00000E+00   0.28528E-14
  0.100   0.988    0.00000E+00  -0.13663E+05   0.00000E+00   0.62901E+05   0.00000E+00   0.31537E-14
  0.110   1.037    0.00000E+00  -0.14011E+05   0.00000E+00   0.63176E+05   0.00000E+00   0.28324E-14
  0.120   1.087    0.00000E+00  -0.14369E+05   0.00000E+00   0.63450E+05   0.00000E+00   0.45973E-14
  0.132   1.136    0.00000E+00  -0.14729E+05   0.00000E+00   0.63715E+05   0.00000E+00   0.10258E-14
  0.143   1.185    0.00000E+00  -0.15080E+05   0.00000E+00   0.63960E+05   0.00000E+00   0.60607E-15
  0.155   1.234    0.00000E+00  -0.15411E+05   0.00000E+00   0.64172E+05   0.00000E+00   0.31731E-14
  0.168   1.284    0.00000E+00  -0.15706E+05   0.00000E+00   0.64337E+05   0.00000E+00   0.23616E-14
  0.181   1.333    0.00000E+00  -0.15949E+05   0.00000E+00   0.64439E+05   0.00000E+00   0.91106E-15
  0.195   1.382    0.00000E+00  -0.16122E+05   0.00000E+00   0.64465E+05   0.00000E+00   0.28560E-14
  0.209   1.431    0.00000E+00  -0.16209E+05   0.00000E+00   0.64399E+05   0.00000E+00   0.26062E-14
  0.224   1.480    0.00000E+00  -0.16191E+05   0.00000E+00   0.64231E+05   0.00000E+00   0.32888E-14
  0.239   1.530    0.00000E+00  -0.16056E+05   0.00000E+00   0.63954E+05   0.00000E+00   0.40677E-14
  0.254   1.579    0.00000E+00  -0.15791E+05   0.00000E+00   0.63564E+05   0.00000E+00  -0.26455E-15
  0.270   1.628    0.00000E+00  -0.15392E+05   0.00000E+00   0.63064E+05   0.00000E+00   0.34032E-14
  0.287   1.677    0.00000E+00  -0.14859E+05   0.00000E+00   0.62460E+05   0.00000E+00   0.16586E-14
  0.304   1.727    0.00000E+00  -0.14198E+05   0.00000E+00   0.61765E+05   0.00000E+00   0.43986E-15
  0.322   1.776    0.00000E+00  -0.13424E+05   0.00000E+00   0.60998E+05   0.00000E+00  -0.30152E-15
  0.340   1.825    0.00000E+00  -0.12555E+05   0.00000E+00   0.60178E+05   0.00000E+00   0.13210E-14
  0.358   1.875    0.00000E+00  -0.11615E+05   0.00000E+00   0.59327E+05   0.00000E+00   0.33741E-14
  0.377   1.924    0.00000E+00  -0.10629E+05   0.00000E+00   0.58469E+05   0.00000E+00  -0.18692E-15
  0.397   1.973    0.00000E+00  -0.96209E+04   0.00000E+00   0.57625E+05   0.00000E+00   0.41605E-14
  0.417   2.022    0.00000E+00  -0.86156E+04   0.00000E+00   0.56813E+05   0.00000E+00   0.40008E-14
  0.438   2.072    0.00000E+00  -0.76335E+04   0.00000E+00   0.56048E+05   0.00000E+00  -0.12158E-14
  0.459   2.121    0.00000E+00  -0.66917E+04   0.00000E+00   0.55341E+05   0.00000E+00   0.16530E-14
  0.480   2.170    0.00000E+00  -0.58032E+04   0.00000E+00   0.54700E+05   0.00000E+00   0.23409E-14
  0.502   2.219    0.00000E+00  -0.49771E+04   0.00000E+00   0.54127E+05   0.00000E+00   0.39108E-14
  0.525   2.269    0.00000E+00  -0.42190E+04   0.00000E+00   0.53626E+05   0.00000E+00   0.36425E-14
  0.548   2.318    0.00000E+00  -0.35315E+04   0.00000E+00   0.53193E+05   0.00000E+00   0.54222E-14
  0.571   2.367    0.00000E+00  -0.29146E+04   0.00000E+00   0.52826E+05   0.00000E+00   0.38308E-14
  0.595   2.416    0.00000E+00  -0.23668E+04   0.00000E+00   0.52520E+05   0.00000E+00   0.76035E-15
  0.620   2.466    0.00000E+00  -0.18848E+04   0.00000E+00   0.52272E+05   0.00000E+00   0.27221E-14
  0.645   2.515    0.00000E+00  -0.14648E+04   0.00000E+00   0.52074E+05   0.00000E+00   0.57072E-15
  0.670   2.564    0.00000E+00  -0.11022E+04   0.00000E+00   0.51921E+05   0.00000E+00   0.52388E-14
  0.696   2.613    0.00000E+00  -0.79243E+03   0.00000E+00   0.51809E+05   0.00000E+00   0.28214E-14
  0.723   2.663    0.00000E+00  -0.53059E+03   0.00000E+00   0.51732E+05   0.00000E+00   0.25143E-14
  0.750   2.712    0.00000E+00  -0.31202E+03   0.00000E+00   0.51684E+05   0.00000E+00   0.19649E-14
  0.777   2.761    0.00000E+00  -0.13221E+03   0.00000E+00   0.51662E+05   0.00000E+00   0.29926E-14
  0.805   2.810    0.00000E+00   0.13086E+02   0.00000E+00   0.51662E+05   0.00000E+00   0.20216E-14
  0.834   2.860    0.00000E+00   0.12781E+03   0.00000E+00   0.51679E+05   0.00000E+00   0.26944E-14
  0.863   2.909    0.00000E+00   0.21561E+03   0.00000E+00   0.51712E+05   0.00000E+00   0.41445E-14
  0.892   2.958    0.00000E+00   0.27982E+03   0.00000E+00   0.51756E+05   0.00000E+00   0.35721E-14
  0.922   3.007    0.00000E+00   0.32350E+03   0.00000E+00   0.51810E+05   0.00000E+00   0.36173E-14
  0.953   3.057    0.00000E+00   0.34940E+03   0.00000E+00   0.51871E+05   0.00000E+00   0.22142E-14
  0.984   3.106    0.00000E+00   0.36002E+03   0.00000E+00   0.51938E+05   0.00000E+00   0.37976E-14
  1.015   3.155    0.00000E+00   0.35766E+03   0.00000E+00   0.52010E+05   0.00000E+00   0.37691E-14
  1.047   3.204    0.00000E+00   0.34438E+03   0.00000E+00   0.52085E+05   0.00000E+00   0.28523E-14
  1.079   3.254    0.00000E+00   0.32214E+03   0.00000E+00   0.52162E+05   0.00000E+00   0.35680E-14
  1.112   3.303    0.00000E+00   0.29284E+03   0.00000E+00   0.52240E+05   0.00000E+00   0.47357E-14
  1.146   3.352    0.00000E+00   0.25846E+03   0.00000E+00   0.52318E+05   0.00000E+00   0.39670E-14
  1.180   3.401    0.00000E+00   0.22146E+03   0.00000E+00   0.52397E+05   0.00000E+00   0.29993E-14
  1.214   3.451    0.00000E+00   0.18577E+03   0.00000E+00   0.52474E+05   0.00000E+00   0.29121E-14
  1.249   3.500    0.00000E+00   0.16053E+03   0.00000E+00   0.52549E+05   0.00000E+00   0.49976E-14
  1.284   3.549    0.00000E+00   0.18291E+03   0.00000E+00   0.52615E+05   0.00000E+00   0.77192E-14
  1.320   3.598    0.00000E+00   0.88198E+03   0.00000E+00   0.52492E+05   0.00000E+00   0.12127E-13
  1.357   3.648    0.00000E+00  -0.25369E+03   0.00000E+00   0.52727E+05   0.00000E+00  -0.65507E-14
  1.394   3.697    0.00000E+00  -0.26249E+03   0.00000E+00   0.52854E+05   0.00000E+00  -0.43473E-14
  1.431   3.746    0.00000E+00  -0.29519E+03   0.00000E+00   0.52931E+05   0.00000E+00   0.19522E-14
  1.469   3.795    0.00000E+00  -0.34242E+03   0.00000E+00   0.53003E+05   0.00000E+00   0.13440E-14
  1.507   3.845    0.00000E+00  -0.39568E+03   0.00000E+00   0.53073E+05   0.00000E+00  -0.63231E-15
  1.546   3.894    0.00000E+00  -0.45169E+03   0.00000E+00   0.53140E+05   0.00000E+00   0.87376E-15
  1.585   3.943    0.00000E+00  -0.50889E+03   0.00000E+00   0.53206E+05   0.00000E+00   0.94607E-15
  1.625   3.992    0.00000E+00  -0.56639E+03   0.00000E+00   0.53271E+05   0.00000E+00  -0.52475E-16
  1.666   4.042    0.00000E+00  -0.62365E+03   0.00000E+00   0.53333E+05   0.00000E+00   0.18929E-14
  1.706   4.091    0.00000E+00  -0.68030E+03   0.00000E+00   0.53393E+05   0.00000E+00   0.10216E-14
  1.748   4.140    0.00000E+00  -0.73605E+03   0.00000E+00   0.53452E+05   0.00000E+00   0.18264E-14
  1.790   4.189    0.00000E+00  -0.79067E+03   0.00000E+00   0.53509E+05   0.00000E+00   0.13867E-14
  1.832   4.239    0.00000E+00  -0.84398E+03   0.00000E+00   0.53563E+05   0.00000E+00   0.16528E-14
  1.875   4.288    0.00000E+00  -0.89579E+03   0.00000E+00   0.53616E+05   0.00000E+00   0.22889E-14
  1.918   4.337    0.00000E+00  -0.94589E+03   0.00000E+00   0.53666E+05   0.00000E+00   0.23666E-14
  1.962   4.386    0.00000E+00  -0.99403E+03   0.00000E+00   0.53715E+05   0.00000E+00   0.20526E-14
  2.006   4.436    0.00000E+00  -0.10399E+04   0.00000E+00   0.53760E+05   0.00000E+00   0.15008E-14
  2.051   4.485    0.00000E+00  -0.10829E+04   0.00000E+00   0.53803E+05   0.00000E+00   0.15955E-14
  2.096   4.534    0.00000E+00  -0.11221E+04   0.00000E+00   0.53844E+05   0.00000E+00   0.19494E-14
  2.142   4.583    0.00000E+00  -0.11557E+04   0.00000E+00   0.53880E+05   0.00000E+00   0.27346E-14
  2.188   4.633    0.00000E+00  -0.11796E+04   0.00000E+00   0.53911E+05   0.00000E+00   0.13812E-14
  2.235   4.682    0.00000E+00  -0.11827E+04   0.00000E+00   0.53932E+05   0.00000E+00   0.26302E-14
  2.282   4.731    0.00000E+00  -0.11175E+04   0.00000E+00   0.53924E+05   0.00000E+00   0.11552E-14
  2.330   4.780    0.00000E+00  -0.45697E+03   0.00000E+00   0.53659E+05   0.00000E+00   0.45948E-15
  2.378   4.830    0.00000E+00  -0.17713E+04   0.00000E+00   0.54207E+05   0.00000E+00  -0.15786E-14
  2.427   4.879    0.00000E+00  -0.16404E+04   0.00000E+00   0.54174E+05   0.00000E+00   0.13624E-14
  2.476   4.928    0.00000E+00  -0.16237E+04   0.00000E+00   0.54181E+05   0.00000E+00   0.11996E-14
  2.526   4.977    0.00000E+00  -0.16342E+04   0.00000E+00   0.54196E+05   0.00000E+00   0.19004E-14
  2.576   5.027    0.00000E+00  -0.16546E+04   0.00000E+00   0.54213E+05   0.00000E+00   0.23382E-14
  2.627   5.076    0.00000E+00  -0.16792E+04   0.00000E+00   0.54231E+05   0.00000E+00   0.19211E-14
  2.678   5.125    0.00000E+00  -0.17056E+04   0.00000E+00   0.54248E+05   0.00000E+00   0.17888E-14
  2.730   5.174    0.00000E+00  -0.17326E+04   0.00000E+00   0.54264E+05   0.00000E+00   0.20967E-14
  2.782   5.224    0.00000E+00  -0.17596E+04   0.00000E+00   0.54278E+05   0.00000E+00   0.16135E-14
  2.835   5.273    0.00000E+00  -0.17861E+04   0.00000E+00   0.54291E+05   0.00000E+00   0.25914E-14
  2.888   5.322    0.00000E+00  -0.18118E+04   0.00000E+00   0.54303E+05   0.00000E+00   0.17343E-14
  2.942   5.371    0.00000E+00  -0.18364E+04   0.00000E+00   0.54312E+05   0.00000E+00   0.27086E-14
  2.996   5.421    0.00000E+00  -0.18594E+04   0.00000E+00   0.54321E+05   0.00000E+00   0.11226E-14
  3.051   5.470    0.00000E+00  -0.18803E+04   0.00000E+00   0.54327E+05   0.00000E+00   0.17822E-14
  3.106   5.519    0.00000E+00  -0.18982E+04   0.00000E+00   0.54330E+05   0.00000E+00   0.20920E-14
  3.162   5.568    0.00000E+00  -0.19114E+04   0.00000E+00   0.54331E+05   0.00000E+00   0.14455E-14
  3.218   5.618    0.00000E+00  -0.19161E+04   0.00000E+00   0.54327E+05   0.00000E+00   0.21805E-14
  3.275   5.667    0.00000E+00  -0.19022E+04   0.00000E+00   0.54314E+05   0.00000E+00   0.31175E-14
  3.332   5.716    0.00000E+00  -0.18338E+04   0.00000E+00   0.54278E+05   0.00000E+00   0.31817E-14
  3.389   5.765    0.00000E+00  -0.22135E+04   0.00000E+00   0.54501E+05   0.00000E+00  -0.10635E-14
  3.447   5.815    0.00000E+00  -0.23673E+04   0.00000E+00   0.54515E+05   0.00000E+00   0.20886E-14
  3.506   5.864    0.00000E+00  -0.22563E+04   0.00000E+00   0.54449E+05   0.00000E+00   0.16996E-14
  3.565   5.913    0.00000E+00  -0.22302E+04   0.00000E+00   0.54425E+05   0.00000E+00   0.24930E-14
  3.625   5.962    0.00000E+00  -0.22268E+04   0.00000E+00   0.54413E+05   0.00000E+00   0.24328E-14
  3.685   6.012    0.00000E+00  -0.22319E+04   0.00000E+00   0.54405E+05   0.00000E+00   0.18451E-14
  3.746   6.061    0.00000E+00  -0.22409E+04   0.00000E+00   0.54398E+05   0.00000E+00   0.13936E-14
  3.807   6.110    0.00000E+00  -0.22517E+04   0.00000E+00   0.54392E+05   0.00000E+00   0.21866E-14
  3.868   6.159    0.00000E+00  -0.22631E+04   0.00000E+00   0.54386E+05   0.00000E+00   0.19038E-14
  3.931   6.209    0.00000E+00  -0.22744E+04   0.00000E+00   0.54380E+05   0.00000E+00   0.24026E-14
  3.993   6.258    0.00000E+00  -0.22851E+04   0.00000E+00   0.54374E+05   0.00000E+00   0.26642E-14
  4.056   6.307    0.00000E+00  -0.22944E+04   0.00000E+00   0.54367E+05   0.00000E+00   0.39464E-14
  4.120   6.356    0.00000E+00  -0.23016E+04   0.00000E+00   0.54358E+05   0.00000E+00   0.33654E-14
  4.184   6.406    0.00000E+00  -0.23052E+04   0.00000E+00   0.54348E+05   0.00000E+00   0.34882E-14
  4.249   6.455    0.00000E+00  -0.23025E+04   0.00000E+00   0.54335E+05   0.00000E+00   0.20670E-14
  4.314   6.504    0.00000E+00  -0.22876E+04   0.00000E+00   0.54317E+05   0.00000E+00   0.18327E-14
  4.379   6.553    0.00000E+00  -0.22603E+04   0.00000E+00   0.54300E+05   0.00000E+00   0.12936E-14
  4.445   6.603    0.00000E+00  -0.27749E+04   0.00000E+00   0.54592E+05   0.00000E+00   0.18258E-15
  4.512   6.652    0.00000E+00  -0.26788E+04   0.00000E+00   0.54489E+05   0.00000E+00   0.34672E-14
  4.579   6.701    0.00000E+00  -0.25754E+04   0.00000E+00   0.54417E+05   0.00000E+00   0.26594E-14
  4.646   6.750    0.00000E+00  -0.25430E+04   0.00000E+00   0.54388E+05   0.00000E+00   0.22031E-14
  4.714   6.800    0.00000E+00  -0.25317E+04   0.00000E+00   0.54370E+05   0.00000E+00   0.14894E-14
  4.783   6.849    0.00000E+00  -0.25287E+04   0.00000E+00   0.54357E+05   0.00000E+00   0.17277E-14
  4.852   6.898    0.00000E+00  -0.25294E+04   0.00000E+00   0.54346E+05   0.00000E+00   0.34436E-14
  4.922   6.947    0.00000E+00  -0.25318E+04   0.00000E+00   0.54336E+05   0.00000E+00   0.21838E-14
  4.992   6.997    0.00000E+00  -0.25347E+04   0.00000E+00   0.54327E+05   0.00000E+00   0.24199E-14
  5.062   7.046    0.00000E+00  -0.25373E+04   0.00000E+00   0.54318E+05   0.00000E+00   0.23027E-14
  5.133   7.095    0.00000E+00  -0.25387E+04   0.00000E+00   0.54309E+05   0.00000E+00   0.95258E-15
  5.205   7.144    0.00000E+00  -0.25379E+04   0.00000E+00   0.54298E+05   0.00000E+00   0.14870E-14
  5.277   7.194    0.00000E+00  -0.25336E+04   0.00000E+00   0.54286E+05   0.00000E+00   0.28326E-14
  5.349   7.243    0.00000E+00  -0.25250E+04   0.00000E+00   0.54273E+05   0.00000E+00   0.15981E-14
  5.422   7.292    0.00000E+00  -0.25422E+04   0.00000E+00   0.54276E+05   0.00000E+00   0.91507E-16
  5.496   7.341    0.00000E+00  -0.29353E+04   0.00000E+00   0.54489E+05   0.00000E+00   0.27570E-14
  5.570   7.391    0.00000E+00  -0.28606E+04   0.00000E+00   0.54429E+05   0.00000E+00   0.18821E-14
  5.644   7.440    0.00000E+00  -0.27617E+04   0.00000E+00   0.54365E+05   0.00000E+00   0.24739E-14
  5.719   7.489    0.00000E+00  -0.27250E+04   0.00000E+00   0.54336E+05   0.00000E+00   0.26378E-14
  5.795   7.538    0.00000E+00  -0.27089E+04   0.00000E+00   0.54319E+05   0.00000E+00  -0.41221E-15
  5.871   7.588    0.00000E+00  -0.27011E+04   0.00000E+00   0.54307E+05   0.00000E+00   0.10757E-14
  5.947   7.637    0.00000E+00  -0.26971E+04   0.00000E+00   0.54297E+05   0.00000E+00   0.14645E-14
  6.024   7.686    0.00000E+00  -0.26949E+04   0.00000E+00   0.54288E+05   0.00000E+00   0.22790E-15
  6.101   7.735    0.00000E+00  -0.26931E+04   0.00000E+00   0.54280E+05   0.00000E+00   0.94326E-15
  6.179   7.785    0.00000E+00  -0.26910E+04   0.00000E+00   0.54272E+05   0.00000E+00   0.26942E-14
  6.258   7.834    0.00000E+00  -0.26880E+04   0.00000E+00   0.54263E+05   0.00000E+00   0.24385E-14
  6.337   7.883    0.00000E+00  -0.26847E+04   0.00000E+00   0.54254E+05   0.00000E+00   0.18707E-14
  6.416   7.932    0.00000E+00  -0.26916E+04   0.00000E+00   0.54250E+05   0.00000E+00   0.20155E-14
  6.496   7.982    0.00000E+00  -0.28135E+04   0.00000E+00   0.54304E+05   0.00000E+00   0.24601E-15
  6.576   8.031    0.00000E+00  -0.30448E+04   0.00000E+00   0.54426E+05   0.00000E+00   0.16318E-14
  6.657   8.080    0.00000E+00  -0.29244E+04   0.00000E+00   0.54362E+05   0.00000E+00   0.78670E-15
  6.739   8.129    0.00000E+00  -0.28607E+04   0.00000E+00   0.54323E+05   0.00000E+00   0.18550E-14
  6.821   8.178    0.00000E+00  -0.28324E+04   0.00000E+00   0.54303E+05   0.00000E+00   0.92656E-15
  6.903   8.228    0.00000E+00  -0.28178E+04   0.00000E+00   0.54291E+05   0.00000E+00   0.32787E-14
  6.986   8.277    0.00000E+00  -0.28094E+04   0.00000E+00   0.54282E+05   0.00000E+00   0.21097E-14
  7.069   8.326    0.00000E+00  -0.28040E+04   0.00000E+00   0.54274E+05   0.00000E+00   0.83451E-15
  7.153   8.375    0.00000E+00  -0.27999E+04   0.00000E+00   0.54267E+05   0.00000E+00   0.12872E-14
  7.238   8.425    0.00000E+00  -0.27966E+04   0.00000E+00   0.54261E+05   0.00000E+00   0.39280E-14
  7.322   8.474    0.00000E+00  -0.27947E+04   0.00000E+00   0.54254E+05   0.00000E+00   0.17421E-14
  7.408   8.523    0.00000E+00  -0.27995E+04   0.00000E+00   0.54250E+05   0.00000E+00   0.15983E-14
  7.494   8.572    0.00000E+00  -0.28459E+04   0.00000E+00   0.54264E+05   0.00000E+00   0.36467E-14
  7.580   8.622    0.00000E+00  -0.30421E+04   0.00000E+00   0.54356E+05   0.00000E+00   0.18168E-14
  7.667   8.671    0.00000E+00  -0.30535E+04   0.00000E+00   0.54373E+05   0.00000E+00   0.19834E-14
  7.754   8.720    0.00000E+00  -0.29687E+04   0.00000E+00   0.54333E+05   0.00000E+00   0.35736E-14
  7.842   8.769    0.00000E+00  -0.29263E+04   0.00000E+00   0.54310E+05   0.00000E+00  -0.22280E-15
  7.930   8.819    0.00000E+00  -0.29048E+04   0.00000E+00   0.54296E+05   0.00000E+00   0.23999E-14
  8.019   8.868    0.00000E+00  -0.28926E+04   0.00000E+00   0.54287E+05   0.00000E+00   0.27828E-14
  8.109   8.917    0.00000E+00  -0.28849E+04   0.00000E+00   0.54280E+05   0.00000E+00   0.11624E-14
  8.198   8.966    0.00000E+00  -0.28798E+04   0.00000E+00   0.54275E+05   0.00000E+00   0.12284E-14
  8.289   9.016    0.00000E+00  -0.28770E+04   0.00000E+00   0.54270E+05   0.00000E+00   0.28537E-14
  8.379   9.065    0.00000E+00  -0.28786E+04   0.00000E+00   0.54267E+05   0.00000E+00   0.26501E-14
  8.471   9.114    0.00000E+00  -0.28960E+04   0.00000E+00   0.54269E+05   0.00000E+00   0.40920E-14
  8.563   9.163    0.00000E+00  -0.29767E+04   0.00000E+00   0.54298E+05   0.00000E+00   0.21485E-14
  8.655   9.213    0.00000E+00  -0.31172E+04   0.00000E+00   0.54368E+05   0.00000E+00   0.26365E-14
  8.748   9.262    0.00000E+00  -0.30746E+04   0.00000E+00   0.54360E+05   0.00000E+00   0.32869E-14
  8.841   9.311    0.00000E+00  -0.30127E+04   0.00000E+00   0.54334E+05   0.00000E+00   0.65030E-15
  8.935   9.361    0.00000E+00  -0.29796E+04   0.00000E+00   0.54318E+05   0.00000E+00   0.23237E-14
  9.029   9.410    0.00000E+00  -0.29615E+04   0.00000E+00   0.54308E+05   0.00000E+00   0.22569E-14
  9.124   9.459    0.00000E+00  -0.29509E+04   0.00000E+00   0.54301E+05   0.00000E+00   0.80903E-15
  9.219   9.508    0.00000E+00  -0.29446E+04   0.00000E+00   0.54296E+05   0.00000E+00   0.15679E-14
  9.315   9.557    0.00000E+00  -0.29421E+04   0.00000E+00   0.54293E+05   0.00000E+00  -0.36212E-16
  9.411   9.607    0.00000E+00  -0.29459E+04   0.00000E+00   0.54291E+05   0.00000E+00   0.15736E-14
  9.508   9.656    0.00000E+00  -0.29675E+04   0.00000E+00   0.54296E+05   0.00000E+00   0.29851E-14
  9.605   9.705    0.00000E+00  -0.30416E+04   0.00000E+00   0.54323E+05   0.00000E+00   0.77369E-15
  9.703   9.755    0.00000E+00  -0.31436E+04   0.00000E+00   0.54374E+05   0.00000E+00   0.20313E-14
  9.801   9.804    0.00000E+00  -0.31140E+04   0.00000E+00   0.54373E+05   0.00000E+00   0.31636E-14
  9.900   9.853    0.00000E+00  -0.30605E+04   0.00000E+00   0.54353E+05   0.00000E+00   0.20083E-14
  9.999   9.902    0.00000E+00  -0.30291E+04   0.00000E+00   0.54340E+05   0.00000E+00   0.46197E-14
 10.098   9.951    0.00000E+00  -0.30115E+04   0.00000E+00   0.54332E+05   0.00000E+00   0.30470E-14
 10.199  10.001    0.00000E+00  -0.30016E+04   0.00000E+00   0.54326E+05   0.00000E+00   0.12353E-14
