  0.000   0.000    0.00000E+00   0.00000E+00   0.00000E+00   0.00000E+00   0.00000E+00   0.00000E+00
 -1.000  -1.000    0.00000E+00   0.00000E+00   0.00000E+00   0.00000E+00   0.00000E+00   0.00000E+00
  0.004   0.200    0.00000E+00  -0.15273E-01   0.00000E+00   0.18661E-01   0.00000E+00   0.16024E-19
  0.006   0.249    0.00000E+00  -0.70935E-01   0.00000E+00   0.86416E-01   0.00000E+00  -0.93289E-19
  0.009   0.298    0.00000E+00  -0.24901E+00   0.00000E+00   0.30227E+00   0.00000E+00  -0.26565E-18
  0.012   0.348    0.00000E+00  -0.71973E+00   0.00000E+00   0.86998E+00   0.00000E+00   0.37656E-18
  0.016   0.397    0.00000E+00  -0.18032E+01   0.00000E+00   0.21690E+01   0.00000E+00   0.18565E-18
  0.020   0.446    0.00000E+00  -0.40481E+01   0.00000E+00   0.48428E+01   0.00000E+00   0.98496E-18
  0.025   0.495    0.00000E+00  -0.83313E+01   0.00000E+00   0.99062E+01   0.00000E+00   0.70494E-18
  0.030   0.545    0.00000E+00  -0.15977E+02   0.00000E+00   0.18870E+02   0.00000E+00  -0.64657E-18
  0.036   0.594    0.00000E+00  -0.28897E+02   0.00000E+00   0.33880E+02   0.00000E+00   0.72919E-18
  0.042   0.643    0.00000E+00  -0.49745E+02   0.00000E+00   0.57862E+02   0.00000E+00  -0.52027E-17
  0.049   0.693    0.00000E+00  -0.82085E+02   0.00000E+00   0.94668E+02   0.00000E+00  -0.62522E-18
  0.056   0.742    0.00000E+00  -0.13057E+03   0.00000E+00   0.14922E+03   0.00000E+00  -0.39928E-17
  0.064   0.791    0.00000E+00  -0.20112E+03   0.00000E+00   0.22764E+03   0.00000E+00   0.18537E-16
  0.072   0.840    0.00000E+00  -0.30110E+03   0.00000E+00   0.33733E+03   0.00000E+00  -0.27060E-17
  0.081   0.889    0.00000E+00  -0.43945E+03   0.00000E+00   0.48703E+03   0.00000E+00   0.92041E-17
  0.090   0.939    0.00000E+00  -0.62678E+03   0.00000E+00   0.68682E+03   0.00000E+00  -0.51222E-16
  0.100   0.988    0.00000E+00  -0.87543E+03   0.00000E+00   0.94797E+03   0.00000E+00   0.15464E-16
  0.110   1.037    0.00000E+00  -0.11994E+04   0.00000E+00   0.12828E+04   0.00000E+00  -0.29705E-16
  0.120   1.087    0.00000E+00  -0.16141E+04   0.00000E+00   0.17042E+04   0.00000E+00  -0.12299E-15
  0.132   1.136    0.00000E+00  -0.21359E+04   0.00000E+00   0.22251E+04   0.00000E+00  -0.82161E-16
  0.143   1.185    0.00000E+00  -0.27815E+04   0.00000E+00   0.28578E+04   0.00000E+00   0.28060E-16
  0.155   1.234    0.00000E+00  -0.35673E+04   0.00000E+00   0.36129E+04   0.00000E+00  -0.35793E-15
  0.168   1.284    0.00000E+00  -0.45076E+04   0.00000E+00   0.44983E+04   0.00000E+00   0.35182E-16
  0.181   1.333    0.00000E+00  -0.56137E+04   0.00000E+00   0.55175E+04   0.00000E+00  -0.13072E-15
  0.195   1.382    0.00000E+00  -0.68919E+04   0.00000E+00   0.66687E+04   0.00000E+00  -0.25025E-15
  0.209   1.431    0.00000E+00  -0.83417E+04   0.00000E+00   0.79430E+04   0.00000E+00  -0.81224E-15
  0.224   1.480    0.00000E+00  -0.99540E+04   0.00000E+00   0.93238E+04   0.00000E+00  -0.74338E-15
  0.239   1.530    0.00000E+00  -0.11710E+05   0.00000E+00   0.10786E+05   0.00000E+00  -0.53633E-15
  0.254   1.579    0.00000E+00  -0.13581E+05   0.00000E+00   0.12297E+05   0.00000E+00  -0.63950E-15
  0.270   1.628    0.00000E+00  -0.15528E+05   0.00000E+00   0.13816E+05   0.00000E+00  -0.69308E-15
  0.287   1.677    0.00000E+00  -0.17505E+05   0.00000E+00   0.15300E+05   0.00000E+00  -0.26425E-14
  0.304   1.727    0.00000E+00  -0.19461E+05   0.00000E+00   0.16704E+05   0.00000E+00  -0.34535E-14
  0.322   1.776    0.00000E+00  -0.21343E+05   0.00000E+00   0.17984E+05   0.00000E+00   0.41126E-14
  0.340   1.825    0.00000E+00  -0.23101E+05   0.00000E+00   0.19106E+05   0.00000E+00  -0.39629E-14
  0.358   1.875    0.00000E+00  -0.24693E+05   0.00000E+00   0.20040E+05   0.00000E+00  -0.45528E-14
  0.377   1.924    0.00000E+00  -0.26085E+05   0.00000E+00   0.20769E+05   0.00000E+00  -0.27951E-14
  0.397   1.973    0.00000E+00  -0.27255E+05   0.00000E+00   0.21285E+05   0.00000E+00  -0.24051E-14
  0.417   2.022    0.00000E+00  -0.28191E+05   0.00000E+00   0.21592E+05   0.00000E+00   0.12650E-14
  0.438   2.072    0.00000E+00  -0.28893E+05   0.00000E+00   0.21699E+05   0.00000E+00  -0.11151E-14
  0.459   2.121    0.00000E+00  -0.29368E+05   0.00000E+00   0.21626E+05   0.00000E+00   0.46137E-14
  0.480   2.170    0.00000E+00  -0.29631E+05   0.00000E+00   0.21392E+05   0.00000E+00  -0.60628E-14
  0.502   2.219    0.00000E+00  -0.29701E+05   0.00000E+00   0.21021E+05   0.00000E+00   0.60550E-14
  0.525   2.269    0.00000E+00  -0.29601E+05   0.00000E+00   0.20537E+05   0.00000E+00  -0.85024E-14
  0.548   2.318    0.00000E+00  -0.29352E+05   0.00000E+00   0.19964E+05   0.00000E+00   0.53288E-14
  0.571   2.367    0.00000E+00  -0.28979E+05   0.00000E+00   0.19322E+05   0.00000E+00   0.53535E-14
  0.595   2.416    0.00000E+00  -0.28503E+05   0.00000E+00   0.18630E+05   0.00000E+00  -0.92703E-14
  0.620   2.466    0.00000E+00  -0.27943E+05   0.00000E+00   0.17906E+05   0.00000E+00  -0.18062E-14
  0.645   2.515    0.00000E+00  -0.27317E+05   0.00000E+00   0.17164E+05   0.00000E+00  -0.39824E-14
  0.670   2.564    0.00000E+00  -0.26642E+05   0.00000E+00   0.16414E+05   0.00000E+00   0.91272E-14
  0.696   2.613    0.00000E+00  -0.25931E+05   0.00000E+00   0.15668E+05   0.00000E+00   0.66414E-14
  0.723   2.663    0.00000E+00  -0.25195E+05   0.00000E+00   0.14933E+05   0.00000E+00   0.60515E-14
  0.750   2.712    0.00000E+00  -0.24445E+05   0.00000E+00   0.14215E+05   0.00000E+00   0.13907E-14
  0.777   2.761    0.00000E+00  -0.23689E+05   0.00000E+00   0.13518E+05   0.00000E+00   0.17670E-14
  0.805   2.810    0.00000E+00  -0.22934E+05   0.00000E+00   0.12847E+05   0.00000E+00  -0.11934E-15
  0.834   2.860    0.00000E+00  -0.22186E+05   0.00000E+00   0.12203E+05   0.00000E+00  -0.22045E-14
  0.863   2.909    0.00000E+00  -0.21450E+05   0.00000E+00   0.11588E+05   0.00000E+00   0.14603E-14
  0.892   2.958    0.00000E+00  -0.20729E+05   0.00000E+00   0.11004E+05   0.00000E+00   0.22955E-14
  0.922   3.007    0.00000E+00  -0.20027E+05   0.00000E+00   0.10451E+05   0.00000E+00  -0.29492E-14
  0.953   3.057    0.00000E+00  -0.19347E+05   0.00000E+00   0.99289E+04   0.00000E+00  -0.10808E-14
  0.984   3.106    0.00000E+00  -0.18692E+05   0.00000E+00   0.94381E+04   0.00000E+00   0.97015E-15
  1.015   3.155    0.00000E+00  -0.18063E+05   0.00000E+00   0.89785E+04   0.00000E+00   0.10889E-14
  1.047   3.204    0.00000E+00  -0.17464E+05   0.00000E+00   0.85501E+04   0.00000E+00  -0.33967E-14
  1.079   3.254    0.00000E+00  -0.16899E+05   0.00000E+00   0.81534E+04   0.00000E+00  -0.29561E-14
  1.112   3.303    0.00000E+00  -0.16372E+05   0.00000E+00   0.77896E+04   0.00000E+00   0.37884E-14
  1.146   3.352    0.00000E+00  -0.15891E+05   0.00000E+00   0.74616E+04   0.00000E+00  -0.39976E-14
  1.180   3.401    0.00000E+00  -0.15475E+05   0.00000E+00   0.71760E+04   0.00000E+00   0.17721E-15
  1.214   3.451    0.00000E+00  -0.15157E+05   0.00000E+00   0.69485E+04   0.00000E+00   0.62077E-14
  1.249   3.500    0.00000E+00  -0.15033E+05   0.00000E+00   0.68235E+04   0.00000E+00   0.66208E-14
  1.284   3.549    0.00000E+00  -0.15474E+05   0.00000E+00   0.69774E+04   0.00000E+00   0.52165E-14
  1.320   3.598    0.00000E+00  -0.20468E+05   0.00000E+00   0.94019E+04   0.00000E+00  -0.54833E-13
  1.357   3.648    0.00000E+00  -0.75153E+04   0.00000E+00   0.32044E+04   0.00000E+00   0.23767E-13
  1.394   3.697    0.00000E+00  -0.10088E+05   0.00000E+00   0.43269E+04   0.00000E+00   0.78061E-14
  1.431   3.746    0.00000E+00  -0.10407E+05   0.00000E+00   0.44420E+04   0.00000E+00  -0.27769E-15
  1.469   3.795    0.00000E+00  -0.10350E+05   0.00000E+00   0.43902E+04   0.00000E+00   0.90561E-15
  1.507   3.845    0.00000E+00  -0.10171E+05   0.00000E+00   0.42879E+04   0.00000E+00  -0.42673E-14
  1.546   3.894    0.00000E+00  -0.99457E+04   0.00000E+00   0.41684E+04   0.00000E+00  -0.15185E-14
  1.585   3.943    0.00000E+00  -0.97013E+04   0.00000E+00   0.40444E+04   0.00000E+00   0.64837E-15
  1.625   3.992    0.00000E+00  -0.94513E+04   0.00000E+00   0.39216E+04   0.00000E+00  -0.23990E-14
  1.666   4.042    0.00000E+00  -0.92027E+04   0.00000E+00   0.38028E+04   0.00000E+00  -0.32005E-14
  1.706   4.091    0.00000E+00  -0.89591E+04   0.00000E+00   0.36892E+04   0.00000E+00   0.18437E-14
  1.748   4.140    0.00000E+00  -0.87226E+04   0.00000E+00   0.35816E+04   0.00000E+00   0.28779E-14
  1.790   4.189    0.00000E+00  -0.84943E+04   0.00000E+00   0.34801E+04   0.00000E+00  -0.82920E-15
  1.832   4.239    0.00000E+00  -0.82751E+04   0.00000E+00   0.33849E+04   0.00000E+00  -0.11783E-14
  1.875   4.288    0.00000E+00  -0.80652E+04   0.00000E+00   0.32959E+04   0.00000E+00  -0.10437E-14
  1.918   4.337    0.00000E+00  -0.78649E+04   0.00000E+00   0.32129E+04   0.00000E+00   0.27085E-15
  1.962   4.386    0.00000E+00  -0.76743E+04   0.00000E+00   0.31358E+04   0.00000E+00  -0.18317E-14
  2.006   4.436    0.00000E+00  -0.74936E+04   0.00000E+00   0.30647E+04   0.00000E+00  -0.11477E-14
  2.051   4.485    0.00000E+00  -0.73234E+04   0.00000E+00   0.29996E+04   0.00000E+00  -0.77246E-15
  2.096   4.534    0.00000E+00  -0.71644E+04   0.00000E+00   0.29409E+04   0.00000E+00  -0.75837E-15
  2.142   4.583    0.00000E+00  -0.70186E+04   0.00000E+00   0.28896E+04   0.00000E+00   0.41795E-15
  2.188   4.633    0.00000E+00  -0.68899E+04   0.00000E+00   0.28481E+04   0.00000E+00   0.39199E-15
  2.235   4.682    0.00000E+00  -0.67867E+04   0.00000E+00   0.28220E+04   0.00000E+00   0.66181E-15
  2.282   4.731    0.00000E+00  -0.67187E+04   0.00000E+00   0.28255E+04   0.00000E+00   0.22043E-14
  2.330   4.780    0.00000E+00  -0.51005E+04   0.00000E+00   0.23303E+04   0.00000E+00   0.61163E-14
  2.378   4.830    0.00000E+00  -0.49661E+04   0.00000E+00   0.20077E+04   0.00000E+00  -0.91646E-14
  2.427   4.879    0.00000E+00  -0.56138E+04   0.00000E+00   0.23162E+04   0.00000E+00   0.25307E-15
  2.476   4.928    0.00000E+00  -0.56590E+04   0.00000E+00   0.23558E+04   0.00000E+00  -0.39473E-14
  2.526   4.977    0.00000E+00  -0.56099E+04   0.00000E+00   0.23512E+04   0.00000E+00  -0.24022E-14
  2.576   5.027    0.00000E+00  -0.55319E+04   0.00000E+00   0.23326E+04   0.00000E+00   0.13830E-14
  2.627   5.076    0.00000E+00  -0.54429E+04   0.00000E+00   0.23084E+04   0.00000E+00   0.12239E-15
  2.678   5.125    0.00000E+00  -0.53493E+04   0.00000E+00   0.22816E+04   0.00000E+00  -0.72479E-16
  2.730   5.174    0.00000E+00  -0.52539E+04   0.00000E+00   0.22535E+04   0.00000E+00   0.46654E-15
  2.782   5.224    0.00000E+00  -0.51581E+04   0.00000E+00   0.22248E+04   0.00000E+00   0.63142E-15
  2.835   5.273    0.00000E+00  -0.50623E+04   0.00000E+00   0.21955E+04   0.00000E+00  -0.16003E-14
  2.888   5.322    0.00000E+00  -0.49666E+04   0.00000E+00   0.21656E+04   0.00000E+00  -0.20390E-14
  2.942   5.371    0.00000E+00  -0.48708E+04   0.00000E+00   0.21350E+04   0.00000E+00  -0.46970E-15
  2.996   5.421    0.00000E+00  -0.47740E+04   0.00000E+00   0.21030E+04   0.00000E+00   0.97958E-15
  3.051   5.470    0.00000E+00  -0.46750E+04   0.00000E+00   0.20688E+04   0.00000E+00  -0.22262E-15
  3.106   5.519    0.00000E+00  -0.45711E+04   0.00000E+00   0.20308E+04   0.00000E+00   0.25872E-16
  3.162   5.568    0.00000E+00  -0.44567E+04   0.00000E+00   0.19855E+04   0.00000E+00   0.17208E-14
  3.218   5.618    0.00000E+00  -0.43177E+04   0.00000E+00   0.19245E+04   0.00000E+00   0.18320E-16
  3.275   5.667    0.00000E+00  -0.41059E+04   0.00000E+00   0.18201E+04   0.00000E+00   0.19420E-14
  3.332   5.716    0.00000E+00  -0.35374E+04   0.00000E+00   0.15183E+04   0.00000E+00   0.18617E-14
  3.389   5.765    0.00000E+00   0.40625E+03   0.00000E+00  -0.27909E+03   0.00000E+00   0.89512E-15
  3.447   5.815    0.00000E+00  -0.40715E+04   0.00000E+00   0.19957E+04   0.00000E+00  -0.25161E-14
  3.506   5.864    0.00000E+00  -0.41878E+04   0.00000E+00   0.20147E+04   0.00000E+00  -0.45424E-15
  3.565   5.913    0.00000E+00  -0.41178E+04   0.00000E+00   0.19738E+04   0.00000E+00  -0.29205E-14
  3.625   5.962    0.00000E+00  -0.40330E+04   0.00000E+00   0.19339E+04   0.00000E+00   0.23309E-15
  3.685   6.012    0.00000E+00  -0.39474E+04   0.00000E+00   0.18964E+04   0.00000E+00  -0.57685E-15
  3.746   6.061    0.00000E+00  -0.38626E+04   0.00000E+00   0.18604E+04   0.00000E+00   0.12698E-14
  3.807   6.110    0.00000E+00  -0.37781E+04   0.00000E+00   0.18246E+04   0.00000E+00   0.18075E-14
  3.868   6.159    0.00000E+00  -0.36928E+04   0.00000E+00   0.17882E+04   0.00000E+00   0.11117E-14
  3.931   6.209    0.00000E+00  -0.36055E+04   0.00000E+00   0.17500E+04   0.00000E+00   0.91343E-15
  3.993   6.258    0.00000E+00  -0.35142E+04   0.00000E+00   0.17089E+04   0.00000E+00   0.57370E-15
  4.056   6.307    0.00000E+00  -0.34159E+04   0.00000E+00   0.16628E+04   0.00000E+00   0.79105E-15
  4.120   6.356    0.00000E+00  -0.33052E+04   0.00000E+00   0.16083E+04   0.00000E+00   0.15884E-14
  4.184   6.406    0.00000E+00  -0.31705E+04   0.00000E+00   0.15383E+04   0.00000E+00   0.17587E-15
  4.249   6.455    0.00000E+00  -0.29836E+04   0.00000E+00   0.14355E+04   0.00000E+00   0.13371E-14
  4.314   6.504    0.00000E+00  -0.26528E+04   0.00000E+00   0.12458E+04   0.00000E+00   0.96310E-15
  4.379   6.553    0.00000E+00  -0.17121E+04   0.00000E+00   0.70826E+03   0.00000E+00   0.38257E-14
  4.445   6.603    0.00000E+00  -0.16270E+03   0.00000E+00   0.10554E+03   0.00000E+00   0.62250E-14
  4.512   6.652    0.00000E+00  -0.32684E+04   0.00000E+00   0.17963E+04   0.00000E+00  -0.44914E-14
  4.579   6.701    0.00000E+00  -0.33177E+04   0.00000E+00   0.17734E+04   0.00000E+00  -0.15658E-14
  4.646   6.750    0.00000E+00  -0.32125E+04   0.00000E+00   0.17000E+04   0.00000E+00   0.83194E-15
  4.714   6.800    0.00000E+00  -0.31060E+04   0.00000E+00   0.16365E+04   0.00000E+00   0.12218E-14
  4.783   6.849    0.00000E+00  -0.30056E+04   0.00000E+00   0.15805E+04   0.00000E+00   0.68503E-15
  4.852   6.898    0.00000E+00  -0.29086E+04   0.00000E+00   0.15284E+04   0.00000E+00   0.91884E-15
  4.922   6.947    0.00000E+00  -0.28117E+04   0.00000E+00   0.14772E+04   0.00000E+00  -0.22006E-15
  4.992   6.997    0.00000E+00  -0.27111E+04   0.00000E+00   0.14244E+04   0.00000E+00   0.10490E-14
  5.062   7.046    0.00000E+00  -0.26019E+04   0.00000E+00   0.13669E+04   0.00000E+00   0.16622E-14
  5.133   7.095    0.00000E+00  -0.24762E+04   0.00000E+00   0.13000E+04   0.00000E+00   0.16835E-14
  5.205   7.144    0.00000E+00  -0.23183E+04   0.00000E+00   0.12147E+04   0.00000E+00   0.21491E-14
  5.277   7.194    0.00000E+00  -0.20914E+04   0.00000E+00   0.10902E+04   0.00000E+00   0.21616E-14
  5.349   7.243    0.00000E+00  -0.16844E+04   0.00000E+00   0.86421E+03   0.00000E+00   0.18378E-14
  5.422   7.292    0.00000E+00  -0.66619E+03   0.00000E+00   0.30103E+03   0.00000E+00   0.20667E-14
  5.496   7.341    0.00000E+00  -0.18418E+03   0.00000E+00   0.10753E+03   0.00000E+00   0.10685E-14
  5.570   7.391    0.00000E+00  -0.25985E+04   0.00000E+00   0.14478E+04   0.00000E+00  -0.12581E-14
  5.644   7.440    0.00000E+00  -0.26909E+04   0.00000E+00   0.14847E+04   0.00000E+00  -0.47488E-15
  5.719   7.489    0.00000E+00  -0.25774E+04   0.00000E+00   0.14181E+04   0.00000E+00   0.49167E-15
  5.795   7.538    0.00000E+00  -0.24567E+04   0.00000E+00   0.13516E+04   0.00000E+00   0.86741E-15
  5.871   7.588    0.00000E+00  -0.23416E+04   0.00000E+00   0.12901E+04   0.00000E+00   0.61052E-15
  5.947   7.637    0.00000E+00  -0.22284E+04   0.00000E+00   0.12309E+04   0.00000E+00   0.84956E-15
  6.024   7.686    0.00000E+00  -0.21113E+04   0.00000E+00   0.11705E+04   0.00000E+00   0.33347E-15
  6.101   7.735    0.00000E+00  -0.19825E+04   0.00000E+00   0.11046E+04   0.00000E+00   0.47946E-15
  6.179   7.785    0.00000E+00  -0.18294E+04   0.00000E+00   0.10267E+04   0.00000E+00   0.40344E-15
  6.258   7.834    0.00000E+00  -0.16271E+04   0.00000E+00   0.92368E+03   0.00000E+00   0.83457E-15
  6.337   7.883    0.00000E+00  -0.13161E+04   0.00000E+00   0.76404E+03   0.00000E+00   0.21562E-15
  6.416   7.932    0.00000E+00  -0.72664E+03   0.00000E+00   0.45597E+03   0.00000E+00   0.21664E-15
  6.496   7.982    0.00000E+00   0.36912E+03   0.00000E+00  -0.14694E+03   0.00000E+00   0.17429E-14
  6.576   8.031    0.00000E+00  -0.12227E+04   0.00000E+00   0.63259E+03   0.00000E+00  -0.90294E-15
  6.657   8.080    0.00000E+00  -0.22059E+04   0.00000E+00   0.11832E+04   0.00000E+00  -0.18215E-14
  6.739   8.129    0.00000E+00  -0.21833E+04   0.00000E+00   0.11919E+04   0.00000E+00  -0.29128E-15
  6.821   8.178    0.00000E+00  -0.20582E+04   0.00000E+00   0.11381E+04   0.00000E+00  -0.16143E-14
  6.903   8.228    0.00000E+00  -0.19271E+04   0.00000E+00   0.10782E+04   0.00000E+00  -0.10302E-14
  6.986   8.277    0.00000E+00  -0.17962E+04   0.00000E+00   0.10175E+04   0.00000E+00  -0.55363E-15
  7.069   8.326    0.00000E+00  -0.16593E+04   0.00000E+00   0.95380E+03   0.00000E+00  -0.19370E-15
  7.153   8.375    0.00000E+00  -0.15056E+04   0.00000E+00   0.88227E+03   0.00000E+00  -0.83956E-15
  7.238   8.425    0.00000E+00  -0.13168E+04   0.00000E+00   0.79405E+03   0.00000E+00  -0.13146E-15
  7.322   8.474    0.00000E+00  -0.10558E+04   0.00000E+00   0.67072E+03   0.00000E+00   0.19544E-15
  7.408   8.523    0.00000E+00  -0.63784E+03   0.00000E+00   0.46768E+03   0.00000E+00   0.48336E-15
  7.494   8.572    0.00000E+00   0.88980E+02   0.00000E+00   0.89422E+02   0.00000E+00  -0.45294E-15
  7.580   8.622    0.00000E+00   0.16551E+03   0.00000E+00  -0.68621E+02   0.00000E+00   0.82881E-15
  7.667   8.671    0.00000E+00  -0.15365E+04   0.00000E+00   0.75074E+03   0.00000E+00  -0.44430E-15
  7.754   8.720    0.00000E+00  -0.18580E+04   0.00000E+00   0.96368E+03   0.00000E+00  -0.94545E-15
  7.842   8.769    0.00000E+00  -0.17743E+04   0.00000E+00   0.95418E+03   0.00000E+00  -0.16628E-14
  7.930   8.819    0.00000E+00  -0.16364E+04   0.00000E+00   0.90583E+03   0.00000E+00  -0.17953E-14
  8.019   8.868    0.00000E+00  -0.14897E+04   0.00000E+00   0.84807E+03   0.00000E+00  -0.88923E-15
  8.109   8.917    0.00000E+00  -0.13336E+04   0.00000E+00   0.78378E+03   0.00000E+00  -0.38748E-15
  8.198   8.966    0.00000E+00  -0.11563E+04   0.00000E+00   0.70878E+03   0.00000E+00  -0.94643E-15
  8.289   9.016    0.00000E+00  -0.93567E+03   0.00000E+00   0.61312E+03   0.00000E+00  -0.26848E-15
  8.379   9.065    0.00000E+00  -0.62875E+03   0.00000E+00   0.47545E+03   0.00000E+00  -0.23239E-15
  8.471   9.114    0.00000E+00  -0.15736E+03   0.00000E+00   0.25045E+03   0.00000E+00  -0.12008E-14
  8.563   9.163    0.00000E+00   0.41647E+03   0.00000E+00  -0.76881E+02   0.00000E+00  -0.12614E-14
  8.655   9.213    0.00000E+00  -0.30161E+03   0.00000E+00   0.12146E+03   0.00000E+00  -0.19757E-14
  8.748   9.262    0.00000E+00  -0.14175E+04   0.00000E+00   0.66292E+03   0.00000E+00  -0.11313E-14
  8.841   9.311    0.00000E+00  -0.15621E+04   0.00000E+00   0.78680E+03   0.00000E+00  -0.17644E-14
  8.935   9.361    0.00000E+00  -0.14562E+04   0.00000E+00   0.77302E+03   0.00000E+00  -0.84237E-15
  9.029   9.410    0.00000E+00  -0.13039E+04   0.00000E+00   0.72550E+03   0.00000E+00   0.12702E-15
  9.124   9.459    0.00000E+00  -0.11351E+04   0.00000E+00   0.66457E+03   0.00000E+00  -0.32159E-15
  9.219   9.508    0.00000E+00  -0.94416E+03   0.00000E+00   0.59076E+03   0.00000E+00  -0.10490E-14
  9.315   9.557    0.00000E+00  -0.71163E+03   0.00000E+00   0.49614E+03   0.00000E+00  -0.97852E-15
  9.411   9.607    0.00000E+00  -0.40177E+03   0.00000E+00   0.36281E+03   0.00000E+00  -0.60492E-15
  9.508   9.656    0.00000E+00   0.30869E+02   0.00000E+00   0.15939E+03   0.00000E+00  -0.12995E-14
  9.605   9.705    0.00000E+00   0.43185E+03   0.00000E+00  -0.86334E+02   0.00000E+00  -0.19996E-14
  9.703   9.755    0.00000E+00  -0.22200E+03   0.00000E+00   0.82880E+02   0.00000E+00  -0.10466E-15
  9.801   9.804    0.00000E+00  -0.11647E+04   0.00000E+00   0.51413E+03   0.00000E+00  -0.96367E-15
  9.900   9.853    0.00000E+00  -0.13308E+04   0.00000E+00   0.64412E+03   0.00000E+00  -0.85744E-16
  9.999   9.902    0.00000E+00  -0.12314E+04   0.00000E+00   0.63925E+03   0.00000E+00  -0.29258E-15
 10.098   9.951    0.00000E+00  -0.10689E+04   0.00000E+00   0.59348E+03   0.00000E+00  -0.70954E-15
 10.199  10.001    0.00000E+00  -0.87932E+03   0.00000E+00   0.52879E+03   0.00000E+00  -0.22901E-15
