  0.000   0.000    0.00000E+00   0.00000E+00   0.00000E+00   0.00000E+00   0.00000E+00   0.00000E+00
 -1.000  -1.000    0.00000E+00   0.00000E+00   0.00000E+00   0.00000E+00   0.00000E+00   0.00000E+00
  0.004   0.200   -0.47627E-14   0.00000E+00   0.32360E+03   0.00000E+00  -0.40514E-13   0.00000E+00
  0.006   0.249   -0.32634E-13   0.00000E+00   0.61531E+03   0.00000E+00  -0.33958E-14   0.00000E+00
  0.009   0.298   -0.39385E-13   0.00000E+00   0.10339E+04   0.00000E+00   0.19446E-12   0.00000E+00
  0.012   0.348   -0.63475E-13   0.00000E+00   0.15926E+04   0.00000E+00  -0.14738E-12   0.00000E+00
  0.016   0.397   -0.20146E-12   0.00000E+00   0.22988E+04   0.00000E+00  -0.30735E-12   0.00000E+00
  0.020   0.446    0.49525E-13   0.00000E+00   0.31538E+04   0.00000E+00   0.29037E-12   0.00000E+00
  0.025   0.495    0.36927E-12   0.00000E+00   0.41529E+04   0.00000E+00  -0.25968E-12   0.00000E+00
  0.030   0.545    0.25317E-12   0.00000E+00   0.52857E+04   0.00000E+00  -0.17927E-12   0.00000E+00
  0.036   0.594   -0.23267E-13   0.00000E+00   0.65368E+04   0.00000E+00   0.13122E-13   0.00000E+00
  0.042   0.643   -0.20601E-12   0.00000E+00   0.78864E+04   0.00000E+00   0.33987E-12   0.00000E+00
  0.049   0.693   -0.82854E-12   0.00000E+00   0.93115E+04   0.00000E+00   0.27741E-12   0.00000E+00
  0.056   0.742   -0.11769E-11   0.00000E+00   0.10787E+05   0.00000E+00  -0.28395E-12   0.00000E+00
  0.064   0.791   -0.40458E-14   0.00000E+00   0.12287E+05   0.00000E+00  -0.92572E-12   0.00000E+00
  0.072   0.840    0.24925E-12   0.00000E+00   0.13784E+05   0.00000E+00  -0.17655E-11   0.00000E+00
  0.081   0.889   -0.13016E-11   0.00000E+00   0.15254E+05   0.00000E+00  -0.17701E-11   0.00000E+00
  0.090   0.939    0.44572E-12   0.00000E+00   0.16673E+05   0.00000E+00  -0.32082E-11   0.00000E+00
  0.100   0.988    0.25519E-11   0.00000E+00   0.18018E+05   0.00000E+00  -0.55970E-11   0.00000E+00
  0.110   1.037   -0.21635E-11   0.00000E+00   0.19270E+05   0.00000E+00  -0.15672E-11   0.00000E+00
  0.120   1.087   -0.74631E-13   0.00000E+00   0.20413E+05   0.00000E+00  -0.12125E-11   0.00000E+00
  0.132   1.136    0.22943E-12   0.00000E+00   0.21433E+05   0.00000E+00  -0.59032E-11   0.00000E+00
  0.143   1.185    0.23211E-11   0.00000E+00   0.22321E+05   0.00000E+00  -0.92396E-12   0.00000E+00
  0.155   1.234    0.62863E-11   0.00000E+00   0.23069E+05   0.00000E+00   0.49978E-11   0.00000E+00
  0.168   1.284    0.26101E-11   0.00000E+00   0.23673E+05   0.00000E+00   0.18831E-12   0.00000E+00
  0.181   1.333   -0.52924E-11   0.00000E+00   0.24130E+05   0.00000E+00  -0.14313E-11   0.00000E+00
  0.195   1.382    0.15269E-11   0.00000E+00   0.24442E+05   0.00000E+00  -0.34086E-11   0.00000E+00
  0.209   1.431   -0.20448E-11   0.00000E+00   0.24611E+05   0.00000E+00  -0.11255E-10   0.00000E+00
  0.224   1.480    0.10109E-11   0.00000E+00   0.24640E+05   0.00000E+00   0.58721E-11   0.00000E+00
  0.239   1.530    0.81621E-11   0.00000E+00   0.24536E+05   0.00000E+00  -0.11816E-10   0.00000E+00
  0.254   1.579    0.12821E-11   0.00000E+00   0.24307E+05   0.00000E+00   0.14017E-11   0.00000E+00
  0.270   1.628    0.12093E-10   0.00000E+00   0.23960E+05   0.00000E+00   0.25823E-10   0.00000E+00
  0.287   1.677    0.64310E-11   0.00000E+00   0.23506E+05   0.00000E+00  -0.91109E-11   0.00000E+00
  0.304   1.727    0.51857E-11   0.00000E+00   0.22954E+05   0.00000E+00  -0.21962E-11   0.00000E+00
  0.322   1.776    0.18521E-10   0.00000E+00   0.22317E+05   0.00000E+00  -0.14212E-10   0.00000E+00
  0.340   1.825    0.95264E-11   0.00000E+00   0.21606E+05   0.00000E+00   0.81650E-11   0.00000E+00
  0.358   1.875   -0.87705E-11   0.00000E+00   0.20832E+05   0.00000E+00  -0.92169E-11   0.00000E+00
  0.377   1.924    0.14103E-10   0.00000E+00   0.20007E+05   0.00000E+00   0.68696E-11   0.00000E+00
  0.397   1.973   -0.39743E-11   0.00000E+00   0.19142E+05   0.00000E+00   0.25585E-12   0.00000E+00
  0.417   2.022    0.66144E-11   0.00000E+00   0.18248E+05   0.00000E+00   0.44059E-12   0.00000E+00
  0.438   2.072   -0.43925E-10   0.00000E+00   0.17335E+05   0.00000E+00   0.11178E-11   0.00000E+00
  0.459   2.121   -0.17729E-10   0.00000E+00   0.16412E+05   0.00000E+00  -0.78807E-11   0.00000E+00
  0.480   2.170   -0.18979E-10   0.00000E+00   0.15488E+05   0.00000E+00  -0.10867E-10   0.00000E+00
  0.502   2.219   -0.77385E-11   0.00000E+00   0.14569E+05   0.00000E+00  -0.71084E-11   0.00000E+00
  0.525   2.269   -0.83519E-11   0.00000E+00   0.13663E+05   0.00000E+00  -0.33865E-10   0.00000E+00
  0.548   2.318   -0.11078E-10   0.00000E+00   0.12775E+05   0.00000E+00  -0.24387E-10   0.00000E+00
  0.571   2.367    0.13393E-11   0.00000E+00   0.11911E+05   0.00000E+00  -0.31608E-10   0.00000E+00
  0.595   2.416   -0.10890E-10   0.00000E+00   0.11074E+05   0.00000E+00  -0.22723E-11   0.00000E+00
  0.620   2.466   -0.17054E-10   0.00000E+00   0.10269E+05   0.00000E+00   0.52758E-11   0.00000E+00
  0.645   2.515   -0.68995E-11   0.00000E+00   0.94974E+04   0.00000E+00   0.99170E-11   0.00000E+00
  0.670   2.564   -0.21126E-10   0.00000E+00   0.87627E+04   0.00000E+00   0.10521E-10   0.00000E+00
  0.696   2.613   -0.40917E-11   0.00000E+00   0.80665E+04   0.00000E+00  -0.49350E-11   0.00000E+00
  0.723   2.663   -0.18071E-11   0.00000E+00   0.74102E+04   0.00000E+00   0.54880E-11   0.00000E+00
  0.750   2.712   -0.20993E-10   0.00000E+00   0.67949E+04   0.00000E+00   0.13907E-10   0.00000E+00
  0.777   2.761   -0.29802E-10   0.00000E+00   0.62219E+04   0.00000E+00   0.33426E-10   0.00000E+00
  0.805   2.810    0.11288E-11   0.00000E+00   0.56926E+04   0.00000E+00   0.23929E-10   0.00000E+00
  0.834   2.860   -0.80342E-11   0.00000E+00   0.52100E+04   0.00000E+00   0.99743E-11   0.00000E+00
  0.863   2.909   -0.11330E-12   0.00000E+00   0.47810E+04   0.00000E+00  -0.16300E-10   0.00000E+00
  0.892   2.958   -0.11698E-10   0.00000E+00   0.44264E+04   0.00000E+00   0.65118E-10   0.00000E+00
  0.922   3.007   -0.16916E-10   0.00000E+00   0.42322E+04   0.00000E+00  -0.42274E-10   0.00000E+00
  0.953   3.057    0.20414E-10   0.00000E+00   0.53263E+04   0.00000E+00   0.15014E-10   0.00000E+00
  0.984   3.106   -0.81568E-11   0.00000E+00   0.20975E+04   0.00000E+00   0.15406E-10   0.00000E+00
  1.015   3.155    0.57191E-11   0.00000E+00   0.23417E+04   0.00000E+00  -0.10724E-10   0.00000E+00
  1.047   3.204    0.66898E-11   0.00000E+00   0.22003E+04   0.00000E+00  -0.11958E-10   0.00000E+00
  1.079   3.254   -0.12142E-11   0.00000E+00   0.20075E+04   0.00000E+00  -0.17678E-10   0.00000E+00
  1.112   3.303    0.33250E-11   0.00000E+00   0.18108E+04   0.00000E+00  -0.14481E-10   0.00000E+00
  1.146   3.352    0.20959E-11   0.00000E+00   0.16233E+04   0.00000E+00  -0.11203E-10   0.00000E+00
  1.180   3.401    0.33107E-11   0.00000E+00   0.14491E+04   0.00000E+00  -0.78493E-11   0.00000E+00
  1.214   3.451   -0.83724E-11   0.00000E+00   0.12894E+04   0.00000E+00  -0.57443E-11   0.00000E+00
  1.249   3.500   -0.66095E-11   0.00000E+00   0.11443E+04   0.00000E+00  -0.97064E-11   0.00000E+00
  1.284   3.549   -0.92900E-11   0.00000E+00   0.10130E+04   0.00000E+00   0.30147E-11   0.00000E+00
  1.320   3.598    0.88288E-12   0.00000E+00   0.89486E+03   0.00000E+00  -0.14653E-11   0.00000E+00
  1.357   3.648   -0.26549E-11   0.00000E+00   0.78890E+03   0.00000E+00  -0.41237E-11   0.00000E+00
  1.394   3.697   -0.27152E-11   0.00000E+00   0.69419E+03   0.00000E+00  -0.37795E-11   0.00000E+00
  1.431   3.746   -0.58061E-11   0.00000E+00   0.60979E+03   0.00000E+00  -0.86834E-12   0.00000E+00
  1.469   3.795   -0.29855E-11   0.00000E+00   0.53479E+03   0.00000E+00  -0.14691E-11   0.00000E+00
  1.507   3.845   -0.56278E-11   0.00000E+00   0.46835E+03   0.00000E+00  -0.48513E-12   0.00000E+00
  1.546   3.894   -0.13192E-11   0.00000E+00   0.40970E+03   0.00000E+00  -0.65964E-12   0.00000E+00
  1.585   3.943   -0.65317E-11   0.00000E+00   0.35811E+03   0.00000E+00  -0.37325E-12   0.00000E+00
  1.625   3.992   -0.55525E-11   0.00000E+00   0.31299E+03   0.00000E+00  -0.18958E-11   0.00000E+00
  1.666   4.042   -0.69173E-11   0.00000E+00   0.27384E+03   0.00000E+00  -0.91685E-12   0.00000E+00
  1.706   4.091   -0.60673E-11   0.00000E+00   0.24038E+03   0.00000E+00   0.48040E-12   0.00000E+00
  1.748   4.140   -0.14689E-11   0.00000E+00   0.21276E+03   0.00000E+00   0.19267E-11   0.00000E+00
  1.790   4.189    0.38004E-13   0.00000E+00   0.19232E+03   0.00000E+00   0.12359E-11   0.00000E+00
  1.832   4.239    0.53803E-11   0.00000E+00   0.17409E+03   0.00000E+00   0.15067E-10   0.00000E+00
  1.875   4.288   -0.41792E-11   0.00000E+00  -0.20946E+02   0.00000E+00   0.31735E-11   0.00000E+00
  1.918   4.337   -0.28849E-12   0.00000E+00   0.73423E+02   0.00000E+00  -0.46469E-11   0.00000E+00
  1.962   4.386   -0.20541E-11   0.00000E+00   0.73692E+02   0.00000E+00  -0.44097E-11   0.00000E+00
  2.006   4.436   -0.13453E-11   0.00000E+00   0.66304E+02   0.00000E+00  -0.31226E-11   0.00000E+00
  2.051   4.485   -0.11641E-11   0.00000E+00   0.57873E+02   0.00000E+00  -0.16245E-11   0.00000E+00
  2.096   4.534   -0.13809E-11   0.00000E+00   0.49823E+02   0.00000E+00  -0.19350E-11   0.00000E+00
  2.142   4.583   -0.21651E-11   0.00000E+00   0.42540E+02   0.00000E+00  -0.19756E-11   0.00000E+00
  2.188   4.633   -0.10198E-11   0.00000E+00   0.36106E+02   0.00000E+00  -0.14075E-11   0.00000E+00
  2.235   4.682   -0.12480E-11   0.00000E+00   0.30492E+02   0.00000E+00  -0.92354E-12   0.00000E+00
  2.282   4.731   -0.29775E-11   0.00000E+00   0.25633E+02   0.00000E+00  -0.11364E-11   0.00000E+00
  2.330   4.780   -0.54452E-12   0.00000E+00   0.21446E+02   0.00000E+00  -0.21276E-12   0.00000E+00
  2.378   4.830   -0.18835E-11   0.00000E+00   0.17849E+02   0.00000E+00  -0.62824E-12   0.00000E+00
  2.427   4.879   -0.19254E-11   0.00000E+00   0.14763E+02   0.00000E+00  -0.35484E-12   0.00000E+00
  2.476   4.928   -0.12964E-11   0.00000E+00   0.12109E+02   0.00000E+00  -0.75862E-12   0.00000E+00
  2.526   4.977   -0.17734E-11   0.00000E+00   0.98153E+01   0.00000E+00  -0.41079E-12   0.00000E+00
  2.576   5.027   -0.10352E-11   0.00000E+00   0.78035E+01   0.00000E+00  -0.63685E-12   0.00000E+00
  2.627   5.076   -0.11226E-11   0.00000E+00   0.59832E+01   0.00000E+00  -0.44861E-12   0.00000E+00
  2.678   5.125   -0.10607E-11   0.00000E+00   0.42165E+01   0.00000E+00  -0.33654E-12   0.00000E+00
  2.730   5.174   -0.14862E-11   0.00000E+00   0.22037E+01   0.00000E+00  -0.21455E-12   0.00000E+00
  2.782   5.224   -0.17338E-11   0.00000E+00  -0.10862E+01   0.00000E+00   0.69257E-13   0.00000E+00
  2.835   5.273   -0.13236E-11   0.00000E+00  -0.13040E+02   0.00000E+00   0.98655E-12   0.00000E+00
  2.888   5.322   -0.21934E-12   0.00000E+00  -0.17791E+03   0.00000E+00   0.11036E-10   0.00000E+00
  2.942   5.371   -0.57017E-12   0.00000E+00  -0.46992E+01   0.00000E+00  -0.59056E-12   0.00000E+00
  2.996   5.421   -0.47108E-12   0.00000E+00   0.65923E+00   0.00000E+00  -0.75309E-12   0.00000E+00
  3.051   5.470   -0.12588E-11   0.00000E+00   0.12194E+01   0.00000E+00  -0.57924E-12   0.00000E+00
  3.106   5.519   -0.12548E-11   0.00000E+00   0.11593E+01   0.00000E+00  -0.60559E-12   0.00000E+00
  3.162   5.568   -0.10757E-11   0.00000E+00   0.97994E+00   0.00000E+00  -0.35837E-12   0.00000E+00
  3.218   5.618   -0.98159E-12   0.00000E+00   0.78758E+00   0.00000E+00  -0.46194E-12   0.00000E+00
  3.275   5.667   -0.91706E-12   0.00000E+00   0.60955E+00   0.00000E+00  -0.29671E-12   0.00000E+00
  3.332   5.716   -0.87152E-12   0.00000E+00   0.45173E+00   0.00000E+00  -0.31371E-12   0.00000E+00
  3.389   5.765   -0.11593E-12   0.00000E+00   0.31300E+00   0.00000E+00  -0.45758E-14   0.00000E+00
  3.447   5.815   -0.79981E-12   0.00000E+00   0.18953E+00   0.00000E+00  -0.42232E-12   0.00000E+00
  3.506   5.864   -0.10587E-11   0.00000E+00   0.75708E-01   0.00000E+00  -0.35173E-12   0.00000E+00
  3.565   5.913   -0.92829E-12   0.00000E+00  -0.36714E-01   0.00000E+00  -0.31908E-12   0.00000E+00
  3.625   5.962   -0.84212E-12   0.00000E+00  -0.16187E+00   0.00000E+00  -0.34922E-12   0.00000E+00
  3.685   6.012   -0.77557E-12   0.00000E+00  -0.32988E+00   0.00000E+00  -0.34755E-12   0.00000E+00
  3.746   6.061   -0.71844E-12   0.00000E+00  -0.62331E+00   0.00000E+00  -0.25617E-12   0.00000E+00
  3.807   6.110   -0.82208E-12   0.00000E+00  -0.13586E+01   0.00000E+00  -0.21612E-12   0.00000E+00
  3.868   6.159   -0.71168E-12   0.00000E+00  -0.47172E+01   0.00000E+00  -0.11651E-12   0.00000E+00
  3.931   6.209   -0.52529E-12   0.00000E+00  -0.32808E+02   0.00000E+00   0.12653E-11   0.00000E+00
  3.993   6.258   -0.54355E-12   0.00000E+00  -0.46247E+01   0.00000E+00   0.52849E-13   0.00000E+00
  4.056   6.307   -0.31270E-12   0.00000E+00  -0.13737E+01   0.00000E+00   0.18286E-12   0.00000E+00
  4.120   6.356   -0.33188E-12   0.00000E+00  -0.68060E+00   0.00000E+00  -0.47567E-12   0.00000E+00
  4.184   6.406   -0.43463E-12   0.00000E+00  -0.42053E+00   0.00000E+00  -0.23009E-12   0.00000E+00
  4.249   6.455   -0.47221E-12   0.00000E+00  -0.28406E+00   0.00000E+00  -0.28304E-12   0.00000E+00
  4.314   6.504   -0.30445E-12   0.00000E+00  -0.19040E+00   0.00000E+00  -0.10885E-12   0.00000E+00
  4.379   6.553   -0.23266E-12   0.00000E+00  -0.10981E+00   0.00000E+00  -0.10151E-12   0.00000E+00
  4.445   6.603    0.48206E-14   0.00000E+00  -0.27643E-01   0.00000E+00  -0.80550E-13   0.00000E+00
  4.512   6.652   -0.35444E-12   0.00000E+00   0.66265E-01   0.00000E+00  -0.25749E-12   0.00000E+00
  4.579   6.701   -0.31093E-12   0.00000E+00   0.18207E+00   0.00000E+00  -0.23473E-12   0.00000E+00
  4.646   6.750   -0.36160E-12   0.00000E+00   0.33357E+00   0.00000E+00  -0.10486E-12   0.00000E+00
  4.714   6.800   -0.25816E-12   0.00000E+00   0.54369E+00   0.00000E+00  -0.17865E-12   0.00000E+00
  4.783   6.849   -0.34424E-12   0.00000E+00   0.85546E+00   0.00000E+00  -0.32118E-12   0.00000E+00
  4.852   6.898   -0.34627E-12   0.00000E+00   0.13430E+01   0.00000E+00  -0.18500E-12   0.00000E+00
  4.922   6.947   -0.28578E-12   0.00000E+00   0.16492E+01   0.00000E+00  -0.16999E-12   0.00000E+00
  4.992   6.997   -0.41409E-12   0.00000E+00  -0.61663E+01   0.00000E+00   0.18735E-12   0.00000E+00
  5.062   7.046   -0.15497E-12   0.00000E+00  -0.36232E+01   0.00000E+00  -0.10255E-13   0.00000E+00
  5.133   7.095   -0.16705E-12   0.00000E+00  -0.20394E+01   0.00000E+00  -0.33613E-13   0.00000E+00
  5.205   7.144   -0.22873E-12   0.00000E+00  -0.13227E+01   0.00000E+00  -0.91782E-13   0.00000E+00
  5.277   7.194   -0.24481E-12   0.00000E+00  -0.88598E+00   0.00000E+00  -0.63449E-13   0.00000E+00
  5.349   7.243   -0.87569E-13   0.00000E+00  -0.55928E+00   0.00000E+00  -0.88795E-13   0.00000E+00
  5.422   7.292   -0.63141E-13   0.00000E+00  -0.27630E+00   0.00000E+00  -0.63094E-15   0.00000E+00
  5.496   7.341   -0.28200E-13   0.00000E+00  -0.24079E-02   0.00000E+00  -0.42250E-13   0.00000E+00
  5.570   7.391   -0.21542E-12   0.00000E+00   0.28778E+00   0.00000E+00  -0.13224E-12   0.00000E+00
  5.644   7.440   -0.23026E-12   0.00000E+00   0.62161E+00   0.00000E+00  -0.21066E-12   0.00000E+00
  5.719   7.489   -0.19271E-12   0.00000E+00   0.10402E+01   0.00000E+00  -0.17212E-12   0.00000E+00
  5.795   7.538   -0.16816E-12   0.00000E+00   0.16208E+01   0.00000E+00  -0.23872E-12   0.00000E+00
  5.871   7.588   -0.19625E-12   0.00000E+00   0.25260E+01   0.00000E+00  -0.16222E-12   0.00000E+00
  5.947   7.637   -0.30085E-12   0.00000E+00   0.38714E+01   0.00000E+00  -0.36156E-12   0.00000E+00
  6.024   7.686   -0.21175E-12   0.00000E+00  -0.31117E+00   0.00000E+00  -0.58559E-13   0.00000E+00
  6.101   7.735   -0.12308E-12   0.00000E+00  -0.39317E+01   0.00000E+00   0.10194E-12   0.00000E+00
  6.179   7.785   -0.17977E-12   0.00000E+00  -0.24996E+01   0.00000E+00   0.87626E-13   0.00000E+00
  6.258   7.834   -0.10999E-12   0.00000E+00  -0.15742E+01   0.00000E+00   0.38767E-13   0.00000E+00
  6.337   7.883   -0.48904E-13   0.00000E+00  -0.97704E+00   0.00000E+00   0.22725E-13   0.00000E+00
  6.416   7.932   -0.35416E-13   0.00000E+00  -0.53962E+00   0.00000E+00   0.32044E-14   0.00000E+00
  6.496   7.982   -0.19428E-13   0.00000E+00  -0.18368E+00   0.00000E+00   0.23292E-13   0.00000E+00
  6.576   8.031   -0.11367E-12   0.00000E+00   0.13225E+00   0.00000E+00  -0.40098E-13   0.00000E+00
  6.657   8.080   -0.12076E-12   0.00000E+00   0.43618E+00   0.00000E+00  -0.13566E-12   0.00000E+00
  6.739   8.129   -0.33757E-13   0.00000E+00   0.75479E+00   0.00000E+00  -0.13527E-12   0.00000E+00
  6.821   8.178   -0.84789E-13   0.00000E+00   0.11237E+01   0.00000E+00  -0.17494E-12   0.00000E+00
  6.903   8.228   -0.44570E-13   0.00000E+00   0.15913E+01   0.00000E+00  -0.23506E-12   0.00000E+00
  6.986   8.277   -0.12992E-12   0.00000E+00   0.20266E+01   0.00000E+00  -0.31103E-12   0.00000E+00
  7.069   8.326   -0.58968E-13   0.00000E+00   0.10726E+00   0.00000E+00  -0.51388E-13   0.00000E+00
  7.153   8.375   -0.47862E-13   0.00000E+00  -0.14793E+01   0.00000E+00   0.23773E-12   0.00000E+00
  7.238   8.425   -0.10351E-13   0.00000E+00  -0.90442E+00   0.00000E+00   0.18104E-12   0.00000E+00
  7.322   8.474    0.47253E-13   0.00000E+00  -0.46640E+00   0.00000E+00   0.13269E-12   0.00000E+00
  7.408   8.523   -0.41327E-13   0.00000E+00  -0.20682E+00   0.00000E+00   0.78219E-13   0.00000E+00
  7.494   8.572    0.12918E-13   0.00000E+00  -0.61837E-01   0.00000E+00   0.28677E-13   0.00000E+00
  7.580   8.622    0.88095E-14   0.00000E+00  -0.22797E-02   0.00000E+00   0.39882E-14   0.00000E+00
  7.667   8.671    0.13802E-15   0.00000E+00  -0.21882E-01   0.00000E+00  -0.37729E-13   0.00000E+00
  7.754   8.720    0.65889E-14   0.00000E+00  -0.13234E+00   0.00000E+00  -0.13236E-12   0.00000E+00
  7.842   8.769    0.89723E-14   0.00000E+00  -0.36780E+00   0.00000E+00  -0.17400E-12   0.00000E+00
  7.930   8.819    0.44329E-13   0.00000E+00  -0.79138E+00   0.00000E+00  -0.20035E-12   0.00000E+00
  8.019   8.868   -0.85891E-13   0.00000E+00  -0.13507E+01   0.00000E+00  -0.29473E-12   0.00000E+00
  8.109   8.917   -0.31609E-13   0.00000E+00  -0.35213E+00   0.00000E+00  -0.33235E-13   0.00000E+00
  8.198   8.966   -0.62262E-13   0.00000E+00   0.18227E+01   0.00000E+00   0.28511E-12   0.00000E+00
  8.289   9.016    0.39583E-13   0.00000E+00   0.18064E+01   0.00000E+00   0.21863E-12   0.00000E+00
  8.379   9.065    0.44846E-13   0.00000E+00   0.13771E+01   0.00000E+00   0.13616E-12   0.00000E+00
  8.471   9.114    0.53112E-16   0.00000E+00   0.92232E+00   0.00000E+00   0.92660E-13   0.00000E+00
  8.563   9.163    0.13991E-14   0.00000E+00   0.43879E+00   0.00000E+00   0.32515E-13   0.00000E+00
  8.655   9.213    0.15785E-14   0.00000E+00  -0.11840E+00   0.00000E+00   0.28371E-14   0.00000E+00
  8.748   9.262   -0.72309E-13   0.00000E+00  -0.80887E+00   0.00000E+00  -0.60277E-13   0.00000E+00
  8.841   9.311    0.56085E-13   0.00000E+00  -0.17161E+01   0.00000E+00  -0.10989E-12   0.00000E+00
  8.935   9.361    0.17056E-13   0.00000E+00  -0.29361E+01   0.00000E+00  -0.20798E-12   0.00000E+00
  9.029   9.410   -0.29645E-13   0.00000E+00  -0.42671E+01   0.00000E+00  -0.27235E-12   0.00000E+00
  9.124   9.459   -0.41946E-13   0.00000E+00  -0.29101E+01   0.00000E+00  -0.16866E-12   0.00000E+00
  9.219   9.508    0.35099E-14   0.00000E+00   0.34130E+01   0.00000E+00   0.15715E-12   0.00000E+00
  9.315   9.557    0.20689E-13   0.00000E+00   0.47243E+01   0.00000E+00   0.22644E-12   0.00000E+00
  9.411   9.607    0.14583E-14   0.00000E+00   0.36101E+01   0.00000E+00   0.16338E-12   0.00000E+00
  9.508   9.656    0.15749E-14   0.00000E+00   0.23123E+01   0.00000E+00   0.11077E-12   0.00000E+00
  9.605   9.705   -0.30477E-13   0.00000E+00   0.10526E+01   0.00000E+00   0.51699E-13   0.00000E+00
  9.703   9.755    0.97578E-17   0.00000E+00  -0.24664E+00   0.00000E+00  -0.69181E-14   0.00000E+00
  9.801   9.804    0.12082E-12   0.00000E+00  -0.17010E+01   0.00000E+00  -0.95270E-13   0.00000E+00
  9.900   9.853   -0.45890E-14   0.00000E+00  -0.34301E+01   0.00000E+00  -0.14849E-12   0.00000E+00
  9.999   9.902   -0.96470E-14   0.00000E+00  -0.54153E+01   0.00000E+00  -0.26238E-12   0.00000E+00
 10.098   9.951    0.74016E-13   0.00000E+00  -0.64410E+01   0.00000E+00  -0.25702E-12   0.00000E+00
 10.199  10.001   -0.62903E-14   0.00000E+00  -0.13966E+01   0.00000E+00  -0.55667E-13   0.00000E+00
