  0.000   0.000    0.00000E+00   0.00000E+00   0.00000E+00   0.00000E+00   0.00000E+00   0.00000E+00
 -1.000  -1.000    0.00000E+00   0.00000E+00   0.00000E+00   0.00000E+00   0.00000E+00   0.00000E+00
  0.004   0.200    0.15273E-01   0.00000E+00   0.20726E-12   0.00000E+00   0.18661E-01   0.00000E+00
  0.006   0.249    0.70935E-01   0.00000E+00  -0.35395E-12   0.00000E+00   0.86416E-01   0.00000E+00
  0.009   0.298    0.24901E+00   0.00000E+00   0.25130E-11   0.00000E+00   0.30227E+00   0.00000E+00
  0.012   0.348    0.71974E+00   0.00000E+00  -0.31661E-12   0.00000E+00   0.86998E+00   0.00000E+00
  0.016   0.397    0.18032E+01   0.00000E+00  -0.54022E-11   0.00000E+00   0.21690E+01   0.00000E+00
  0.020   0.446    0.40481E+01   0.00000E+00   0.30695E-11   0.00000E+00   0.48428E+01   0.00000E+00
  0.025   0.495    0.83313E+01   0.00000E+00   0.10184E-10   0.00000E+00   0.99062E+01   0.00000E+00
  0.030   0.545    0.15977E+02   0.00000E+00   0.12748E-11   0.00000E+00   0.18870E+02   0.00000E+00
  0.036   0.594    0.28897E+02   0.00000E+00  -0.12056E-10   0.00000E+00   0.33880E+02   0.00000E+00
  0.042   0.643    0.49745E+02   0.00000E+00  -0.89051E-12   0.00000E+00   0.57861E+02   0.00000E+00
  0.049   0.693    0.82085E+02   0.00000E+00   0.17225E-10   0.00000E+00   0.94668E+02   0.00000E+00
  0.056   0.742    0.13057E+03   0.00000E+00  -0.61076E-11   0.00000E+00   0.14922E+03   0.00000E+00
  0.064   0.791    0.20112E+03   0.00000E+00   0.24770E-10   0.00000E+00   0.22764E+03   0.00000E+00
  0.072   0.840    0.30110E+03   0.00000E+00   0.30960E-10   0.00000E+00   0.33733E+03   0.00000E+00
  0.081   0.889    0.43945E+03   0.00000E+00  -0.75850E-11   0.00000E+00   0.48703E+03   0.00000E+00
  0.090   0.939    0.62678E+03   0.00000E+00   0.46064E-10   0.00000E+00   0.68682E+03   0.00000E+00
  0.100   0.988    0.87543E+03   0.00000E+00  -0.24262E-10   0.00000E+00   0.94797E+03   0.00000E+00
  0.110   1.037    0.11994E+04   0.00000E+00   0.26994E-11   0.00000E+00   0.12828E+04   0.00000E+00
  0.120   1.087    0.16141E+04   0.00000E+00  -0.68476E-11   0.00000E+00   0.17042E+04   0.00000E+00
  0.132   1.136    0.21359E+04   0.00000E+00  -0.18240E-11   0.00000E+00   0.22251E+04   0.00000E+00
  0.143   1.185    0.27815E+04   0.00000E+00  -0.17353E-10   0.00000E+00   0.28578E+04   0.00000E+00
  0.155   1.234    0.35673E+04   0.00000E+00  -0.25817E-11   0.00000E+00   0.36129E+04   0.00000E+00
  0.168   1.284    0.45076E+04   0.00000E+00  -0.23557E-10   0.00000E+00   0.44983E+04   0.00000E+00
  0.181   1.333    0.56137E+04   0.00000E+00   0.47887E-10   0.00000E+00   0.55175E+04   0.00000E+00
  0.195   1.382    0.68919E+04   0.00000E+00  -0.18916E-10   0.00000E+00   0.66687E+04   0.00000E+00
  0.209   1.431    0.83417E+04   0.00000E+00  -0.43798E-11   0.00000E+00   0.79430E+04   0.00000E+00
  0.224   1.480    0.99540E+04   0.00000E+00   0.51174E-10   0.00000E+00   0.93238E+04   0.00000E+00
  0.239   1.530    0.11710E+05   0.00000E+00  -0.15591E-10   0.00000E+00   0.10786E+05   0.00000E+00
  0.254   1.579    0.13581E+05   0.00000E+00  -0.25994E-10   0.00000E+00   0.12297E+05   0.00000E+00
  0.270   1.628    0.15528E+05   0.00000E+00   0.23781E-10   0.00000E+00   0.13816E+05   0.00000E+00
  0.287   1.677    0.17505E+05   0.00000E+00   0.31968E-10   0.00000E+00   0.15300E+05   0.00000E+00
  0.304   1.727    0.19461E+05   0.00000E+00   0.68456E-11   0.00000E+00   0.16703E+05   0.00000E+00
  0.322   1.776    0.21343E+05   0.00000E+00   0.51908E-10   0.00000E+00   0.17984E+05   0.00000E+00
  0.340   1.825    0.23101E+05   0.00000E+00   0.21488E-10   0.00000E+00   0.19106E+05   0.00000E+00
  0.358   1.875    0.24693E+05   0.00000E+00  -0.47862E-11   0.00000E+00   0.20040E+05   0.00000E+00
  0.377   1.924    0.26085E+05   0.00000E+00   0.22332E-10   0.00000E+00   0.20769E+05   0.00000E+00
  0.397   1.973    0.27255E+05   0.00000E+00  -0.44499E-10   0.00000E+00   0.21285E+05   0.00000E+00
  0.417   2.022    0.28191E+05   0.00000E+00   0.72358E-10   0.00000E+00   0.21591E+05   0.00000E+00
  0.438   2.072    0.28893E+05   0.00000E+00  -0.10327E-10   0.00000E+00   0.21699E+05   0.00000E+00
  0.459   2.121    0.29368E+05   0.00000E+00   0.55167E-10   0.00000E+00   0.21625E+05   0.00000E+00
  0.480   2.170    0.29631E+05   0.00000E+00   0.13612E-10   0.00000E+00   0.21391E+05   0.00000E+00
  0.502   2.219    0.29701E+05   0.00000E+00   0.15906E-10   0.00000E+00   0.21021E+05   0.00000E+00
  0.525   2.269    0.29600E+05   0.00000E+00  -0.36147E-10   0.00000E+00   0.20537E+05   0.00000E+00
  0.548   2.318    0.29352E+05   0.00000E+00   0.36211E-11   0.00000E+00   0.19963E+05   0.00000E+00
  0.571   2.367    0.28979E+05   0.00000E+00   0.45475E-12   0.00000E+00   0.19321E+05   0.00000E+00
  0.595   2.416    0.28503E+05   0.00000E+00  -0.35981E-11   0.00000E+00   0.18630E+05   0.00000E+00
  0.620   2.466    0.27943E+05   0.00000E+00   0.12677E-10   0.00000E+00   0.17906E+05   0.00000E+00
  0.645   2.515    0.27317E+05   0.00000E+00   0.10290E-10   0.00000E+00   0.17163E+05   0.00000E+00
  0.670   2.564    0.26642E+05   0.00000E+00  -0.33629E-12   0.00000E+00   0.16414E+05   0.00000E+00
  0.696   2.613    0.25930E+05   0.00000E+00   0.23273E-10   0.00000E+00   0.15668E+05   0.00000E+00
  0.723   2.663    0.25195E+05   0.00000E+00   0.76106E-11   0.00000E+00   0.14933E+05   0.00000E+00
  0.750   2.712    0.24445E+05   0.00000E+00   0.33865E-11   0.00000E+00   0.14214E+05   0.00000E+00
  0.777   2.761    0.23689E+05   0.00000E+00   0.62993E-11   0.00000E+00   0.13518E+05   0.00000E+00
  0.805   2.810    0.22934E+05   0.00000E+00   0.21113E-10   0.00000E+00   0.12846E+05   0.00000E+00
  0.834   2.860    0.22186E+05   0.00000E+00   0.45625E-11   0.00000E+00   0.12203E+05   0.00000E+00
  0.863   2.909    0.21449E+05   0.00000E+00  -0.14165E-10   0.00000E+00   0.11588E+05   0.00000E+00
  0.892   2.958    0.20728E+05   0.00000E+00   0.24580E-10   0.00000E+00   0.11004E+05   0.00000E+00
  0.922   3.007    0.20027E+05   0.00000E+00   0.25355E-10   0.00000E+00   0.10451E+05   0.00000E+00
  0.953   3.057    0.19347E+05   0.00000E+00   0.21554E-10   0.00000E+00   0.99286E+04   0.00000E+00
  0.984   3.106    0.18691E+05   0.00000E+00   0.66641E-11   0.00000E+00   0.94377E+04   0.00000E+00
  1.015   3.155    0.18063E+05   0.00000E+00   0.75366E-11   0.00000E+00   0.89781E+04   0.00000E+00
  1.047   3.204    0.17464E+05   0.00000E+00   0.12396E-10   0.00000E+00   0.85497E+04   0.00000E+00
  1.079   3.254    0.16898E+05   0.00000E+00   0.10728E-10   0.00000E+00   0.81529E+04   0.00000E+00
  1.112   3.303    0.16371E+05   0.00000E+00   0.19838E-10   0.00000E+00   0.77891E+04   0.00000E+00
  1.146   3.352    0.15891E+05   0.00000E+00   0.12085E-10   0.00000E+00   0.74611E+04   0.00000E+00
  1.180   3.401    0.15474E+05   0.00000E+00   0.16314E-10   0.00000E+00   0.71754E+04   0.00000E+00
  1.214   3.451    0.15156E+05   0.00000E+00   0.20444E-10   0.00000E+00   0.69478E+04   0.00000E+00
  1.249   3.500    0.15032E+05   0.00000E+00   0.19625E-10   0.00000E+00   0.68226E+04   0.00000E+00
  1.284   3.549    0.15471E+05   0.00000E+00   0.49051E-10   0.00000E+00   0.69758E+04   0.00000E+00
  1.320   3.598    0.20458E+05   0.00000E+00   0.24950E-09   0.00000E+00   0.93960E+04   0.00000E+00
  1.357   3.648    0.75208E+04   0.00000E+00  -0.48182E-10   0.00000E+00   0.32069E+04   0.00000E+00
  1.394   3.697    0.10090E+05   0.00000E+00  -0.28247E-10   0.00000E+00   0.43279E+04   0.00000E+00
  1.431   3.746    0.10408E+05   0.00000E+00  -0.13477E-10   0.00000E+00   0.44426E+04   0.00000E+00
  1.469   3.795    0.10351E+05   0.00000E+00  -0.99378E-11   0.00000E+00   0.43906E+04   0.00000E+00
  1.507   3.845    0.10172E+05   0.00000E+00  -0.75856E-11   0.00000E+00   0.42882E+04   0.00000E+00
  1.546   3.894    0.99463E+04   0.00000E+00  -0.31297E-11   0.00000E+00   0.41687E+04   0.00000E+00
  1.585   3.943    0.97018E+04   0.00000E+00  -0.35652E-11   0.00000E+00   0.40446E+04   0.00000E+00
  1.625   3.992    0.94518E+04   0.00000E+00  -0.38119E-11   0.00000E+00   0.39218E+04   0.00000E+00
  1.666   4.042    0.92031E+04   0.00000E+00  -0.16279E-13   0.00000E+00   0.38029E+04   0.00000E+00
  1.706   4.091    0.89594E+04   0.00000E+00  -0.13125E-11   0.00000E+00   0.36893E+04   0.00000E+00
  1.748   4.140    0.87228E+04   0.00000E+00   0.22727E-11   0.00000E+00   0.35817E+04   0.00000E+00
  1.790   4.189    0.84946E+04   0.00000E+00  -0.13468E-11   0.00000E+00   0.34802E+04   0.00000E+00
  1.832   4.239    0.82753E+04   0.00000E+00   0.52960E-12   0.00000E+00   0.33850E+04   0.00000E+00
  1.875   4.288    0.80654E+04   0.00000E+00   0.94717E-12   0.00000E+00   0.32959E+04   0.00000E+00
  1.918   4.337    0.78651E+04   0.00000E+00   0.12570E-11   0.00000E+00   0.32129E+04   0.00000E+00
  1.962   4.386    0.76744E+04   0.00000E+00   0.35106E-11   0.00000E+00   0.31359E+04   0.00000E+00
  2.006   4.436    0.74938E+04   0.00000E+00   0.33157E-11   0.00000E+00   0.30647E+04   0.00000E+00
  2.051   4.485    0.73235E+04   0.00000E+00   0.31569E-11   0.00000E+00   0.29996E+04   0.00000E+00
  2.096   4.534    0.71646E+04   0.00000E+00   0.46371E-11   0.00000E+00   0.29410E+04   0.00000E+00
  2.142   4.583    0.70188E+04   0.00000E+00   0.42294E-11   0.00000E+00   0.28897E+04   0.00000E+00
  2.188   4.633    0.68900E+04   0.00000E+00   0.84314E-11   0.00000E+00   0.28481E+04   0.00000E+00
  2.235   4.682    0.67868E+04   0.00000E+00   0.10181E-10   0.00000E+00   0.28221E+04   0.00000E+00
  2.282   4.731    0.67188E+04   0.00000E+00   0.21102E-10   0.00000E+00   0.28255E+04   0.00000E+00
  2.330   4.780    0.51031E+04   0.00000E+00   0.81926E-10   0.00000E+00   0.23314E+04   0.00000E+00
  2.378   4.830    0.49667E+04   0.00000E+00  -0.23450E-10   0.00000E+00   0.20079E+04   0.00000E+00
  2.427   4.879    0.56141E+04   0.00000E+00  -0.10997E-10   0.00000E+00   0.23164E+04   0.00000E+00
  2.476   4.928    0.56592E+04   0.00000E+00  -0.61233E-11   0.00000E+00   0.23559E+04   0.00000E+00
  2.526   4.977    0.56101E+04   0.00000E+00  -0.44566E-11   0.00000E+00   0.23513E+04   0.00000E+00
  2.576   5.027    0.55321E+04   0.00000E+00  -0.33889E-11   0.00000E+00   0.23327E+04   0.00000E+00
  2.627   5.076    0.54431E+04   0.00000E+00  -0.24592E-11   0.00000E+00   0.23085E+04   0.00000E+00
  2.678   5.125    0.53494E+04   0.00000E+00  -0.13622E-11   0.00000E+00   0.22817E+04   0.00000E+00
  2.730   5.174    0.52541E+04   0.00000E+00  -0.11975E-11   0.00000E+00   0.22536E+04   0.00000E+00
  2.782   5.224    0.51582E+04   0.00000E+00  -0.54966E-12   0.00000E+00   0.22248E+04   0.00000E+00
  2.835   5.273    0.50624E+04   0.00000E+00  -0.15545E-12   0.00000E+00   0.21955E+04   0.00000E+00
  2.888   5.322    0.49667E+04   0.00000E+00  -0.30932E-13   0.00000E+00   0.21657E+04   0.00000E+00
  2.942   5.371    0.48709E+04   0.00000E+00   0.96844E-12   0.00000E+00   0.21350E+04   0.00000E+00
  2.996   5.421    0.47741E+04   0.00000E+00   0.18371E-11   0.00000E+00   0.21030E+04   0.00000E+00
  3.051   5.470    0.46751E+04   0.00000E+00   0.17286E-11   0.00000E+00   0.20689E+04   0.00000E+00
  3.106   5.519    0.45712E+04   0.00000E+00   0.25263E-11   0.00000E+00   0.20308E+04   0.00000E+00
  3.162   5.568    0.44569E+04   0.00000E+00   0.35563E-11   0.00000E+00   0.19856E+04   0.00000E+00
  3.218   5.618    0.43179E+04   0.00000E+00   0.54491E-11   0.00000E+00   0.19246E+04   0.00000E+00
  3.275   5.667    0.41061E+04   0.00000E+00   0.79195E-11   0.00000E+00   0.18202E+04   0.00000E+00
  3.332   5.716    0.35379E+04   0.00000E+00   0.14706E-10   0.00000E+00   0.15185E+04   0.00000E+00
  3.389   5.765   -0.40644E+03   0.00000E+00   0.12580E-10   0.00000E+00  -0.27933E+03   0.00000E+00
  3.447   5.815    0.40717E+04   0.00000E+00  -0.14814E-10   0.00000E+00   0.19958E+04   0.00000E+00
  3.506   5.864    0.41880E+04   0.00000E+00  -0.71041E-11   0.00000E+00   0.20148E+04   0.00000E+00
  3.565   5.913    0.41179E+04   0.00000E+00  -0.45631E-11   0.00000E+00   0.19739E+04   0.00000E+00
  3.625   5.962    0.40330E+04   0.00000E+00  -0.29017E-11   0.00000E+00   0.19339E+04   0.00000E+00
  3.685   6.012    0.39475E+04   0.00000E+00  -0.23323E-11   0.00000E+00   0.18965E+04   0.00000E+00
  3.746   6.061    0.38627E+04   0.00000E+00  -0.13159E-11   0.00000E+00   0.18604E+04   0.00000E+00
  3.807   6.110    0.37782E+04   0.00000E+00  -0.10177E-11   0.00000E+00   0.18247E+04   0.00000E+00
  3.868   6.159    0.36929E+04   0.00000E+00  -0.58637E-12   0.00000E+00   0.17882E+04   0.00000E+00
  3.931   6.209    0.36056E+04   0.00000E+00  -0.33506E-13   0.00000E+00   0.17501E+04   0.00000E+00
  3.993   6.258    0.35143E+04   0.00000E+00   0.53976E-12   0.00000E+00   0.17089E+04   0.00000E+00
  4.056   6.307    0.34160E+04   0.00000E+00   0.14047E-11   0.00000E+00   0.16629E+04   0.00000E+00
  4.120   6.356    0.33053E+04   0.00000E+00   0.19051E-11   0.00000E+00   0.16083E+04   0.00000E+00
  4.184   6.406    0.31706E+04   0.00000E+00   0.27475E-11   0.00000E+00   0.15383E+04   0.00000E+00
  4.249   6.455    0.29838E+04   0.00000E+00   0.40260E-11   0.00000E+00   0.14356E+04   0.00000E+00
  4.314   6.504    0.26530E+04   0.00000E+00   0.56238E-11   0.00000E+00   0.12459E+04   0.00000E+00
  4.379   6.553    0.17126E+04   0.00000E+00   0.10387E-10   0.00000E+00   0.70847E+03   0.00000E+00
  4.445   6.603    0.16202E+03   0.00000E+00  -0.14533E-11   0.00000E+00   0.10511E+03   0.00000E+00
  4.512   6.652    0.32685E+04   0.00000E+00  -0.87622E-11   0.00000E+00   0.17964E+04   0.00000E+00
  4.579   6.701    0.33178E+04   0.00000E+00  -0.49172E-11   0.00000E+00   0.17734E+04   0.00000E+00
  4.646   6.750    0.32126E+04   0.00000E+00  -0.32941E-11   0.00000E+00   0.17000E+04   0.00000E+00
  4.714   6.800    0.31061E+04   0.00000E+00  -0.21190E-11   0.00000E+00   0.16365E+04   0.00000E+00
  4.783   6.849    0.30057E+04   0.00000E+00  -0.12541E-11   0.00000E+00   0.15806E+04   0.00000E+00
  4.852   6.898    0.29087E+04   0.00000E+00  -0.84762E-12   0.00000E+00   0.15285E+04   0.00000E+00
  4.922   6.947    0.28117E+04   0.00000E+00  -0.10624E-12   0.00000E+00   0.14773E+04   0.00000E+00
  4.992   6.997    0.27111E+04   0.00000E+00   0.14942E-12   0.00000E+00   0.14244E+04   0.00000E+00
  5.062   7.046    0.26020E+04   0.00000E+00   0.96244E-12   0.00000E+00   0.13669E+04   0.00000E+00
  5.133   7.095    0.24763E+04   0.00000E+00   0.16559E-11   0.00000E+00   0.13000E+04   0.00000E+00
  5.205   7.144    0.23184E+04   0.00000E+00   0.21830E-11   0.00000E+00   0.12148E+04   0.00000E+00
  5.277   7.194    0.20915E+04   0.00000E+00   0.28952E-11   0.00000E+00   0.10903E+04   0.00000E+00
  5.349   7.243    0.16846E+04   0.00000E+00   0.42943E-11   0.00000E+00   0.86429E+03   0.00000E+00
  5.422   7.292    0.66655E+03   0.00000E+00   0.68496E-11   0.00000E+00   0.30119E+03   0.00000E+00
  5.496   7.341    0.18364E+03   0.00000E+00  -0.10918E-11   0.00000E+00   0.10723E+03   0.00000E+00
  5.570   7.391    0.25986E+04   0.00000E+00  -0.56614E-11   0.00000E+00   0.14478E+04   0.00000E+00
  5.644   7.440    0.26909E+04   0.00000E+00  -0.37742E-11   0.00000E+00   0.14847E+04   0.00000E+00
  5.719   7.489    0.25774E+04   0.00000E+00  -0.23547E-11   0.00000E+00   0.14181E+04   0.00000E+00
  5.795   7.538    0.24568E+04   0.00000E+00  -0.16284E-11   0.00000E+00   0.13516E+04   0.00000E+00
  5.871   7.588    0.23417E+04   0.00000E+00  -0.89357E-12   0.00000E+00   0.12901E+04   0.00000E+00
  5.947   7.637    0.22285E+04   0.00000E+00  -0.58817E-12   0.00000E+00   0.12309E+04   0.00000E+00
  6.024   7.686    0.21114E+04   0.00000E+00   0.99063E-13   0.00000E+00   0.11705E+04   0.00000E+00
  6.101   7.735    0.19825E+04   0.00000E+00   0.60658E-12   0.00000E+00   0.11047E+04   0.00000E+00
  6.179   7.785    0.18294E+04   0.00000E+00   0.10138E-11   0.00000E+00   0.10267E+04   0.00000E+00
  6.258   7.834    0.16272E+04   0.00000E+00   0.17171E-11   0.00000E+00   0.92372E+03   0.00000E+00
  6.337   7.883    0.13162E+04   0.00000E+00   0.26120E-11   0.00000E+00   0.76410E+03   0.00000E+00
  6.416   7.932    0.72684E+03   0.00000E+00   0.39549E-11   0.00000E+00   0.45606E+03   0.00000E+00
  6.496   7.982   -0.36900E+03   0.00000E+00   0.42290E-11   0.00000E+00  -0.14687E+03   0.00000E+00
  6.576   8.031    0.12224E+04   0.00000E+00  -0.36477E-11   0.00000E+00   0.63246E+03   0.00000E+00
  6.657   8.080    0.22059E+04   0.00000E+00  -0.35475E-11   0.00000E+00   0.11832E+04   0.00000E+00
  6.739   8.129    0.21834E+04   0.00000E+00  -0.24896E-11   0.00000E+00   0.11919E+04   0.00000E+00
  6.821   8.178    0.20582E+04   0.00000E+00  -0.14408E-11   0.00000E+00   0.11381E+04   0.00000E+00
  6.903   8.228    0.19271E+04   0.00000E+00  -0.82799E-12   0.00000E+00   0.10782E+04   0.00000E+00
  6.986   8.277    0.17962E+04   0.00000E+00  -0.36786E-12   0.00000E+00   0.10175E+04   0.00000E+00
  7.069   8.326    0.16593E+04   0.00000E+00   0.65820E-13   0.00000E+00   0.95383E+03   0.00000E+00
  7.153   8.375    0.15057E+04   0.00000E+00   0.54767E-12   0.00000E+00   0.88230E+03   0.00000E+00
  7.238   8.425    0.13169E+04   0.00000E+00   0.98549E-12   0.00000E+00   0.79408E+03   0.00000E+00
  7.322   8.474    0.10559E+04   0.00000E+00   0.16025E-11   0.00000E+00   0.67076E+03   0.00000E+00
  7.408   8.523    0.63797E+03   0.00000E+00   0.23990E-11   0.00000E+00   0.46774E+03   0.00000E+00
  7.494   8.572   -0.88818E+02   0.00000E+00   0.32197E-11   0.00000E+00   0.89512E+02   0.00000E+00
  7.580   8.622   -0.16582E+03   0.00000E+00   0.58709E-12   0.00000E+00  -0.68745E+02   0.00000E+00
  7.667   8.671    0.15364E+04   0.00000E+00  -0.29046E-11   0.00000E+00   0.75070E+03   0.00000E+00
  7.754   8.720    0.18581E+04   0.00000E+00  -0.22413E-11   0.00000E+00   0.96370E+03   0.00000E+00
  7.842   8.769    0.17744E+04   0.00000E+00  -0.14692E-11   0.00000E+00   0.95420E+03   0.00000E+00
  7.930   8.819    0.16364E+04   0.00000E+00  -0.84633E-12   0.00000E+00   0.90585E+03   0.00000E+00
  8.019   8.868    0.14897E+04   0.00000E+00  -0.41746E-12   0.00000E+00   0.84809E+03   0.00000E+00
  8.109   8.917    0.13337E+04   0.00000E+00   0.16050E-13   0.00000E+00   0.78380E+03   0.00000E+00
  8.198   8.966    0.11564E+04   0.00000E+00   0.33464E-12   0.00000E+00   0.70881E+03   0.00000E+00
  8.289   9.016    0.93573E+03   0.00000E+00   0.88470E-12   0.00000E+00   0.61315E+03   0.00000E+00
  8.379   9.065    0.62883E+03   0.00000E+00   0.14145E-11   0.00000E+00   0.47549E+03   0.00000E+00
  8.471   9.114    0.15748E+03   0.00000E+00   0.21148E-11   0.00000E+00   0.25051E+03   0.00000E+00
  8.563   9.163   -0.41644E+03   0.00000E+00   0.20922E-11   0.00000E+00  -0.76843E+02   0.00000E+00
  8.655   9.213    0.30132E+03   0.00000E+00  -0.67889E-12   0.00000E+00   0.12134E+03   0.00000E+00
  8.748   9.262    0.14175E+04   0.00000E+00  -0.21566E-11   0.00000E+00   0.66289E+03   0.00000E+00
  8.841   9.311    0.15622E+04   0.00000E+00  -0.15372E-11   0.00000E+00   0.78682E+03   0.00000E+00
  8.935   9.361    0.14563E+04   0.00000E+00  -0.10497E-11   0.00000E+00   0.77304E+03   0.00000E+00
  9.029   9.410    0.13040E+04   0.00000E+00  -0.46019E-12   0.00000E+00   0.72552E+03   0.00000E+00
  9.124   9.459    0.11351E+04   0.00000E+00  -0.12555E-12   0.00000E+00   0.66459E+03   0.00000E+00
  9.219   9.508    0.94421E+03   0.00000E+00   0.19946E-12   0.00000E+00   0.59078E+03   0.00000E+00
  9.315   9.557    0.71169E+03   0.00000E+00   0.47959E-12   0.00000E+00   0.49617E+03   0.00000E+00
  9.411   9.607    0.40185E+03   0.00000E+00   0.10371E-11   0.00000E+00   0.36285E+03   0.00000E+00
  9.508   9.656   -0.30776E+02   0.00000E+00   0.16020E-11   0.00000E+00   0.15944E+03   0.00000E+00
  9.605   9.705   -0.43187E+03   0.00000E+00   0.15025E-11   0.00000E+00  -0.86317E+02   0.00000E+00
  9.703   9.755    0.22174E+03   0.00000E+00  -0.41758E-12   0.00000E+00   0.82775E+02   0.00000E+00
  9.801   9.804    0.11646E+04   0.00000E+00  -0.15817E-11   0.00000E+00   0.51409E+03   0.00000E+00
  9.900   9.853    0.13309E+04   0.00000E+00  -0.11610E-11   0.00000E+00   0.64413E+03   0.00000E+00
  9.999   9.902    0.12315E+04   0.00000E+00  -0.82489E-12   0.00000E+00   0.63926E+03   0.00000E+00
 10.098   9.951    0.10689E+04   0.00000E+00  -0.35534E-12   0.00000E+00   0.59350E+03   0.00000E+00
 10.199  10.001    0.87937E+03   0.00000E+00   0.53645E-14   0.00000E+00   0.52881E+03   0.00000E+00
