  0.000   0.000    0.00000E+00   0.00000E+00   0.00000E+00   0.00000E+00   0.00000E+00   0.00000E+00
 -1.000  -1.000    0.00000E+00   0.00000E+00   0.00000E+00   0.00000E+00   0.00000E+00   0.00000E+00
  0.004   0.200    0.00000E+00   0.16941E-20   0.00000E+00   0.25835E-19   0.00000E+00   0.53233E-16
  0.006   0.249    0.00000E+00   0.11350E-18   0.00000E+00   0.20329E-19   0.00000E+00   0.59802E-15
  0.009   0.298    0.00000E+00   0.17618E-18   0.00000E+00  -0.67763E-19   0.00000E+00   0.43328E-14
  0.012   0.348    0.00000E+00  -0.44723E-18   0.00000E+00   0.22362E-18   0.00000E+00   0.23160E-13
  0.016   0.397    0.00000E+00   0.22226E-17   0.00000E+00  -0.11384E-17   0.00000E+00   0.99001E-13
  0.020   0.446    0.00000E+00   0.22768E-17   0.00000E+00  -0.86736E-18   0.00000E+00   0.35661E-12
  0.025   0.495    0.00000E+00  -0.20600E-17   0.00000E+00  -0.18431E-17   0.00000E+00   0.11219E-11
  0.030   0.545    0.00000E+00  -0.14311E-16   0.00000E+00  -0.84568E-17   0.00000E+00   0.31622E-11
  0.036   0.594    0.00000E+00   0.86736E-18   0.00000E+00  -0.38164E-16   0.00000E+00   0.81387E-11
  0.042   0.643    0.00000E+00  -0.45103E-16   0.00000E+00   0.51174E-16   0.00000E+00   0.19403E-10
  0.049   0.693    0.00000E+00   0.39031E-16   0.00000E+00  -0.13271E-15   0.00000E+00   0.43334E-10
  0.056   0.742    0.00000E+00   0.60715E-16   0.00000E+00  -0.31225E-16   0.00000E+00   0.91465E-10
  0.064   0.791    0.00000E+00  -0.78063E-16   0.00000E+00  -0.45103E-16   0.00000E+00   0.18377E-09
  0.072   0.840    0.00000E+00   0.43715E-15   0.00000E+00  -0.37123E-15   0.00000E+00   0.35354E-09
  0.081   0.889    0.00000E+00   0.15266E-15   0.00000E+00  -0.57593E-15   0.00000E+00   0.65442E-09
  0.090   0.939    0.00000E+00  -0.34694E-15   0.00000E+00  -0.41633E-15   0.00000E+00   0.11703E-08
  0.100   0.988    0.00000E+00  -0.19429E-15   0.00000E+00  -0.81879E-15   0.00000E+00   0.20288E-08
  0.110   1.037    0.00000E+00  -0.10686E-14   0.00000E+00   0.69389E-16   0.00000E+00   0.34196E-08
  0.120   1.087    0.00000E+00  -0.58287E-15   0.00000E+00  -0.21094E-14   0.00000E+00   0.56186E-08
  0.132   1.136    0.00000E+00   0.13878E-15   0.00000E+00   0.33307E-15   0.00000E+00   0.90186E-08
  0.143   1.185    0.00000E+00   0.14433E-14   0.00000E+00  -0.19984E-14   0.00000E+00   0.14169E-07
  0.155   1.234    0.00000E+00   0.38858E-15   0.00000E+00   0.61062E-15   0.00000E+00   0.21827E-07
  0.168   1.284    0.00000E+00   0.74940E-14   0.00000E+00  -0.48850E-14   0.00000E+00   0.33015E-07
  0.181   1.333    0.00000E+00   0.33307E-15   0.00000E+00  -0.34417E-14   0.00000E+00   0.49102E-07
  0.195   1.382    0.00000E+00   0.31086E-14   0.00000E+00  -0.19984E-14   0.00000E+00   0.71887E-07
  0.209   1.431    0.00000E+00   0.77716E-15   0.00000E+00   0.33307E-15   0.00000E+00   0.10371E-06
  0.224   1.480    0.00000E+00   0.15543E-14   0.00000E+00  -0.13212E-13   0.00000E+00   0.14757E-06
  0.239   1.530    0.00000E+00   0.48850E-14   0.00000E+00   0.22204E-15   0.00000E+00   0.20729E-06
  0.254   1.579    0.00000E+00   0.73275E-14   0.00000E+00  -0.59952E-14   0.00000E+00   0.28762E-06
  0.270   1.628    0.00000E+00   0.10658E-13   0.00000E+00   0.86597E-14   0.00000E+00   0.39444E-06
  0.287   1.677    0.00000E+00   0.33307E-14   0.00000E+00  -0.51070E-14   0.00000E+00   0.53491E-06
  0.304   1.727    0.00000E+00  -0.19540E-13   0.00000E+00  -0.59952E-13   0.00000E+00   0.71754E-06
  0.322   1.776    0.00000E+00   0.97700E-14   0.00000E+00  -0.17319E-13   0.00000E+00   0.95230E-06
  0.340   1.825    0.00000E+00   0.53291E-14   0.00000E+00   0.22204E-14   0.00000E+00   0.12505E-05
  0.358   1.875    0.00000E+00   0.26201E-13   0.00000E+00  -0.20428E-13   0.00000E+00   0.16245E-05
  0.377   1.924    0.00000E+00   0.41744E-13   0.00000E+00  -0.66613E-14   0.00000E+00   0.20872E-05
  0.397   1.973    0.00000E+00   0.40412E-13   0.00000E+00  -0.48406E-13   0.00000E+00   0.26510E-05
  0.417   2.022    0.00000E+00   0.23537E-13   0.00000E+00  -0.10658E-13   0.00000E+00   0.33266E-05
  0.438   2.072    0.00000E+00   0.23093E-13   0.00000E+00   0.66613E-14   0.00000E+00   0.41210E-05
  0.459   2.121    0.00000E+00  -0.35527E-14   0.00000E+00  -0.29310E-13   0.00000E+00   0.50356E-05
  0.480   2.170    0.00000E+00   0.61284E-13   0.00000E+00  -0.13323E-13   0.00000E+00   0.60638E-05
  0.502   2.219    0.00000E+00   0.26645E-14   0.00000E+00   0.14655E-13   0.00000E+00   0.71904E-05
  0.525   2.269    0.00000E+00   0.51514E-13   0.00000E+00  -0.21760E-13   0.00000E+00   0.83905E-05
  0.548   2.318    0.00000E+00   0.28422E-13   0.00000E+00  -0.30198E-13   0.00000E+00   0.96322E-05
  0.571   2.367    0.00000E+00   0.28422E-13   0.00000E+00  -0.63505E-13   0.00000E+00   0.10880E-04
  0.595   2.416    0.00000E+00   0.31086E-13   0.00000E+00   0.21760E-13   0.00000E+00   0.12099E-04
  0.620   2.466    0.00000E+00  -0.22204E-13   0.00000E+00  -0.81712E-13   0.00000E+00   0.13263E-04
  0.645   2.515    0.00000E+00   0.35527E-13   0.00000E+00  -0.75939E-13   0.00000E+00   0.14356E-04
  0.670   2.564    0.00000E+00  -0.19540E-13   0.00000E+00  -0.30642E-13   0.00000E+00   0.15379E-04
  0.696   2.613    0.00000E+00   0.14211E-13   0.00000E+00  -0.63505E-13   0.00000E+00   0.16348E-04
  0.723   2.663    0.00000E+00  -0.16875E-13   0.00000E+00  -0.14655E-13   0.00000E+00   0.17299E-04
  0.750   2.712    0.00000E+00   0.88818E-15   0.00000E+00  -0.68834E-13   0.00000E+00   0.18278E-04
  0.777   2.761    0.00000E+00   0.00000E+00   0.00000E+00  -0.81268E-13   0.00000E+00   0.19348E-04
  0.805   2.810    0.00000E+00  -0.25757E-13   0.00000E+00   0.22649E-13   0.00000E+00   0.20581E-04
  0.834   2.860    0.00000E+00   0.74607E-13   0.00000E+00   0.93259E-14   0.00000E+00   0.22061E-04
  0.863   2.909    0.00000E+00  -0.28422E-13   0.00000E+00  -0.31086E-14   0.00000E+00   0.23877E-04
  0.892   2.958    0.00000E+00  -0.21316E-13   0.00000E+00  -0.35527E-13   0.00000E+00   0.26120E-04
  0.922   3.007    0.00000E+00   0.35527E-14   0.00000E+00  -0.10658E-13   0.00000E+00   0.28876E-04
  0.953   3.057    0.00000E+00   0.56843E-13   0.00000E+00  -0.25313E-13   0.00000E+00   0.32215E-04
  0.984   3.106    0.00000E+00   0.53291E-13   0.00000E+00  -0.11990E-13   0.00000E+00   0.36176E-04
  1.015   3.155    0.00000E+00   0.19540E-13   0.00000E+00   0.44409E-15   0.00000E+00   0.40745E-04
  1.047   3.204    0.00000E+00   0.53291E-14   0.00000E+00  -0.13767E-13   0.00000E+00   0.45843E-04
  1.079   3.254    0.00000E+00   0.60396E-13   0.00000E+00   0.15987E-13   0.00000E+00   0.51313E-04
  1.112   3.303    0.00000E+00   0.10658E-13   0.00000E+00   0.48850E-14   0.00000E+00   0.56928E-04
  1.146   3.352    0.00000E+00   0.17764E-13   0.00000E+00  -0.44409E-14   0.00000E+00   0.62423E-04
  1.180   3.401    0.00000E+00   0.25757E-13   0.00000E+00  -0.66613E-14   0.00000E+00   0.67537E-04
  1.214   3.451    0.00000E+00  -0.53291E-14   0.00000E+00  -0.15543E-13   0.00000E+00   0.72068E-04
  1.249   3.500    0.00000E+00   0.35527E-14   0.00000E+00  -0.13767E-13   0.00000E+00   0.75911E-04
  1.284   3.549    0.00000E+00   0.23981E-13   0.00000E+00   0.88818E-14   0.00000E+00   0.79077E-04
  1.320   3.598    0.00000E+00   0.34639E-13   0.00000E+00   0.13323E-14   0.00000E+00   0.81686E-04
  1.357   3.648    0.00000E+00   0.29310E-13   0.00000E+00  -0.12657E-13   0.00000E+00   0.83941E-04
  1.394   3.697    0.00000E+00   0.18652E-13   0.00000E+00  -0.11768E-13   0.00000E+00   0.86103E-04
  1.431   3.746    0.00000E+00   0.33751E-13   0.00000E+00  -0.10658E-13   0.00000E+00   0.88454E-04
  1.469   3.795    0.00000E+00   0.88818E-14   0.00000E+00  -0.33307E-13   0.00000E+00   0.91276E-04
  1.507   3.845    0.00000E+00   0.23093E-13   0.00000E+00  -0.17764E-14   0.00000E+00   0.94829E-04
  1.546   3.894    0.00000E+00  -0.88818E-15   0.00000E+00  -0.59952E-14   0.00000E+00   0.99315E-04
  1.585   3.943    0.00000E+00   0.31086E-13   0.00000E+00   0.48850E-14   0.00000E+00   0.10485E-03
  1.625   3.992    0.00000E+00   0.31974E-13   0.00000E+00   0.16431E-13   0.00000E+00   0.11144E-03
  1.666   4.042    0.00000E+00   0.21316E-13   0.00000E+00   0.79936E-14   0.00000E+00   0.11890E-03
  1.706   4.091    0.00000E+00  -0.97700E-14   0.00000E+00   0.11102E-13   0.00000E+00   0.12677E-03
  1.748   4.140    0.00000E+00   0.17764E-13   0.00000E+00  -0.13545E-13   0.00000E+00   0.13408E-03
  1.790   4.189    0.00000E+00   0.22204E-13   0.00000E+00  -0.12212E-13   0.00000E+00   0.14268E-03
  1.832   4.239    0.00000E+00  -0.17764E-13   0.00000E+00  -0.66613E-14   0.00000E+00   0.14970E-03
  1.875   4.288    0.00000E+00  -0.16875E-13   0.00000E+00   0.91038E-14   0.00000E+00   0.15562E-03
  1.918   4.337    0.00000E+00   0.31530E-13   0.00000E+00   0.10658E-13   0.00000E+00   0.16046E-03
  1.962   4.386    0.00000E+00   0.19984E-13   0.00000E+00  -0.37748E-14   0.00000E+00   0.16446E-03
  2.006   4.436    0.00000E+00   0.48850E-14   0.00000E+00   0.53291E-14   0.00000E+00   0.16801E-03
  2.051   4.485    0.00000E+00  -0.88818E-14   0.00000E+00  -0.29532E-13   0.00000E+00   0.17162E-03
  2.096   4.534    0.00000E+00   0.44409E-14   0.00000E+00  -0.39968E-14   0.00000E+00   0.17582E-03
  2.142   4.583    0.00000E+00   0.15099E-13   0.00000E+00  -0.57732E-14   0.00000E+00   0.18108E-03
  2.188   4.633    0.00000E+00   0.17764E-13   0.00000E+00  -0.93259E-14   0.00000E+00   0.18774E-03
  2.235   4.682    0.00000E+00   0.17764E-13   0.00000E+00  -0.66613E-15   0.00000E+00   0.19594E-03
  2.282   4.731    0.00000E+00   0.16431E-13   0.00000E+00  -0.62172E-14   0.00000E+00   0.20556E-03
  2.330   4.780    0.00000E+00   0.16875E-13   0.00000E+00   0.21094E-14   0.00000E+00   0.21616E-03
  2.378   4.830    0.00000E+00   0.11546E-13   0.00000E+00   0.39968E-14   0.00000E+00   0.22704E-03
  2.427   4.879    0.00000E+00   0.71054E-14   0.00000E+00  -0.51070E-14   0.00000E+00   0.23732E-03
  2.476   4.928    0.00000E+00   0.12879E-13   0.00000E+00  -0.35527E-14   0.00000E+00   0.24560E-03
  2.526   4.977    0.00000E+00   0.23537E-13   0.00000E+00   0.71054E-14   0.00000E+00   0.23086E-03
  2.576   5.027    0.00000E+00   0.13323E-14   0.00000E+00  -0.15099E-13   0.00000E+00   0.25966E-03
  2.627   5.076    0.00000E+00   0.97700E-14   0.00000E+00  -0.10436E-13   0.00000E+00   0.26566E-03
  2.678   5.125    0.00000E+00   0.16431E-13   0.00000E+00  -0.73275E-14   0.00000E+00   0.26981E-03
  2.730   5.174    0.00000E+00   0.44409E-15   0.00000E+00  -0.95479E-14   0.00000E+00   0.27371E-03
  2.782   5.224    0.00000E+00  -0.14655E-13   0.00000E+00   0.68834E-14   0.00000E+00   0.27723E-03
  2.835   5.273    0.00000E+00   0.12879E-13   0.00000E+00  -0.20650E-13   0.00000E+00   0.28434E-03
  2.888   5.322    0.00000E+00   0.15543E-13   0.00000E+00  -0.88818E-14   0.00000E+00   0.29226E-03
  2.942   5.371    0.00000E+00   0.17319E-13   0.00000E+00  -0.88818E-15   0.00000E+00   0.30116E-03
  2.996   5.421    0.00000E+00   0.88818E-14   0.00000E+00  -0.46629E-14   0.00000E+00   0.31105E-03
  3.051   5.470    0.00000E+00   0.12434E-13   0.00000E+00  -0.19984E-14   0.00000E+00   0.32124E-03
  3.106   5.519    0.00000E+00   0.14211E-13   0.00000E+00  -0.57732E-14   0.00000E+00   0.33092E-03
  3.162   5.568    0.00000E+00   0.16431E-13   0.00000E+00  -0.44409E-15   0.00000E+00   0.33935E-03
  3.218   5.618    0.00000E+00   0.00000E+00   0.00000E+00  -0.19984E-14   0.00000E+00   0.34554E-03
  3.275   5.667    0.00000E+00  -0.26645E-14   0.00000E+00   0.44409E-15   0.00000E+00   0.34226E-03
  3.332   5.716    0.00000E+00   0.53291E-14   0.00000E+00   0.66613E-15   0.00000E+00   0.34360E-03
  3.389   5.765    0.00000E+00   0.24980E-15   0.00000E+00   0.65226E-15   0.00000E+00   0.36976E-03
  3.447   5.815    0.00000E+00   0.00000E+00   0.00000E+00   0.22204E-14   0.00000E+00   0.38073E-03
  3.506   5.864    0.00000E+00   0.16431E-13   0.00000E+00  -0.51070E-14   0.00000E+00   0.39241E-03
  3.565   5.913    0.00000E+00   0.39968E-14   0.00000E+00   0.39968E-14   0.00000E+00   0.40562E-03
  3.625   5.962    0.00000E+00   0.57732E-14   0.00000E+00  -0.51070E-14   0.00000E+00   0.41876E-03
  3.685   6.012    0.00000E+00   0.97700E-14   0.00000E+00  -0.88818E-14   0.00000E+00   0.42290E-03
  3.746   6.061    0.00000E+00   0.11546E-13   0.00000E+00  -0.14433E-13   0.00000E+00   0.45347E-03
  3.807   6.110    0.00000E+00   0.75495E-14   0.00000E+00  -0.28866E-14   0.00000E+00   0.46724E-03
  3.868   6.159    0.00000E+00   0.39968E-14   0.00000E+00  -0.53291E-14   0.00000E+00   0.47580E-03
  3.931   6.209    0.00000E+00   0.48850E-14   0.00000E+00  -0.77716E-14   0.00000E+00   0.48582E-03
  3.993   6.258    0.00000E+00   0.15987E-13   0.00000E+00  -0.24425E-14   0.00000E+00   0.48575E-03
  4.056   6.307    0.00000E+00   0.35527E-14   0.00000E+00  -0.73275E-14   0.00000E+00   0.45220E-03
  4.120   6.356    0.00000E+00  -0.13323E-14   0.00000E+00  -0.53291E-14   0.00000E+00   0.49839E-03
  4.184   6.406    0.00000E+00   0.53291E-14   0.00000E+00  -0.46629E-14   0.00000E+00   0.52258E-03
  4.249   6.455    0.00000E+00   0.31086E-14   0.00000E+00  -0.22204E-15   0.00000E+00   0.53543E-03
  4.314   6.504    0.00000E+00   0.79936E-14   0.00000E+00  -0.39968E-14   0.00000E+00   0.54727E-03
  4.379   6.553    0.00000E+00  -0.39968E-14   0.00000E+00  -0.14988E-14   0.00000E+00   0.55819E-03
  4.445   6.603    0.00000E+00   0.24980E-15   0.00000E+00   0.63838E-15   0.00000E+00   0.56561E-03
  4.512   6.652    0.00000E+00   0.44409E-15   0.00000E+00  -0.66613E-15   0.00000E+00   0.55965E-03
  4.579   6.701    0.00000E+00   0.71054E-14   0.00000E+00  -0.13323E-14   0.00000E+00   0.58725E-03
  4.646   6.750    0.00000E+00   0.53291E-14   0.00000E+00  -0.22204E-14   0.00000E+00   0.59680E-03
  4.714   6.800    0.00000E+00   0.44409E-14   0.00000E+00  -0.24425E-14   0.00000E+00   0.59508E-03
  4.783   6.849    0.00000E+00  -0.33307E-14   0.00000E+00  -0.88818E-15   0.00000E+00   0.56692E-03
  4.852   6.898    0.00000E+00   0.93259E-14   0.00000E+00  -0.21094E-14   0.00000E+00   0.59562E-03
  4.922   6.947    0.00000E+00   0.17764E-14   0.00000E+00  -0.45519E-14   0.00000E+00   0.64555E-03
  4.992   6.997    0.00000E+00   0.00000E+00   0.00000E+00  -0.10214E-13   0.00000E+00   0.66951E-03
  5.062   7.046    0.00000E+00   0.13323E-14   0.00000E+00  -0.15543E-14   0.00000E+00   0.68592E-03
  5.133   7.095    0.00000E+00  -0.39968E-14   0.00000E+00  -0.16653E-14   0.00000E+00   0.69886E-03
  5.205   7.144    0.00000E+00   0.66613E-14   0.00000E+00  -0.67724E-14   0.00000E+00   0.70705E-03
  5.277   7.194    0.00000E+00   0.37748E-14   0.00000E+00  -0.77716E-15   0.00000E+00   0.70442E-03
  5.349   7.243    0.00000E+00   0.24425E-14   0.00000E+00  -0.23315E-14   0.00000E+00   0.69727E-03
  5.422   7.292    0.00000E+00  -0.88818E-15   0.00000E+00   0.28311E-14   0.00000E+00   0.72526E-03
  5.496   7.341    0.00000E+00  -0.97145E-15   0.00000E+00   0.31641E-14   0.00000E+00   0.70400E-03
  5.570   7.391    0.00000E+00  -0.26645E-14   0.00000E+00   0.33307E-15   0.00000E+00   0.68335E-03
  5.644   7.440    0.00000E+00   0.84377E-14   0.00000E+00  -0.27756E-14   0.00000E+00   0.75787E-03
  5.719   7.489    0.00000E+00   0.22204E-15   0.00000E+00  -0.33307E-14   0.00000E+00   0.80985E-03
  5.795   7.538    0.00000E+00  -0.33307E-14   0.00000E+00  -0.15543E-14   0.00000E+00   0.83182E-03
  5.871   7.588    0.00000E+00   0.88818E-14   0.00000E+00  -0.67724E-14   0.00000E+00   0.84234E-03
  5.947   7.637    0.00000E+00   0.82157E-14   0.00000E+00   0.13323E-14   0.00000E+00   0.85537E-03
  6.024   7.686    0.00000E+00   0.37748E-14   0.00000E+00   0.45519E-14   0.00000E+00   0.85494E-03
  6.101   7.735    0.00000E+00   0.59952E-14   0.00000E+00   0.13323E-14   0.00000E+00   0.83579E-03
  6.179   7.785    0.00000E+00   0.35527E-14   0.00000E+00   0.66613E-15   0.00000E+00   0.83680E-03
  6.258   7.834    0.00000E+00   0.28866E-14   0.00000E+00  -0.16653E-14   0.00000E+00   0.82388E-03
  6.337   7.883    0.00000E+00   0.41078E-14   0.00000E+00  -0.31086E-14   0.00000E+00   0.86151E-03
  6.416   7.932    0.00000E+00   0.46629E-14   0.00000E+00  -0.36082E-14   0.00000E+00   0.91612E-03
  6.496   7.982    0.00000E+00   0.49960E-15   0.00000E+00  -0.20955E-14   0.00000E+00   0.93035E-03
  6.576   8.031    0.00000E+00  -0.29976E-14   0.00000E+00  -0.22204E-15   0.00000E+00   0.95970E-03
  6.657   8.080    0.00000E+00   0.51070E-14   0.00000E+00   0.14433E-14   0.00000E+00   0.96602E-03
  6.739   8.129    0.00000E+00   0.42188E-14   0.00000E+00   0.55511E-15   0.00000E+00   0.95132E-03
  6.821   8.178    0.00000E+00   0.44409E-14   0.00000E+00   0.28866E-14   0.00000E+00   0.92978E-03
  6.903   8.228    0.00000E+00   0.22204E-14   0.00000E+00   0.17764E-14   0.00000E+00   0.87850E-03
  6.986   8.277    0.00000E+00   0.33307E-14   0.00000E+00  -0.55511E-15   0.00000E+00   0.87777E-03
  7.069   8.326    0.00000E+00   0.57732E-14   0.00000E+00  -0.26645E-14   0.00000E+00   0.94463E-03
  7.153   8.375    0.00000E+00   0.22204E-15   0.00000E+00  -0.35527E-14   0.00000E+00   0.10119E-02
  7.238   8.425    0.00000E+00   0.28866E-14   0.00000E+00  -0.42188E-14   0.00000E+00   0.10300E-02
  7.322   8.474    0.00000E+00   0.11102E-14   0.00000E+00  -0.55511E-15   0.00000E+00   0.10244E-02
  7.408   8.523    0.00000E+00   0.00000E+00   0.00000E+00  -0.28311E-14   0.00000E+00   0.10346E-02
  7.494   8.572    0.00000E+00   0.49960E-15   0.00000E+00  -0.14225E-14   0.00000E+00   0.10197E-02
  7.580   8.622    0.00000E+00  -0.10963E-14   0.00000E+00  -0.97145E-16   0.00000E+00   0.96664E-03
  7.667   8.671    0.00000E+00  -0.44409E-15   0.00000E+00  -0.99920E-15   0.00000E+00   0.90254E-03
  7.754   8.720    0.00000E+00   0.24425E-14   0.00000E+00   0.55511E-15   0.00000E+00   0.93284E-03
  7.842   8.769    0.00000E+00   0.33307E-14   0.00000E+00  -0.66613E-15   0.00000E+00   0.10277E-02
  7.930   8.819    0.00000E+00   0.24425E-14   0.00000E+00   0.27756E-14   0.00000E+00   0.10841E-02
  8.019   8.868    0.00000E+00   0.11102E-14   0.00000E+00   0.46629E-14   0.00000E+00   0.10934E-02
  8.109   8.917    0.00000E+00  -0.66613E-15   0.00000E+00  -0.54401E-14   0.00000E+00   0.10765E-02
  8.198   8.966    0.00000E+00   0.19984E-14   0.00000E+00   0.19984E-14   0.00000E+00   0.10706E-02
  8.289   9.016    0.00000E+00   0.22204E-15   0.00000E+00  -0.38858E-15   0.00000E+00   0.10482E-02
  8.379   9.065    0.00000E+00  -0.15543E-14   0.00000E+00   0.44409E-15   0.00000E+00   0.98078E-03
  8.471   9.114    0.00000E+00  -0.14849E-14   0.00000E+00  -0.41633E-15   0.00000E+00   0.97050E-03
  8.563   9.163    0.00000E+00   0.88818E-15   0.00000E+00  -0.24217E-14   0.00000E+00   0.10897E-02
  8.655   9.213    0.00000E+00   0.18041E-14   0.00000E+00  -0.29560E-14   0.00000E+00   0.11689E-02
  8.748   9.262    0.00000E+00  -0.19984E-14   0.00000E+00  -0.22760E-14   0.00000E+00   0.11900E-02
  8.841   9.311    0.00000E+00   0.44409E-15   0.00000E+00  -0.33307E-15   0.00000E+00   0.11840E-02
  8.935   9.361    0.00000E+00   0.15543E-14   0.00000E+00  -0.27756E-14   0.00000E+00   0.11533E-02
  9.029   9.410    0.00000E+00   0.66613E-15   0.00000E+00  -0.68834E-14   0.00000E+00   0.11326E-02
  9.124   9.459    0.00000E+00   0.25535E-14   0.00000E+00  -0.74385E-14   0.00000E+00   0.10996E-02
  9.219   9.508    0.00000E+00   0.26645E-14   0.00000E+00  -0.34417E-14   0.00000E+00   0.11139E-02
  9.315   9.557    0.00000E+00  -0.33307E-15   0.00000E+00   0.23870E-14   0.00000E+00   0.12065E-02
  9.411   9.607    0.00000E+00  -0.77716E-15   0.00000E+00  -0.16653E-15   0.00000E+00   0.12898E-02
  9.508   9.656    0.00000E+00  -0.19706E-14   0.00000E+00   0.12212E-14   0.00000E+00   0.13082E-02
  9.605   9.705    0.00000E+00  -0.11657E-14   0.00000E+00   0.14988E-14   0.00000E+00   0.12774E-02
  9.703   9.755    0.00000E+00  -0.94369E-15   0.00000E+00   0.52042E-15   0.00000E+00   0.12293E-02
  9.801   9.804    0.00000E+00  -0.88818E-15   0.00000E+00  -0.72164E-15   0.00000E+00   0.11941E-02
  9.900   9.853    0.00000E+00   0.33307E-14   0.00000E+00  -0.17208E-14   0.00000E+00   0.11992E-02
  9.999   9.902    0.00000E+00   0.19984E-14   0.00000E+00  -0.15543E-14   0.00000E+00   0.12536E-02
 10.098   9.951    0.00000E+00   0.11102E-14   0.00000E+00  -0.28866E-14   0.00000E+00   0.13243E-02
 10.199  10.001    0.00000E+00   0.36637E-14   0.00000E+00  -0.23315E-14   0.00000E+00   0.13612E-02
