  0.000   0.000    0.00000E+00   0.00000E+00   0.00000E+00   0.00000E+00   0.00000E+00   0.00000E+00
 -1.000  -1.000    0.00000E+00   0.00000E+00   0.00000E+00   0.00000E+00   0.00000E+00   0.00000E+00
  0.004   0.200    0.12557E-01   0.00000E+00  -0.20689E-12   0.00000E+00   0.15343E-01   0.00000E+00
  0.006   0.249    0.58495E-01   0.00000E+00   0.21480E-12   0.00000E+00   0.71261E-01   0.00000E+00
  0.009   0.298    0.20609E+00   0.00000E+00   0.16454E-12   0.00000E+00   0.25017E+00   0.00000E+00
  0.012   0.348    0.59822E+00   0.00000E+00  -0.74540E-12   0.00000E+00   0.72311E+00   0.00000E+00
  0.016   0.397    0.15061E+01   0.00000E+00  -0.10596E-11   0.00000E+00   0.18117E+01   0.00000E+00
  0.020   0.446    0.34000E+01   0.00000E+00  -0.14653E-11   0.00000E+00   0.40675E+01   0.00000E+00
  0.025   0.495    0.70409E+01   0.00000E+00  -0.77938E-13   0.00000E+00   0.83719E+01   0.00000E+00
  0.030   0.545    0.13595E+02   0.00000E+00  -0.18343E-11   0.00000E+00   0.16056E+02   0.00000E+00
  0.036   0.594    0.24771E+02   0.00000E+00   0.36625E-11   0.00000E+00   0.29042E+02   0.00000E+00
  0.042   0.643    0.42985E+02   0.00000E+00   0.11904E-11   0.00000E+00   0.49998E+02   0.00000E+00
  0.049   0.693    0.71544E+02   0.00000E+00   0.12532E-11   0.00000E+00   0.82511E+02   0.00000E+00
  0.056   0.742    0.11486E+03   0.00000E+00   0.15967E-11   0.00000E+00   0.13126E+03   0.00000E+00
  0.064   0.791    0.17866E+03   0.00000E+00  -0.72664E-11   0.00000E+00   0.20222E+03   0.00000E+00
  0.072   0.840    0.27026E+03   0.00000E+00   0.28659E-11   0.00000E+00   0.30278E+03   0.00000E+00
  0.081   0.889    0.39877E+03   0.00000E+00  -0.23646E-11   0.00000E+00   0.44196E+03   0.00000E+00
  0.090   0.939    0.57533E+03   0.00000E+00   0.73230E-11   0.00000E+00   0.63045E+03   0.00000E+00
  0.100   0.988    0.81329E+03   0.00000E+00  -0.15672E-11   0.00000E+00   0.88068E+03   0.00000E+00
  0.110   1.037    0.11283E+04   0.00000E+00  -0.50604E-11   0.00000E+00   0.12068E+04   0.00000E+00
  0.120   1.087    0.15384E+04   0.00000E+00  -0.37121E-11   0.00000E+00   0.16242E+04   0.00000E+00
  0.132   1.136    0.20635E+04   0.00000E+00   0.39120E-11   0.00000E+00   0.21496E+04   0.00000E+00
  0.143   1.185    0.27253E+04   0.00000E+00   0.26176E-10   0.00000E+00   0.28000E+04   0.00000E+00
  0.155   1.234    0.35464E+04   0.00000E+00   0.78710E-11   0.00000E+00   0.35918E+04   0.00000E+00
  0.168   1.284    0.45491E+04   0.00000E+00  -0.11209E-11   0.00000E+00   0.45397E+04   0.00000E+00
  0.181   1.333    0.57539E+04   0.00000E+00  -0.11082E-10   0.00000E+00   0.56552E+04   0.00000E+00
  0.195   1.382    0.71772E+04   0.00000E+00   0.17415E-10   0.00000E+00   0.69447E+04   0.00000E+00
  0.209   1.431    0.88297E+04   0.00000E+00   0.58584E-11   0.00000E+00   0.84077E+04   0.00000E+00
  0.224   1.480    0.10713E+05   0.00000E+00   0.40536E-11   0.00000E+00   0.10035E+05   0.00000E+00
  0.239   1.530    0.12820E+05   0.00000E+00   0.25043E-10   0.00000E+00   0.11808E+05   0.00000E+00
  0.254   1.579    0.15128E+05   0.00000E+00   0.25640E-10   0.00000E+00   0.13698E+05   0.00000E+00
  0.270   1.628    0.17606E+05   0.00000E+00   0.16975E-10   0.00000E+00   0.15664E+05   0.00000E+00
  0.287   1.677    0.20208E+05   0.00000E+00  -0.68381E-11   0.00000E+00   0.17662E+05   0.00000E+00
  0.304   1.727    0.22881E+05   0.00000E+00  -0.13933E-10   0.00000E+00   0.19639E+05   0.00000E+00
  0.322   1.776    0.25565E+05   0.00000E+00  -0.10116E-11   0.00000E+00   0.21542E+05   0.00000E+00
  0.340   1.825    0.28198E+05   0.00000E+00   0.27817E-10   0.00000E+00   0.23322E+05   0.00000E+00
  0.358   1.875    0.30724E+05   0.00000E+00  -0.43885E-11   0.00000E+00   0.24935E+05   0.00000E+00
  0.377   1.924    0.33092E+05   0.00000E+00   0.63700E-11   0.00000E+00   0.26347E+05   0.00000E+00
  0.397   1.973    0.35260E+05   0.00000E+00  -0.31433E-11   0.00000E+00   0.27536E+05   0.00000E+00
  0.417   2.022    0.37198E+05   0.00000E+00  -0.11987E-10   0.00000E+00   0.28490E+05   0.00000E+00
  0.438   2.072    0.38889E+05   0.00000E+00  -0.17272E-10   0.00000E+00   0.29207E+05   0.00000E+00
  0.459   2.121    0.40326E+05   0.00000E+00   0.96527E-11   0.00000E+00   0.29695E+05   0.00000E+00
  0.480   2.170    0.41511E+05   0.00000E+00  -0.21668E-10   0.00000E+00   0.29968E+05   0.00000E+00
  0.502   2.219    0.42452E+05   0.00000E+00   0.26716E-11   0.00000E+00   0.30045E+05   0.00000E+00
  0.525   2.269    0.43166E+05   0.00000E+00  -0.40519E-11   0.00000E+00   0.29949E+05   0.00000E+00
  0.548   2.318    0.43669E+05   0.00000E+00   0.43663E-11   0.00000E+00   0.29700E+05   0.00000E+00
  0.571   2.367    0.43981E+05   0.00000E+00  -0.32241E-11   0.00000E+00   0.29324E+05   0.00000E+00
  0.595   2.416    0.44124E+05   0.00000E+00   0.14193E-11   0.00000E+00   0.28841E+05   0.00000E+00
  0.620   2.466    0.44117E+05   0.00000E+00   0.13589E-12   0.00000E+00   0.28271E+05   0.00000E+00
  0.645   2.515    0.43979E+05   0.00000E+00   0.12347E-10   0.00000E+00   0.27632E+05   0.00000E+00
  0.670   2.564    0.43728E+05   0.00000E+00  -0.58158E-11   0.00000E+00   0.26941E+05   0.00000E+00
  0.696   2.613    0.43381E+05   0.00000E+00   0.83062E-11   0.00000E+00   0.26212E+05   0.00000E+00
  0.723   2.663    0.42950E+05   0.00000E+00   0.24336E-12   0.00000E+00   0.25457E+05   0.00000E+00
  0.750   2.712    0.42451E+05   0.00000E+00   0.11073E-10   0.00000E+00   0.24685E+05   0.00000E+00
  0.777   2.761    0.41893E+05   0.00000E+00   0.18149E-10   0.00000E+00   0.23906E+05   0.00000E+00
  0.805   2.810    0.41288E+05   0.00000E+00   0.54841E-11   0.00000E+00   0.23127E+05   0.00000E+00
  0.834   2.860    0.40642E+05   0.00000E+00   0.24549E-11   0.00000E+00   0.22354E+05   0.00000E+00
  0.863   2.909    0.39966E+05   0.00000E+00   0.52074E-11   0.00000E+00   0.21592E+05   0.00000E+00
  0.892   2.958    0.39264E+05   0.00000E+00   0.56986E-11   0.00000E+00   0.20843E+05   0.00000E+00
  0.922   3.007    0.38543E+05   0.00000E+00   0.16613E-10   0.00000E+00   0.20113E+05   0.00000E+00
  0.953   3.057    0.37807E+05   0.00000E+00   0.17837E-10   0.00000E+00   0.19402E+05   0.00000E+00
  0.984   3.106    0.37061E+05   0.00000E+00   0.22086E-10   0.00000E+00   0.18713E+05   0.00000E+00
  1.015   3.155    0.36309E+05   0.00000E+00   0.35389E-11   0.00000E+00   0.18047E+05   0.00000E+00
  1.047   3.204    0.35553E+05   0.00000E+00   0.38245E-11   0.00000E+00   0.17406E+05   0.00000E+00
  1.079   3.254    0.34798E+05   0.00000E+00   0.27666E-10   0.00000E+00   0.16789E+05   0.00000E+00
  1.112   3.303    0.34045E+05   0.00000E+00   0.22882E-10   0.00000E+00   0.16199E+05   0.00000E+00
  1.146   3.352    0.33299E+05   0.00000E+00   0.25389E-10   0.00000E+00   0.15635E+05   0.00000E+00
  1.180   3.401    0.32561E+05   0.00000E+00   0.39037E-10   0.00000E+00   0.15099E+05   0.00000E+00
  1.214   3.451    0.31837E+05   0.00000E+00   0.47466E-10   0.00000E+00   0.14595E+05   0.00000E+00
  1.249   3.500    0.31134E+05   0.00000E+00   0.49915E-10   0.00000E+00   0.14131E+05   0.00000E+00
  1.284   3.549    0.30474E+05   0.00000E+00   0.93674E-10   0.00000E+00   0.13741E+05   0.00000E+00
  1.320   3.598    0.29521E+05   0.00000E+00   0.35238E-09   0.00000E+00   0.13558E+05   0.00000E+00
  1.357   3.648    0.27847E+05   0.00000E+00  -0.16959E-09   0.00000E+00   0.11874E+05   0.00000E+00
  1.394   3.697    0.27835E+05   0.00000E+00  -0.68802E-10   0.00000E+00   0.11939E+05   0.00000E+00
  1.431   3.746    0.27273E+05   0.00000E+00  -0.37674E-10   0.00000E+00   0.11641E+05   0.00000E+00
  1.469   3.795    0.26648E+05   0.00000E+00  -0.24908E-10   0.00000E+00   0.11304E+05   0.00000E+00
  1.507   3.845    0.26011E+05   0.00000E+00  -0.18434E-10   0.00000E+00   0.10965E+05   0.00000E+00
  1.546   3.894    0.25376E+05   0.00000E+00  -0.17608E-10   0.00000E+00   0.10636E+05   0.00000E+00
  1.585   3.943    0.24748E+05   0.00000E+00  -0.10676E-10   0.00000E+00   0.10317E+05   0.00000E+00
  1.625   3.992    0.24130E+05   0.00000E+00  -0.96571E-11   0.00000E+00   0.10012E+05   0.00000E+00
  1.666   4.042    0.23522E+05   0.00000E+00  -0.44760E-11   0.00000E+00   0.97198E+04   0.00000E+00
  1.706   4.091    0.22925E+05   0.00000E+00  -0.26823E-11   0.00000E+00   0.94403E+04   0.00000E+00
  1.748   4.140    0.22341E+05   0.00000E+00  -0.16399E-11   0.00000E+00   0.91732E+04   0.00000E+00
  1.790   4.189    0.21767E+05   0.00000E+00  -0.55500E-12   0.00000E+00   0.89180E+04   0.00000E+00
  1.832   4.239    0.21206E+05   0.00000E+00   0.83089E-12   0.00000E+00   0.86742E+04   0.00000E+00
  1.875   4.288    0.20656E+05   0.00000E+00   0.73241E-12   0.00000E+00   0.84411E+04   0.00000E+00
  1.918   4.337    0.20117E+05   0.00000E+00   0.18733E-11   0.00000E+00   0.82180E+04   0.00000E+00
  1.962   4.386    0.19589E+05   0.00000E+00   0.57715E-11   0.00000E+00   0.80044E+04   0.00000E+00
  2.006   4.436    0.19071E+05   0.00000E+00   0.80863E-11   0.00000E+00   0.77996E+04   0.00000E+00
  2.051   4.485    0.18561E+05   0.00000E+00   0.71950E-11   0.00000E+00   0.76025E+04   0.00000E+00
  2.096   4.534    0.18057E+05   0.00000E+00   0.10158E-10   0.00000E+00   0.74122E+04   0.00000E+00
  2.142   4.583    0.17553E+05   0.00000E+00   0.10850E-10   0.00000E+00   0.72267E+04   0.00000E+00
  2.188   4.633    0.17036E+05   0.00000E+00   0.18233E-10   0.00000E+00   0.70421E+04   0.00000E+00
  2.235   4.682    0.16463E+05   0.00000E+00   0.25244E-10   0.00000E+00   0.68454E+04   0.00000E+00
  2.282   4.731    0.15607E+05   0.00000E+00   0.49637E-10   0.00000E+00   0.65636E+04   0.00000E+00
  2.330   4.780    0.89088E+04   0.00000E+00   0.13978E-09   0.00000E+00   0.40700E+04   0.00000E+00
  2.378   4.830    0.15058E+05   0.00000E+00  -0.71036E-10   0.00000E+00   0.60874E+04   0.00000E+00
  2.427   4.879    0.15171E+05   0.00000E+00  -0.30937E-10   0.00000E+00   0.62596E+04   0.00000E+00
  2.476   4.928    0.14799E+05   0.00000E+00  -0.17090E-10   0.00000E+00   0.61609E+04   0.00000E+00
  2.526   4.977    0.14406E+05   0.00000E+00  -0.12298E-10   0.00000E+00   0.60380E+04   0.00000E+00
  2.576   5.027    0.14021E+05   0.00000E+00  -0.84513E-11   0.00000E+00   0.59121E+04   0.00000E+00
  2.627   5.076    0.13646E+05   0.00000E+00  -0.67584E-11   0.00000E+00   0.57872E+04   0.00000E+00
  2.678   5.125    0.13280E+05   0.00000E+00  -0.38445E-11   0.00000E+00   0.56644E+04   0.00000E+00
  2.730   5.174    0.12924E+05   0.00000E+00  -0.27469E-11   0.00000E+00   0.55436E+04   0.00000E+00
  2.782   5.224    0.12577E+05   0.00000E+00  -0.13667E-11   0.00000E+00   0.54245E+04   0.00000E+00
  2.835   5.273    0.12236E+05   0.00000E+00  -0.58314E-13   0.00000E+00   0.53067E+04   0.00000E+00
  2.888   5.322    0.11901E+05   0.00000E+00   0.81823E-12   0.00000E+00   0.51895E+04   0.00000E+00
  2.942   5.371    0.11571E+05   0.00000E+00   0.31553E-11   0.00000E+00   0.50718E+04   0.00000E+00
  2.996   5.421    0.11242E+05   0.00000E+00   0.38493E-11   0.00000E+00   0.49523E+04   0.00000E+00
  3.051   5.470    0.10911E+05   0.00000E+00   0.54595E-11   0.00000E+00   0.48283E+04   0.00000E+00
  3.106   5.519    0.10570E+05   0.00000E+00   0.57737E-11   0.00000E+00   0.46958E+04   0.00000E+00
  3.162   5.568    0.10204E+05   0.00000E+00   0.82918E-11   0.00000E+00   0.45458E+04   0.00000E+00
  3.218   5.618    0.97756E+04   0.00000E+00   0.12587E-10   0.00000E+00   0.43572E+04   0.00000E+00
  3.275   5.667    0.91638E+04   0.00000E+00   0.17408E-10   0.00000E+00   0.40622E+04   0.00000E+00
  3.332   5.716    0.76884E+04   0.00000E+00   0.31814E-10   0.00000E+00   0.32999E+04   0.00000E+00
  3.389   5.765   -0.48745E+03   0.00000E+00   0.15051E-10   0.00000E+00  -0.33500E+03   0.00000E+00
  3.447   5.815    0.94781E+04   0.00000E+00  -0.34667E-10   0.00000E+00   0.46458E+04   0.00000E+00
  3.506   5.864    0.94539E+04   0.00000E+00  -0.16049E-10   0.00000E+00   0.45482E+04   0.00000E+00
  3.565   5.913    0.91597E+04   0.00000E+00  -0.10122E-10   0.00000E+00   0.43906E+04   0.00000E+00
  3.625   5.962    0.88737E+04   0.00000E+00  -0.64184E-11   0.00000E+00   0.42551E+04   0.00000E+00
  3.685   6.012    0.86049E+04   0.00000E+00  -0.49001E-11   0.00000E+00   0.41340E+04   0.00000E+00
  3.746   6.061    0.83490E+04   0.00000E+00  -0.27220E-11   0.00000E+00   0.40211E+04   0.00000E+00
  3.807   6.110    0.81015E+04   0.00000E+00  -0.16622E-11   0.00000E+00   0.39126E+04   0.00000E+00
  3.868   6.159    0.78587E+04   0.00000E+00  -0.43793E-12   0.00000E+00   0.38054E+04   0.00000E+00
  3.931   6.209    0.76169E+04   0.00000E+00   0.50995E-12   0.00000E+00   0.36971E+04   0.00000E+00
  3.993   6.258    0.73715E+04   0.00000E+00   0.15660E-11   0.00000E+00   0.35846E+04   0.00000E+00
  4.056   6.307    0.71157E+04   0.00000E+00   0.24721E-11   0.00000E+00   0.34638E+04   0.00000E+00
  4.120   6.356    0.68380E+04   0.00000E+00   0.36344E-11   0.00000E+00   0.33274E+04   0.00000E+00
  4.184   6.406    0.65145E+04   0.00000E+00   0.56032E-11   0.00000E+00   0.31607E+04   0.00000E+00
  4.249   6.455    0.60873E+04   0.00000E+00   0.77768E-11   0.00000E+00   0.29288E+04   0.00000E+00
  4.314   6.504    0.53694E+04   0.00000E+00   0.11385E-10   0.00000E+00   0.25215E+04   0.00000E+00
  4.379   6.553    0.34236E+04   0.00000E+00   0.20632E-10   0.00000E+00   0.14163E+04   0.00000E+00
  4.445   6.603    0.45301E+03   0.00000E+00  -0.40852E-11   0.00000E+00   0.29388E+03   0.00000E+00
  4.512   6.652    0.66286E+04   0.00000E+00  -0.17759E-10   0.00000E+00   0.36431E+04   0.00000E+00
  4.579   6.701    0.66545E+04   0.00000E+00  -0.99866E-11   0.00000E+00   0.35569E+04   0.00000E+00
  4.646   6.750    0.63987E+04   0.00000E+00  -0.63475E-11   0.00000E+00   0.33860E+04   0.00000E+00
  4.714   6.800    0.61506E+04   0.00000E+00  -0.39294E-11   0.00000E+00   0.32406E+04   0.00000E+00
  4.783   6.849    0.59206E+04   0.00000E+00  -0.23856E-11   0.00000E+00   0.31134E+04   0.00000E+00
  4.852   6.898    0.57016E+04   0.00000E+00  -0.94774E-12   0.00000E+00   0.29961E+04   0.00000E+00
  4.922   6.947    0.54861E+04   0.00000E+00  -0.81485E-12   0.00000E+00   0.28824E+04   0.00000E+00
  4.992   6.997    0.52665E+04   0.00000E+00   0.21400E-12   0.00000E+00   0.27670E+04   0.00000E+00
  5.062   7.046    0.50331E+04   0.00000E+00   0.11814E-11   0.00000E+00   0.26441E+04   0.00000E+00
  5.133   7.095    0.47705E+04   0.00000E+00   0.26380E-11   0.00000E+00   0.25045E+04   0.00000E+00
  5.205   7.144    0.44488E+04   0.00000E+00   0.37000E-11   0.00000E+00   0.23310E+04   0.00000E+00
  5.277   7.194    0.39976E+04   0.00000E+00   0.54589E-11   0.00000E+00   0.20838E+04   0.00000E+00
  5.349   7.243    0.32068E+04   0.00000E+00   0.80896E-11   0.00000E+00   0.16452E+04   0.00000E+00
  5.422   7.292    0.12621E+04   0.00000E+00   0.12934E-10   0.00000E+00   0.57032E+03   0.00000E+00
  5.496   7.341    0.37195E+03   0.00000E+00  -0.22097E-11   0.00000E+00   0.21718E+03   0.00000E+00
  5.570   7.391    0.49257E+04   0.00000E+00  -0.10694E-10   0.00000E+00   0.27444E+04   0.00000E+00
  5.644   7.440    0.50775E+04   0.00000E+00  -0.71740E-11   0.00000E+00   0.28015E+04   0.00000E+00
  5.719   7.489    0.48471E+04   0.00000E+00  -0.43502E-11   0.00000E+00   0.26669E+04   0.00000E+00
  5.795   7.538    0.46066E+04   0.00000E+00  -0.29278E-11   0.00000E+00   0.25344E+04   0.00000E+00
  5.871   7.588    0.43789E+04   0.00000E+00  -0.13883E-11   0.00000E+00   0.24126E+04   0.00000E+00
  5.947   7.637    0.41568E+04   0.00000E+00  -0.47168E-12   0.00000E+00   0.22960E+04   0.00000E+00
  6.024   7.686    0.39289E+04   0.00000E+00   0.20120E-12   0.00000E+00   0.21781E+04   0.00000E+00
  6.101   7.735    0.36808E+04   0.00000E+00   0.94866E-12   0.00000E+00   0.20509E+04   0.00000E+00
  6.179   7.785    0.33892E+04   0.00000E+00   0.19380E-11   0.00000E+00   0.19022E+04   0.00000E+00
  6.258   7.834    0.30083E+04   0.00000E+00   0.31122E-11   0.00000E+00   0.17078E+04   0.00000E+00
  6.337   7.883    0.24285E+04   0.00000E+00   0.46527E-11   0.00000E+00   0.14098E+04   0.00000E+00
  6.416   7.932    0.13383E+04   0.00000E+00   0.72059E-11   0.00000E+00   0.83975E+03   0.00000E+00
  6.496   7.982   -0.67750E+03   0.00000E+00   0.77488E-11   0.00000E+00  -0.26966E+03   0.00000E+00
  6.576   8.031    0.22497E+04   0.00000E+00  -0.67192E-11   0.00000E+00   0.11640E+04   0.00000E+00
  6.657   8.080    0.40475E+04   0.00000E+00  -0.64853E-11   0.00000E+00   0.21710E+04   0.00000E+00
  6.739   8.129    0.39992E+04   0.00000E+00  -0.44580E-11   0.00000E+00   0.21832E+04   0.00000E+00
  6.821   8.178    0.37644E+04   0.00000E+00  -0.26470E-11   0.00000E+00   0.20816E+04   0.00000E+00
  6.903   8.228    0.35198E+04   0.00000E+00  -0.14933E-11   0.00000E+00   0.19693E+04   0.00000E+00
  6.986   8.277    0.32766E+04   0.00000E+00  -0.69733E-12   0.00000E+00   0.18561E+04   0.00000E+00
  7.069   8.326    0.30234E+04   0.00000E+00   0.12606E-12   0.00000E+00   0.17379E+04   0.00000E+00
  7.153   8.375    0.27404E+04   0.00000E+00   0.89075E-12   0.00000E+00   0.16058E+04   0.00000E+00
  7.238   8.425    0.23942E+04   0.00000E+00   0.17424E-11   0.00000E+00   0.14438E+04   0.00000E+00
  7.322   8.474    0.19179E+04   0.00000E+00   0.29471E-11   0.00000E+00   0.12184E+04   0.00000E+00
  7.408   8.523    0.11577E+04   0.00000E+00   0.43573E-11   0.00000E+00   0.84879E+03   0.00000E+00
  7.494   8.572   -0.16102E+03   0.00000E+00   0.58423E-11   0.00000E+00   0.16228E+03   0.00000E+00
  7.580   8.622   -0.29963E+03   0.00000E+00   0.10616E-11   0.00000E+00  -0.12423E+03   0.00000E+00
  7.667   8.671    0.27827E+04   0.00000E+00  -0.52620E-11   0.00000E+00   0.13597E+04   0.00000E+00
  7.754   8.720    0.33625E+04   0.00000E+00  -0.40659E-11   0.00000E+00   0.17440E+04   0.00000E+00
  7.842   8.769    0.32088E+04   0.00000E+00  -0.26375E-11   0.00000E+00   0.17256E+04   0.00000E+00
  7.930   8.819    0.29576E+04   0.00000E+00  -0.15696E-11   0.00000E+00   0.16372E+04   0.00000E+00
  8.019   8.868    0.26909E+04   0.00000E+00  -0.76936E-12   0.00000E+00   0.15319E+04   0.00000E+00
  8.109   8.917    0.24078E+04   0.00000E+00   0.13441E-13   0.00000E+00   0.14151E+04   0.00000E+00
  8.198   8.966    0.20868E+04   0.00000E+00   0.77217E-12   0.00000E+00   0.12791E+04   0.00000E+00
  8.289   9.016    0.16879E+04   0.00000E+00   0.16485E-11   0.00000E+00   0.11060E+04   0.00000E+00
  8.379   9.065    0.11338E+04   0.00000E+00   0.26305E-11   0.00000E+00   0.85734E+03   0.00000E+00
  8.471   9.114    0.28385E+03   0.00000E+00   0.38432E-11   0.00000E+00   0.45152E+03   0.00000E+00
  8.563   9.163   -0.75031E+03   0.00000E+00   0.37971E-11   0.00000E+00  -0.13845E+03   0.00000E+00
  8.655   9.213    0.54297E+03   0.00000E+00  -0.12258E-11   0.00000E+00   0.21865E+03   0.00000E+00
  8.748   9.262    0.25529E+04   0.00000E+00  -0.39174E-11   0.00000E+00   0.11939E+04   0.00000E+00
  8.841   9.311    0.28127E+04   0.00000E+00  -0.28995E-11   0.00000E+00   0.14167E+04   0.00000E+00
  8.935   9.361    0.26215E+04   0.00000E+00  -0.18420E-11   0.00000E+00   0.13916E+04   0.00000E+00
  9.029   9.410    0.23469E+04   0.00000E+00  -0.99191E-12   0.00000E+00   0.13058E+04   0.00000E+00
  9.124   9.459    0.20427E+04   0.00000E+00  -0.25065E-12   0.00000E+00   0.11960E+04   0.00000E+00
  9.219   9.508    0.16989E+04   0.00000E+00   0.53449E-12   0.00000E+00   0.10630E+04   0.00000E+00
  9.315   9.557    0.12804E+04   0.00000E+00   0.11044E-11   0.00000E+00   0.89265E+03   0.00000E+00
  9.411   9.607    0.72289E+03   0.00000E+00   0.20621E-11   0.00000E+00   0.65274E+03   0.00000E+00
  9.508   9.656   -0.55360E+02   0.00000E+00   0.28715E-11   0.00000E+00   0.28680E+03   0.00000E+00
  9.605   9.705   -0.77679E+03   0.00000E+00   0.27354E-11   0.00000E+00  -0.15525E+03   0.00000E+00
  9.703   9.755    0.39888E+03   0.00000E+00  -0.75984E-12   0.00000E+00   0.14890E+03   0.00000E+00
  9.801   9.804    0.20948E+04   0.00000E+00  -0.27883E-11   0.00000E+00   0.92466E+03   0.00000E+00
  9.900   9.853    0.23937E+04   0.00000E+00  -0.22756E-11   0.00000E+00   0.11585E+04   0.00000E+00
  9.999   9.902    0.22150E+04   0.00000E+00  -0.14187E-11   0.00000E+00   0.11498E+04   0.00000E+00
 10.098   9.951    0.19227E+04   0.00000E+00  -0.73461E-12   0.00000E+00   0.10675E+04   0.00000E+00
 10.199  10.001    0.15818E+04   0.00000E+00  -0.34760E-13   0.00000E+00   0.95120E+03   0.00000E+00
