  0.000   0.000    0.00000E+00   0.00000E+00   0.00000E+00   0.00000E+00   0.00000E+00   0.00000E+00
 -1.000  -1.000    0.00000E+00   0.00000E+00   0.00000E+00   0.00000E+00   0.00000E+00   0.00000E+00
  0.004   0.200    0.00000E+00   0.12557E-01   0.00000E+00  -0.15343E-01   0.00000E+00   0.78814E-20
  0.006   0.249    0.00000E+00   0.58495E-01   0.00000E+00  -0.71261E-01   0.00000E+00  -0.31858E-19
  0.009   0.298    0.00000E+00   0.20609E+00   0.00000E+00  -0.25016E+00   0.00000E+00  -0.45748E-19
  0.012   0.348    0.00000E+00   0.59822E+00   0.00000E+00  -0.72310E+00   0.00000E+00   0.26244E-18
  0.016   0.397    0.00000E+00   0.15061E+01   0.00000E+00  -0.18117E+01   0.00000E+00   0.13389E-18
  0.020   0.446    0.00000E+00   0.34000E+01   0.00000E+00  -0.40675E+01   0.00000E+00   0.30801E-18
  0.025   0.495    0.00000E+00   0.70409E+01   0.00000E+00  -0.83718E+01   0.00000E+00   0.64982E-18
  0.030   0.545    0.00000E+00   0.13595E+02   0.00000E+00  -0.16056E+02   0.00000E+00  -0.11681E-17
  0.036   0.594    0.00000E+00   0.24771E+02   0.00000E+00  -0.29042E+02   0.00000E+00   0.41856E-17
  0.042   0.643    0.00000E+00   0.42985E+02   0.00000E+00  -0.49998E+02   0.00000E+00   0.39945E-17
  0.049   0.693    0.00000E+00   0.71543E+02   0.00000E+00  -0.82511E+02   0.00000E+00   0.84850E-17
  0.056   0.742    0.00000E+00   0.11486E+03   0.00000E+00  -0.13126E+03   0.00000E+00   0.35377E-17
  0.064   0.791    0.00000E+00   0.17866E+03   0.00000E+00  -0.20222E+03   0.00000E+00   0.12669E-16
  0.072   0.840    0.00000E+00   0.27026E+03   0.00000E+00  -0.30278E+03   0.00000E+00  -0.27959E-18
  0.081   0.889    0.00000E+00   0.39877E+03   0.00000E+00  -0.44196E+03   0.00000E+00   0.67998E-16
  0.090   0.939    0.00000E+00   0.57533E+03   0.00000E+00  -0.63045E+03   0.00000E+00   0.24354E-16
  0.100   0.988    0.00000E+00   0.81329E+03   0.00000E+00  -0.88068E+03   0.00000E+00   0.72275E-16
  0.110   1.037    0.00000E+00   0.11283E+04   0.00000E+00  -0.12068E+04   0.00000E+00   0.68270E-16
  0.120   1.087    0.00000E+00   0.15383E+04   0.00000E+00  -0.16242E+04   0.00000E+00   0.14824E-15
  0.132   1.136    0.00000E+00   0.20634E+04   0.00000E+00  -0.21496E+04   0.00000E+00   0.40141E-16
  0.143   1.185    0.00000E+00   0.27253E+04   0.00000E+00  -0.28000E+04   0.00000E+00   0.26369E-15
  0.155   1.234    0.00000E+00   0.35464E+04   0.00000E+00  -0.35918E+04   0.00000E+00   0.11776E-15
  0.168   1.284    0.00000E+00   0.45491E+04   0.00000E+00  -0.45397E+04   0.00000E+00   0.31760E-15
  0.181   1.333    0.00000E+00   0.57538E+04   0.00000E+00  -0.56552E+04   0.00000E+00  -0.10270E-15
  0.195   1.382    0.00000E+00   0.71772E+04   0.00000E+00  -0.69447E+04   0.00000E+00   0.87400E-15
  0.209   1.431    0.00000E+00   0.88296E+04   0.00000E+00  -0.84077E+04   0.00000E+00  -0.39233E-15
  0.224   1.480    0.00000E+00   0.10713E+05   0.00000E+00  -0.10035E+05   0.00000E+00  -0.15926E-15
  0.239   1.530    0.00000E+00   0.12820E+05   0.00000E+00  -0.11808E+05   0.00000E+00   0.20563E-14
  0.254   1.579    0.00000E+00   0.15128E+05   0.00000E+00  -0.13697E+05   0.00000E+00   0.62504E-15
  0.270   1.628    0.00000E+00   0.17606E+05   0.00000E+00  -0.15664E+05   0.00000E+00   0.12032E-14
  0.287   1.677    0.00000E+00   0.20208E+05   0.00000E+00  -0.17662E+05   0.00000E+00  -0.15253E-14
  0.304   1.727    0.00000E+00   0.22881E+05   0.00000E+00  -0.19639E+05   0.00000E+00  -0.23645E-14
  0.322   1.776    0.00000E+00   0.25564E+05   0.00000E+00  -0.21542E+05   0.00000E+00   0.28957E-14
  0.340   1.825    0.00000E+00   0.28198E+05   0.00000E+00  -0.23321E+05   0.00000E+00  -0.55407E-15
  0.358   1.875    0.00000E+00   0.30724E+05   0.00000E+00  -0.24935E+05   0.00000E+00  -0.10909E-14
  0.377   1.924    0.00000E+00   0.33092E+05   0.00000E+00  -0.26347E+05   0.00000E+00   0.15437E-14
  0.397   1.973    0.00000E+00   0.35259E+05   0.00000E+00  -0.27536E+05   0.00000E+00   0.21246E-14
  0.417   2.022    0.00000E+00   0.37198E+05   0.00000E+00  -0.28490E+05   0.00000E+00   0.38190E-14
  0.438   2.072    0.00000E+00   0.38889E+05   0.00000E+00  -0.29207E+05   0.00000E+00   0.26301E-15
  0.459   2.121    0.00000E+00   0.40326E+05   0.00000E+00  -0.29695E+05   0.00000E+00   0.39298E-14
  0.480   2.170    0.00000E+00   0.41510E+05   0.00000E+00  -0.29968E+05   0.00000E+00  -0.15875E-15
  0.502   2.219    0.00000E+00   0.42452E+05   0.00000E+00  -0.30045E+05   0.00000E+00   0.61708E-14
  0.525   2.269    0.00000E+00   0.43165E+05   0.00000E+00  -0.29949E+05   0.00000E+00  -0.92648E-15
  0.548   2.318    0.00000E+00   0.43668E+05   0.00000E+00  -0.29700E+05   0.00000E+00   0.46063E-14
  0.571   2.367    0.00000E+00   0.43981E+05   0.00000E+00  -0.29324E+05   0.00000E+00   0.35135E-14
  0.595   2.416    0.00000E+00   0.44124E+05   0.00000E+00  -0.28841E+05   0.00000E+00  -0.84672E-15
  0.620   2.466    0.00000E+00   0.44117E+05   0.00000E+00  -0.28271E+05   0.00000E+00   0.24063E-14
  0.645   2.515    0.00000E+00   0.43979E+05   0.00000E+00  -0.27632E+05   0.00000E+00   0.20205E-15
  0.670   2.564    0.00000E+00   0.43728E+05   0.00000E+00  -0.26941E+05   0.00000E+00   0.64441E-14
  0.696   2.613    0.00000E+00   0.43380E+05   0.00000E+00  -0.26212E+05   0.00000E+00   0.32621E-14
  0.723   2.663    0.00000E+00   0.42950E+05   0.00000E+00  -0.25457E+05   0.00000E+00   0.37997E-14
  0.750   2.712    0.00000E+00   0.42451E+05   0.00000E+00  -0.24685E+05   0.00000E+00   0.14213E-14
  0.777   2.761    0.00000E+00   0.41893E+05   0.00000E+00  -0.23906E+05   0.00000E+00   0.19048E-14
  0.805   2.810    0.00000E+00   0.41287E+05   0.00000E+00  -0.23127E+05   0.00000E+00   0.78583E-15
  0.834   2.860    0.00000E+00   0.40642E+05   0.00000E+00  -0.22354E+05   0.00000E+00  -0.35970E-15
  0.863   2.909    0.00000E+00   0.39966E+05   0.00000E+00  -0.21592E+05   0.00000E+00   0.30881E-14
  0.892   2.958    0.00000E+00   0.39264E+05   0.00000E+00  -0.20844E+05   0.00000E+00   0.30538E-14
  0.922   3.007    0.00000E+00   0.38542E+05   0.00000E+00  -0.20113E+05   0.00000E+00  -0.10013E-15
  0.953   3.057    0.00000E+00   0.37807E+05   0.00000E+00  -0.19402E+05   0.00000E+00  -0.29339E-15
  0.984   3.106    0.00000E+00   0.37061E+05   0.00000E+00  -0.18713E+05   0.00000E+00  -0.91686E-15
  1.015   3.155    0.00000E+00   0.36308E+05   0.00000E+00  -0.18047E+05   0.00000E+00   0.41281E-16
  1.047   3.204    0.00000E+00   0.35553E+05   0.00000E+00  -0.17406E+05   0.00000E+00  -0.74059E-15
  1.079   3.254    0.00000E+00   0.34798E+05   0.00000E+00  -0.16789E+05   0.00000E+00  -0.28223E-14
  1.112   3.303    0.00000E+00   0.34045E+05   0.00000E+00  -0.16199E+05   0.00000E+00  -0.27968E-14
  1.146   3.352    0.00000E+00   0.33299E+05   0.00000E+00  -0.15635E+05   0.00000E+00   0.13715E-16
  1.180   3.401    0.00000E+00   0.32561E+05   0.00000E+00  -0.15099E+05   0.00000E+00  -0.10137E-14
  1.214   3.451    0.00000E+00   0.31836E+05   0.00000E+00  -0.14595E+05   0.00000E+00  -0.32249E-14
  1.249   3.500    0.00000E+00   0.31134E+05   0.00000E+00  -0.14132E+05   0.00000E+00  -0.72402E-14
  1.284   3.549    0.00000E+00   0.30473E+05   0.00000E+00  -0.13741E+05   0.00000E+00  -0.13006E-13
  1.320   3.598    0.00000E+00   0.29517E+05   0.00000E+00  -0.13559E+05   0.00000E+00  -0.69259E-14
  1.357   3.648    0.00000E+00   0.27846E+05   0.00000E+00  -0.11873E+05   0.00000E+00   0.87737E-14
  1.394   3.697    0.00000E+00   0.27834E+05   0.00000E+00  -0.11939E+05   0.00000E+00   0.11664E-13
  1.431   3.746    0.00000E+00   0.27272E+05   0.00000E+00  -0.11641E+05   0.00000E+00   0.10986E-14
  1.469   3.795    0.00000E+00   0.26647E+05   0.00000E+00  -0.11304E+05   0.00000E+00   0.23247E-14
  1.507   3.845    0.00000E+00   0.26011E+05   0.00000E+00  -0.10965E+05   0.00000E+00  -0.77705E-15
  1.546   3.894    0.00000E+00   0.25376E+05   0.00000E+00  -0.10635E+05   0.00000E+00   0.19536E-14
  1.585   3.943    0.00000E+00   0.24748E+05   0.00000E+00  -0.10317E+05   0.00000E+00   0.13551E-14
  1.625   3.992    0.00000E+00   0.24130E+05   0.00000E+00  -0.10012E+05   0.00000E+00   0.55507E-14
  1.666   4.042    0.00000E+00   0.23522E+05   0.00000E+00  -0.97198E+04   0.00000E+00   0.11733E-14
  1.706   4.091    0.00000E+00   0.22925E+05   0.00000E+00  -0.94403E+04   0.00000E+00   0.23939E-15
  1.748   4.140    0.00000E+00   0.22340E+05   0.00000E+00  -0.91732E+04   0.00000E+00   0.30900E-16
  1.790   4.189    0.00000E+00   0.21767E+05   0.00000E+00  -0.89180E+04   0.00000E+00  -0.20075E-14
  1.832   4.239    0.00000E+00   0.21206E+05   0.00000E+00  -0.86741E+04   0.00000E+00   0.41829E-15
  1.875   4.288    0.00000E+00   0.20656E+05   0.00000E+00  -0.84410E+04   0.00000E+00   0.87961E-15
  1.918   4.337    0.00000E+00   0.20117E+05   0.00000E+00  -0.82180E+04   0.00000E+00   0.40332E-16
  1.962   4.386    0.00000E+00   0.19589E+05   0.00000E+00  -0.80044E+04   0.00000E+00   0.13921E-15
  2.006   4.436    0.00000E+00   0.19071E+05   0.00000E+00  -0.77995E+04   0.00000E+00   0.11180E-14
  2.051   4.485    0.00000E+00   0.18561E+05   0.00000E+00  -0.76025E+04   0.00000E+00  -0.55489E-15
  2.096   4.534    0.00000E+00   0.18057E+05   0.00000E+00  -0.74122E+04   0.00000E+00   0.96971E-15
  2.142   4.583    0.00000E+00   0.17553E+05   0.00000E+00  -0.72267E+04   0.00000E+00  -0.28534E-14
  2.188   4.633    0.00000E+00   0.17036E+05   0.00000E+00  -0.70420E+04   0.00000E+00   0.22703E-15
  2.235   4.682    0.00000E+00   0.16462E+05   0.00000E+00  -0.68452E+04   0.00000E+00  -0.41321E-14
  2.282   4.731    0.00000E+00   0.15607E+05   0.00000E+00  -0.65633E+04   0.00000E+00  -0.74511E-14
  2.330   4.780    0.00000E+00   0.89020E+04   0.00000E+00  -0.40671E+04   0.00000E+00  -0.11055E-13
  2.378   4.830    0.00000E+00   0.15057E+05   0.00000E+00  -0.60873E+04   0.00000E+00   0.28271E-13
  2.427   4.879    0.00000E+00   0.15171E+05   0.00000E+00  -0.62596E+04   0.00000E+00   0.79468E-14
  2.476   4.928    0.00000E+00   0.14799E+05   0.00000E+00  -0.61608E+04   0.00000E+00   0.74190E-14
  2.526   4.977    0.00000E+00   0.14406E+05   0.00000E+00  -0.60380E+04   0.00000E+00   0.16083E-14
  2.576   5.027    0.00000E+00   0.14021E+05   0.00000E+00  -0.59121E+04   0.00000E+00   0.15665E-14
  2.627   5.076    0.00000E+00   0.13645E+05   0.00000E+00  -0.57872E+04   0.00000E+00   0.58634E-15
  2.678   5.125    0.00000E+00   0.13280E+05   0.00000E+00  -0.56644E+04   0.00000E+00   0.22031E-15
  2.730   5.174    0.00000E+00   0.12924E+05   0.00000E+00  -0.55435E+04   0.00000E+00   0.96928E-15
  2.782   5.224    0.00000E+00   0.12577E+05   0.00000E+00  -0.54245E+04   0.00000E+00   0.44062E-15
  2.835   5.273    0.00000E+00   0.12236E+05   0.00000E+00  -0.53067E+04   0.00000E+00   0.14147E-14
  2.888   5.322    0.00000E+00   0.11901E+05   0.00000E+00  -0.51895E+04   0.00000E+00   0.35128E-15
  2.942   5.371    0.00000E+00   0.11571E+05   0.00000E+00  -0.50718E+04   0.00000E+00  -0.33046E-15
  2.996   5.421    0.00000E+00   0.11242E+05   0.00000E+00  -0.49522E+04   0.00000E+00  -0.16194E-14
  3.051   5.470    0.00000E+00   0.10911E+05   0.00000E+00  -0.48283E+04   0.00000E+00  -0.10764E-14
  3.106   5.519    0.00000E+00   0.10570E+05   0.00000E+00  -0.46958E+04   0.00000E+00   0.25414E-15
  3.162   5.568    0.00000E+00   0.10204E+05   0.00000E+00  -0.45458E+04   0.00000E+00  -0.30848E-14
  3.218   5.618    0.00000E+00   0.97755E+04   0.00000E+00  -0.43571E+04   0.00000E+00  -0.13214E-14
  3.275   5.667    0.00000E+00   0.91634E+04   0.00000E+00  -0.40620E+04   0.00000E+00  -0.40952E-14
  3.332   5.716    0.00000E+00   0.76875E+04   0.00000E+00  -0.32995E+04   0.00000E+00  -0.26481E-14
  3.389   5.765    0.00000E+00  -0.48661E+03   0.00000E+00   0.33429E+03   0.00000E+00  -0.11519E-14
  3.447   5.815    0.00000E+00   0.94778E+04   0.00000E+00  -0.46457E+04   0.00000E+00   0.39743E-14
  3.506   5.864    0.00000E+00   0.94538E+04   0.00000E+00  -0.45482E+04   0.00000E+00   0.11432E-14
  3.565   5.913    0.00000E+00   0.91597E+04   0.00000E+00  -0.43906E+04   0.00000E+00   0.41130E-14
  3.625   5.962    0.00000E+00   0.88736E+04   0.00000E+00  -0.42550E+04   0.00000E+00   0.14229E-14
  3.685   6.012    0.00000E+00   0.86049E+04   0.00000E+00  -0.41340E+04   0.00000E+00   0.12533E-14
  3.746   6.061    0.00000E+00   0.83489E+04   0.00000E+00  -0.40211E+04   0.00000E+00  -0.95063E-15
  3.807   6.110    0.00000E+00   0.81014E+04   0.00000E+00  -0.39126E+04   0.00000E+00  -0.47445E-15
  3.868   6.159    0.00000E+00   0.78587E+04   0.00000E+00  -0.38054E+04   0.00000E+00   0.32526E-15
  3.931   6.209    0.00000E+00   0.76169E+04   0.00000E+00  -0.36971E+04   0.00000E+00  -0.67567E-15
  3.993   6.258    0.00000E+00   0.73714E+04   0.00000E+00  -0.35846E+04   0.00000E+00  -0.97752E-15
  4.056   6.307    0.00000E+00   0.71157E+04   0.00000E+00  -0.34638E+04   0.00000E+00  -0.12022E-14
  4.120   6.356    0.00000E+00   0.68379E+04   0.00000E+00  -0.33273E+04   0.00000E+00  -0.93935E-15
  4.184   6.406    0.00000E+00   0.65144E+04   0.00000E+00  -0.31607E+04   0.00000E+00  -0.21250E-15
  4.249   6.455    0.00000E+00   0.60871E+04   0.00000E+00  -0.29287E+04   0.00000E+00  -0.23445E-14
  4.314   6.504    0.00000E+00   0.53691E+04   0.00000E+00  -0.25214E+04   0.00000E+00  -0.18709E-14
  4.379   6.553    0.00000E+00   0.34227E+04   0.00000E+00  -0.14159E+04   0.00000E+00  -0.40315E-14
  4.445   6.603    0.00000E+00   0.45441E+03   0.00000E+00  -0.29475E+03   0.00000E+00  -0.94664E-14
  4.512   6.652    0.00000E+00   0.66284E+04   0.00000E+00  -0.36429E+04   0.00000E+00   0.92313E-14
  4.579   6.701    0.00000E+00   0.66544E+04   0.00000E+00  -0.35569E+04   0.00000E+00   0.46985E-14
  4.646   6.750    0.00000E+00   0.63986E+04   0.00000E+00  -0.33860E+04   0.00000E+00   0.68175E-15
  4.714   6.800    0.00000E+00   0.61506E+04   0.00000E+00  -0.32406E+04   0.00000E+00   0.12481E-14
  4.783   6.849    0.00000E+00   0.59205E+04   0.00000E+00  -0.31134E+04   0.00000E+00   0.30358E-15
  4.852   6.898    0.00000E+00   0.57015E+04   0.00000E+00  -0.29960E+04   0.00000E+00  -0.26628E-15
  4.922   6.947    0.00000E+00   0.54861E+04   0.00000E+00  -0.28823E+04   0.00000E+00  -0.75374E-15
  4.992   6.997    0.00000E+00   0.52665E+04   0.00000E+00  -0.27670E+04   0.00000E+00  -0.14051E-15
  5.062   7.046    0.00000E+00   0.50331E+04   0.00000E+00  -0.26441E+04   0.00000E+00  -0.13193E-14
  5.133   7.095    0.00000E+00   0.47704E+04   0.00000E+00  -0.25044E+04   0.00000E+00  -0.92634E-15
  5.205   7.144    0.00000E+00   0.44486E+04   0.00000E+00  -0.23310E+04   0.00000E+00  -0.10721E-14
  5.277   7.194    0.00000E+00   0.39975E+04   0.00000E+00  -0.20838E+04   0.00000E+00  -0.13219E-14
  5.349   7.243    0.00000E+00   0.32065E+04   0.00000E+00  -0.16451E+04   0.00000E+00  -0.16185E-14
  5.422   7.292    0.00000E+00   0.12615E+04   0.00000E+00  -0.57001E+03   0.00000E+00  -0.25899E-14
  5.496   7.341    0.00000E+00   0.37298E+03   0.00000E+00  -0.21777E+03   0.00000E+00  -0.96277E-15
  5.570   7.391    0.00000E+00   0.49256E+04   0.00000E+00  -0.27443E+04   0.00000E+00   0.42084E-14
  5.644   7.440    0.00000E+00   0.50774E+04   0.00000E+00  -0.28014E+04   0.00000E+00   0.23818E-14
  5.719   7.489    0.00000E+00   0.48470E+04   0.00000E+00  -0.26669E+04   0.00000E+00   0.61236E-15
  5.795   7.538    0.00000E+00   0.46066E+04   0.00000E+00  -0.25344E+04   0.00000E+00   0.80318E-15
  5.871   7.588    0.00000E+00   0.43789E+04   0.00000E+00  -0.24125E+04   0.00000E+00  -0.64185E-16
  5.947   7.637    0.00000E+00   0.41567E+04   0.00000E+00  -0.22960E+04   0.00000E+00  -0.33827E-15
  6.024   7.686    0.00000E+00   0.39289E+04   0.00000E+00  -0.21781E+04   0.00000E+00   0.59501E-15
  6.101   7.735    0.00000E+00   0.36808E+04   0.00000E+00  -0.20509E+04   0.00000E+00  -0.28623E-15
  6.179   7.785    0.00000E+00   0.33891E+04   0.00000E+00  -0.19021E+04   0.00000E+00  -0.67307E-15
  6.258   7.834    0.00000E+00   0.30082E+04   0.00000E+00  -0.17077E+04   0.00000E+00  -0.11727E-14
  6.337   7.883    0.00000E+00   0.24283E+04   0.00000E+00  -0.14097E+04   0.00000E+00  -0.10391E-14
  6.416   7.932    0.00000E+00   0.13380E+04   0.00000E+00  -0.83958E+03   0.00000E+00   0.34694E-16
  6.496   7.982    0.00000E+00  -0.67772E+03   0.00000E+00   0.26978E+03   0.00000E+00  -0.36152E-14
  6.576   8.031    0.00000E+00   0.22503E+04   0.00000E+00  -0.11643E+04   0.00000E+00   0.38199E-14
  6.657   8.080    0.00000E+00   0.40474E+04   0.00000E+00  -0.21710E+04   0.00000E+00   0.32665E-14
  6.739   8.129    0.00000E+00   0.39991E+04   0.00000E+00  -0.21832E+04   0.00000E+00   0.75634E-15
  6.821   8.178    0.00000E+00   0.37643E+04   0.00000E+00  -0.20816E+04   0.00000E+00   0.21771E-14
  6.903   8.228    0.00000E+00   0.35198E+04   0.00000E+00  -0.19693E+04   0.00000E+00   0.13912E-14
  6.986   8.277    0.00000E+00   0.32766E+04   0.00000E+00  -0.18561E+04   0.00000E+00  -0.57940E-15
  7.069   8.326    0.00000E+00   0.30233E+04   0.00000E+00  -0.17379E+04   0.00000E+00  -0.30878E-15
  7.153   8.375    0.00000E+00   0.27403E+04   0.00000E+00  -0.16058E+04   0.00000E+00   0.17521E-15
  7.238   8.425    0.00000E+00   0.23941E+04   0.00000E+00  -0.14437E+04   0.00000E+00  -0.36429E-15
  7.322   8.474    0.00000E+00   0.19178E+04   0.00000E+00  -0.12183E+04   0.00000E+00  -0.79103E-15
  7.408   8.523    0.00000E+00   0.11575E+04   0.00000E+00  -0.84869E+03   0.00000E+00  -0.19290E-14
  7.494   8.572    0.00000E+00  -0.16132E+03   0.00000E+00  -0.16212E+03   0.00000E+00   0.26715E-15
  7.580   8.622    0.00000E+00  -0.29909E+03   0.00000E+00   0.12400E+03   0.00000E+00  -0.14606E-14
  7.667   8.671    0.00000E+00   0.27828E+04   0.00000E+00  -0.13597E+04   0.00000E+00  -0.31572E-15
  7.754   8.720    0.00000E+00   0.33624E+04   0.00000E+00  -0.17439E+04   0.00000E+00   0.69389E-17
  7.842   8.769    0.00000E+00   0.32087E+04   0.00000E+00  -0.17256E+04   0.00000E+00   0.15786E-14
  7.930   8.819    0.00000E+00   0.29575E+04   0.00000E+00  -0.16371E+04   0.00000E+00   0.70950E-15
  8.019   8.868    0.00000E+00   0.26909E+04   0.00000E+00  -0.15319E+04   0.00000E+00   0.82573E-15
  8.109   8.917    0.00000E+00   0.24077E+04   0.00000E+00  -0.14150E+04   0.00000E+00  -0.86563E-15
  8.198   8.966    0.00000E+00   0.20867E+04   0.00000E+00  -0.12790E+04   0.00000E+00   0.74593E-16
  8.289   9.016    0.00000E+00   0.16878E+04   0.00000E+00  -0.11059E+04   0.00000E+00  -0.16358E-14
  8.379   9.065    0.00000E+00   0.11337E+04   0.00000E+00  -0.85728E+03   0.00000E+00  -0.48399E-15
  8.471   9.114    0.00000E+00   0.28363E+03   0.00000E+00  -0.45142E+03   0.00000E+00   0.32960E-15
  8.563   9.163    0.00000E+00  -0.75037E+03   0.00000E+00   0.13852E+03   0.00000E+00   0.12837E-14
  8.655   9.213    0.00000E+00   0.54351E+03   0.00000E+00  -0.21888E+03   0.00000E+00   0.15751E-14
  8.748   9.262    0.00000E+00   0.25530E+04   0.00000E+00  -0.11939E+04   0.00000E+00   0.13531E-15
  8.841   9.311    0.00000E+00   0.28127E+04   0.00000E+00  -0.14167E+04   0.00000E+00   0.22898E-14
  8.935   9.361    0.00000E+00   0.26214E+04   0.00000E+00  -0.13916E+04   0.00000E+00   0.41633E-15
  9.029   9.410    0.00000E+00   0.23469E+04   0.00000E+00  -0.13058E+04   0.00000E+00  -0.66960E-15
  9.124   9.459    0.00000E+00   0.20426E+04   0.00000E+00  -0.11959E+04   0.00000E+00   0.15266E-15
  9.219   9.508    0.00000E+00   0.16988E+04   0.00000E+00  -0.10630E+04   0.00000E+00   0.13375E-14
  9.315   9.557    0.00000E+00   0.12803E+04   0.00000E+00  -0.89261E+03   0.00000E+00  -0.47878E-15
  9.411   9.607    0.00000E+00   0.72275E+03   0.00000E+00  -0.65268E+03   0.00000E+00   0.17000E-15
  9.508   9.656    0.00000E+00  -0.55528E+02   0.00000E+00  -0.28672E+03   0.00000E+00   0.14468E-14
  9.605   9.705    0.00000E+00  -0.77677E+03   0.00000E+00   0.15529E+03   0.00000E+00   0.25431E-14
  9.703   9.755    0.00000E+00   0.39934E+03   0.00000E+00  -0.14909E+03   0.00000E+00  -0.63491E-15
  9.801   9.804    0.00000E+00   0.20949E+04   0.00000E+00  -0.92474E+03   0.00000E+00   0.17000E-14
  9.900   9.853    0.00000E+00   0.23937E+04   0.00000E+00  -0.11586E+04   0.00000E+00   0.38164E-15
  9.999   9.902    0.00000E+00   0.22149E+04   0.00000E+00  -0.11498E+04   0.00000E+00   0.89859E-15
 10.098   9.951    0.00000E+00   0.19226E+04   0.00000E+00  -0.10675E+04   0.00000E+00   0.60368E-15
 10.199  10.001    0.00000E+00   0.15817E+04   0.00000E+00  -0.95118E+03   0.00000E+00   0.51001E-15
