  0.000   0.000   0.000000E+00  0.000000E+00
 -1.000  -1.000   0.000000E+00  0.000000E+00
  0.004   0.200  -0.647105E+02 -0.279626E+06
  0.006   0.249  -0.153349E+03 -0.277148E+06
  0.009   0.298  -0.308620E+03 -0.274124E+06
  0.012   0.348  -0.553884E+03 -0.270564E+06
  0.016   0.397  -0.912856E+03 -0.266483E+06
  0.020   0.446  -0.140809E+04 -0.261905E+06
  0.025   0.495  -0.205956E+04 -0.256856E+06
  0.030   0.545  -0.288336E+04 -0.251371E+06
  0.036   0.594  -0.389078E+04 -0.245487E+06
  0.042   0.643  -0.508759E+04 -0.239245E+06
  0.049   0.693  -0.647379E+04 -0.232689E+06
  0.056   0.742  -0.804365E+04 -0.225862E+06
  0.064   0.791  -0.978606E+04 -0.218808E+06
  0.072   0.840  -0.116851E+05 -0.211569E+06
  0.081   0.889  -0.137207E+05 -0.204184E+06
  0.090   0.939  -0.158697E+05 -0.196690E+06
  0.100   0.988  -0.181064E+05 -0.189119E+06
  0.110   1.037  -0.204036E+05 -0.181501E+06
  0.120   1.087  -0.227336E+05 -0.173862E+06
  0.132   1.136  -0.250690E+05 -0.166228E+06
  0.143   1.185  -0.273828E+05 -0.158621E+06
  0.155   1.234  -0.296497E+05 -0.151059E+06
  0.168   1.284  -0.318456E+05 -0.143560E+06
  0.181   1.333  -0.339483E+05 -0.136140E+06
  0.195   1.382  -0.359372E+05 -0.128810E+06
  0.209   1.431  -0.377937E+05 -0.121583E+06
  0.224   1.480  -0.395010E+05 -0.114468E+06
  0.239   1.530  -0.410445E+05 -0.107475E+06
  0.254   1.579  -0.424116E+05 -0.100614E+06
  0.270   1.628  -0.435924E+05 -0.938946E+05
  0.287   1.677  -0.445788E+05 -0.873264E+05
  0.304   1.727  -0.453654E+05 -0.809194E+05
  0.322   1.776  -0.459491E+05 -0.746836E+05
  0.340   1.825  -0.463287E+05 -0.686288E+05
  0.358   1.875  -0.465053E+05 -0.627646E+05
  0.377   1.924  -0.464815E+05 -0.570998E+05
  0.397   1.973  -0.462615E+05 -0.516430E+05
  0.417   2.022  -0.458510E+05 -0.464015E+05
  0.438   2.072  -0.452569E+05 -0.413824E+05
  0.459   2.121  -0.444870E+05 -0.365918E+05
  0.480   2.170  -0.435503E+05 -0.320348E+05
  0.502   2.219  -0.424567E+05 -0.277161E+05
  0.525   2.269  -0.412172E+05 -0.236395E+05
  0.548   2.318  -0.398433E+05 -0.198082E+05
  0.571   2.367  -0.383480E+05 -0.162242E+05
  0.595   2.416  -0.367446E+05 -0.128889E+05
  0.620   2.466  -0.350474E+05 -0.980261E+04
  0.645   2.515  -0.332715E+05 -0.696459E+04
  0.670   2.564  -0.314327E+05 -0.437285E+04
  0.696   2.613  -0.295475E+05 -0.202403E+04
  0.723   2.663  -0.276330E+05  0.867281E+02
  0.750   2.712  -0.257075E+05  0.196614E+04
  0.777   2.761  -0.237912E+05  0.362321E+04
  0.805   2.810  -0.219074E+05  0.507029E+04
  0.834   2.860  -0.200874E+05  0.632552E+04
  0.863   2.909  -0.183825E+05  0.741976E+04
  0.892   2.958  -0.169101E+05  0.842146E+04
  0.922   3.007  -0.161200E+05  0.957391E+04
  0.953   3.057  -0.231039E+05  0.137856E+05
  0.984   3.106  -0.657157E+04  0.643433E+04
  1.015   3.155  -0.722964E+04  0.805904E+04
  1.047   3.204  -0.636489E+04  0.843018E+04
  1.079   3.254  -0.527932E+04  0.847578E+04
  1.112   3.303  -0.418080E+04  0.834346E+04
  1.146   3.352  -0.313406E+04  0.808682E+04
  1.180   3.401  -0.216578E+04  0.773566E+04
  1.214   3.451  -0.128837E+04  0.731120E+04
  1.249   3.500  -0.507414E+03  0.683070E+04
  1.284   3.549   0.175393E+03  0.630914E+04
  1.320   3.598   0.760919E+03  0.575994E+04
  1.357   3.648   0.125189E+04  0.519517E+04
  1.394   3.697   0.165246E+04  0.462577E+04
  1.431   3.746   0.196796E+04  0.406147E+04
  1.469   3.795   0.220466E+04  0.351093E+04
  1.507   3.845   0.236967E+04  0.298164E+04
  1.546   3.894   0.247086E+04  0.248001E+04
  1.585   3.943   0.251688E+04  0.201138E+04
  1.625   3.992   0.251747E+04  0.158015E+04
  1.666   4.042   0.248426E+04  0.119000E+04
  1.706   4.091   0.243332E+04  0.844551E+03
  1.748   4.140   0.239379E+04  0.549918E+03
  1.790   4.189   0.245026E+04  0.328672E+03
  1.832   4.239   0.320183E+04  0.489797E+03
  1.875   4.288  -0.176011E+03  0.935946E+02
  1.918   4.337   0.801258E+03 -0.341457E+03
  1.962   4.386   0.850305E+03 -0.464282E+03
  2.006   4.436   0.769903E+03 -0.545612E+03
  2.051   4.485   0.653294E+03 -0.597501E+03
  2.096   4.534   0.527486E+03 -0.624354E+03
  2.142   4.583   0.403836E+03 -0.629832E+03
  2.188   4.633   0.288111E+03 -0.617475E+03
  2.235   4.682   0.183452E+03 -0.590728E+03
  2.282   4.731   0.915004E+02 -0.552874E+03
  2.330   4.780   0.129137E+02 -0.506980E+03
  2.378   4.830  -0.523556E+02 -0.455842E+03
  2.427   4.879  -0.104886E+03 -0.401951E+03
  2.476   4.928  -0.145669E+03 -0.347465E+03
  2.526   4.977  -0.176090E+03 -0.294101E+03
  2.576   5.027  -0.197806E+03 -0.243834E+03
  2.627   5.076  -0.212766E+03 -0.197482E+03
  2.678   5.125  -0.223836E+03 -0.156424E+03
  2.730   5.174  -0.235536E+03 -0.122332E+03
  2.782   5.224  -0.258391E+03 -0.998058E+02
  2.835   5.273  -0.334775E+03 -0.120069E+03
  2.888   5.322   0.104655E+03 -0.744658E+03
  2.942   5.371   0.562897E+02 -0.270619E+02
  2.996   5.421  -0.122355E+02  0.743338E+01
  3.051   5.470  -0.272809E+02  0.203832E+02
  3.106   5.519  -0.281371E+02  0.278120E+02
  3.162   5.568  -0.239226E+02  0.319902E+02
  3.218   5.618  -0.179013E+02  0.337887E+02
  3.275   5.667  -0.115251E+02  0.338065E+02
  3.332   5.716  -0.561012E+01  0.324314E+02
  3.389   5.765  -0.240421E+00  0.301305E+02
  3.447   5.815   0.427893E+01  0.272872E+02
  3.506   5.864   0.798934E+01  0.241732E+02
  3.565   5.913   0.110186E+02  0.210469E+02
  3.625   5.962   0.136042E+02  0.181366E+02
  3.685   6.012   0.161784E+02  0.156928E+02
  3.746   6.061   0.194314E+02  0.140746E+02
  3.807   6.110   0.253882E+02  0.142760E+02
  3.868   6.159   0.408139E+02  0.231163E+02
  3.931   6.209   0.470004E+01  0.112613E+03
  3.993   6.258  -0.331743E+02  0.236597E+02
  4.056   6.307  -0.184058E+02  0.131806E+02
  4.120   6.356  -0.125998E+02  0.114421E+02
  4.184   6.406  -0.939495E+01  0.115741E+02
  4.249   6.455  -0.703633E+01  0.123782E+02
  4.314   6.504  -0.483243E+01  0.134423E+02
  4.379   6.553  -0.248322E+01  0.145203E+02
  4.445   6.603   0.132983E+00  0.154150E+02
  4.512   6.652   0.303973E+01  0.159611E+02
  4.579   6.701   0.611605E+01  0.160416E+02
  4.646   6.750   0.923226E+01  0.155031E+02
  4.714   6.800   0.121211E+02  0.143506E+02
  4.783   6.849   0.142793E+02  0.126652E+02
  4.852   6.898   0.145917E+02  0.106857E+02
  4.922   6.947   0.803454E+01  0.746323E+01
  4.992   6.997   0.718255E+01 -0.247147E+02
  5.062   7.046   0.253636E+02 -0.223446E+02
  5.133   7.095   0.253565E+02 -0.230833E+02
  5.205   7.144   0.228109E+02 -0.268082E+02
  5.277   7.194   0.187983E+02 -0.312061E+02
  5.349   7.243   0.134815E+02 -0.353457E+02
  5.422   7.292   0.698328E+01 -0.386927E+02
  5.496   7.341  -0.422274E+00 -0.408702E+02
  5.570   7.391  -0.839455E+01 -0.416147E+02
  5.644   7.440  -0.164636E+02 -0.408069E+02
  5.719   7.489  -0.240414E+02 -0.385365E+02
  5.795   7.538  -0.303097E+02 -0.352161E+02
  5.871   7.588  -0.335678E+02 -0.319418E+02
  5.947   7.637  -0.272454E+02 -0.300282E+02
  6.024   7.686   0.587271E-01  0.168265E+01
  6.101   7.735  -0.278910E+02  0.347957E+02
  6.179   7.785  -0.359488E+02  0.394961E+02
  6.258   7.834  -0.336559E+02  0.458566E+02
  6.337   7.883  -0.270756E+02  0.526463E+02
  6.416   7.932  -0.177688E+02  0.584670E+02
  6.496   7.982  -0.662418E+01  0.624504E+02
  6.576   8.031   0.555193E+01  0.640766E+02
  6.657   8.080   0.178496E+02  0.631684E+02
  6.739   8.129   0.291981E+02  0.599028E+02
  6.821   8.178   0.381286E+02  0.549823E+02
  6.903   8.228   0.417890E+02  0.497905E+02
  6.986   8.277   0.309990E+02  0.440672E+02
  7.069   8.326   0.101117E+00  0.168647E+01
  7.153   8.375   0.282652E+02 -0.455220E+02
  7.238   8.425   0.408932E+02 -0.549385E+02
  7.322   8.474   0.382013E+02 -0.629483E+02
  7.408   8.523   0.290048E+02 -0.706294E+02
  7.494   8.572   0.162247E+02 -0.764735E+02
  7.580   8.622   0.151577E+01 -0.794937E+02
  7.667   8.671  -0.136629E+02 -0.792558E+02
  7.754   8.720  -0.277405E+02 -0.758851E+02
  7.842   8.769  -0.386933E+02 -0.701251E+02
  7.930   8.819  -0.429223E+02 -0.632625E+02
  8.019   8.868  -0.311672E+02 -0.536551E+02
  8.109   8.917  -0.760633E+00 -0.995392E+01
  8.198   8.966  -0.219210E+02  0.475451E+02
  8.289   9.016  -0.387302E+02  0.634702E+02
  8.379   9.065  -0.372009E+02  0.728755E+02
  8.471   9.114  -0.271686E+02  0.807241E+02
  8.563   9.163  -0.128737E+02  0.859750E+02
  8.655   9.213   0.321059E+01  0.877242E+02
  8.748   9.262   0.189484E+02  0.857116E+02
  8.841   9.311   0.319647E+02  0.803602E+02
  8.935   9.361   0.387822E+02  0.725759E+02
  9.029   9.410   0.324730E+02  0.614380E+02
  9.124   9.459   0.649770E+01  0.290604E+02
  9.219   9.508   0.896161E+01 -0.351826E+02
  9.315   9.557   0.313853E+02 -0.639940E+02
  9.411   9.607   0.348723E+02 -0.758482E+02
  9.508   9.656   0.267373E+02 -0.841828E+02
  9.605   9.705   0.129882E+02 -0.894858E+02
  9.703   9.755  -0.292862E+01 -0.909995E+02
  9.801   9.804  -0.182215E+02 -0.884851E+02
  9.900   9.853  -0.298418E+02 -0.823555E+02
  9.999   9.902  -0.333174E+02 -0.729862E+02
 10.098   9.951  -0.214153E+02 -0.559601E+02
 10.199  10.001  -0.691925E+00 -0.106605E+02
