  0.000   0.000   0.000000E+00  0.000000E+00
 -1.000  -1.000   0.000000E+00  0.000000E+00
  0.004   0.200  -0.246644E+04 -0.249726E-02
  0.006   0.249  -0.382629E+04 -0.144338E-01
  0.009   0.298  -0.548003E+04 -0.605738E-01
  0.012   0.348  -0.742515E+04 -0.203538E+00
  0.016   0.397  -0.965869E+04 -0.580701E+00
  0.020   0.446  -0.121773E+05 -0.146121E+01
  0.025   0.495  -0.149772E+05 -0.332831E+01
  0.030   0.545  -0.180540E+05 -0.699135E+01
  0.036   0.594  -0.214032E+05 -0.137306E+02
  0.042   0.643  -0.250194E+05 -0.254763E+02
  0.049   0.693  -0.288967E+05 -0.450214E+02
  0.056   0.742  -0.330284E+05 -0.762630E+02
  0.064   0.791  -0.374068E+05 -0.124465E+03
  0.072   0.840  -0.420227E+05 -0.196525E+03
  0.081   0.889  -0.468652E+05 -0.301230E+03
  0.090   0.939  -0.519208E+05 -0.449456E+03
  0.100   0.988  -0.571730E+05 -0.654284E+03
  0.110   1.037  -0.626009E+05 -0.930965E+03
  0.120   1.087  -0.681789E+05 -0.129667E+04
  0.132   1.136  -0.738754E+05 -0.176997E+04
  0.143   1.185  -0.796516E+05 -0.236990E+04
  0.155   1.234  -0.854611E+05 -0.311458E+04
  0.168   1.284  -0.912486E+05 -0.401940E+04
  0.181   1.333  -0.969495E+05 -0.509459E+04
  0.195   1.382  -0.102491E+06 -0.634246E+04
  0.209   1.431  -0.107793E+06 -0.775455E+04
  0.224   1.480  -0.112772E+06 -0.930887E+04
  0.239   1.530  -0.117343E+06 -0.109681E+05
  0.254   1.579  -0.121427E+06 -0.126787E+05
  0.270   1.628  -0.124955E+06 -0.143724E+05
  0.287   1.677  -0.127872E+06 -0.159690E+05
  0.304   1.727  -0.130146E+06 -0.173812E+05
  0.322   1.776  -0.131763E+06 -0.185213E+05
  0.340   1.825  -0.132734E+06 -0.193071E+05
  0.358   1.875  -0.133086E+06 -0.196689E+05
  0.377   1.924  -0.132864E+06 -0.195536E+05
  0.397   1.973  -0.132121E+06 -0.189276E+05
  0.417   2.022  -0.130914E+06 -0.177778E+05
  0.438   2.072  -0.129300E+06 -0.161104E+05
  0.459   2.121  -0.127332E+06 -0.139481E+05
  0.480   2.170  -0.125053E+06 -0.113273E+05
  0.502   2.219  -0.122499E+06 -0.829461E+04
  0.525   2.269  -0.119699E+06 -0.490316E+04
  0.548   2.318  -0.116671E+06 -0.121031E+04
  0.571   2.367  -0.113429E+06  0.272481E+04
  0.595   2.416  -0.109978E+06  0.684294E+04
  0.620   2.466  -0.106323E+06  0.110858E+05
  0.645   2.515  -0.102465E+06  0.153971E+05
  0.670   2.564  -0.984030E+05  0.197224E+05
  0.696   2.613  -0.941374E+05  0.240102E+05
  0.723   2.663  -0.896693E+05  0.282112E+05
  0.750   2.712  -0.850017E+05  0.322790E+05
  0.777   2.761  -0.801397E+05  0.361700E+05
  0.805   2.810  -0.750916E+05  0.398430E+05
  0.834   2.860  -0.698687E+05  0.432598E+05
  0.863   2.909  -0.644857E+05  0.463852E+05
  0.892   2.958  -0.589608E+05  0.491867E+05
  0.922   3.007  -0.533158E+05  0.516353E+05
  0.953   3.057  -0.475759E+05  0.537051E+05
  0.984   3.106  -0.417697E+05  0.553741E+05
  1.015   3.155  -0.359294E+05  0.566241E+05
  1.047   3.204  -0.300902E+05  0.574409E+05
  1.079   3.254  -0.242912E+05  0.578154E+05
  1.112   3.303  -0.185750E+05  0.577432E+05
  1.146   3.352  -0.129902E+05  0.572264E+05
  1.180   3.401  -0.759461E+04  0.562749E+05
  1.214   3.451  -0.246833E+04  0.549112E+05
  1.249   3.500   0.224159E+04  0.531857E+05
  1.284   3.549   0.607221E+04  0.512469E+05
  1.320   3.598   0.385143E+04  0.497566E+05
  1.357   3.648   0.219789E+05  0.417746E+05
  1.394   3.697   0.229770E+05  0.402315E+05
  1.431   3.746   0.256762E+05  0.369375E+05
  1.469   3.795   0.283302E+05  0.331697E+05
  1.507   3.845   0.306634E+05  0.291189E+05
  1.546   3.894   0.325824E+05  0.248733E+05
  1.585   3.943   0.340434E+05  0.204989E+05
  1.625   3.992   0.350238E+05  0.160560E+05
  1.666   4.042   0.355137E+05  0.116025E+05
  1.706   4.091   0.355126E+05  0.719609E+04
  1.748   4.140   0.350283E+05  0.289312E+04
  1.790   4.189   0.340764E+05 -0.125114E+04
  1.832   4.239   0.326799E+05 -0.518344E+04
  1.875   4.288   0.308689E+05 -0.885329E+04
  1.918   4.337   0.286807E+05 -0.122137E+05
  1.962   4.386   0.261596E+05 -0.152223E+05
  2.006   4.436   0.233569E+05 -0.178415E+05
  2.051   4.485   0.203319E+05 -0.200400E+05
  2.096   4.534   0.171541E+05 -0.217930E+05
  2.142   4.583   0.139087E+05 -0.230827E+05
  2.188   4.633   0.107169E+05 -0.238969E+05
  2.235   4.682   0.780466E+04 -0.242192E+05
  2.282   4.731   0.590079E+04 -0.239182E+05
  2.330   4.780   0.112592E+05 -0.165414E+05
  2.378   4.830  -0.967836E+04 -0.199934E+05
  2.427   4.879  -0.968626E+04 -0.202137E+05
  2.476   4.928  -0.114652E+05 -0.187091E+05
  2.526   4.977  -0.133856E+05 -0.166981E+05
  2.576   5.027  -0.151180E+05 -0.143625E+05
  2.627   5.076  -0.165396E+05 -0.117919E+05
  2.678   5.125  -0.175901E+05 -0.905906E+04
  2.730   5.174  -0.182381E+05 -0.623325E+04
  2.782   5.224  -0.184701E+05 -0.338268E+04
  2.835   5.273  -0.182872E+05 -0.574531E+03
  2.888   5.322  -0.177031E+05  0.212597E+04
  2.942   5.371  -0.167438E+05  0.465669E+04
  2.996   5.421  -0.154466E+05  0.695990E+04
  3.051   5.470  -0.138619E+05  0.898363E+04
  3.106   5.519  -0.120548E+05  0.106819E+05
  3.162   5.568  -0.101122E+05  0.120143E+05
  3.218   5.618  -0.816608E+04  0.129386E+05
  3.275   5.667  -0.648302E+04  0.133700E+05
  3.332   5.716  -0.595934E+04  0.127582E+05
  3.389   5.765  -0.199751E+04  0.280039E+03
  3.447   5.815   0.678648E+04  0.109411E+05
  3.506   5.864   0.703585E+04  0.112265E+05
  3.565   5.913   0.817527E+04  0.102169E+05
  3.625   5.962   0.937974E+04  0.876541E+04
  3.685   6.012   0.104119E+05  0.704427E+04
  3.746   6.061   0.111725E+05  0.514536E+04
  3.807   6.110   0.116140E+05  0.314519E+04
  3.868   6.159   0.117159E+05  0.111619E+04
  3.931   6.209   0.114780E+05 -0.871464E+03
  3.993   6.258   0.109174E+05 -0.275036E+04
  4.056   6.307   0.100682E+05 -0.445697E+04
  4.120   6.356   0.898325E+04 -0.593220E+04
  4.184   6.406   0.774041E+04 -0.711933E+04
  4.249   6.455   0.646497E+04 -0.795188E+04
  4.314   6.504   0.540865E+04 -0.828130E+04
  4.379   6.553   0.524185E+04 -0.722152E+04
  4.445   6.603  -0.864874E+03 -0.695807E+02
  4.512   6.652  -0.532122E+04 -0.651278E+04
  4.579   6.701  -0.559745E+04 -0.696244E+04
  4.646   6.750  -0.636718E+04 -0.624511E+04
  4.714   6.800  -0.716121E+04 -0.512078E+04
  4.783   6.849  -0.779660E+04 -0.376819E+04
  4.852   6.898  -0.819265E+04 -0.228406E+04
  4.922   6.947  -0.831366E+04 -0.747511E+03
  4.992   6.997  -0.815190E+04  0.767965E+03
  5.062   7.046  -0.772259E+04  0.219191E+04
  5.133   7.095  -0.706302E+04  0.345679E+04
  5.205   7.144  -0.623769E+04  0.449475E+04
  5.277   7.194  -0.535396E+04  0.522163E+04
  5.349   7.243  -0.461397E+04  0.545263E+04
  5.422   7.292  -0.432105E+04  0.427952E+04
  5.496   7.341   0.586746E+03  0.411569E+02
  5.570   7.391   0.427026E+04  0.398753E+04
  5.644   7.440   0.460841E+04  0.459898E+04
  5.719   7.489   0.516279E+04  0.410136E+04
  5.795   7.538   0.571255E+04  0.321287E+04
  5.871   7.588   0.611673E+04  0.212403E+04
  5.947   7.637   0.630998E+04  0.936826E+03
  6.024   7.686   0.626829E+04 -0.267194E+03
  6.101   7.735   0.599660E+04 -0.141249E+04
  6.179   7.785   0.552654E+04 -0.242550E+04
  6.258   7.834   0.492056E+04 -0.322634E+04
  6.337   7.883   0.428659E+04 -0.369634E+04
  6.416   7.932   0.378661E+04 -0.351059E+04
  6.496   7.982   0.281304E+04 -0.138481E+04
  6.576   8.031  -0.239489E+04 -0.939041E+03
  6.657   8.080  -0.363135E+04 -0.295518E+04
  6.739   8.129  -0.403757E+04 -0.307162E+04
  6.821   8.178  -0.447055E+04 -0.254554E+04
  6.903   8.228  -0.481988E+04 -0.174648E+04
  6.986   8.277  -0.500741E+04 -0.817670E+03
  7.069   8.326  -0.499975E+04  0.146905E+03
  7.153   8.375  -0.479684E+04  0.106597E+04
  7.238   8.425  -0.442814E+04  0.185888E+04
  7.322   8.474  -0.395513E+04  0.242898E+04
  7.408   8.523  -0.347038E+04  0.260143E+04
  7.494   8.572  -0.292369E+04  0.187067E+04
  7.580   8.622  -0.436500E+03  0.309586E+02
  7.667   8.671   0.259450E+04  0.135821E+04
  7.754   8.720   0.322453E+04  0.216389E+04
  7.842   8.769   0.359763E+04  0.200856E+04
  7.930   8.819   0.390637E+04  0.146662E+04
  8.019   8.868   0.409075E+04  0.751097E+03
  8.109   8.917   0.411254E+04 -0.238291E+02
  8.198   8.966   0.396589E+04 -0.768689E+03
  8.289   9.016   0.367467E+04 -0.139548E+04
  8.379   9.065   0.328921E+04 -0.179253E+04
  8.471   9.114   0.285051E+04 -0.174877E+04
  8.563   9.163   0.201543E+04 -0.823622E+03
  8.655   9.213  -0.602342E+03 -0.654137E+02
  8.748   9.262  -0.234814E+04 -0.115698E+04
  8.841   9.311  -0.285453E+04 -0.153619E+04
  8.935   9.361  -0.316596E+04 -0.130976E+04
  9.029   9.410  -0.337484E+04 -0.812478E+03
  9.124   9.459  -0.345077E+04 -0.203846E+03
  9.219   9.508  -0.337859E+04  0.411994E+03
  9.315   9.557  -0.316946E+04  0.941688E+03
  9.411   9.607  -0.285504E+04  0.127452E+04
  9.508   9.656  -0.244156E+04  0.122766E+04
  9.605   9.705  -0.161395E+04  0.534857E+03
  9.703   9.755   0.420737E+03  0.339015E+02
  9.801   9.804   0.191921E+04  0.762347E+03
  9.900   9.853   0.244433E+04  0.108545E+04
  9.999   9.902   0.272676E+04  0.919054E+03
 10.098   9.951   0.288945E+04  0.515405E+03
 10.199  10.001   0.292417E+04  0.222425E+02
