  0.000   0.000   0.000000E+00  0.000000E+00
 -1.000  -1.000   0.000000E+00  0.000000E+00
  0.004   0.200  -0.299990E+04 -0.303738E-02
  0.006   0.249  -0.464002E+04 -0.175034E-01
  0.009   0.298  -0.662138E+04 -0.731897E-01
  0.012   0.348  -0.893336E+04 -0.244881E+00
  0.016   0.397  -0.115636E+05 -0.695230E+00
  0.020   0.446  -0.144983E+05 -0.173972E+01
  0.025   0.495  -0.177221E+05 -0.393831E+01
  0.030   0.545  -0.212182E+05 -0.821667E+01
  0.036   0.594  -0.249687E+05 -0.160179E+02
  0.042   0.643  -0.289542E+05 -0.294829E+02
  0.049   0.693  -0.331542E+05 -0.516547E+02
  0.056   0.742  -0.375471E+05 -0.866968E+02
  0.064   0.791  -0.421097E+05 -0.140113E+03
  0.072   0.840  -0.468177E+05 -0.218950E+03
  0.081   0.889  -0.516450E+05 -0.331953E+03
  0.090   0.939  -0.565633E+05 -0.489643E+03
  0.100   0.988  -0.615415E+05 -0.704276E+03
  0.110   1.037  -0.665449E+05 -0.989617E+03
  0.120   1.087  -0.715347E+05 -0.136050E+04
  0.132   1.136  -0.764674E+05 -0.183208E+04
  0.143   1.185  -0.812947E+05 -0.241878E+04
  0.155   1.234  -0.859632E+05 -0.313288E+04
  0.168   1.284  -0.904151E+05 -0.398269E+04
  0.181   1.333  -0.945881E+05 -0.497050E+04
  0.195   1.382  -0.984171E+05 -0.609035E+04
  0.209   1.431  -0.101836E+06 -0.732594E+04
  0.224   1.480  -0.104778E+06 -0.864901E+04
  0.239   1.530  -0.107186E+06 -0.100187E+05
  0.254   1.579  -0.109008E+06 -0.113820E+05
  0.270   1.628  -0.110209E+06 -0.126763E+05
  0.287   1.677  -0.110770E+06 -0.138332E+05
  0.304   1.727  -0.110694E+06 -0.147834E+05
  0.322   1.776  -0.110004E+06 -0.154626E+05
  0.340   1.825  -0.108740E+06 -0.158171E+05
  0.358   1.875  -0.106961E+06 -0.158079E+05
  0.377   1.924  -0.104733E+06 -0.154135E+05
  0.397   1.973  -0.102127E+06 -0.146307E+05
  0.417   2.022  -0.992153E+05 -0.134732E+05
  0.438   2.072  -0.960633E+05 -0.119691E+05
  0.459   2.121  -0.927295E+05 -0.101577E+05
  0.480   2.170  -0.892632E+05 -0.808552E+04
  0.502   2.219  -0.857040E+05 -0.580314E+04
  0.525   2.269  -0.820825E+05 -0.336229E+04
  0.548   2.318  -0.784216E+05 -0.813515E+03
  0.571   2.367  -0.747375E+05  0.179537E+04
  0.595   2.416  -0.710418E+05  0.442029E+04
  0.620   2.466  -0.673422E+05  0.702149E+04
  0.645   2.515  -0.636443E+05  0.956366E+04
  0.670   2.564  -0.599522E+05  0.120160E+05
  0.696   2.613  -0.562694E+05  0.143518E+05
  0.723   2.663  -0.525994E+05  0.165486E+05
  0.750   2.712  -0.489464E+05  0.185873E+05
  0.777   2.761  -0.453148E+05  0.204524E+05
  0.805   2.810  -0.417102E+05  0.221314E+05
  0.834   2.860  -0.381390E+05  0.236145E+05
  0.863   2.909  -0.346084E+05  0.248946E+05
  0.892   2.958  -0.311265E+05  0.259672E+05
  0.922   3.007  -0.277023E+05  0.268298E+05
  0.953   3.057  -0.243452E+05  0.274825E+05
  0.984   3.106  -0.210654E+05  0.279275E+05
  1.015   3.155  -0.178732E+05  0.281692E+05
  1.047   3.204  -0.147794E+05  0.282151E+05
  1.079   3.254  -0.117949E+05  0.280757E+05
  1.112   3.303  -0.893071E+04  0.277662E+05
  1.146   3.352  -0.619779E+04  0.273097E+05
  1.180   3.401  -0.360754E+04  0.267437E+05
  1.214   3.451  -0.117294E+04  0.261407E+05
  1.249   3.500   0.108519E+04  0.256783E+05
  1.284   3.549   0.308774E+04  0.260173E+05
  1.320   3.598   0.268729E+04  0.344845E+05
  1.357   3.648   0.592539E+04  0.112809E+05
  1.394   3.697   0.832509E+04  0.145831E+05
  1.431   3.746   0.979678E+04  0.140966E+05
  1.469   3.795   0.110026E+05  0.128838E+05
  1.507   3.845   0.119904E+05  0.113874E+05
  1.546   3.894   0.127700E+05  0.974911E+04
  1.585   3.943   0.133449E+05  0.803585E+04
  1.625   3.992   0.137184E+05  0.628911E+04
  1.666   4.042   0.138944E+05  0.453949E+04
  1.706   4.091   0.138782E+05  0.281225E+04
  1.748   4.140   0.136765E+05  0.112962E+04
  1.790   4.189   0.132980E+05 -0.488246E+03
  1.832   4.239   0.127529E+05 -0.202278E+04
  1.875   4.288   0.120532E+05 -0.345690E+04
  1.918   4.337   0.112131E+05 -0.477510E+04
  1.962   4.386   0.102485E+05 -0.596357E+04
  2.006   4.436   0.917789E+04 -0.701057E+04
  2.051   4.485   0.802225E+04 -0.790690E+04
  2.096   4.534   0.680644E+04 -0.864678E+04
  2.142   4.583   0.556164E+04 -0.922988E+04
  2.188   4.633   0.433474E+04 -0.966499E+04
  2.235   4.682   0.321803E+04 -0.998454E+04
  2.282   4.731   0.254109E+04 -0.102964E+05
  2.330   4.780   0.645354E+04 -0.947530E+04
  2.378   4.830  -0.319373E+04 -0.659458E+04
  2.427   4.879  -0.358494E+04 -0.748001E+04
  2.476   4.928  -0.438460E+04 -0.715436E+04
  2.526   4.977  -0.521280E+04 -0.650252E+04
  2.576   5.027  -0.596517E+04 -0.566694E+04
  2.627   5.076  -0.659758E+04 -0.470366E+04
  2.678   5.125  -0.708557E+04 -0.364907E+04
  2.730   5.174  -0.741432E+04 -0.253397E+04
  2.782   5.224  -0.757546E+04 -0.138738E+04
  2.835   5.273  -0.756597E+04 -0.237685E+03
  2.888   5.322  -0.738791E+04  0.887249E+03
  2.942   5.371  -0.704843E+04  0.196023E+04
  2.996   5.421  -0.655957E+04  0.295559E+04
  3.051   5.470  -0.593957E+04  0.384932E+04
  3.106   5.519  -0.521345E+04  0.461974E+04
  3.162   5.568  -0.441684E+04  0.524771E+04
  3.218   5.618  -0.360687E+04  0.571496E+04
  3.275   5.667  -0.290480E+04  0.599087E+04
  3.332   5.716  -0.274203E+04  0.587081E+04
  3.389   5.765  -0.166113E+04  0.233718E+03
  3.447   5.815   0.291523E+04  0.470023E+04
  3.506   5.864   0.311670E+04  0.497318E+04
  3.565   5.913   0.367530E+04  0.459322E+04
  3.625   5.962   0.426301E+04  0.398384E+04
  3.685   6.012   0.477642E+04  0.323157E+04
  3.746   6.061   0.516905E+04  0.238054E+04
  3.807   6.110   0.541629E+04  0.146678E+04
  3.868   6.159   0.550548E+04  0.524511E+03
  3.931   6.209   0.543331E+04 -0.412523E+03
  3.993   6.258   0.520479E+04 -0.131121E+04
  4.056   6.307   0.483340E+04 -0.213964E+04
  4.120   6.356   0.434222E+04 -0.286743E+04
  4.184   6.406   0.376724E+04 -0.346494E+04
  4.249   6.455   0.316891E+04 -0.389771E+04
  4.314   6.504   0.267245E+04 -0.409178E+04
  4.379   6.553   0.262213E+04 -0.361234E+04
  4.445   6.603  -0.310235E+03 -0.250449E+02
  4.512   6.652  -0.262391E+04 -0.321144E+04
  4.579   6.701  -0.279078E+04 -0.347133E+04
  4.646   6.750  -0.319680E+04 -0.313552E+04
  4.714   6.800  -0.361645E+04 -0.258602E+04
  4.783   6.849  -0.395806E+04 -0.191298E+04
  4.852   6.898  -0.417952E+04 -0.116523E+04
  4.922   6.947  -0.426092E+04 -0.383116E+03
  4.992   6.997  -0.419647E+04  0.395339E+03
  5.062   7.046  -0.399231E+04  0.113315E+04
  5.133   7.095  -0.366625E+04  0.179435E+04
  5.205   7.144  -0.325071E+04  0.234241E+04
  5.277   7.194  -0.280114E+04  0.273192E+04
  5.349   7.243  -0.242387E+04  0.286447E+04
  5.422   7.292  -0.228198E+04  0.226007E+04
  5.496   7.341   0.289571E+03  0.203189E+02
  5.570   7.391   0.225285E+04  0.210368E+04
  5.644   7.440   0.244237E+04  0.243736E+04
  5.719   7.489   0.274535E+04  0.218091E+04
  5.795   7.538   0.304662E+04  0.171348E+04
  5.871   7.588   0.327100E+04  0.113585E+04
  5.947   7.637   0.338289E+04  0.502249E+03
  6.024   7.686   0.336857E+04 -0.143586E+03
  6.101   7.735   0.322987E+04 -0.760785E+03
  6.179   7.785   0.298312E+04 -0.130923E+04
  6.258   7.834   0.266152E+04 -0.174511E+04
  6.337   7.883   0.232329E+04 -0.200335E+04
  6.416   7.932   0.205652E+04 -0.190659E+04
  6.496   7.982   0.153217E+04 -0.754244E+03
  6.576   8.031  -0.130123E+04 -0.510228E+03
  6.657   8.080  -0.197909E+04 -0.161060E+04
  6.739   8.129  -0.220428E+04 -0.167695E+04
  6.821   8.178  -0.244429E+04 -0.139180E+04
  6.903   8.228  -0.263886E+04 -0.956196E+03
  6.986   8.277  -0.274498E+04 -0.448237E+03
  7.069   8.326  -0.274400E+04  0.806259E+02
  7.153   8.375  -0.263554E+04  0.585683E+03
  7.238   8.425  -0.243548E+04  0.102240E+04
  7.322   8.474  -0.217745E+04  0.133727E+04
  7.408   8.523  -0.191236E+04  0.143356E+04
  7.494   8.572  -0.161264E+04  0.103185E+04
  7.580   8.622  -0.241508E+03  0.171328E+02
  7.667   8.671   0.143254E+04  0.749907E+03
  7.754   8.720   0.178189E+04  0.119575E+04
  7.842   8.769   0.198941E+04  0.111067E+04
  7.930   8.819   0.216146E+04  0.811486E+03
  8.019   8.868   0.226474E+04  0.415813E+03
  8.109   8.917   0.227797E+04 -0.132017E+02
  8.198   8.966   0.219777E+04 -0.425973E+03
  8.289   9.016   0.203727E+04 -0.773647E+03
  8.379   9.065   0.182429E+04 -0.994163E+03
  8.471   9.114   0.158157E+04 -0.970247E+03
  8.563   9.163   0.111867E+04 -0.457126E+03
  8.655   9.213  -0.334210E+03 -0.362982E+02
  8.748   9.262  -0.130375E+04 -0.642410E+03
  8.841   9.311  -0.158533E+04 -0.853189E+03
  8.935   9.361  -0.175867E+04 -0.727590E+03
  9.029   9.410  -0.187505E+04 -0.451426E+03
  9.124   9.459  -0.191753E+04 -0.113277E+03
  9.219   9.508  -0.187768E+04  0.228981E+03
  9.315   9.557  -0.176165E+04  0.523433E+03
  9.411   9.607  -0.158703E+04  0.708501E+03
  9.508   9.656  -0.135728E+04  0.682500E+03
  9.605   9.705  -0.897246E+03  0.297362E+03
  9.703   9.755   0.233961E+03  0.188412E+02
  9.801   9.804   0.106711E+04  0.423842E+03
  9.900   9.853   0.135908E+04  0.603490E+03
  9.999   9.902   0.151609E+04  0.510976E+03
 10.098   9.951   0.160649E+04  0.286554E+03
 10.199  10.001   0.162573E+04  0.123728E+02
