  0.000   0.000   0.000000E+00  0.000000E+00
 -1.000  -1.000   0.000000E+00  0.000000E+00
  0.004   0.200   0.000000E+00  0.000000E+00
  0.006   0.249   0.000000E+00  0.000000E+00
  0.009   0.298   0.000000E+00  0.000000E+00
  0.012   0.348   0.000000E+00  0.000000E+00
  0.016   0.397   0.000000E+00  0.000000E+00
  0.020   0.446   0.000000E+00  0.000000E+00
  0.025   0.495   0.000000E+00  0.000000E+00
  0.030   0.545   0.000000E+00  0.000000E+00
  0.036   0.594   0.000000E+00  0.000000E+00
  0.042   0.643   0.000000E+00  0.000000E+00
  0.049   0.693   0.000000E+00  0.000000E+00
  0.056   0.742   0.000000E+00  0.000000E+00
  0.064   0.791   0.000000E+00  0.000000E+00
  0.072   0.840   0.000000E+00  0.000000E+00
  0.081   0.889   0.000000E+00  0.000000E+00
  0.090   0.939   0.000000E+00  0.000000E+00
  0.100   0.988   0.000000E+00  0.000000E+00
  0.110   1.037   0.000000E+00  0.000000E+00
  0.120   1.087   0.000000E+00  0.000000E+00
  0.132   1.136   0.000000E+00  0.000000E+00
  0.143   1.185   0.000000E+00  0.000000E+00
  0.155   1.234   0.000000E+00  0.000000E+00
  0.168   1.284   0.000000E+00  0.000000E+00
  0.181   1.333   0.000000E+00  0.000000E+00
  0.195   1.382   0.000000E+00  0.000000E+00
  0.209   1.431   0.000000E+00  0.000000E+00
  0.224   1.480   0.000000E+00  0.000000E+00
  0.239   1.530   0.000000E+00  0.000000E+00
  0.254   1.579   0.000000E+00  0.000000E+00
  0.270   1.628   0.000000E+00  0.000000E+00
  0.287   1.677   0.000000E+00  0.000000E+00
  0.304   1.727   0.000000E+00  0.000000E+00
  0.322   1.776   0.000000E+00  0.000000E+00
  0.340   1.825   0.000000E+00  0.000000E+00
  0.358   1.875   0.000000E+00  0.000000E+00
  0.377   1.924   0.000000E+00  0.000000E+00
  0.397   1.973   0.000000E+00  0.000000E+00
  0.417   2.022   0.000000E+00  0.000000E+00
  0.438   2.072   0.000000E+00  0.000000E+00
  0.459   2.121   0.000000E+00  0.000000E+00
  0.480   2.170   0.000000E+00  0.000000E+00
  0.502   2.219   0.000000E+00  0.000000E+00
  0.525   2.269   0.000000E+00  0.000000E+00
  0.548   2.318   0.000000E+00  0.000000E+00
  0.571   2.367   0.000000E+00  0.000000E+00
  0.595   2.416   0.000000E+00  0.000000E+00
  0.620   2.466   0.000000E+00  0.000000E+00
  0.645   2.515   0.000000E+00  0.000000E+00
  0.670   2.564   0.000000E+00  0.000000E+00
  0.696   2.613   0.000000E+00  0.000000E+00
  0.723   2.663   0.000000E+00  0.000000E+00
  0.750   2.712   0.000000E+00  0.000000E+00
  0.777   2.761   0.000000E+00  0.000000E+00
  0.805   2.810   0.000000E+00  0.000000E+00
  0.834   2.860   0.000000E+00  0.000000E+00
  0.863   2.909   0.000000E+00  0.000000E+00
  0.892   2.958   0.000000E+00  0.000000E+00
  0.922   3.007   0.000000E+00  0.000000E+00
  0.953   3.057   0.000000E+00  0.000000E+00
  0.984   3.106   0.000000E+00  0.000000E+00
  1.015   3.155   0.000000E+00  0.000000E+00
  1.047   3.204   0.000000E+00  0.000000E+00
  1.079   3.254   0.000000E+00  0.000000E+00
  1.112   3.303   0.000000E+00  0.000000E+00
  1.146   3.352   0.000000E+00  0.000000E+00
  1.180   3.401   0.000000E+00  0.000000E+00
  1.214   3.451   0.000000E+00  0.000000E+00
  1.249   3.500   0.000000E+00  0.000000E+00
  1.284   3.549   0.000000E+00  0.000000E+00
  1.320   3.598   0.000000E+00  0.000000E+00
  1.357   3.648   0.000000E+00  0.000000E+00
  1.394   3.697   0.000000E+00  0.000000E+00
  1.431   3.746   0.000000E+00  0.000000E+00
  1.469   3.795   0.000000E+00  0.000000E+00
  1.507   3.845   0.000000E+00  0.000000E+00
  1.546   3.894   0.000000E+00  0.000000E+00
  1.585   3.943   0.000000E+00  0.000000E+00
  1.625   3.992   0.000000E+00  0.000000E+00
  1.666   4.042   0.000000E+00  0.000000E+00
  1.706   4.091   0.000000E+00  0.000000E+00
  1.748   4.140   0.000000E+00  0.000000E+00
  1.790   4.189   0.000000E+00  0.000000E+00
  1.832   4.239   0.000000E+00  0.000000E+00
  1.875   4.288   0.000000E+00  0.000000E+00
  1.918   4.337   0.000000E+00  0.000000E+00
  1.962   4.386   0.000000E+00  0.000000E+00
  2.006   4.436   0.000000E+00  0.000000E+00
  2.051   4.485   0.000000E+00  0.000000E+00
  2.096   4.534   0.000000E+00  0.000000E+00
  2.142   4.583   0.000000E+00  0.000000E+00
  2.188   4.633   0.000000E+00  0.000000E+00
  2.235   4.682   0.000000E+00  0.000000E+00
  2.282   4.731   0.000000E+00  0.000000E+00
  2.330   4.780   0.000000E+00  0.000000E+00
  2.378   4.830   0.000000E+00  0.000000E+00
  2.427   4.879   0.000000E+00  0.000000E+00
  2.476   4.928   0.000000E+00  0.000000E+00
  2.526   4.977   0.000000E+00  0.000000E+00
  2.576   5.027   0.000000E+00  0.000000E+00
  2.627   5.076   0.000000E+00  0.000000E+00
  2.678   5.125   0.000000E+00  0.000000E+00
  2.730   5.174   0.000000E+00  0.000000E+00
  2.782   5.224   0.000000E+00  0.000000E+00
  2.835   5.273   0.000000E+00  0.000000E+00
  2.888   5.322   0.000000E+00  0.000000E+00
  2.942   5.371   0.000000E+00  0.000000E+00
  2.996   5.421   0.000000E+00  0.000000E+00
  3.051   5.470   0.000000E+00  0.000000E+00
  3.106   5.519   0.000000E+00  0.000000E+00
  3.162   5.568   0.000000E+00  0.000000E+00
  3.218   5.618   0.000000E+00  0.000000E+00
  3.275   5.667   0.000000E+00  0.000000E+00
  3.332   5.716   0.000000E+00  0.000000E+00
  3.389   5.765   0.000000E+00  0.000000E+00
  3.447   5.815   0.000000E+00  0.000000E+00
  3.506   5.864   0.000000E+00  0.000000E+00
  3.565   5.913   0.000000E+00  0.000000E+00
  3.625   5.962   0.000000E+00  0.000000E+00
  3.685   6.012   0.000000E+00  0.000000E+00
  3.746   6.061   0.000000E+00  0.000000E+00
  3.807   6.110   0.000000E+00  0.000000E+00
  3.868   6.159   0.000000E+00  0.000000E+00
  3.931   6.209   0.000000E+00  0.000000E+00
  3.993   6.258   0.000000E+00  0.000000E+00
  4.056   6.307   0.000000E+00  0.000000E+00
  4.120   6.356   0.000000E+00  0.000000E+00
  4.184   6.406   0.000000E+00  0.000000E+00
  4.249   6.455   0.000000E+00  0.000000E+00
  4.314   6.504   0.000000E+00  0.000000E+00
  4.379   6.553   0.000000E+00  0.000000E+00
  4.445   6.603   0.000000E+00  0.000000E+00
  4.512   6.652   0.000000E+00  0.000000E+00
  4.579   6.701   0.000000E+00  0.000000E+00
  4.646   6.750   0.000000E+00  0.000000E+00
  4.714   6.800   0.000000E+00  0.000000E+00
  4.783   6.849   0.000000E+00  0.000000E+00
  4.852   6.898   0.000000E+00  0.000000E+00
  4.922   6.947   0.000000E+00  0.000000E+00
  4.992   6.997   0.000000E+00  0.000000E+00
  5.062   7.046   0.000000E+00  0.000000E+00
  5.133   7.095   0.000000E+00  0.000000E+00
  5.205   7.144   0.000000E+00  0.000000E+00
  5.277   7.194   0.000000E+00  0.000000E+00
  5.349   7.243   0.000000E+00  0.000000E+00
  5.422   7.292   0.000000E+00  0.000000E+00
  5.496   7.341   0.000000E+00  0.000000E+00
  5.570   7.391   0.000000E+00  0.000000E+00
  5.644   7.440   0.000000E+00  0.000000E+00
  5.719   7.489   0.000000E+00  0.000000E+00
  5.795   7.538   0.000000E+00  0.000000E+00
  5.871   7.588   0.000000E+00  0.000000E+00
  5.947   7.637   0.000000E+00  0.000000E+00
  6.024   7.686   0.000000E+00  0.000000E+00
  6.101   7.735   0.000000E+00  0.000000E+00
  6.179   7.785   0.000000E+00  0.000000E+00
  6.258   7.834   0.000000E+00  0.000000E+00
  6.337   7.883   0.000000E+00  0.000000E+00
  6.416   7.932   0.000000E+00  0.000000E+00
  6.496   7.982   0.000000E+00  0.000000E+00
  6.576   8.031   0.000000E+00  0.000000E+00
  6.657   8.080   0.000000E+00  0.000000E+00
  6.739   8.129   0.000000E+00  0.000000E+00
  6.821   8.178   0.000000E+00  0.000000E+00
  6.903   8.228   0.000000E+00  0.000000E+00
  6.986   8.277   0.000000E+00  0.000000E+00
  7.069   8.326   0.000000E+00  0.000000E+00
  7.153   8.375   0.000000E+00  0.000000E+00
  7.238   8.425   0.000000E+00  0.000000E+00
  7.322   8.474   0.000000E+00  0.000000E+00
  7.408   8.523   0.000000E+00  0.000000E+00
  7.494   8.572   0.000000E+00  0.000000E+00
  7.580   8.622   0.000000E+00  0.000000E+00
  7.667   8.671   0.000000E+00  0.000000E+00
  7.754   8.720   0.000000E+00  0.000000E+00
  7.842   8.769   0.000000E+00  0.000000E+00
  7.930   8.819   0.000000E+00  0.000000E+00
  8.019   8.868   0.000000E+00  0.000000E+00
  8.109   8.917   0.000000E+00  0.000000E+00
  8.198   8.966   0.000000E+00  0.000000E+00
  8.289   9.016   0.000000E+00  0.000000E+00
  8.379   9.065   0.000000E+00  0.000000E+00
  8.471   9.114   0.000000E+00  0.000000E+00
  8.563   9.163   0.000000E+00  0.000000E+00
  8.655   9.213   0.000000E+00  0.000000E+00
  8.748   9.262   0.000000E+00  0.000000E+00
  8.841   9.311   0.000000E+00  0.000000E+00
  8.935   9.361   0.000000E+00  0.000000E+00
  9.029   9.410   0.000000E+00  0.000000E+00
  9.124   9.459   0.000000E+00  0.000000E+00
  9.219   9.508   0.000000E+00  0.000000E+00
  9.315   9.557   0.000000E+00  0.000000E+00
  9.411   9.607   0.000000E+00  0.000000E+00
  9.508   9.656   0.000000E+00  0.000000E+00
  9.605   9.705   0.000000E+00  0.000000E+00
  9.703   9.755   0.000000E+00  0.000000E+00
  9.801   9.804   0.000000E+00  0.000000E+00
  9.900   9.853   0.000000E+00  0.000000E+00
  9.999   9.902   0.000000E+00  0.000000E+00
 10.098   9.951   0.000000E+00  0.000000E+00
 10.199  10.001   0.000000E+00  0.000000E+00
