 Water depth:   0.900000000000000      

 Starting Frequency:   0.200000000000000      

 Spacing Between Frequencies:   0.185000000000000      

 The rotation center for the bodies are input as (please confirm if it is correc
 t):
       0.000       0.000      -0.043
       0.000      -0.390      -0.043
       0.000      -0.780      -0.043
       0.000      -1.170      -0.043
       0.000      -1.560      -0.043
       0.870       0.000      -0.043
       0.870      -0.390      -0.043
       0.870      -0.780      -0.043
       0.870      -1.170      -0.043
       0.870      -1.560      -0.043
       1.740       0.000      -0.043
       1.740      -0.390      -0.043
       1.740      -0.780      -0.043
       1.740      -1.170      -0.043
       1.740      -1.560      -0.043
       2.610       0.000      -0.043
       2.610      -0.390      -0.043
       2.610      -0.780      -0.043
       2.610      -1.170      -0.043
       2.610      -1.560      -0.043
 The center of gravity per body is input as (please confirm if it is correct):
       0.000       0.000      -0.111
       0.000       0.000      -0.111
       0.000       0.000      -0.111
       0.000       0.000      -0.111
       0.000       0.000      -0.111
       0.000       0.000      -0.111
       0.000       0.000      -0.111
       0.000       0.000      -0.111
       0.000       0.000      -0.111
       0.000       0.000      -0.111
       0.000       0.000      -0.111
       0.000       0.000      -0.111
       0.000       0.000      -0.111
       0.000       0.000      -0.111
       0.000       0.000      -0.111
       0.000       0.000      -0.111
       0.000       0.000      -0.111
       0.000       0.000      -0.111
       0.000       0.000      -0.111
       0.000       0.000      -0.111
