  0.000   0.000   -0.11006E-02   0.12716E-01   0.38226E+01  -0.66453E-03  -0.64513E-04  -0.17426E-05
  0.000   0.000   -0.81539E-03  -0.29282E+00   0.10517E+01   0.15627E-01  -0.46228E-04  -0.11630E-05
  0.000   0.000   -0.26877E-03  -0.68369E-01   0.52462E+00   0.36788E-02  -0.14628E-04  -0.11184E-06
  0.000   0.000   -0.60788E-04  -0.31255E-01   0.35185E+00   0.16750E-02  -0.29534E-05  -0.13336E-06
  0.000   0.000    0.48265E-01  -0.20573E-01   0.44053E+00   0.11019E-02   0.25822E-02  -0.16372E-06
  0.000   0.000    0.62754E-01   0.59123E-03   0.48331E+00  -0.30775E-04   0.33588E-02  -0.20721E-06
  0.000   0.000    0.26193E-01  -0.21869E-01   0.35759E+00   0.11719E-02   0.14018E-02  -0.12215E-06
  0.000   0.000    0.13310E-01  -0.16929E-01   0.28509E+00   0.90728E-03   0.71268E-03  -0.95695E-07
  0.000   0.000    0.15536E-01  -0.22037E-04   0.24072E+00   0.72573E-06   0.83198E-03  -0.70601E-07
  0.000   0.000    0.14392E-01  -0.32651E-02   0.23438E+00   0.17451E-03   0.77069E-03  -0.70038E-07
  0.000   0.000   -0.15339E-03   0.29846E+00   0.10522E+01  -0.15922E-01  -0.97801E-05   0.21515E-08
  0.000   0.000   -0.12082E-02   0.87891E-03   0.38405E+01  -0.40980E-04  -0.70294E-04  -0.17670E-05
  0.000   0.000   -0.84820E-03  -0.29403E+00   0.10553E+01   0.15692E-01  -0.48209E-04  -0.11511E-05
  0.000   0.000   -0.23453E-03  -0.69756E-01   0.52465E+00   0.37522E-02  -0.12789E-04  -0.11475E-06
  0.000   0.000    0.63908E-01   0.62882E-04   0.48526E+00  -0.29774E-05   0.34203E-02  -0.21041E-06
  0.000   0.000    0.48081E-01   0.21528E-01   0.44057E+00  -0.11539E-02   0.25723E-02  -0.13788E-06
  0.000   0.000    0.48610E-01  -0.20770E-01   0.44157E+00   0.11125E-02   0.26007E-02  -0.16565E-06
  0.000   0.000    0.26099E-01  -0.22493E-01   0.35756E+00   0.12049E-02   0.13969E-02  -0.12256E-06
  0.000   0.000    0.14447E-01   0.31708E-02   0.23467E+00  -0.17050E-03   0.77365E-03  -0.65934E-07
  0.000   0.000    0.15501E-01  -0.10048E-03   0.24051E+00   0.47724E-05   0.83009E-03  -0.69870E-07
  0.000   0.000   -0.98704E-04   0.70003E-01   0.52470E+00  -0.37642E-02  -0.41735E-05   0.86495E-06
  0.000   0.000   -0.21999E-03   0.29596E+00   0.10558E+01  -0.15790E-01  -0.13363E-04  -0.21459E-08
  0.000   0.000   -0.12089E-02   0.36000E-03   0.38404E+01  -0.13045E-04  -0.70356E-04  -0.17673E-05
  0.000   0.000   -0.78280E-03  -0.29654E+00   0.10517E+01   0.15825E-01  -0.44707E-04  -0.11553E-05
  0.000   0.000    0.48576E-01   0.20776E-01   0.44164E+00  -0.11142E-02   0.25986E-02  -0.14022E-06
  0.000   0.000    0.26060E-01   0.22537E-01   0.35769E+00  -0.12088E-02   0.13948E-02  -0.93094E-07
  0.000   0.000    0.63943E-01  -0.12239E-03   0.48516E+00   0.69864E-05   0.34222E-02  -0.21172E-06
  0.000   0.000    0.48136E-01  -0.21485E-01   0.44040E+00   0.11502E-02   0.25755E-02  -0.16510E-06
  0.000   0.000    0.11803E-01   0.51439E-02   0.21917E+00  -0.27633E-03   0.63210E-03  -0.58404E-07
  0.000   0.000    0.14367E-01   0.30776E-02   0.23476E+00  -0.16563E-03   0.76943E-03  -0.65339E-07
  0.000   0.000   -0.65147E-04   0.31263E-01   0.35188E+00  -0.16770E-02  -0.33258E-05  -0.70016E-07
  0.000   0.000   -0.13205E-03   0.68627E-01   0.52467E+00  -0.36914E-02  -0.59689E-05   0.86452E-06
  0.000   0.000   -0.19717E-03   0.29475E+00   0.10522E+01  -0.15725E-01  -0.12000E-04  -0.12194E-07
  0.000   0.000   -0.11079E-02  -0.11462E-01   0.38227E+01   0.60978E-03  -0.64991E-04  -0.17831E-05
  0.000   0.000    0.26171E-01   0.21880E-01   0.35766E+00  -0.11740E-02   0.14006E-02  -0.94413E-07
  0.000   0.000    0.13279E-01   0.16962E-01   0.28519E+00  -0.91023E-03   0.71097E-03  -0.65869E-07
  0.000   0.000    0.48300E-01   0.20575E-01   0.44044E+00  -0.11034E-02   0.25838E-02  -0.14078E-06
  0.000   0.000    0.62817E-01  -0.61513E-03   0.48313E+00   0.32880E-04   0.33622E-02  -0.20904E-06
  0.000   0.000    0.88354E-02   0.57613E-02   0.19892E+00  -0.30944E-03   0.47323E-03  -0.50215E-07
  0.000   0.000    0.11682E-01   0.51151E-02   0.21934E+00  -0.27484E-03   0.62564E-03  -0.57834E-07
  0.000   0.000   -0.48199E-01   0.21489E-01   0.44060E+00  -0.11516E-02  -0.25784E-02  -0.79925E-09
  0.000   0.000   -0.64177E-01   0.53081E-04   0.48531E+00  -0.27300E-05  -0.34375E-02   0.26022E-06
  0.000   0.000   -0.48712E-01  -0.20762E-01   0.44166E+00   0.11118E-02  -0.26063E-02  -0.93181E-07
  0.000   0.000   -0.26140E-01  -0.22501E-01   0.35768E+00   0.12053E-02  -0.13987E-02  -0.12532E-06
  0.000   0.000   -0.61108E-03   0.83165E-03   0.38416E+01  -0.38410E-04  -0.38274E-04  -0.17717E-05
  0.000   0.000    0.20698E-03   0.29857E+00   0.10532E+01  -0.15928E-01   0.95258E-05   0.63477E-09
  0.000   0.000   -0.25259E-03  -0.29414E+00   0.10561E+01   0.15699E-01  -0.16231E-04  -0.11581E-05
  0.000   0.000    0.72520E-04  -0.69830E-01   0.52505E+00   0.37562E-02   0.37096E-05  -0.11902E-06
  0.000   0.000    0.48081E-01   0.21433E-01   0.44038E+00  -0.11488E-02   0.25723E-02  -0.13997E-06
  0.000   0.000    0.63164E-01  -0.63632E-03   0.48414E+00   0.33991E-04   0.33808E-02  -0.21043E-06
  0.000   0.000   -0.63018E-01   0.55635E-03   0.48335E+00  -0.29177E-04  -0.33757E-02   0.25768E-06
  0.000   0.000   -0.48403E-01  -0.20570E-01   0.44054E+00   0.11014E-02  -0.25897E-02  -0.92960E-07
  0.000   0.000   -0.26256E-01  -0.21865E-01   0.35766E+00   0.11717E-02  -0.14048E-02  -0.12302E-06
  0.000   0.000   -0.13335E-01  -0.16934E-01   0.28518E+00   0.90753E-03  -0.71372E-03  -0.93988E-07
  0.000   0.000   -0.36689E-03  -0.29293E+00   0.10527E+01   0.15633E-01  -0.22174E-04  -0.11664E-05
  0.000   0.000   -0.71832E-03   0.12766E-01   0.38237E+01  -0.66721E-03  -0.44023E-04  -0.17445E-05
  0.000   0.000    0.62687E-04  -0.68486E-01   0.52515E+00   0.36850E-02   0.31655E-05  -0.11570E-06
  0.000   0.000    0.57202E-04  -0.31311E-01   0.35207E+00   0.16780E-02   0.33901E-05  -0.13525E-06
  0.000   0.000    0.62812E-01   0.49103E-03   0.48306E+00  -0.25395E-04   0.33620E-02  -0.20965E-06
  0.000   0.000    0.47897E-01  -0.21335E-01   0.43929E+00   0.11422E-02   0.25628E-02  -0.16504E-06
  0.000   0.000   -0.26140E-01   0.22510E-01   0.35764E+00  -0.12072E-02  -0.13987E-02  -0.21001E-07
  0.000   0.000   -0.48689E-01   0.20761E-01   0.44160E+00  -0.11132E-02  -0.26044E-02  -0.11832E-08
  0.000   0.000   -0.64164E-01  -0.12405E-03   0.48521E+00   0.68028E-05  -0.34368E-02   0.25976E-06
  0.000   0.000   -0.48203E-01  -0.21485E-01   0.44047E+00   0.11499E-02  -0.25792E-02  -0.96670E-07
  0.000   0.000    0.30700E-03   0.29597E+00   0.10566E+01  -0.15791E-01   0.14887E-04  -0.62346E-08
  0.000   0.000    0.11631E-03   0.70102E-01   0.52524E+00  -0.37696E-02   0.73393E-05   0.86411E-06
  0.000   0.000   -0.45237E-03   0.28962E-03   0.38411E+01  -0.92639E-05  -0.29738E-04  -0.17764E-05
  0.000   0.000   -0.22359E-03  -0.29660E+00   0.10521E+01   0.15828E-01  -0.14653E-04  -0.11632E-05
  0.000   0.000    0.25993E-01   0.22519E-01   0.35774E+00  -0.12078E-02   0.13912E-02  -0.93926E-07
  0.000   0.000    0.47601E-01   0.20798E-01   0.44166E+00  -0.11153E-02   0.25468E-02  -0.13838E-06
  0.000   0.000   -0.13330E-01   0.16939E-01   0.28511E+00  -0.90894E-03  -0.71349E-03  -0.29083E-07
  0.000   0.000   -0.26247E-01   0.21872E-01   0.35756E+00  -0.11735E-02  -0.14044E-02  -0.21809E-07
  0.000   0.000   -0.48368E-01   0.20569E-01   0.44040E+00  -0.11029E-02  -0.25873E-02  -0.24274E-08
  0.000   0.000   -0.62999E-01  -0.62277E-03   0.48318E+00   0.32977E-04  -0.33748E-02   0.25362E-06
  0.000   0.000    0.15939E-03   0.68652E-01   0.52507E+00  -0.36927E-02   0.96466E-05   0.86239E-06
  0.000   0.000    0.30942E-05   0.31327E-01   0.35210E+00  -0.16804E-02   0.32839E-06  -0.70385E-07
  0.000   0.000    0.40623E-03   0.29472E+00   0.10525E+01  -0.15723E-01   0.20390E-04  -0.19578E-07
  0.000   0.000   -0.47216E-03  -0.11496E-01   0.38229E+01   0.61160E-03  -0.30823E-04  -0.17921E-05
  0.000   0.000    0.13206E-01   0.17030E-01   0.28553E+00  -0.91393E-03   0.70706E-03  -0.65305E-07
  0.000   0.000    0.25440E-01   0.22586E-01   0.35889E+00  -0.12113E-02   0.13617E-02  -0.91892E-07
  0.000   0.000   -0.15558E-01  -0.20911E-05   0.24072E+00  -0.31089E-06  -0.83292E-03  -0.53278E-07
  0.000   0.000   -0.14599E-01  -0.30833E-02   0.23465E+00   0.16494E-03  -0.78152E-03  -0.59374E-07
  0.000   0.000   -0.11938E-01  -0.49753E-02   0.21915E+00   0.26651E-03  -0.63910E-03  -0.59002E-07
  0.000   0.000   -0.88856E-02  -0.57223E-02   0.19892E+00   0.30651E-03  -0.47575E-03  -0.55606E-07
  0.000   0.000   -0.48153E-01  -0.20538E-01   0.44034E+00   0.10997E-02  -0.25763E-02  -0.94279E-07
  0.000   0.000   -0.62821E-01   0.56301E-03   0.48309E+00  -0.29528E-04  -0.33652E-02   0.25726E-06
  0.000   0.000   -0.26108E-01  -0.21774E-01   0.35770E+00   0.11668E-02  -0.13969E-02  -0.12379E-06
  0.000   0.000   -0.13357E-01  -0.16887E-01   0.28551E+00   0.90500E-03  -0.71494E-03  -0.92895E-07
  0.000   0.000   -0.40763E-03   0.12454E-01   0.38216E+01  -0.65049E-03  -0.27282E-04  -0.17541E-05
  0.000   0.000   -0.10636E-03  -0.29532E+00   0.10476E+01   0.15759E-01  -0.81430E-05  -0.11763E-05
  0.000   0.000   -0.14438E-01   0.31979E-02   0.23440E+00  -0.17191E-03  -0.77295E-03  -0.45032E-07
  0.000   0.000   -0.15727E-01   0.43439E-04   0.24051E+00  -0.28299E-05  -0.84185E-03  -0.54377E-07
  0.000   0.000   -0.14643E-01  -0.30045E-02   0.23476E+00   0.16072E-03  -0.78389E-03  -0.59374E-07
  0.000   0.000   -0.11879E-01  -0.50820E-02   0.21935E+00   0.27208E-03  -0.63598E-03  -0.59566E-07
  0.000   0.000   -0.63614E-01   0.20289E-03   0.48417E+00  -0.10761E-04  -0.34074E-02   0.25747E-06
  0.000   0.000   -0.47798E-01   0.21441E-01   0.43934E+00  -0.11490E-02  -0.25570E-02  -0.12428E-08
  0.000   0.000   -0.48515E-01  -0.20350E-01   0.44165E+00   0.10897E-02  -0.25957E-02  -0.94414E-07
  0.000   0.000   -0.26401E-01  -0.22317E-01   0.35888E+00   0.11955E-02  -0.14128E-02  -0.11972E-06
  0.000   0.000    0.46962E-03   0.29734E+00   0.10481E+01  -0.15862E-01   0.23814E-04  -0.15982E-07
  0.000   0.000   -0.31283E-03  -0.11084E-01   0.38222E+01   0.58947E-03  -0.22243E-04  -0.17952E-05
 -1.000  -1.000   -0.11644E-03   0.22521E-02   0.22797E+01  -0.12591E-03  -0.43648E-04  -0.34814E-05
 -1.000  -1.000   -0.58807E-03  -0.40609E-01   0.10887E+00   0.23834E-02  -0.37776E-04  -0.10875E-05
 -1.000  -1.000   -0.11090E-03  -0.35266E-02   0.14775E-01   0.22673E-03  -0.71737E-05   0.11932E-06
 -1.000  -1.000   -0.28938E-05  -0.56093E-03   0.42477E-02   0.33453E-04  -0.17535E-06  -0.50966E-08
 -1.000  -1.000    0.99066E-03  -0.47799E-03   0.75500E-02   0.29252E-04   0.59396E-04  -0.26292E-07
 -1.000  -1.000    0.16179E-02   0.10518E-04   0.97125E-02   0.13760E-05   0.99081E-04  -0.75756E-07
 -1.000  -1.000    0.35491E-03  -0.34066E-03   0.41764E-02   0.20233E-04   0.21010E-04  -0.43343E-08
 -1.000  -1.000    0.11858E-03  -0.18274E-03   0.21508E-02   0.10854E-04   0.70213E-05  -0.20781E-08
 -1.000  -1.000    0.96210E-04   0.95543E-05   0.12298E-02  -0.55315E-06   0.57035E-05  -0.93103E-09
 -1.000  -1.000    0.86110E-04  -0.26252E-04   0.11520E-02   0.15563E-05   0.51052E-05  -0.10786E-08
 -1.000  -1.000    0.22421E-05   0.43110E-01   0.10898E+00  -0.25042E-02  -0.33189E-05  -0.74278E-07
 -1.000  -1.000   -0.13149E-03   0.10389E-02   0.22825E+01  -0.55326E-04  -0.44597E-04  -0.35093E-05
 -1.000  -1.000   -0.59558E-03  -0.40699E-01   0.10917E+00   0.23892E-02  -0.38299E-04  -0.10808E-05
 -1.000  -1.000   -0.11073E-03  -0.35742E-02   0.14774E-01   0.22950E-03  -0.71612E-05   0.11921E-06
 -1.000  -1.000    0.16388E-02  -0.51197E-04   0.99875E-02   0.50209E-05   0.10033E-03  -0.77844E-07
 -1.000  -1.000    0.98002E-03   0.50128E-03   0.75373E-02  -0.29596E-04   0.58304E-04  -0.76530E-08
 -1.000  -1.000    0.99769E-03  -0.49058E-03   0.76378E-02   0.30025E-04   0.59812E-04  -0.26811E-07
 -1.000  -1.000    0.35645E-03  -0.36187E-03   0.41747E-02   0.21469E-04   0.21103E-04  -0.43655E-08
 -1.000  -1.000    0.86960E-04   0.28670E-04   0.11674E-02  -0.16876E-05   0.51547E-05  -0.87450E-09
 -1.000  -1.000    0.98686E-04  -0.74933E-05   0.12572E-02   0.44318E-06   0.58509E-05  -0.11626E-08
 -1.000  -1.000    0.94937E-04   0.39313E-02   0.14740E-01  -0.24325E-03   0.59310E-05   0.13698E-05
 -1.000  -1.000   -0.41004E-07   0.42983E-01   0.10928E+00  -0.24968E-02  -0.34629E-05  -0.77314E-07
 -1.000  -1.000   -0.13230E-03   0.10175E-02   0.22825E+01  -0.53985E-04  -0.44649E-04  -0.35121E-05
 -1.000  -1.000   -0.59504E-03  -0.40833E-01   0.10887E+00   0.23969E-02  -0.38258E-04  -0.10808E-05
 -1.000  -1.000    0.98274E-03   0.46825E-03   0.76269E-02  -0.27657E-04   0.58465E-04  -0.85545E-08
 -1.000  -1.000    0.35735E-03   0.36652E-03   0.41766E-02  -0.21674E-04   0.21146E-04  -0.93226E-09
 -1.000  -1.000    0.16389E-02  -0.58307E-04   0.99861E-02   0.54618E-05   0.10034E-03  -0.78819E-07
 -1.000  -1.000    0.99482E-03  -0.52495E-03   0.75467E-02   0.32020E-04   0.59645E-04  -0.26750E-07
 -1.000  -1.000    0.62608E-04   0.35825E-04   0.95918E-03  -0.21145E-05   0.37104E-05  -0.69598E-09
 -1.000  -1.000    0.87469E-04   0.12720E-04   0.11671E-02  -0.75646E-06   0.51855E-05  -0.10427E-08
 -1.000  -1.000   -0.34752E-06   0.56955E-03   0.42477E-02  -0.33811E-04  -0.44327E-07   0.16178E-07
 -1.000  -1.000    0.94265E-04   0.38854E-02   0.14741E-01  -0.24054E-03   0.58888E-05   0.13686E-05
 -1.000  -1.000   -0.13942E-05   0.42881E-01   0.10897E+00  -0.24906E-02  -0.34897E-05  -0.10675E-06
 -1.000  -1.000   -0.13342E-03  -0.25320E-03   0.22797E+01   0.19367E-04  -0.44640E-04  -0.35138E-05
 -1.000  -1.000    0.35583E-03   0.34587E-03   0.41768E-02  -0.20461E-04   0.21056E-04  -0.13906E-08
 -1.000  -1.000    0.11906E-03   0.18528E-03   0.21520E-02  -0.10970E-04   0.70457E-05   0.21124E-09
 -1.000  -1.000    0.97594E-03   0.45523E-03   0.75366E-02  -0.26867E-04   0.58063E-04  -0.10271E-07
 -1.000  -1.000    0.16179E-02  -0.12211E-03   0.97102E-02   0.91722E-05   0.99091E-04  -0.78471E-07
 -1.000  -1.000    0.38711E-04   0.31809E-04   0.71330E-03  -0.18793E-05   0.22936E-05  -0.49864E-09
 -1.000  -1.000    0.61977E-04   0.22038E-04   0.94027E-03  -0.13097E-05   0.36737E-05  -0.80334E-09
 -1.000  -1.000   -0.10077E-02   0.49304E-03   0.75452E-02  -0.28947E-04  -0.60585E-04   0.72277E-07
 -1.000  -1.000   -0.18503E-02  -0.53409E-04   0.10031E-01   0.47943E-05  -0.11680E-03   0.53113E-06
 -1.000  -1.000   -0.10463E-02  -0.47317E-03   0.76457E-02   0.28371E-04  -0.63641E-04   0.11623E-06
 -1.000  -1.000   -0.35981E-03  -0.36217E-03   0.41762E-02   0.21478E-04  -0.21377E-04  -0.97332E-09
 -1.000  -1.000   -0.12411E-03   0.10381E-02   0.22825E+01  -0.55274E-04  -0.44148E-04  -0.35097E-05
 -1.000  -1.000    0.71421E-05   0.43111E-01   0.10900E+00  -0.25043E-02  -0.30221E-05  -0.74427E-07
 -1.000  -1.000   -0.58729E-03  -0.40701E-01   0.10919E+00   0.23893E-02  -0.37787E-04  -0.10819E-05
 -1.000  -1.000   -0.10495E-03  -0.35750E-02   0.14783E-01   0.22955E-03  -0.68058E-05   0.11847E-06
 -1.000  -1.000    0.98073E-03   0.49579E-03   0.75175E-02  -0.29257E-04   0.58348E-04  -0.95316E-08
 -1.000  -1.000    0.16372E-02  -0.11112E-03   0.98374E-02   0.85086E-05   0.10024E-03  -0.78805E-07
 -1.000  -1.000   -0.18265E-02   0.78238E-05   0.97560E-02   0.11915E-05  -0.11534E-03   0.52886E-06
 -1.000  -1.000   -0.10392E-02  -0.46059E-03   0.75570E-02   0.27599E-04  -0.63213E-04   0.11650E-06
 -1.000  -1.000   -0.35848E-03  -0.34091E-03   0.41775E-02   0.20239E-04  -0.21300E-04  -0.90662E-09
 -1.000  -1.000   -0.12023E-03  -0.18286E-03   0.21520E-02   0.10859E-04  -0.71538E-05  -0.10809E-08
 -1.000  -1.000   -0.58255E-03  -0.40610E-01   0.10889E+00   0.23835E-02  -0.37440E-04  -0.10878E-05
 -1.000  -1.000   -0.11174E-03   0.22527E-02   0.22797E+01  -0.12594E-03  -0.43361E-04  -0.34816E-05
 -1.000  -1.000   -0.10588E-03  -0.35278E-02   0.14791E-01   0.22680E-03  -0.68659E-05   0.11874E-06
 -1.000  -1.000    0.31932E-06  -0.56166E-03   0.42556E-02   0.33497E-04   0.20929E-07  -0.54509E-08
 -1.000  -1.000    0.16187E-02   0.74485E-05   0.97016E-02   0.15647E-05   0.99129E-04  -0.76854E-07
 -1.000  -1.000    0.99057E-03  -0.51177E-03   0.74661E-02   0.31216E-04   0.59396E-04  -0.26861E-07
 -1.000  -1.000   -0.35807E-03   0.36561E-03   0.41762E-02  -0.21623E-04  -0.21271E-04   0.21789E-08
 -1.000  -1.000   -0.10113E-02   0.46017E-03   0.76341E-02  -0.27021E-04  -0.60804E-04   0.71885E-07
 -1.000  -1.000   -0.18504E-02  -0.60490E-04   0.10030E-01   0.52336E-05  -0.11680E-03   0.53029E-06
 -1.000  -1.000   -0.10431E-02  -0.50753E-03   0.75543E-02   0.30365E-04  -0.63445E-04   0.11602E-06
 -1.000  -1.000    0.71738E-05   0.42982E-01   0.10930E+00  -0.24968E-02  -0.30257E-05  -0.77696E-07
 -1.000  -1.000    0.98781E-04   0.39320E-02   0.14756E-01  -0.24328E-03   0.61620E-05   0.13697E-05
 -1.000  -1.000   -0.12185E-03   0.10167E-02   0.22825E+01  -0.53931E-04  -0.44002E-04  -0.35137E-05
 -1.000  -1.000   -0.58635E-03  -0.40833E-01   0.10888E+00   0.23970E-02  -0.37719E-04  -0.10822E-05
 -1.000  -1.000    0.35784E-03   0.35958E-03   0.41499E-02  -0.21246E-04   0.21176E-04  -0.32817E-08
 -1.000  -1.000    0.97997E-03   0.39531E-03   0.74383E-02  -0.23401E-04   0.58311E-04  -0.10178E-07
 -1.000  -1.000   -0.11932E-03   0.18493E-03   0.21510E-02  -0.10950E-04  -0.70996E-05   0.11025E-08
 -1.000  -1.000   -0.35688E-03   0.34510E-03   0.41758E-02  -0.20418E-04  -0.21202E-04   0.18436E-08
 -1.000  -1.000   -0.10044E-02   0.44721E-03   0.75440E-02  -0.26234E-04  -0.60394E-04   0.70185E-07
 -1.000  -1.000   -0.18282E-02  -0.12401E-03   0.97538E-02   0.89216E-05  -0.11546E-03   0.52817E-06
 -1.000  -1.000    0.99400E-04   0.38852E-02   0.14750E-01  -0.24053E-03   0.61980E-05   0.13684E-05
 -1.000  -1.000    0.21112E-05   0.56989E-03   0.42556E-02  -0.33831E-04   0.10287E-06   0.16139E-07
 -1.000  -1.000    0.74040E-05   0.42881E-01   0.10898E+00  -0.24905E-02  -0.29475E-05  -0.10795E-06
 -1.000  -1.000   -0.12434E-03  -0.25353E-03   0.22797E+01   0.19389E-04  -0.44074E-04  -0.35154E-05
 -1.000  -1.000    0.11943E-03   0.17998E-03   0.21297E-02  -0.10643E-04   0.70682E-05  -0.15164E-08
 -1.000  -1.000    0.35426E-03   0.29259E-03   0.40332E-02  -0.17340E-04   0.20969E-04  -0.34957E-08
 -1.000  -1.000   -0.96322E-04   0.99703E-05   0.12299E-02  -0.58012E-06  -0.57330E-05   0.24482E-09
 -1.000  -1.000   -0.86555E-04  -0.19041E-04   0.11678E-02   0.11349E-05  -0.51531E-05  -0.21587E-11
 -1.000  -1.000   -0.62292E-04  -0.29691E-04   0.95952E-03   0.17698E-05  -0.37096E-05  -0.24952E-09
 -1.000  -1.000   -0.38685E-04  -0.31973E-04   0.71337E-03   0.18988E-05  -0.23045E-05  -0.28458E-09
 -1.000  -1.000   -0.10354E-02  -0.46183E-03   0.75377E-02   0.27672E-04  -0.62988E-04   0.11623E-06
 -1.000  -1.000   -0.18246E-02   0.69427E-05   0.97454E-02   0.12441E-05  -0.11523E-03   0.52883E-06
 -1.000  -1.000   -0.35265E-03  -0.34098E-03   0.41510E-02   0.20240E-04  -0.20935E-04  -0.22872E-08
 -1.000  -1.000   -0.11624E-03  -0.18170E-03   0.21300E-02   0.10789E-04  -0.69095E-05  -0.16252E-08
 -1.000  -1.000   -0.10736E-03   0.22406E-02   0.22797E+01  -0.12521E-03  -0.43082E-04  -0.34864E-05
 -1.000  -1.000   -0.57848E-03  -0.40743E-01   0.10855E+00   0.23912E-02  -0.37175E-04  -0.10899E-05
 -1.000  -1.000   -0.85950E-04   0.28659E-04   0.11522E-02  -0.16897E-05  -0.51160E-05   0.23741E-09
 -1.000  -1.000   -0.97746E-04   0.98379E-06   0.12578E-02  -0.51996E-07  -0.58191E-05   0.13784E-09
 -1.000  -1.000   -0.86336E-04  -0.21121E-04   0.11677E-02   0.12628E-05  -0.51403E-05  -0.14022E-09
 -1.000  -1.000   -0.61280E-04  -0.35446E-04   0.94051E-03   0.21045E-05  -0.36488E-05  -0.26785E-09
 -1.000  -1.000   -0.18286E-02  -0.61687E-04   0.98835E-02   0.52790E-05  -0.11549E-03   0.52890E-06
 -1.000  -1.000   -0.99943E-03   0.48595E-03   0.74629E-02  -0.28528E-04  -0.60093E-04   0.72212E-07
 -1.000  -1.000   -0.10104E-02  -0.47135E-03   0.74584E-02   0.28232E-04  -0.61364E-04   0.10519E-06
 -1.000  -1.000   -0.33972E-03  -0.35324E-03   0.40352E-02   0.20944E-04  -0.20159E-04  -0.29249E-08
 -1.000  -1.000    0.96774E-05   0.43010E-01   0.10865E+00  -0.24981E-02  -0.28038E-05  -0.10509E-06
 -1.000  -1.000   -0.12221E-03  -0.24188E-03   0.22797E+01   0.18650E-04  -0.43941E-04  -0.35161E-05
  0.067   0.200   -0.11594E-02   0.12873E-01   0.48130E+01  -0.67488E-03  -0.67308E-04  -0.19810E-05
  0.067   0.200   -0.88804E-03  -0.29995E+00   0.20294E+01   0.16008E-01  -0.49747E-04  -0.14083E-05
  0.067   0.200   -0.31326E-03  -0.80394E-01   0.14651E+01   0.43230E-02  -0.16643E-04  -0.35616E-06
  0.067   0.200   -0.54235E-04  -0.45986E-01   0.12414E+01   0.24640E-02  -0.22447E-05  -0.37017E-06
  0.067   0.200    0.61459E-01  -0.26077E-01   0.13605E+01   0.13957E-02   0.32898E-02  -0.40280E-06
  0.067   0.200    0.76397E-01   0.69502E-03   0.14140E+01  -0.38139E-04   0.40906E-02  -0.44291E-06
  0.067   0.200    0.37800E-01  -0.31488E-01   0.12484E+01   0.16867E-02   0.20242E-02  -0.35970E-06
  0.067   0.200    0.22829E-01  -0.29195E-01   0.11343E+01   0.15639E-02   0.12232E-02  -0.32536E-06
  0.067   0.200    0.31331E-01  -0.40387E-04   0.10517E+01   0.98403E-07   0.16786E-02  -0.28109E-06
  0.067   0.200    0.29731E-01  -0.67020E-02   0.10387E+01   0.35724E-03   0.15930E-02  -0.28165E-06
  0.067   0.200   -0.19191E-03   0.30600E+00   0.20301E+01  -0.16329E-01  -0.11467E-04  -0.22436E-06
  0.067   0.200   -0.12786E-02   0.93983E-03   0.48314E+01  -0.46279E-04  -0.73712E-04  -0.20053E-05
  0.067   0.200   -0.90864E-03  -0.30116E+00   0.20335E+01   0.16074E-01  -0.51075E-04  -0.13970E-05
  0.067   0.200   -0.24882E-03  -0.82186E-01   0.14652E+01   0.44177E-02  -0.13185E-04  -0.36012E-06
  0.067   0.200    0.77783E-01   0.92652E-04   0.14162E+01  -0.64886E-05   0.41644E-02  -0.44645E-06
  0.067   0.200    0.61125E-01   0.27315E-01   0.13606E+01  -0.14664E-02   0.32719E-02  -0.36427E-06
  0.067   0.200    0.61872E-01  -0.26255E-01   0.13618E+01   0.14052E-02   0.33119E-02  -0.40632E-06
  0.067   0.200    0.37594E-01  -0.32400E-01   0.12484E+01   0.17348E-02   0.20133E-02  -0.36038E-06
  0.067   0.200    0.29821E-01   0.65280E-02   0.10394E+01  -0.35228E-03   0.15978E-02  -0.27076E-06
  0.067   0.200    0.31283E-01  -0.16611E-03   0.10513E+01   0.65501E-05   0.16760E-02  -0.27962E-06
  0.067   0.200   -0.11295E-03   0.82502E-01   0.14653E+01  -0.44373E-02  -0.45718E-05   0.65325E-06
  0.067   0.200   -0.28084E-03   0.30316E+00   0.20340E+01  -0.16179E-01  -0.16252E-04  -0.22893E-06
  0.067   0.200   -0.12785E-02   0.37234E-03   0.48313E+01  -0.15719E-04  -0.73741E-04  -0.20057E-05
  0.067   0.200   -0.82067E-03  -0.30400E+00   0.20295E+01   0.16224E-01  -0.46362E-04  -0.14021E-05
  0.067   0.200    0.61802E-01   0.26305E-01   0.13619E+01  -0.14131E-02   0.33079E-02  -0.36725E-06
  0.067   0.200    0.37510E-01   0.32528E-01   0.12486E+01  -0.17469E-02   0.20088E-02  -0.30659E-06
  0.067   0.200    0.77848E-01  -0.11260E-03   0.14160E+01   0.45560E-05   0.41679E-02  -0.44897E-06
  0.067   0.200    0.61227E-01  -0.27191E-01   0.13603E+01   0.14546E-02   0.32777E-02  -0.40581E-06
  0.067   0.200    0.26002E-01   0.11329E-01   0.10063E+01  -0.60981E-03   0.13932E-02  -0.25474E-06
  0.067   0.200    0.29698E-01   0.63754E-02   0.10396E+01  -0.34434E-03   0.15912E-02  -0.26958E-06
  0.067   0.200   -0.58780E-04   0.46060E-01   0.12415E+01  -0.24732E-02  -0.26364E-05  -0.26688E-06
  0.067   0.200   -0.17697E-03   0.80722E-01   0.14652E+01  -0.43432E-02  -0.80157E-05   0.65244E-06
  0.067   0.200   -0.26860E-03   0.30194E+00   0.20299E+01  -0.16114E-01  -0.15464E-04  -0.23858E-06
  0.067   0.200   -0.11646E-02  -0.11546E-01   0.48131E+01   0.61212E-03  -0.67681E-04  -0.20220E-05
  0.067   0.200    0.37736E-01   0.31545E-01   0.12486E+01  -0.16950E-02   0.20207E-02  -0.30859E-06
  0.067   0.200    0.22757E-01   0.29312E-01   0.11346E+01  -0.15749E-02   0.12192E-02  -0.26515E-06
  0.067   0.200    0.61515E-01   0.26114E-01   0.13604E+01  -0.14029E-02   0.32926E-02  -0.36850E-06
  0.067   0.200    0.76509E-01  -0.64290E-03   0.14137E+01   0.32353E-04   0.40967E-02  -0.44605E-06
  0.067   0.200    0.21412E-01   0.13992E-01   0.95943E+00  -0.75268E-03   0.11473E-02  -0.23628E-06
  0.067   0.200    0.25806E-01   0.11291E-01   0.10067E+01  -0.60794E-03   0.13828E-02  -0.25364E-06
  0.067   0.200   -0.61318E-01   0.27255E-01   0.13607E+01  -0.14630E-02  -0.32813E-02  -0.20664E-06
  0.067   0.200   -0.78135E-01   0.92703E-04   0.14162E+01  -0.67431E-05  -0.41853E-02   0.43395E-07
  0.067   0.200   -0.62020E-01  -0.26228E-01   0.13620E+01   0.14035E-02  -0.33192E-02  -0.31683E-06
  0.067   0.200   -0.37653E-01  -0.32401E-01   0.12487E+01   0.17349E-02  -0.20155E-02  -0.35076E-06
  0.067   0.200   -0.60035E-03   0.88664E-03   0.48327E+01  -0.43383E-04  -0.37339E-04  -0.20109E-05
  0.067   0.200    0.19629E-03   0.30614E+00   0.20313E+01  -0.16337E-01   0.93320E-05  -0.22617E-06
  0.067   0.200   -0.22297E-03  -0.30130E+00   0.20345E+01   0.16081E-01  -0.14251E-04  -0.14058E-05
  0.067   0.200    0.77291E-04  -0.82276E-01   0.14657E+01   0.44226E-02   0.43545E-05  -0.36579E-06
  0.067   0.200    0.61120E-01   0.27198E-01   0.13606E+01  -0.14602E-02   0.32717E-02  -0.36807E-06
  0.067   0.200    0.76835E-01  -0.73808E-03   0.14151E+01   0.37428E-04   0.41141E-02  -0.44792E-06
  0.067   0.200   -0.76742E-01   0.63767E-03   0.14140E+01  -0.35312E-04  -0.41112E-02   0.40839E-07
  0.067   0.200   -0.61674E-01  -0.26065E-01   0.13605E+01   0.13947E-02  -0.33007E-02  -0.31623E-06
  0.067   0.200   -0.37894E-01  -0.31470E-01   0.12485E+01   0.16858E-02  -0.20282E-02  -0.34724E-06
  0.067   0.200   -0.22860E-01  -0.29199E-01   0.11346E+01   0.15641E-02  -0.12238E-02  -0.31420E-06
  0.067   0.200   -0.34694E-03  -0.30008E+00   0.20306E+01   0.16016E-01  -0.20727E-04  -0.14126E-05
  0.067   0.200   -0.71903E-03   0.12930E-01   0.48143E+01  -0.67790E-03  -0.43701E-04  -0.19833E-05
  0.067   0.200    0.94723E-04  -0.80543E-01   0.14657E+01   0.43310E-02   0.52677E-05  -0.36165E-06
  0.067   0.200    0.56458E-04  -0.46060E-01   0.12416E+01   0.24680E-02   0.37238E-05  -0.37311E-06
  0.067   0.200    0.76473E-01   0.55187E-03   0.14138E+01  -0.30458E-04   0.40947E-02  -0.44735E-06
  0.067   0.200    0.60923E-01  -0.27124E-01   0.13589E+01   0.14510E-02   0.32614E-02  -0.40585E-06
  0.067   0.200   -0.37651E-01   0.32477E-01   0.12485E+01  -0.17441E-02  -0.20153E-02  -0.21480E-06
  0.067   0.200   -0.61996E-01   0.26297E-01   0.13618E+01  -0.14125E-02  -0.33173E-02  -0.20732E-06
  0.067   0.200   -0.78123E-01  -0.92624E-04   0.14160E+01   0.32434E-05  -0.41847E-02   0.42860E-07
  0.067   0.200   -0.61323E-01  -0.27179E-01   0.13605E+01   0.14537E-02  -0.32822E-02  -0.32145E-06
  0.067   0.200    0.29993E-03   0.30319E+00   0.20350E+01  -0.16181E-01   0.14885E-04  -0.23378E-06
  0.067   0.200    0.91416E-04   0.82644E-01   0.14659E+01  -0.44449E-02   0.63731E-05   0.65223E-06
  0.067   0.200   -0.43026E-03   0.29138E-03   0.48321E+01  -0.11369E-04  -0.28185E-04  -0.20167E-05
  0.067   0.200   -0.21271E-03  -0.30407E+00   0.20300E+01   0.16228E-01  -0.13673E-04  -0.14116E-05
  0.067   0.200    0.37410E-01   0.32511E-01   0.12490E+01  -0.17460E-02   0.20034E-02  -0.30867E-06
  0.067   0.200    0.60597E-01   0.26387E-01   0.13624E+01  -0.14174E-02   0.32439E-02  -0.36641E-06
  0.067   0.200   -0.22858E-01   0.29263E-01   0.11344E+01  -0.15721E-02  -0.12237E-02  -0.21132E-06
  0.067   0.200   -0.37889E-01   0.31538E-01   0.12483E+01  -0.16945E-02  -0.20280E-02  -0.21603E-06
  0.067   0.200   -0.61641E-01   0.26127E-01   0.13603E+01  -0.14033E-02  -0.32984E-02  -0.20827E-06
  0.067   0.200   -0.76726E-01  -0.63749E-03   0.14138E+01   0.31774E-04  -0.41103E-02   0.35821E-07
  0.067   0.200    0.13671E-03   0.80769E-01   0.14657E+01  -0.43457E-02   0.87964E-05   0.64974E-06
  0.067   0.200   -0.32912E-04   0.46167E-01   0.12417E+01  -0.24789E-02  -0.12502E-05  -0.26733E-06
  0.067   0.200    0.41835E-03   0.30191E+00   0.20304E+01  -0.16112E-01   0.21420E-04  -0.24765E-06
  0.067   0.200   -0.45164E-03  -0.11588E-01   0.48134E+01   0.61438E-03  -0.29351E-04  -0.20328E-05
  0.067   0.200    0.22637E-01   0.29402E-01   0.11354E+01  -0.15797E-02   0.12128E-02  -0.26533E-06
  0.067   0.200    0.36782E-01   0.32498E-01   0.12505E+01  -0.17453E-02   0.19700E-02  -0.30652E-06
  0.067   0.200   -0.31416E-01   0.44468E-05   0.10517E+01  -0.22394E-05  -0.16823E-02  -0.24119E-06
  0.067   0.200   -0.30228E-01  -0.63263E-02   0.10393E+01   0.33743E-03  -0.16185E-02  -0.25151E-06
  0.067   0.200   -0.26381E-01  -0.10921E-01   0.10062E+01   0.58416E-03  -0.14125E-02  -0.25220E-06
  0.067   0.200   -0.21550E-01  -0.13852E-01   0.95941E+00   0.74122E-03  -0.11540E-02  -0.24725E-06
  0.067   0.200   -0.61313E-01  -0.25993E-01   0.13605E+01   0.13909E-02  -0.32814E-02  -0.31811E-06
  0.067   0.200   -0.76459E-01   0.69440E-03   0.14138E+01  -0.38340E-04  -0.40960E-02   0.40095E-07
  0.067   0.200   -0.37676E-01  -0.31345E-01   0.12489E+01   0.16791E-02  -0.20165E-02  -0.34856E-06
  0.067   0.200   -0.22898E-01  -0.29139E-01   0.11353E+01   0.15609E-02  -0.12258E-02  -0.31314E-06
  0.067   0.200   -0.36550E-03   0.12590E-01   0.48118E+01  -0.65967E-03  -0.24647E-04  -0.19948E-05
  0.067   0.200   -0.52374E-04  -0.30280E+00   0.20248E+01   0.16159E-01  -0.48517E-05  -0.14249E-05
  0.067   0.200   -0.29864E-01   0.65983E-02   0.10388E+01  -0.35598E-03  -0.15992E-02  -0.22621E-06
  0.067   0.200   -0.31812E-01   0.11018E-03   0.10513E+01  -0.80576E-05  -0.17033E-02  -0.24243E-06
  0.067   0.200   -0.30303E-01  -0.61452E-02   0.10396E+01   0.32772E-03  -0.16225E-02  -0.25162E-06
  0.067   0.200   -0.26178E-01  -0.11139E-01   0.10067E+01   0.59548E-03  -0.14018E-02  -0.25364E-06
  0.067   0.200   -0.77455E-01   0.34482E-03   0.14151E+01  -0.20255E-04  -0.41489E-02   0.40294E-07
  0.067   0.200   -0.60824E-01   0.27299E-01   0.13590E+01  -0.14653E-02  -0.32549E-02  -0.20725E-06
  0.067   0.200   -0.61742E-01  -0.25717E-01   0.13623E+01   0.13761E-02  -0.33043E-02  -0.31849E-06
  0.067   0.200   -0.37920E-01  -0.32151E-01   0.12506E+01   0.17215E-02  -0.20298E-02  -0.34528E-06
  0.067   0.200    0.49062E-03   0.30492E+00   0.20254E+01  -0.16271E-01   0.25333E-04  -0.24420E-06
  0.067   0.200   -0.25878E-03  -0.11116E-01   0.48126E+01   0.58903E-03  -0.18967E-04  -0.20365E-05
  0.130   0.385   -0.11140E-02   0.12749E-01   0.45117E+01  -0.66757E-03  -0.64972E-04  -0.19069E-05
  0.130   0.385   -0.83674E-03  -0.30096E+00   0.17257E+01   0.16062E-01  -0.47111E-04  -0.13347E-05
  0.130   0.385   -0.26173E-03  -0.81288E-01   0.11583E+01   0.43713E-02  -0.14000E-04  -0.28196E-06
  0.130   0.385   -0.81698E-05  -0.46919E-01   0.93139E+00   0.25145E-02   0.10290E-06  -0.29533E-06
  0.130   0.385    0.62407E-01  -0.26507E-01   0.10523E+01   0.14193E-02   0.33402E-02  -0.32819E-06
  0.130   0.385    0.77421E-01   0.58018E-03   0.11067E+01  -0.31367E-04   0.41451E-02  -0.36841E-06
  0.130   0.385    0.38593E-01  -0.32139E-01   0.93822E+00   0.17222E-02   0.20665E-02  -0.28480E-06
  0.130   0.385    0.23488E-01  -0.29987E-01   0.82159E+00   0.16069E-02   0.12582E-02  -0.25000E-06
  0.130   0.385    0.32473E-01  -0.11964E-03   0.73651E+00   0.49790E-05   0.17396E-02  -0.20464E-06
  0.130   0.385    0.30842E-01  -0.69464E-02   0.72300E+00   0.37097E-03   0.16522E-02  -0.20514E-06
  0.130   0.385   -0.14324E-03   0.30687E+00   0.17263E+01  -0.16375E-01  -0.89749E-05  -0.14871E-06
  0.130   0.385   -0.12247E-02   0.90667E-03   0.45296E+01  -0.43901E-04  -0.70924E-04  -0.19308E-05
  0.130   0.385   -0.85505E-03  -0.30212E+00   0.17296E+01   0.16125E-01  -0.48316E-04  -0.13233E-05
  0.130   0.385   -0.20093E-03  -0.83027E-01   0.11584E+01   0.44633E-02  -0.10737E-04  -0.28588E-06
  0.130   0.385    0.78810E-01   0.61878E-04   0.11085E+01  -0.42168E-05   0.42191E-02  -0.37163E-06
  0.130   0.385    0.62064E-01   0.27615E-01   0.10524E+01  -0.14818E-02   0.33219E-02  -0.28907E-06
  0.130   0.385    0.62814E-01  -0.26635E-01   0.10534E+01   0.14261E-02   0.33620E-02  -0.33156E-06
  0.130   0.385    0.38376E-01  -0.32999E-01   0.93821E+00   0.17675E-02   0.20550E-02  -0.28542E-06
  0.130   0.385    0.30936E-01   0.67040E-02   0.72356E+00  -0.36107E-03   0.16572E-02  -0.19382E-06
  0.130   0.385    0.32408E-01  -0.15446E-03   0.73586E+00   0.65697E-05   0.17361E-02  -0.20289E-06
  0.130   0.385   -0.64009E-04   0.83321E-01   0.11584E+01  -0.44804E-02  -0.20692E-05   0.72913E-06
  0.130   0.385   -0.22702E-03   0.30410E+00   0.17300E+01  -0.16228E-01  -0.13484E-04  -0.15303E-06
  0.130   0.385   -0.12256E-02   0.38224E-03   0.45296E+01  -0.15656E-04  -0.71004E-04  -0.19309E-05
  0.130   0.385   -0.77381E-03  -0.30490E+00   0.17257E+01   0.16272E-01  -0.43964E-04  -0.13283E-05
  0.130   0.385    0.62745E-01   0.26668E-01   0.10535E+01  -0.14319E-02   0.33580E-02  -0.29185E-06
  0.130   0.385    0.38298E-01   0.33109E-01   0.93844E+00  -0.17773E-02   0.20507E-02  -0.23046E-06
  0.130   0.385    0.78872E-01  -0.98842E-04   0.11083E+01   0.44345E-05   0.42224E-02  -0.37401E-06
  0.130   0.385    0.62160E-01  -0.27510E-01   0.10521E+01   0.14723E-02   0.33273E-02  -0.33104E-06
  0.130   0.385    0.27060E-01   0.11735E-01   0.68917E+00  -0.63092E-03   0.14496E-02  -0.17716E-06
  0.130   0.385    0.30802E-01   0.66395E-02   0.72371E+00  -0.35784E-03   0.16501E-02  -0.19242E-06
  0.130   0.385   -0.12212E-04   0.46970E-01   0.93144E+00  -0.25213E-02  -0.26348E-06  -0.18984E-06
  0.130   0.385   -0.12600E-03   0.81594E-01   0.11584E+01  -0.43891E-02  -0.54049E-05   0.72847E-06
  0.130   0.385   -0.21876E-03   0.30293E+00   0.17262E+01  -0.16165E-01  -0.12910E-04  -0.16236E-06
  0.130   0.385   -0.11212E-02  -0.11445E-01   0.45118E+01   0.60728E-03  -0.65458E-04  -0.19473E-05
  0.130   0.385    0.38528E-01   0.32180E-01   0.93843E+00  -0.17283E-02   0.20629E-02  -0.23233E-06
  0.130   0.385    0.23419E-01   0.30086E-01   0.82182E+00  -0.16156E-02   0.12545E-02  -0.18800E-06
  0.130   0.385    0.62458E-01   0.26526E-01   0.10522E+01  -0.14242E-02   0.33427E-02  -0.29295E-06
  0.130   0.385    0.77526E-01  -0.54864E-03   0.11065E+01   0.27924E-04   0.41508E-02  -0.37111E-06
  0.130   0.385    0.22396E-01   0.14595E-01   0.64040E+00  -0.78435E-03   0.11999E-02  -0.15791E-06
  0.130   0.385    0.26857E-01   0.11786E-01   0.68973E+00  -0.63380E-03   0.14389E-02  -0.17589E-06
  0.130   0.385   -0.62221E-01   0.27555E-01   0.10524E+01  -0.14784E-02  -0.33296E-02  -0.12993E-06
  0.130   0.385   -0.79128E-01   0.60851E-04   0.11085E+01  -0.44115E-05  -0.42384E-02   0.11937E-06
  0.130   0.385   -0.62930E-01  -0.26610E-01   0.10535E+01   0.14246E-02  -0.33679E-02  -0.24121E-06
  0.130   0.385   -0.38409E-01  -0.33002E-01   0.93849E+00   0.17677E-02  -0.20559E-02  -0.27512E-06
  0.130   0.385   -0.61293E-03   0.85601E-03   0.45308E+01  -0.41140E-04  -0.38109E-04  -0.19363E-05
  0.130   0.385    0.18872E-03   0.30701E+00   0.17272E+01  -0.16382E-01   0.88114E-05  -0.15043E-06
  0.130   0.385   -0.24144E-03  -0.30225E+00   0.17303E+01   0.16132E-01  -0.15351E-04  -0.13319E-05
  0.130   0.385    0.57370E-04  -0.83109E-01   0.11587E+01   0.44677E-02   0.31718E-05  -0.29148E-06
  0.130   0.385    0.62017E-01   0.27518E-01   0.10525E+01  -0.14766E-02   0.33194E-02  -0.29274E-06
  0.130   0.385    0.77804E-01  -0.70816E-03   0.11076E+01   0.36451E-04   0.41657E-02  -0.37296E-06
  0.130   0.385   -0.77733E-01   0.52325E-03   0.11068E+01  -0.28561E-04  -0.41641E-02   0.11651E-06
  0.130   0.385   -0.62587E-01  -0.26495E-01   0.10523E+01   0.14184E-02  -0.33495E-02  -0.24082E-06
  0.130   0.385   -0.38655E-01  -0.32124E-01   0.93837E+00   0.17214E-02  -0.20689E-02  -0.27161E-06
  0.130   0.385   -0.23491E-01  -0.29993E-01   0.82180E+00   0.16073E-02  -0.12577E-02  -0.23822E-06
  0.130   0.385   -0.35687E-03  -0.30109E+00   0.17266E+01   0.16069E-01  -0.21370E-04  -0.13390E-05
  0.130   0.385   -0.72413E-03   0.12801E-01   0.45128E+01  -0.67037E-03  -0.44072E-04  -0.19092E-05
  0.130   0.385    0.79407E-04  -0.81430E-01   0.11587E+01   0.43789E-02   0.43320E-05  -0.28737E-06
  0.130   0.385    0.39198E-04  -0.46984E-01   0.93142E+00   0.25180E-02   0.26813E-05  -0.29819E-06
  0.130   0.385    0.77460E-01   0.45291E-03   0.11066E+01  -0.24541E-04   0.41472E-02  -0.37277E-06
  0.130   0.385    0.61817E-01  -0.27513E-01   0.10509E+01   0.14724E-02   0.33090E-02  -0.33115E-06
  0.130   0.385   -0.38406E-01   0.33058E-01   0.93833E+00  -0.17745E-02  -0.20558E-02  -0.13733E-06
  0.130   0.385   -0.62907E-01   0.26659E-01   0.10534E+01  -0.14312E-02  -0.33660E-02  -0.13041E-06
  0.130   0.385   -0.79118E-01  -0.80737E-04   0.11084E+01   0.32248E-05  -0.42379E-02   0.11903E-06
  0.130   0.385   -0.62231E-01  -0.27500E-01   0.10523E+01   0.14714E-02  -0.33307E-02  -0.24587E-06
  0.130   0.385    0.28417E-03   0.30413E+00   0.17308E+01  -0.16230E-01   0.13926E-04  -0.15780E-06
  0.130   0.385    0.81448E-04   0.83462E-01   0.11588E+01  -0.44879E-02   0.57208E-05   0.72820E-06
  0.130   0.385   -0.45099E-03   0.30786E-03   0.45302E+01  -0.11659E-04  -0.29392E-04  -0.19418E-05
  0.130   0.385   -0.23404E-03  -0.30496E+00   0.17261E+01   0.16275E-01  -0.14926E-04  -0.13378E-05
  0.130   0.385    0.38155E-01   0.33115E-01   0.93902E+00  -0.17777E-02   0.20431E-02  -0.23238E-06
  0.130   0.385    0.61480E-01   0.26831E-01   0.10543E+01  -0.14405E-02   0.32909E-02  -0.29082E-06
  0.130   0.385   -0.23490E-01   0.30036E-01   0.82164E+00  -0.16129E-02  -0.12576E-02  -0.13309E-06
  0.130   0.385   -0.38653E-01   0.32172E-01   0.93820E+00  -0.17278E-02  -0.20688E-02  -0.13843E-06
  0.130   0.385   -0.62558E-01   0.26537E-01   0.10521E+01  -0.14246E-02  -0.33474E-02  -0.13116E-06
  0.130   0.385   -0.77721E-01  -0.54486E-03   0.11065E+01   0.27434E-04  -0.41635E-02   0.11193E-06
  0.130   0.385    0.11951E-03   0.81646E-01   0.11587E+01  -0.43918E-02   0.77573E-05   0.72586E-06
  0.130   0.385   -0.43633E-04   0.47077E-01   0.93147E+00  -0.25270E-02  -0.19446E-05  -0.19020E-06
  0.130   0.385    0.39672E-03   0.30290E+00   0.17266E+01  -0.16164E-01   0.20147E-04  -0.17137E-06
  0.130   0.385   -0.47164E-03  -0.11481E-01   0.45120E+01   0.60924E-03  -0.30518E-04  -0.19581E-05
  0.130   0.385    0.23260E-01   0.30200E-01   0.82280E+00  -0.16218E-02   0.12460E-02  -0.18802E-06
  0.130   0.385    0.37519E-01   0.33225E-01   0.94077E+00  -0.17836E-02   0.20092E-02  -0.23004E-06
  0.130   0.385   -0.32564E-01  -0.82420E-04   0.73652E+00   0.30531E-05  -0.17438E-02  -0.16331E-06
  0.130   0.385   -0.31364E-01  -0.65980E-02   0.72350E+00   0.35263E-03  -0.16794E-02  -0.17374E-06
  0.130   0.385   -0.27460E-01  -0.11376E-01   0.68912E+00   0.60920E-03  -0.14704E-02  -0.17436E-06
  0.130   0.385   -0.22545E-01  -0.14462E-01   0.64039E+00   0.77453E-03  -0.12073E-02  -0.16926E-06
  0.130   0.385   -0.62280E-01  -0.26414E-01   0.10524E+01   0.14141E-02  -0.33331E-02  -0.24270E-06
  0.130   0.385   -0.77492E-01   0.58721E-03   0.11066E+01  -0.31977E-04  -0.41512E-02   0.11577E-06
  0.130   0.385   -0.38500E-01  -0.31991E-01   0.93893E+00   0.17143E-02  -0.20606E-02  -0.27287E-06
  0.130   0.385   -0.23591E-01  -0.29933E-01   0.82276E+00   0.16041E-02  -0.12630E-02  -0.23710E-06
  0.130   0.385   -0.40801E-03   0.12487E-01   0.45108E+01  -0.65350E-03  -0.27023E-04  -0.19206E-05
  0.130   0.385   -0.10060E-03  -0.30376E+00   0.17213E+01   0.16210E-01  -0.75452E-05  -0.13513E-05
  0.130   0.385   -0.30989E-01   0.67695E-02   0.72306E+00  -0.36451E-03  -0.16595E-02  -0.14781E-06
  0.130   0.385   -0.32968E-01   0.87608E-04   0.73585E+00  -0.62058E-05  -0.17653E-02  -0.16437E-06
  0.130   0.385   -0.31441E-01  -0.63744E-02   0.72371E+00   0.34065E-03  -0.16835E-02  -0.17371E-06
  0.130   0.385   -0.27252E-01  -0.11550E-01   0.68976E+00   0.61814E-03  -0.14594E-02  -0.17582E-06
  0.130   0.385   -0.78511E-01   0.33159E-03   0.11077E+01  -0.18922E-04  -0.42053E-02   0.11627E-06
  0.130   0.385   -0.61778E-01   0.27614E-01   0.10510E+01  -0.14815E-02  -0.33059E-02  -0.13055E-06
  0.130   0.385   -0.62730E-01  -0.26084E-01   0.10543E+01   0.13964E-02  -0.33571E-02  -0.24278E-06
  0.130   0.385   -0.38751E-01  -0.32751E-01   0.94078E+00   0.17543E-02  -0.20743E-02  -0.26960E-06
  0.130   0.385    0.44458E-03   0.30583E+00   0.17219E+01  -0.16319E-01   0.22753E-04  -0.16827E-06
  0.130   0.385   -0.30957E-03  -0.11062E-01   0.45114E+01   0.58674E-03  -0.21785E-04  -0.19618E-05
