  0.000   0.000    0.97519E-01   0.42303E-04  -0.82040E-04  -0.30245E-05   0.53181E-02  -0.25029E-06
  0.000   0.000    0.47977E-02   0.13328E-04  -0.45266E-04  -0.70339E-06   0.25512E-03  -0.38345E-08
  0.000   0.000    0.65029E-03   0.45241E-05  -0.23105E-04  -0.24908E-06   0.34841E-04  -0.39709E-08
  0.000   0.000    0.19084E-03   0.20350E-05  -0.11939E-04  -0.10878E-06   0.10213E-04   0.23840E-10
  0.000   0.000   -0.52099E-03   0.35722E-03  -0.25878E-02  -0.19225E-04  -0.27928E-04   0.27944E-08
  0.000   0.000   -0.88276E-03  -0.15911E-04  -0.33726E-02   0.71565E-06  -0.47408E-04   0.66133E-08
  0.000   0.000   -0.13499E-03   0.25340E-03  -0.14061E-02  -0.13578E-04  -0.72143E-05   0.62366E-09
  0.000   0.000   -0.12470E-04   0.12630E-03  -0.71965E-03  -0.67706E-05  -0.66577E-06   0.32377E-09
  0.000   0.000   -0.10761E-03  -0.76239E-06  -0.83785E-03   0.42253E-07  -0.57595E-05   0.28183E-09
  0.000   0.000   -0.93308E-04   0.31363E-04  -0.77777E-03  -0.16788E-05  -0.49943E-05   0.27339E-09
  0.000   0.000    0.47946E-02   0.47331E-05  -0.33370E-04  -0.34507E-06   0.25488E-03  -0.19300E-07
  0.000   0.000    0.97639E-01   0.42113E-04  -0.85984E-04  -0.30147E-05   0.53244E-02  -0.25042E-06
  0.000   0.000    0.48105E-02   0.13849E-04  -0.47966E-04  -0.73139E-06   0.25580E-03  -0.38948E-08
  0.000   0.000    0.65024E-03   0.48271E-05  -0.24290E-04  -0.26518E-06   0.34840E-04  -0.39534E-08
  0.000   0.000   -0.90143E-03   0.12176E-05  -0.34330E-02  -0.19477E-06  -0.48405E-04   0.67107E-08
  0.000   0.000   -0.51889E-03  -0.37064E-03  -0.25947E-02   0.19838E-04  -0.27759E-04   0.13259E-08
  0.000   0.000   -0.52488E-03   0.36335E-03  -0.26131E-02  -0.19553E-04  -0.28136E-04   0.28094E-08
  0.000   0.000   -0.13506E-03   0.26037E-03  -0.14113E-02  -0.13948E-04  -0.72181E-05   0.63527E-09
  0.000   0.000   -0.94164E-04  -0.31758E-04  -0.78595E-03   0.17040E-05  -0.50402E-05   0.24310E-09
  0.000   0.000   -0.10861E-03   0.80497E-06  -0.84642E-03  -0.40153E-07  -0.58132E-05   0.28126E-09
  0.000   0.000    0.64937E-03  -0.17422E-05  -0.20574E-04   0.72490E-07   0.34771E-04  -0.40134E-08
  0.000   0.000    0.48075E-02   0.49804E-05  -0.34376E-04  -0.35827E-06   0.25557E-03  -0.19321E-07
  0.000   0.000    0.97639E-01   0.42491E-04  -0.85782E-04  -0.30349E-05   0.53244E-02  -0.25041E-06
  0.000   0.000    0.47976E-02   0.14123E-04  -0.46506E-04  -0.74566E-06   0.25512E-03  -0.38350E-08
  0.000   0.000   -0.52267E-03  -0.36052E-03  -0.26109E-02   0.19303E-04  -0.27960E-04   0.13565E-08
  0.000   0.000   -0.13461E-03  -0.26044E-03  -0.14107E-02   0.13956E-04  -0.71929E-05   0.31774E-09
  0.000   0.000   -0.90167E-03   0.41114E-05  -0.34322E-02  -0.35030E-06  -0.48418E-04   0.67194E-08
  0.000   0.000   -0.52126E-03   0.37325E-03  -0.25959E-02  -0.20077E-04  -0.27944E-04   0.28104E-08
  0.000   0.000   -0.62720E-04  -0.44798E-04  -0.64313E-03   0.24034E-05  -0.33574E-05   0.17470E-09
  0.000   0.000   -0.93614E-04  -0.30575E-04  -0.78822E-03   0.16416E-05  -0.50109E-05   0.24049E-09
  0.000   0.000    0.19080E-03  -0.16172E-05  -0.97646E-05   0.85863E-07   0.10210E-04  -0.32338E-09
  0.000   0.000    0.64939E-03  -0.13482E-05  -0.18417E-04   0.51435E-07   0.34771E-04  -0.40131E-08
  0.000   0.000    0.47946E-02   0.56435E-05  -0.30215E-04  -0.39351E-06   0.25488E-03  -0.19190E-07
  0.000   0.000    0.97519E-01   0.43464E-04  -0.78410E-04  -0.30836E-05   0.53181E-02  -0.24995E-06
  0.000   0.000   -0.13461E-03  -0.25324E-03  -0.14042E-02   0.13574E-04  -0.71931E-05   0.32767E-09
  0.000   0.000   -0.12211E-04  -0.12624E-03  -0.71842E-03   0.67700E-05  -0.65136E-06   0.86288E-10
  0.000   0.000   -0.51913E-03  -0.35429E-03  -0.25835E-02   0.18968E-04  -0.27770E-04   0.13628E-08
  0.000   0.000   -0.88306E-03   0.21077E-04  -0.33700E-02  -0.12498E-05  -0.47426E-04   0.66717E-08
  0.000   0.000   -0.33620E-04  -0.41140E-04  -0.47926E-03   0.22074E-05  -0.17998E-05   0.10973E-09
  0.000   0.000   -0.61372E-04  -0.44023E-04  -0.63981E-03   0.23620E-05  -0.32855E-05   0.17037E-09
  0.000   0.000   -0.52009E-03   0.36819E-03   0.25724E-02  -0.19683E-04  -0.27891E-04   0.83135E-08
  0.000   0.000   -0.90815E-03  -0.27788E-05   0.34076E-02   0.26467E-06  -0.48943E-04   0.24314E-07
  0.000   0.000   -0.52633E-03  -0.36037E-03   0.25888E-02   0.19319E-04  -0.28296E-04   0.93193E-08
  0.000   0.000   -0.13363E-03  -0.25905E-03   0.13915E-02   0.13876E-04  -0.71408E-05  -0.70537E-09
  0.000   0.000    0.97643E-01   0.42913E-04  -0.53992E-04  -0.30568E-05   0.53246E-02  -0.25042E-06
  0.000   0.000    0.47976E-02   0.78106E-05  -0.93094E-05  -0.50971E-06   0.25505E-03  -0.19315E-07
  0.000   0.000    0.48125E-02   0.11129E-04  -0.19674E-04  -0.58476E-06   0.25591E-03  -0.38752E-08
  0.000   0.000    0.65073E-03   0.12811E-05  -0.85326E-05  -0.74974E-07   0.34866E-04  -0.39454E-08
  0.000   0.000   -0.51740E-03  -0.36876E-03  -0.25813E-02   0.19737E-04  -0.27679E-04   0.13440E-08
  0.000   0.000   -0.89129E-03   0.13423E-04  -0.34029E-02  -0.83964E-06  -0.47867E-04   0.67045E-08
  0.000   0.000   -0.88923E-03   0.14136E-04   0.33460E-02  -0.63271E-06  -0.47931E-04   0.24062E-07
  0.000   0.000   -0.52252E-03  -0.35422E-03   0.25620E-02   0.18989E-04  -0.28091E-04   0.93151E-08
  0.000   0.000   -0.13359E-03  -0.25196E-03   0.13852E-02   0.13499E-04  -0.71385E-05  -0.68491E-09
  0.000   0.000   -0.11662E-04  -0.12516E-03   0.70368E-03   0.67090E-05  -0.62139E-06  -0.35101E-09
  0.000   0.000    0.48007E-02   0.11827E-04  -0.25867E-04  -0.62231E-06   0.25528E-03  -0.38502E-08
  0.000   0.000    0.97523E-01   0.43265E-04  -0.61490E-04  -0.30756E-05   0.53183E-02  -0.25032E-06
  0.000   0.000    0.65101E-03   0.21125E-05  -0.11457E-04  -0.11961E-06   0.34879E-04  -0.39682E-08
  0.000   0.000    0.19073E-03   0.37406E-06  -0.81371E-05  -0.19759E-07   0.10206E-04   0.20373E-10
  0.000   0.000   -0.88234E-03  -0.14810E-04  -0.33620E-02   0.65652E-06  -0.47386E-04   0.66318E-08
  0.000   0.000   -0.51813E-03   0.36592E-03  -0.25663E-02  -0.19684E-04  -0.27776E-04   0.28075E-08
  0.000   0.000   -0.13388E-03   0.25910E-03   0.13940E-02  -0.13883E-04  -0.71533E-05   0.46845E-09
  0.000   0.000   -0.52408E-03   0.35837E-03   0.25907E-02  -0.19163E-04  -0.28103E-04   0.83232E-08
  0.000   0.000   -0.90842E-03  -0.56064E-05   0.34095E-02   0.41668E-06  -0.48958E-04   0.24309E-07
  0.000   0.000   -0.52282E-03  -0.37040E-03   0.25742E-02   0.19849E-04  -0.28109E-04   0.92707E-08
  0.000   0.000    0.48095E-02   0.87582E-05  -0.25663E-05  -0.56026E-06   0.25568E-03  -0.19304E-07
  0.000   0.000    0.65009E-03   0.16712E-05  -0.28068E-05  -0.11037E-06   0.34810E-04  -0.40160E-08
  0.000   0.000    0.97640E-01   0.42683E-04  -0.45398E-04  -0.30440E-05   0.53245E-02  -0.25035E-06
  0.000   0.000    0.47982E-02   0.99590E-05  -0.14204E-04  -0.52177E-06   0.25515E-03  -0.37876E-08
  0.000   0.000   -0.13224E-03  -0.25956E-03  -0.14027E-02   0.13909E-04  -0.70663E-05   0.31887E-09
  0.000   0.000   -0.50734E-03  -0.36054E-03  -0.26002E-02   0.19303E-04  -0.27144E-04   0.13178E-08
  0.000   0.000   -0.11902E-04   0.12537E-03   0.70673E-03  -0.67232E-05  -0.63423E-06   0.70208E-10
  0.000   0.000   -0.13400E-03   0.25219E-03   0.13891E-02  -0.13516E-04  -0.71599E-05   0.46494E-09
  0.000   0.000   -0.52053E-03   0.35231E-03   0.25658E-02  -0.18838E-04  -0.27914E-04   0.82894E-08
  0.000   0.000   -0.88986E-03  -0.22532E-04   0.33500E-02   0.13130E-05  -0.47966E-04   0.24017E-07
  0.000   0.000    0.64989E-03   0.21421E-05  -0.20697E-05  -0.13551E-06   0.34797E-04  -0.40072E-08
  0.000   0.000    0.19068E-03   0.27737E-06  -0.34489E-05  -0.15712E-07   0.10203E-04  -0.32206E-09
  0.000   0.000    0.47952E-02   0.87569E-05  -0.49069E-06  -0.55969E-06   0.25491E-03  -0.19136E-07
  0.000   0.000    0.97519E-01   0.42145E-04  -0.44595E-04  -0.30119E-05   0.53181E-02  -0.24988E-06
  0.000   0.000   -0.10669E-04  -0.12695E-03  -0.71957E-03   0.68087E-05  -0.56877E-06   0.66448E-10
  0.000   0.000   -0.12589E-03  -0.26431E-03  -0.14180E-02   0.14158E-04  -0.67285E-05   0.29197E-09
  0.000   0.000   -0.10691E-03   0.74797E-06   0.82626E-03  -0.41227E-07  -0.57214E-05  -0.19730E-09
  0.000   0.000   -0.93550E-04  -0.29864E-04   0.76794E-03   0.15999E-05  -0.50058E-05  -0.25727E-09
  0.000   0.000   -0.62230E-04  -0.42741E-04   0.62677E-03   0.22913E-05  -0.33303E-05  -0.23122E-09
  0.000   0.000   -0.33260E-04  -0.40698E-04   0.46844E-03   0.21816E-05  -0.17802E-05  -0.18117E-09
  0.000   0.000   -0.52102E-03  -0.35535E-03   0.25621E-02   0.19050E-04  -0.28011E-04   0.92829E-08
  0.000   0.000   -0.88882E-03   0.13683E-04   0.33491E-02  -0.60841E-06  -0.47909E-04   0.24057E-07
  0.000   0.000   -0.13119E-03  -0.25254E-03   0.13816E-02   0.13531E-04  -0.70098E-05  -0.74536E-09
  0.000   0.000   -0.10103E-04  -0.12483E-03   0.69982E-03   0.66914E-05  -0.53757E-06  -0.38014E-09
  0.000   0.000    0.97518E-01   0.43781E-04  -0.44945E-04  -0.31027E-05   0.53180E-02  -0.25022E-06
  0.000   0.000    0.47844E-02   0.10158E-04  -0.11738E-04  -0.53232E-06   0.25441E-03  -0.37245E-08
  0.000   0.000   -0.92698E-04   0.30924E-04   0.76568E-03  -0.16590E-05  -0.49607E-05  -0.10217E-09
  0.000   0.000   -0.10798E-03  -0.32479E-06   0.82478E-03   0.15540E-07  -0.57775E-05  -0.21160E-09
  0.000   0.000   -0.93038E-04  -0.30353E-04   0.76418E-03   0.16262E-05  -0.49785E-05  -0.25746E-09
  0.000   0.000   -0.60917E-04  -0.44009E-04   0.62074E-03   0.23583E-05  -0.32602E-05  -0.23461E-09
  0.000   0.000   -0.89804E-03  -0.86456E-05   0.33685E-02   0.57815E-06  -0.48400E-04   0.24064E-07
  0.000   0.000   -0.51730E-03   0.36393E-03   0.25533E-02  -0.19454E-04  -0.27742E-04   0.83011E-08
  0.000   0.000   -0.51086E-03  -0.35997E-03   0.25373E-02   0.19296E-04  -0.27461E-04   0.88740E-08
  0.000   0.000   -0.12488E-03  -0.25362E-03   0.13528E-02   0.13585E-04  -0.66718E-05  -0.80195E-09
  0.000   0.000    0.47813E-02   0.95364E-05   0.51253E-05  -0.60148E-06   0.25418E-03  -0.19112E-07
  0.000   0.000    0.97519E-01   0.42764E-04  -0.36211E-04  -0.30451E-05   0.53180E-02  -0.24988E-06
 -1.000  -1.000    0.54682E-01   0.22223E-03   0.24275E-04  -0.11343E-04   0.31295E-02  -0.37908E-06
 -1.000  -1.000    0.29475E-03  -0.34151E-05   0.82539E-05   0.28213E-06   0.17272E-04  -0.14676E-07
 -1.000  -1.000    0.12214E-04  -0.16472E-05   0.45869E-06   0.13186E-06   0.80018E-06  -0.47503E-08
 -1.000  -1.000    0.10695E-05  -0.54973E-08  -0.91875E-08   0.35351E-09   0.63460E-07  -0.63291E-11
 -1.000  -1.000   -0.12750E-04   0.95473E-05  -0.59283E-04  -0.67641E-06  -0.85414E-06   0.18612E-08
 -1.000  -1.000   -0.28180E-04   0.27774E-05  -0.94486E-04  -0.30386E-06  -0.19371E-05   0.60472E-08
 -1.000  -1.000   -0.18739E-05   0.29025E-05  -0.21104E-04  -0.17217E-06  -0.11075E-06   0.24999E-10
 -1.000  -1.000   -0.27039E-06   0.96726E-06  -0.70321E-05  -0.57467E-07  -0.15971E-07   0.74858E-11
 -1.000  -1.000   -0.59248E-06  -0.42669E-07  -0.56726E-05   0.24640E-08  -0.35118E-07   0.47393E-11
 -1.000  -1.000   -0.49721E-06   0.17333E-06  -0.50625E-05  -0.10280E-07  -0.29474E-07   0.51685E-11
 -1.000  -1.000    0.29380E-03   0.13056E-04   0.51452E-05  -0.83331E-06   0.17168E-04  -0.77219E-08
 -1.000  -1.000    0.54683E-01   0.22220E-03   0.24270E-04  -0.11341E-04   0.31295E-02  -0.37912E-06
 -1.000  -1.000    0.29479E-03  -0.34211E-05   0.82259E-05   0.28263E-06   0.17274E-04  -0.14683E-07
 -1.000  -1.000    0.12214E-04  -0.16452E-05   0.44806E-06   0.13174E-06   0.80016E-06  -0.47501E-08
 -1.000  -1.000   -0.28231E-04   0.32313E-05  -0.95731E-04  -0.33072E-06  -0.19403E-05   0.60644E-08
 -1.000  -1.000   -0.10779E-04  -0.62520E-05  -0.57566E-04   0.37237E-06  -0.67965E-06   0.33622E-09
 -1.000  -1.000   -0.12756E-04   0.95953E-05  -0.59455E-04  -0.67945E-06  -0.85447E-06   0.18620E-08
 -1.000  -1.000   -0.18746E-05   0.29692E-05  -0.21014E-04  -0.17605E-06  -0.11080E-06   0.25108E-10
 -1.000  -1.000   -0.49862E-06  -0.18266E-06  -0.50868E-05   0.10770E-07  -0.29551E-07   0.41648E-11
 -1.000  -1.000   -0.60149E-06   0.33411E-07  -0.57455E-05  -0.19831E-08  -0.35656E-07   0.57724E-11
 -1.000  -1.000    0.11937E-04   0.23953E-05   0.20735E-06  -0.16925E-06   0.76605E-06  -0.13061E-08
 -1.000  -1.000    0.29383E-03   0.13057E-04   0.51280E-05  -0.83337E-06   0.17170E-04  -0.77236E-08
 -1.000  -1.000    0.54683E-01   0.22220E-03   0.24270E-04  -0.11341E-04   0.31295E-02  -0.37912E-06
 -1.000  -1.000    0.29476E-03  -0.34224E-05   0.82400E-05   0.28271E-06   0.17272E-04  -0.14682E-07
 -1.000  -1.000   -0.10784E-04  -0.60797E-05  -0.57980E-04   0.36228E-06  -0.67990E-06   0.34076E-09
 -1.000  -1.000   -0.18860E-05  -0.30029E-05  -0.21042E-04   0.17753E-06  -0.11139E-06  -0.43080E-11
 -1.000  -1.000   -0.28231E-04   0.32606E-05  -0.95724E-04  -0.33256E-06  -0.19403E-05   0.60692E-08
 -1.000  -1.000   -0.12750E-04   0.97750E-05  -0.59034E-04  -0.68986E-06  -0.85417E-06   0.18618E-08
 -1.000  -1.000   -0.30127E-06  -0.20985E-06  -0.36576E-05   0.12401E-07  -0.17851E-07   0.28282E-11
 -1.000  -1.000   -0.50056E-06  -0.11438E-06  -0.50712E-05   0.67859E-08  -0.29671E-07   0.48121E-11
 -1.000  -1.000    0.10672E-05   0.44456E-08  -0.43367E-07  -0.31367E-09   0.63261E-07   0.48179E-12
 -1.000  -1.000    0.11937E-04   0.23973E-05   0.21550E-06  -0.16937E-06   0.76607E-06  -0.13064E-08
 -1.000  -1.000    0.29379E-03   0.13051E-04   0.51505E-05  -0.83295E-06   0.17167E-04  -0.77100E-08
 -1.000  -1.000    0.54682E-01   0.22211E-03   0.24195E-04  -0.11335E-04   0.31295E-02  -0.37910E-06
 -1.000  -1.000   -0.18859E-05  -0.29380E-05  -0.21126E-04   0.17374E-06  -0.11138E-06  -0.26802E-11
 -1.000  -1.000   -0.27467E-06  -0.98038E-06  -0.70465E-05   0.58076E-07  -0.16209E-07  -0.80034E-11
 -1.000  -1.000   -0.10778E-04  -0.60281E-05  -0.57799E-04   0.35910E-06  -0.67958E-06   0.35447E-09
 -1.000  -1.000   -0.28180E-04   0.37285E-05  -0.94481E-04  -0.35972E-06  -0.19373E-05   0.60672E-08
 -1.000  -1.000   -0.14478E-06  -0.15774E-06  -0.22696E-05   0.93294E-08  -0.85757E-08   0.16467E-11
 -1.000  -1.000   -0.30003E-06  -0.15707E-06  -0.35985E-05   0.93225E-08  -0.17781E-07   0.31613E-11
 -1.000  -1.000   -0.14780E-04   0.53118E-05   0.58934E-04  -0.29149E-06  -0.99514E-06   0.97554E-08
 -1.000  -1.000   -0.39832E-04  -0.49105E-05   0.97506E-04   0.42393E-06  -0.28062E-05   0.29563E-07
 -1.000  -1.000   -0.17858E-04  -0.74333E-05   0.60390E-04   0.47797E-06  -0.12467E-05   0.13789E-07
 -1.000  -1.000   -0.19112E-05  -0.29834E-05   0.21162E-04   0.17682E-06  -0.11334E-06  -0.78997E-11
 -1.000  -1.000    0.54683E-01   0.22221E-03   0.24681E-04  -0.11341E-04   0.31295E-02  -0.37912E-06
 -1.000  -1.000    0.29383E-03   0.13073E-04   0.54531E-05  -0.83427E-06   0.17170E-04  -0.77231E-08
 -1.000  -1.000    0.29480E-03  -0.34323E-05   0.86338E-05   0.28338E-06   0.17275E-04  -0.14677E-07
 -1.000  -1.000    0.12219E-04  -0.16645E-05   0.74155E-06   0.13292E-06   0.80042E-06  -0.47472E-08
 -1.000  -1.000   -0.10777E-04  -0.62081E-05  -0.57353E-04   0.36966E-06  -0.67952E-06   0.35034E-09
 -1.000  -1.000   -0.28204E-04   0.37016E-05  -0.94505E-04  -0.35805E-06  -0.19388E-05   0.60689E-08
 -1.000  -1.000   -0.39753E-04  -0.44606E-05   0.96250E-04   0.39747E-06  -0.28010E-05   0.29534E-07
 -1.000  -1.000   -0.17849E-04  -0.73854E-05   0.60207E-04   0.47493E-06  -0.12462E-05   0.13789E-07
 -1.000  -1.000   -0.19108E-05  -0.29158E-05   0.21244E-04   0.17289E-06  -0.11332E-06  -0.78264E-11
 -1.000  -1.000   -0.28125E-06  -0.97402E-06   0.70970E-05   0.57865E-07  -0.16712E-07  -0.56084E-11
 -1.000  -1.000    0.29478E-03  -0.34206E-05   0.85320E-05   0.28252E-06   0.17274E-04  -0.14678E-07
 -1.000  -1.000    0.54682E-01   0.22224E-03   0.24537E-04  -0.11343E-04   0.31295E-02  -0.37908E-06
 -1.000  -1.000    0.12228E-04  -0.16574E-05   0.68041E-06   0.13250E-06   0.80097E-06  -0.47487E-08
 -1.000  -1.000    0.10737E-05  -0.15681E-07   0.13353E-06   0.96661E-09   0.63704E-07  -0.55458E-11
 -1.000  -1.000   -0.28179E-04   0.27943E-05  -0.94378E-04  -0.30489E-06  -0.19371E-05   0.60528E-08
 -1.000  -1.000   -0.12745E-04   0.97284E-05  -0.58789E-04  -0.68693E-06  -0.85384E-06   0.18632E-08
 -1.000  -1.000   -0.18934E-05   0.30085E-05   0.21147E-04  -0.17788E-06  -0.11224E-06   0.19457E-10
 -1.000  -1.000   -0.14790E-04   0.51400E-05   0.59365E-04  -0.28144E-06  -0.99574E-06   0.97522E-08
 -1.000  -1.000   -0.39834E-04  -0.49397E-05   0.97521E-04   0.42577E-06  -0.28064E-05   0.29559E-07
 -1.000  -1.000   -0.17852E-04  -0.76146E-05   0.59985E-04   0.48847E-06  -0.12464E-05   0.13789E-07
 -1.000  -1.000    0.29385E-03   0.13077E-04   0.55682E-05  -0.83450E-06   0.17171E-04  -0.77227E-08
 -1.000  -1.000    0.11951E-04   0.24154E-05   0.47852E-06  -0.17043E-06   0.76694E-06  -0.13064E-08
 -1.000  -1.000    0.54683E-01   0.22220E-03   0.24822E-04  -0.11341E-04   0.31295E-02  -0.37911E-06
 -1.000  -1.000    0.29476E-03  -0.34476E-05   0.87112E-05   0.28430E-06   0.17272E-04  -0.14673E-07
 -1.000  -1.000   -0.18822E-05  -0.29386E-05  -0.20744E-04   0.17357E-06  -0.11116E-06   0.16924E-10
 -1.000  -1.000   -0.10739E-04  -0.54261E-05  -0.56225E-04   0.32416E-06  -0.67732E-06   0.35230E-09
 -1.000  -1.000   -0.27640E-06   0.98466E-06   0.70996E-05  -0.58331E-07  -0.16428E-07   0.97445E-11
 -1.000  -1.000   -0.18948E-05   0.29438E-05   0.21241E-04  -0.17409E-06  -0.11233E-06   0.18000E-10
 -1.000  -1.000   -0.14785E-04   0.50880E-05   0.59194E-04  -0.27823E-06  -0.99548E-06   0.97383E-08
 -1.000  -1.000   -0.39772E-04  -0.54076E-05   0.96272E-04   0.45285E-06  -0.28023E-05   0.29534E-07
 -1.000  -1.000    0.11943E-04   0.24167E-05   0.52641E-06  -0.17050E-06   0.76645E-06  -0.13058E-08
 -1.000  -1.000    0.10720E-05   0.18638E-07   0.13209E-06  -0.11510E-08   0.63552E-07   0.40539E-12
 -1.000  -1.000    0.29379E-03   0.13062E-04   0.56081E-05  -0.83356E-06   0.17167E-04  -0.77024E-08
 -1.000  -1.000    0.54682E-01   0.22209E-03   0.24664E-04  -0.11334E-04   0.31295E-02  -0.37909E-06
 -1.000  -1.000   -0.27256E-06  -0.93863E-06  -0.68290E-05   0.55508E-07  -0.16078E-07   0.47174E-11
 -1.000  -1.000   -0.18641E-05  -0.25453E-05  -0.19993E-04   0.15067E-06  -0.11013E-06   0.16669E-10
 -1.000  -1.000   -0.59803E-06   0.44778E-07   0.57276E-05  -0.25986E-08  -0.35570E-07   0.30488E-11
 -1.000  -1.000   -0.50433E-06  -0.14563E-06   0.51796E-05   0.86617E-08  -0.30004E-07   0.13693E-11
 -1.000  -1.000   -0.30516E-06  -0.19166E-06   0.37323E-05   0.11401E-07  -0.18157E-07  -0.48634E-12
 -1.000  -1.000   -0.14702E-06  -0.16033E-06   0.23101E-05   0.95208E-08  -0.87504E-08  -0.88262E-12
 -1.000  -1.000   -0.17847E-04  -0.73862E-05   0.60253E-04   0.47498E-06  -0.12460E-05   0.13788E-07
 -1.000  -1.000   -0.39752E-04  -0.44598E-05   0.96295E-04   0.39742E-06  -0.28010E-05   0.29534E-07
 -1.000  -1.000   -0.19072E-05  -0.29168E-05   0.21280E-04   0.17295E-06  -0.11307E-06  -0.98650E-11
 -1.000  -1.000   -0.27951E-06  -0.97515E-06   0.71240E-05   0.57932E-07  -0.16598E-07  -0.62980E-11
 -1.000  -1.000    0.54682E-01   0.22224E-03   0.24763E-04  -0.11344E-04   0.31295E-02  -0.37906E-06
 -1.000  -1.000    0.29472E-03  -0.34355E-05   0.87334E-05   0.28344E-06   0.17270E-04  -0.14667E-07
 -1.000  -1.000   -0.50224E-06   0.18602E-06   0.51333E-05  -0.10981E-07  -0.29872E-07   0.25350E-11
 -1.000  -1.000   -0.60842E-06   0.51517E-08   0.58812E-05  -0.27026E-09  -0.36197E-07   0.28477E-11
 -1.000  -1.000   -0.50670E-06  -0.15391E-06   0.52141E-05   0.91714E-08  -0.30146E-07   0.96084E-12
 -1.000  -1.000   -0.30401E-06  -0.21178E-06   0.36971E-05   0.12571E-07  -0.18086E-07  -0.56806E-12
 -1.000  -1.000   -0.39792E-04  -0.49219E-05   0.97409E-04   0.42455E-06  -0.28035E-05   0.29537E-07
 -1.000  -1.000   -0.14774E-04   0.53055E-05   0.58925E-04  -0.29111E-06  -0.99478E-06   0.97552E-08
 -1.000  -1.000   -0.17769E-04  -0.74232E-05   0.60217E-04   0.47714E-06  -0.12405E-05   0.13719E-07
 -1.000  -1.000   -0.18851E-05  -0.29709E-05   0.21074E-04   0.17606E-06  -0.11166E-06  -0.17226E-10
 -1.000  -1.000    0.29376E-03   0.13070E-04   0.56490E-05  -0.83403E-06   0.17165E-04  -0.77005E-08
 -1.000  -1.000    0.54682E-01   0.22210E-03   0.24754E-04  -0.11335E-04   0.31295E-02  -0.37909E-06
  0.067   0.200    0.97537E-01   0.42502E-04  -0.10687E-03  -0.30353E-05   0.53191E-02  -0.24999E-06
  0.067   0.200    0.49178E-02   0.13789E-04  -0.68948E-04  -0.72820E-06   0.26156E-03  -0.38981E-08
  0.067   0.200    0.75154E-03   0.51143E-05  -0.44830E-04  -0.28082E-06   0.40269E-04  -0.40144E-08
  0.067   0.200    0.27078E-03   0.25929E-05  -0.31528E-04  -0.13874E-06   0.14497E-04  -0.33829E-11
  0.067   0.200   -0.47266E-03   0.37447E-03  -0.33120E-02  -0.20151E-04  -0.25341E-04   0.29533E-08
  0.067   0.200   -0.83492E-03  -0.16943E-04  -0.41298E-02   0.77215E-06  -0.44847E-04   0.67542E-08
  0.067   0.200   -0.87906E-04   0.28041E-03  -0.20431E-02  -0.15029E-04  -0.46932E-05   0.77987E-09
  0.067   0.200    0.30878E-04   0.15521E-03  -0.12492E-02  -0.83228E-05   0.16560E-05   0.46431E-09
  0.067   0.200   -0.11450E-03  -0.13382E-05  -0.17053E-02   0.74636E-07  -0.61309E-05   0.49763E-09
  0.067   0.200   -0.98537E-04   0.44003E-04  -0.16220E-02  -0.23556E-05  -0.52764E-05   0.49719E-09
  0.067   0.200    0.49147E-02   0.45257E-05  -0.57231E-04  -0.33403E-06   0.26133E-03  -0.19386E-07
  0.067   0.200    0.97660E-01   0.42144E-04  -0.11020E-03  -0.30165E-05   0.53256E-02  -0.25011E-06
  0.067   0.200    0.49323E-02   0.14170E-04  -0.71634E-04  -0.74870E-06   0.26234E-03  -0.39598E-08
  0.067   0.200    0.75149E-03   0.52933E-05  -0.46491E-04  -0.29023E-06   0.40268E-04  -0.39933E-08
  0.067   0.200   -0.85248E-03   0.97550E-06  -0.42015E-02  -0.18034E-06  -0.45785E-04   0.68554E-08
  0.067   0.200   -0.47055E-03  -0.38963E-03  -0.33257E-02   0.20860E-04  -0.25170E-04   0.14365E-08
  0.067   0.200   -0.47598E-03   0.38120E-03  -0.33462E-02  -0.20512E-04  -0.25518E-04   0.29717E-08
  0.067   0.200   -0.87936E-04   0.28880E-03  -0.20542E-02  -0.15474E-04  -0.46946E-05   0.79674E-09
  0.067   0.200   -0.99350E-04  -0.44889E-04  -0.16398E-02   0.24106E-05  -0.53201E-05   0.44054E-09
  0.067   0.200   -0.11575E-03   0.10204E-05  -0.17249E-02  -0.49692E-07  -0.61980E-05   0.50127E-09
  0.067   0.200    0.75060E-03  -0.22271E-05  -0.41925E-04   0.98471E-07   0.40198E-04  -0.41007E-08
  0.067   0.200    0.49292E-02   0.46119E-05  -0.57480E-04  -0.33857E-06   0.26210E-03  -0.19406E-07
  0.067   0.200    0.97660E-01   0.42367E-04  -0.10985E-03  -0.30284E-05   0.53256E-02  -0.25011E-06
  0.067   0.200    0.49177E-02   0.14279E-04  -0.70599E-04  -0.75410E-06   0.26157E-03  -0.38947E-08
  0.067   0.200   -0.47374E-03  -0.37851E-03  -0.33436E-02   0.20272E-04  -0.25340E-04   0.14693E-08
  0.067   0.200   -0.87496E-04  -0.28898E-03  -0.20527E-02   0.15491E-04  -0.46699E-05   0.39551E-09
  0.067   0.200   -0.85270E-03   0.42215E-05  -0.42006E-02  -0.35482E-06  -0.45797E-04   0.68651E-08
  0.067   0.200   -0.47290E-03   0.39211E-03  -0.33271E-02  -0.21089E-04  -0.25354E-04   0.29763E-08
  0.067   0.200   -0.63307E-04  -0.66764E-04  -0.14328E-02   0.35841E-05  -0.33904E-05   0.34279E-09
  0.067   0.200   -0.98813E-04  -0.43097E-04  -0.16436E-02   0.23159E-05  -0.52916E-05   0.43962E-09
  0.067   0.200    0.27073E-03  -0.21368E-05  -0.26618E-04   0.11371E-06   0.14493E-04  -0.39568E-09
  0.067   0.200    0.75064E-03  -0.19182E-05  -0.37441E-04   0.81987E-07   0.40199E-04  -0.40995E-08
  0.067   0.200    0.49147E-02   0.51663E-05  -0.51355E-04  -0.36798E-06   0.26132E-03  -0.19274E-07
  0.067   0.200    0.97537E-01   0.43172E-04  -0.10100E-03  -0.30680E-05   0.53191E-02  -0.24964E-06
  0.067   0.200   -0.87440E-04  -0.28034E-03  -0.20388E-02   0.15032E-04  -0.46671E-05   0.40634E-09
  0.067   0.200    0.31150E-04  -0.15521E-03  -0.12454E-02   0.83276E-05   0.16711E-05   0.13908E-09
  0.067   0.200   -0.47071E-03  -0.37161E-03  -0.33056E-02   0.19902E-04  -0.25179E-04   0.14743E-08
  0.067   0.200   -0.83516E-03   0.22005E-04  -0.41253E-02  -0.12979E-05  -0.44862E-04   0.68187E-08
  0.067   0.200   -0.28983E-04  -0.66517E-04  -0.11725E-02   0.35710E-05  -0.15524E-05   0.24550E-09
  0.067   0.200   -0.61872E-04  -0.65305E-04  -0.14213E-02   0.35063E-05  -0.33139E-05   0.33795E-09
  0.067   0.200   -0.47122E-03   0.38676E-03   0.32621E-02  -0.20682E-04  -0.25274E-04   0.81490E-08
  0.067   0.200   -0.85864E-03  -0.26426E-05   0.41337E-02   0.25587E-06  -0.46293E-04   0.24120E-07
  0.067   0.200   -0.47686E-03  -0.37802E-03   0.32798E-02   0.20267E-04  -0.25647E-04   0.91113E-08
  0.067   0.200   -0.85997E-04  -0.28702E-03   0.19934E-02   0.15378E-04  -0.45897E-05  -0.90554E-09
  0.067   0.200    0.97664E-01   0.42661E-04  -0.73312E-04  -0.30434E-05   0.53258E-02  -0.25012E-06
  0.067   0.200    0.49173E-02   0.75490E-05  -0.27663E-04  -0.49582E-06   0.26147E-03  -0.19401E-07
  0.067   0.200    0.49340E-02   0.10993E-04  -0.39881E-04  -0.57765E-06   0.26243E-03  -0.39450E-08
  0.067   0.200    0.75179E-03   0.13538E-05  -0.28953E-04  -0.78935E-07   0.40284E-04  -0.39908E-08
  0.067   0.200   -0.46896E-03  -0.38768E-03  -0.33058E-02   0.20756E-04  -0.25086E-04   0.14549E-08
  0.067   0.200   -0.84298E-03   0.13528E-04  -0.41646E-02  -0.84351E-06  -0.45281E-04   0.68538E-08
  0.067   0.200   -0.84080E-03   0.15171E-04   0.40586E-02  -0.68943E-06  -0.45338E-04   0.23869E-07
  0.067   0.200   -0.47362E-03  -0.37113E-03   0.32422E-02   0.19897E-04  -0.25473E-04   0.91117E-08
  0.067   0.200   -0.85981E-04  -0.27841E-03   0.19798E-02   0.14920E-04  -0.45891E-05  -0.88125E-09
  0.067   0.200    0.32094E-04  -0.15338E-03   0.11932E-02   0.82241E-05   0.17226E-05  -0.52376E-09
  0.067   0.200    0.49204E-02   0.11778E-04  -0.47570E-04  -0.61980E-06   0.26170E-03  -0.39146E-08
  0.067   0.200    0.97541E-01   0.43126E-04  -0.82739E-04  -0.30684E-05   0.53193E-02  -0.25002E-06
  0.067   0.200    0.75189E-03   0.21610E-05  -0.33259E-04  -0.12232E-06   0.40288E-04  -0.40154E-08
  0.067   0.200    0.27040E-03   0.60198E-06  -0.29505E-04  -0.32036E-07   0.14477E-04  -0.11150E-10
  0.067   0.200   -0.83458E-03  -0.15911E-04  -0.41141E-02   0.71667E-06  -0.44829E-04   0.67741E-08
  0.067   0.200   -0.47061E-03   0.38374E-03  -0.32851E-02  -0.20640E-04  -0.25232E-04   0.29715E-08
  0.067   0.200   -0.86321E-04   0.28701E-03   0.19989E-02  -0.15384E-04  -0.46060E-05   0.33353E-09
  0.067   0.200   -0.47464E-03   0.37592E-03   0.32840E-02  -0.20109E-04  -0.25457E-04   0.81590E-08
  0.067   0.200   -0.85889E-03  -0.58655E-05   0.41374E-02   0.42914E-06  -0.46307E-04   0.24113E-07
  0.067   0.200   -0.47389E-03  -0.38911E-03   0.32648E-02   0.20853E-04  -0.25489E-04   0.90611E-08
  0.067   0.200    0.49309E-02   0.85144E-05  -0.20258E-04  -0.54735E-06   0.26219E-03  -0.19391E-07
  0.067   0.200    0.75095E-03   0.14317E-05  -0.19496E-04  -0.97634E-07   0.40217E-04  -0.41027E-08
  0.067   0.200    0.97662E-01   0.42504E-04  -0.63918E-04  -0.30346E-05   0.53257E-02  -0.25006E-06
  0.067   0.200    0.49183E-02   0.99714E-05  -0.33189E-04  -0.52255E-06   0.26160E-03  -0.38531E-08
  0.067   0.200   -0.84864E-04  -0.28790E-03  -0.20404E-02   0.15433E-04  -0.45289E-05   0.39602E-09
  0.067   0.200   -0.45880E-03  -0.37853E-03  -0.33281E-02   0.20271E-04  -0.24546E-04   0.14344E-08
  0.067   0.200    0.31835E-04   0.15369E-03   0.12007E-02  -0.82457E-05   0.17088E-05  -0.40175E-10
  0.067   0.200   -0.86416E-04   0.27871E-03   0.19884E-02  -0.14944E-04  -0.46115E-05   0.33163E-09
  0.067   0.200   -0.47164E-03   0.36926E-03   0.32505E-02  -0.19751E-04  -0.25296E-04   0.81270E-08
  0.067   0.200   -0.84144E-03  -0.23575E-04   0.40669E-02   0.13672E-05  -0.45374E-04   0.23823E-07
  0.067   0.200    0.75095E-03   0.19810E-05  -0.19796E-04  -0.12700E-06   0.40215E-04  -0.40939E-08
  0.067   0.200    0.27034E-03   0.82855E-07  -0.20423E-04  -0.53672E-08   0.14473E-04  -0.39271E-09
  0.067   0.200    0.49153E-02   0.87053E-05  -0.18737E-04  -0.55710E-06   0.26136E-03  -0.19225E-07
  0.067   0.200    0.97538E-01   0.42247E-04  -0.62779E-04  -0.30176E-05   0.53191E-02  -0.24958E-06
  0.067   0.200    0.32876E-04  -0.15568E-03  -0.12471E-02   0.83530E-05   0.17636E-05   0.11834E-09
  0.067   0.200   -0.79207E-04  -0.29171E-03  -0.20527E-02   0.15632E-04  -0.42284E-05   0.37382E-09
  0.067   0.200   -0.11312E-03   0.12510E-05   0.16554E-02  -0.69621E-07  -0.60557E-05  -0.38787E-09
  0.067   0.200   -0.98091E-04  -0.41791E-04   0.15745E-02   0.22390E-05  -0.52505E-05  -0.46265E-09
  0.067   0.200   -0.62222E-04  -0.63271E-04   0.13707E-02   0.33926E-05  -0.33308E-05  -0.43952E-09
  0.067   0.200   -0.28108E-04  -0.65589E-04   0.11259E-02   0.35164E-05  -0.15046E-05  -0.37957E-09
  0.067   0.200   -0.47204E-03  -0.37266E-03   0.32421E-02   0.19980E-04  -0.25389E-04   0.90756E-08
  0.067   0.200   -0.84048E-03   0.14452E-04   0.40628E-02  -0.65085E-06  -0.45321E-04   0.23863E-07
  0.067   0.200   -0.83329E-04  -0.27932E-03   0.19747E-02   0.14969E-04  -0.44463E-05  -0.95180E-09
  0.067   0.200    0.33835E-04  -0.15310E-03   0.11870E-02   0.82091E-05   0.18164E-05  -0.56150E-09
  0.067   0.200    0.97535E-01   0.43498E-04  -0.63700E-04  -0.30877E-05   0.53190E-02  -0.24992E-06
  0.067   0.200    0.49024E-02   0.99565E-05  -0.31524E-04  -0.52161E-06   0.26074E-03  -0.37874E-08
  0.067   0.200   -0.97293E-04   0.43491E-04   0.15722E-02  -0.23351E-05  -0.52083E-05  -0.26879E-09
  0.067   0.200   -0.11448E-03  -0.45264E-06   0.16547E-02   0.20747E-07  -0.61277E-05  -0.40171E-09
  0.067   0.200   -0.97625E-04  -0.42629E-04   0.15699E-02   0.22841E-05  -0.52256E-05  -0.46396E-09
  0.067   0.200   -0.60864E-04  -0.65408E-04   0.13621E-02   0.35055E-05  -0.32583E-05  -0.44492E-09
  0.067   0.200   -0.84918E-03  -0.89938E-05   0.40844E-02   0.59538E-06  -0.45784E-04   0.23868E-07
  0.067   0.200   -0.46925E-03   0.38200E-03   0.32347E-02  -0.20427E-04  -0.25169E-04   0.81382E-08
  0.067   0.200   -0.46180E-03  -0.37778E-03   0.32167E-02   0.20253E-04  -0.24835E-04   0.86566E-08
  0.067   0.200   -0.77746E-04  -0.28124E-03   0.19436E-02   0.15068E-04  -0.41468E-05  -0.10100E-08
  0.067   0.200    0.48993E-02   0.94073E-05  -0.10674E-04  -0.59474E-06   0.26051E-03  -0.19200E-07
  0.067   0.200    0.97536E-01   0.42636E-04  -0.52468E-04  -0.30384E-05   0.53190E-02  -0.24958E-06
  0.130   0.385    0.97634E-01   0.42566E-04  -0.97898E-04  -0.30386E-05   0.53241E-02  -0.25011E-06
  0.130   0.385    0.49383E-02   0.13853E-04  -0.59748E-04  -0.73161E-06   0.26265E-03  -0.38867E-08
  0.130   0.385    0.76051E-03   0.51250E-05  -0.35526E-04  -0.28140E-06   0.40747E-04  -0.40176E-08
  0.130   0.385    0.27672E-03   0.25625E-05  -0.22279E-04  -0.13712E-06   0.14815E-04  -0.76877E-11
  0.130   0.385   -0.47142E-03   0.37675E-03  -0.33530E-02  -0.20272E-04  -0.25273E-04   0.29638E-08
  0.130   0.385   -0.83511E-03  -0.16812E-04  -0.41753E-02   0.76520E-06  -0.44855E-04   0.67662E-08
  0.130   0.385   -0.84955E-04   0.28260E-03  -0.20763E-02  -0.15145E-04  -0.45349E-05   0.78774E-09
  0.130   0.385    0.34319E-04   0.15680E-03  -0.12760E-02  -0.84071E-05   0.18402E-05   0.47046E-09
  0.130   0.385   -0.11346E-03  -0.12103E-05  -0.17596E-02   0.67913E-07  -0.60752E-05   0.51021E-09
  0.130   0.385   -0.97367E-04   0.44569E-04  -0.16750E-02  -0.23857E-05  -0.52135E-05   0.50970E-09
  0.130   0.385    0.49352E-02   0.45633E-05  -0.48208E-04  -0.33609E-06   0.26241E-03  -0.19431E-07
  0.130   0.385    0.97758E-01   0.42158E-04  -0.10114E-03  -0.30171E-05   0.53307E-02  -0.25024E-06
  0.130   0.385    0.49529E-02   0.14186E-04  -0.62525E-04  -0.74953E-06   0.26343E-03  -0.39486E-08
  0.130   0.385    0.76046E-03   0.52568E-05  -0.37455E-04  -0.28828E-06   0.40746E-04  -0.39963E-08
  0.130   0.385   -0.85270E-03   0.97865E-06  -0.42474E-02  -0.18041E-06  -0.45794E-04   0.68670E-08
  0.130   0.385   -0.46930E-03  -0.39183E-03  -0.33675E-02   0.20977E-04  -0.25102E-04   0.14455E-08
  0.130   0.385   -0.47470E-03   0.38345E-03  -0.33880E-02  -0.20632E-04  -0.25448E-04   0.29819E-08
  0.130   0.385   -0.84968E-04   0.29096E-03  -0.20882E-02  -0.15589E-04  -0.45354E-05   0.80489E-09
  0.130   0.385   -0.98156E-04  -0.45422E-04  -0.16938E-02   0.24391E-05  -0.52558E-05   0.45223E-09
  0.130   0.385   -0.11467E-03   0.93089E-06  -0.17800E-02  -0.44788E-07  -0.61400E-05   0.51366E-09
  0.130   0.385    0.75957E-03  -0.21956E-05  -0.32855E-04   0.96743E-07   0.40676E-04  -0.41148E-08
  0.130   0.385    0.49499E-02   0.46016E-05  -0.48375E-04  -0.33806E-06   0.26319E-03  -0.19452E-07
  0.130   0.385    0.97758E-01   0.42340E-04  -0.10088E-03  -0.30267E-05   0.53307E-02  -0.25023E-06
  0.130   0.385    0.49383E-02   0.14250E-04  -0.61747E-04  -0.75251E-06   0.26265E-03  -0.38829E-08
  0.130   0.385   -0.47247E-03  -0.38080E-03  -0.33853E-02   0.20394E-04  -0.25271E-04   0.14780E-08
  0.130   0.385   -0.84556E-04  -0.29116E-03  -0.20866E-02   0.15608E-04  -0.45121E-05   0.40049E-09
  0.130   0.385   -0.85291E-03   0.41767E-05  -0.42467E-02  -0.35229E-06  -0.45805E-04   0.68761E-08
  0.130   0.385   -0.47162E-03   0.39430E-03  -0.33692E-02  -0.21205E-04  -0.25284E-04   0.29867E-08
  0.130   0.385   -0.61822E-04  -0.67751E-04  -0.14838E-02   0.36370E-05  -0.33106E-05   0.35297E-09
  0.130   0.385   -0.97602E-04  -0.43846E-04  -0.16976E-02   0.23561E-05  -0.52264E-05   0.45102E-09
  0.130   0.385    0.27667E-03  -0.21115E-05  -0.18013E-04   0.11233E-06   0.14811E-04  -0.40382E-09
  0.130   0.385    0.75961E-03  -0.19325E-05  -0.28815E-04   0.82713E-07   0.40677E-04  -0.41133E-08
  0.130   0.385    0.49352E-02   0.51119E-05  -0.42863E-04  -0.36510E-06   0.26241E-03  -0.19319E-07
  0.130   0.385    0.97634E-01   0.43094E-04  -0.92815E-04  -0.30637E-05   0.53241E-02  -0.24976E-06
  0.130   0.385   -0.84490E-04  -0.28256E-03  -0.20728E-02   0.15151E-04  -0.45088E-05   0.41115E-09
  0.130   0.385    0.34571E-04  -0.15681E-03  -0.12727E-02   0.84129E-05   0.18542E-05   0.14199E-09
  0.130   0.385   -0.46944E-03  -0.37392E-03  -0.33474E-02   0.20024E-04  -0.25109E-04   0.14822E-08
  0.130   0.385   -0.83532E-03   0.21859E-04  -0.41717E-02  -0.12899E-05  -0.44867E-04   0.68297E-08
  0.130   0.385   -0.27257E-04  -0.67704E-04  -0.12192E-02   0.36347E-05  -0.14599E-05   0.25412E-09
  0.130   0.385   -0.60402E-04  -0.66484E-04  -0.14722E-02   0.35694E-05  -0.32349E-05   0.34790E-09
  0.130   0.385   -0.46994E-03   0.38896E-03   0.33183E-02  -0.20799E-04  -0.25204E-04   0.81420E-08
  0.130   0.385   -0.85882E-03  -0.26707E-05   0.41940E-02   0.25724E-06  -0.46300E-04   0.24107E-07
  0.130   0.385   -0.47555E-03  -0.38029E-03   0.33357E-02   0.20388E-04  -0.25575E-04   0.90920E-08
  0.130   0.385   -0.83014E-04  -0.28920E-03   0.20416E-02   0.15494E-04  -0.44296E-05  -0.92246E-09
  0.130   0.385    0.97761E-01   0.42596E-04  -0.68033E-04  -0.30398E-05   0.53309E-02  -0.25024E-06
  0.130   0.385    0.49377E-02   0.74949E-05  -0.22129E-04  -0.49294E-06   0.26254E-03  -0.19445E-07
  0.130   0.385    0.49546E-02   0.10994E-04  -0.34712E-04  -0.57767E-06   0.26352E-03  -0.39332E-08
  0.130   0.385    0.76072E-03   0.13748E-05  -0.23776E-04  -0.80074E-07   0.40760E-04  -0.39931E-08
  0.130   0.385   -0.46774E-03  -0.39000E-03  -0.33507E-02   0.20879E-04  -0.25019E-04   0.14639E-08
  0.130   0.385   -0.84323E-03   0.13347E-04  -0.42142E-02  -0.83370E-06  -0.45291E-04   0.68658E-08
  0.130   0.385   -0.84095E-03   0.15063E-04   0.41191E-02  -0.68370E-06  -0.45343E-04   0.23855E-07
  0.130   0.385   -0.47233E-03  -0.37340E-03   0.32983E-02   0.20018E-04  -0.25403E-04   0.90922E-08
  0.130   0.385   -0.83006E-04  -0.28059E-03   0.20282E-02   0.15037E-04  -0.44294E-05  -0.89817E-09
  0.130   0.385    0.35543E-04  -0.15496E-03   0.12351E-02   0.83083E-05   0.19073E-05  -0.53800E-09
  0.130   0.385    0.49408E-02   0.11774E-04  -0.41528E-04  -0.61956E-06   0.26278E-03  -0.39024E-08
  0.130   0.385    0.97637E-01   0.43090E-04  -0.76613E-04  -0.30663E-05   0.53243E-02  -0.25014E-06
  0.130   0.385    0.76079E-03   0.21583E-05  -0.27263E-04  -0.12219E-06   0.40762E-04  -0.40181E-08
  0.130   0.385    0.27630E-03   0.62684E-06  -0.23480E-04  -0.33385E-07   0.14792E-04  -0.14983E-10
  0.130   0.385   -0.83479E-03  -0.15862E-04  -0.41621E-02   0.71413E-06  -0.44838E-04   0.67862E-08
  0.130   0.385   -0.46943E-03   0.38593E-03  -0.33289E-02  -0.20756E-04  -0.25168E-04   0.29824E-08
  0.130   0.385   -0.83336E-04   0.28916E-03   0.20471E-02  -0.15499E-04  -0.44458E-05   0.32439E-09
  0.130   0.385   -0.47332E-03   0.37816E-03   0.33399E-02  -0.20228E-04  -0.25384E-04   0.81527E-08
  0.130   0.385   -0.85905E-03  -0.58686E-05   0.41974E-02   0.42915E-06  -0.46313E-04   0.24101E-07
  0.130   0.385   -0.47258E-03  -0.39133E-03   0.33207E-02   0.20971E-04  -0.25417E-04   0.90418E-08
  0.130   0.385    0.49515E-02   0.84552E-05  -0.15254E-04  -0.54419E-06   0.26328E-03  -0.19435E-07
  0.130   0.385    0.75985E-03   0.13675E-05  -0.14246E-04  -0.94215E-07   0.40691E-04  -0.41158E-08
  0.130   0.385    0.97759E-01   0.42462E-04  -0.59164E-04  -0.30323E-05   0.53308E-02  -0.25018E-06
  0.130   0.385    0.49388E-02   0.10012E-04  -0.28411E-04  -0.52467E-06   0.26268E-03  -0.38405E-08
  0.130   0.385   -0.81925E-04  -0.29021E-03  -0.20780E-02   0.15557E-04  -0.43712E-05   0.40064E-09
  0.130   0.385   -0.45751E-03  -0.38116E-03  -0.33742E-02   0.20411E-04  -0.24476E-04   0.14431E-08
  0.130   0.385    0.35304E-04   0.15525E-03   0.12418E-02  -0.83293E-05   0.18946E-05  -0.50444E-10
  0.130   0.385   -0.83415E-04   0.28088E-03   0.20359E-02  -0.15060E-04  -0.44504E-05   0.32297E-09
  0.130   0.385   -0.47032E-03   0.37151E-03   0.33057E-02  -0.19871E-04  -0.25224E-04   0.81213E-08
  0.130   0.385   -0.84155E-03  -0.23475E-04   0.41265E-02   0.13616E-05  -0.45377E-04   0.23809E-07
  0.130   0.385    0.75988E-03   0.19319E-05  -0.14913E-04  -0.12438E-06   0.40691E-04  -0.41069E-08
  0.130   0.385    0.27624E-03   0.23292E-07  -0.15324E-04  -0.21921E-08   0.14788E-04  -0.39998E-09
  0.130   0.385    0.49358E-02   0.86907E-05  -0.13997E-04  -0.55633E-06   0.26244E-03  -0.19269E-07
  0.130   0.385    0.97634E-01   0.42220E-04  -0.58084E-04  -0.30160E-05   0.53242E-02  -0.24970E-06
  0.130   0.385    0.36295E-04  -0.15740E-03  -0.12779E-02   0.84450E-05   0.19466E-05   0.12092E-09
  0.130   0.385   -0.76269E-04  -0.29430E-03  -0.20908E-02   0.15770E-04  -0.40707E-05   0.37829E-09
  0.130   0.385   -0.11204E-03   0.10826E-05   0.17229E-02  -0.60755E-07  -0.59972E-05  -0.40583E-09
  0.130   0.385   -0.96847E-04  -0.42438E-04   0.16405E-02   0.22734E-05  -0.51835E-05  -0.48096E-09
  0.130   0.385   -0.60691E-04  -0.64259E-04   0.14337E-02   0.34453E-05  -0.32485E-05  -0.45751E-09
  0.130   0.385   -0.26340E-04  -0.66694E-04   0.11850E-02   0.35754E-05  -0.14098E-05  -0.39678E-09
  0.130   0.385   -0.47078E-03  -0.37497E-03   0.32959E-02   0.20102E-04  -0.25319E-04   0.90565E-08
  0.130   0.385   -0.84065E-03   0.14283E-04   0.41213E-02  -0.64184E-06  -0.45327E-04   0.23849E-07
  0.130   0.385   -0.80355E-04  -0.28150E-03   0.20207E-02   0.15085E-04  -0.42866E-05  -0.96888E-09
  0.130   0.385    0.37284E-04  -0.15462E-03   0.12266E-02   0.82902E-05   0.20010E-05  -0.57573E-09
  0.130   0.385    0.97632E-01   0.43434E-04  -0.59693E-04  -0.30841E-05   0.53240E-02  -0.25004E-06
  0.130   0.385    0.49227E-02   0.99528E-05  -0.27654E-04  -0.52137E-06   0.26181E-03  -0.37744E-08
  0.130   0.385   -0.96075E-04   0.43947E-04   0.16374E-02  -0.23597E-05  -0.51427E-05  -0.28506E-09
  0.130   0.385   -0.11336E-03  -0.50060E-06   0.17207E-02   0.23174E-07  -0.60671E-05  -0.41897E-09
  0.130   0.385   -0.96367E-04  -0.43212E-04   0.16348E-02   0.23151E-05  -0.51579E-05  -0.48174E-09
  0.130   0.385   -0.59351E-04  -0.66313E-04   0.14242E-02   0.35537E-05  -0.31770E-05  -0.46258E-09
  0.130   0.385   -0.84938E-03  -0.90921E-05   0.41414E-02   0.60049E-06  -0.45793E-04   0.23855E-07
  0.130   0.385   -0.46804E-03   0.38411E-03   0.32878E-02  -0.20539E-04  -0.25102E-04   0.81320E-08
  0.130   0.385   -0.46047E-03  -0.38004E-03   0.32692E-02   0.20372E-04  -0.24762E-04   0.86367E-08
  0.130   0.385   -0.74776E-04  -0.28331E-03   0.19885E-02   0.15178E-04  -0.39874E-05  -0.10270E-08
  0.130   0.385    0.49196E-02   0.93348E-05  -0.74428E-05  -0.59087E-06   0.26157E-03  -0.19244E-07
  0.130   0.385    0.97633E-01   0.42595E-04  -0.49492E-04  -0.30360E-05   0.53241E-02  -0.24970E-06
