  0.000   0.000   -0.26968E-04  -0.97970E-01  -0.52973E-03   0.53477E-02  -0.18531E-05  -0.19366E-06
  0.000   0.000    0.12893E-04   0.95852E-02  -0.15697E-01  -0.50638E-03   0.68194E-06   0.26074E-07
  0.000   0.000    0.15019E-04   0.97850E-03  -0.36915E-02  -0.52792E-04   0.10502E-05  -0.13746E-07
  0.000   0.000    0.11402E-05   0.29179E-03  -0.16598E-02  -0.15617E-04   0.56941E-07   0.96281E-09
  0.000   0.000   -0.36855E-03  -0.13660E-03  -0.11324E-02   0.72968E-05  -0.19736E-04   0.10992E-08
  0.000   0.000   -0.16069E-04  -0.41706E-03  -0.13953E-04   0.22361E-04  -0.84951E-06  -0.80645E-09
  0.000   0.000   -0.25849E-03   0.66292E-04  -0.11898E-02  -0.35393E-05  -0.13823E-04   0.42840E-09
  0.000   0.000   -0.12522E-03   0.81275E-04  -0.89517E-03  -0.43522E-05  -0.67014E-05   0.34048E-09
  0.000   0.000   -0.19569E-06  -0.50522E-04   0.92765E-05   0.27093E-05  -0.10301E-07  -0.40043E-10
  0.000   0.000   -0.30445E-04  -0.39149E-04  -0.16210E-03   0.21005E-05  -0.16298E-05   0.27669E-10
  0.000   0.000    0.11314E-04   0.96748E-02   0.15613E-01  -0.51110E-03   0.65078E-06   0.94508E-08
  0.000   0.000   -0.27375E-04  -0.98404E-01   0.95373E-04   0.53706E-02  -0.18744E-05  -0.19456E-06
  0.000   0.000    0.12221E-04   0.95505E-02  -0.15562E-01  -0.50451E-03   0.63832E-06   0.26520E-07
  0.000   0.000    0.14704E-04   0.97848E-03  -0.36165E-02  -0.52784E-04   0.10335E-05  -0.13764E-07
  0.000   0.000    0.98698E-06  -0.40581E-03   0.14747E-04   0.21763E-04   0.60693E-07  -0.82289E-09
  0.000   0.000    0.35549E-03  -0.13609E-03   0.11174E-02   0.73005E-05   0.19019E-04  -0.79328E-09
  0.000   0.000   -0.35865E-03  -0.13766E-03  -0.10920E-02   0.73525E-05  -0.19207E-04   0.10770E-08
  0.000   0.000   -0.25151E-03   0.66216E-04  -0.11546E-02  -0.35332E-05  -0.13450E-04   0.41271E-09
  0.000   0.000    0.30500E-04  -0.38423E-04   0.17511E-03   0.20606E-05   0.16328E-05  -0.95295E-10
  0.000   0.000    0.94019E-06  -0.48961E-04   0.79951E-05   0.26255E-05   0.50177E-07  -0.37929E-10
  0.000   0.000   -0.67905E-06   0.99895E-03   0.36662E-02  -0.53794E-04  -0.13077E-06   0.15051E-07
  0.000   0.000    0.10728E-04   0.96400E-02   0.15677E-01  -0.50927E-03   0.61922E-06   0.93724E-08
  0.000   0.000   -0.27786E-04  -0.98404E-01   0.12318E-03   0.53706E-02  -0.18976E-05  -0.19448E-06
  0.000   0.000    0.11628E-04   0.95847E-02  -0.15499E-01  -0.50632E-03   0.60668E-06   0.26567E-07
  0.000   0.000    0.36168E-03  -0.13718E-03   0.11280E-02   0.73573E-05   0.19349E-04  -0.80705E-09
  0.000   0.000    0.25362E-03   0.68161E-04   0.11853E-02  -0.36441E-05   0.13564E-04  -0.52068E-09
  0.000   0.000    0.38186E-05  -0.40578E-03   0.24496E-04   0.21761E-04   0.21217E-06  -0.82706E-09
  0.000   0.000   -0.35257E-03  -0.13663E-03  -0.10815E-02   0.72991E-05  -0.18883E-04   0.10588E-08
  0.000   0.000    0.43344E-04  -0.17419E-04   0.27607E-03   0.93435E-06   0.23206E-05  -0.11986E-09
  0.000   0.000    0.30989E-04  -0.39006E-04   0.17115E-03   0.20911E-05   0.16587E-05  -0.93986E-10
  0.000   0.000   -0.11648E-05   0.29418E-03   0.16901E-02  -0.15757E-04  -0.61738E-07  -0.11541E-08
  0.000   0.000   -0.10297E-05   0.99877E-03   0.37393E-02  -0.53792E-04  -0.14961E-06   0.14978E-07
  0.000   0.000    0.10483E-04   0.96746E-02   0.15809E-01  -0.51113E-03   0.59932E-06   0.97022E-08
  0.000   0.000   -0.27972E-04  -0.97973E-01   0.73947E-03   0.53479E-02  -0.19052E-05  -0.19394E-06
  0.000   0.000    0.26065E-03   0.68063E-04   0.12190E-02  -0.36410E-05   0.13939E-04  -0.53997E-09
  0.000   0.000    0.12625E-03   0.82711E-04   0.91908E-03  -0.44334E-05   0.67564E-05  -0.28928E-09
  0.000   0.000    0.37157E-03  -0.13614E-03   0.11663E-02   0.73021E-05   0.19878E-04  -0.83387E-09
  0.000   0.000    0.20593E-04  -0.41705E-03   0.51177E-04   0.22360E-04   0.11072E-05  -0.87791E-09
  0.000   0.000    0.41204E-04  -0.81960E-06   0.31535E-03   0.43902E-07   0.22063E-05  -0.11672E-09
  0.000   0.000    0.44583E-04  -0.18572E-04   0.28187E-03   0.99524E-06   0.23869E-05  -0.12181E-09
  0.000   0.000   -0.35807E-03  -0.13623E-03   0.11215E-02   0.73213E-05  -0.19196E-04   0.35118E-08
  0.000   0.000   -0.28778E-05  -0.40505E-03   0.19413E-04   0.21699E-04  -0.17854E-06  -0.17820E-09
  0.000   0.000    0.36024E-03  -0.13857E-03  -0.10890E-02   0.74229E-05   0.19338E-04  -0.52805E-08
  0.000   0.000    0.25150E-03   0.65971E-04  -0.11528E-02  -0.35213E-05   0.13449E-04   0.59263E-09
  0.000   0.000   -0.28160E-04  -0.98405E-01   0.97940E-04   0.53706E-02  -0.19164E-05  -0.19455E-06
  0.000   0.000    0.12823E-04   0.96744E-02   0.15618E-01  -0.51108E-03   0.73177E-06   0.94405E-08
  0.000   0.000    0.84403E-05   0.95500E-02  -0.15562E-01  -0.50449E-03   0.43522E-06   0.26568E-07
  0.000   0.000    0.11196E-04   0.97848E-03  -0.36178E-02  -0.52784E-04   0.84506E-06  -0.13717E-07
  0.000   0.000    0.35662E-03  -0.13661E-03   0.11157E-02   0.73286E-05   0.19080E-04  -0.80468E-09
  0.000   0.000    0.68883E-05  -0.41113E-03   0.66784E-05   0.22043E-04   0.37456E-06  -0.85066E-09
  0.000   0.000    0.14485E-04  -0.41623E-03  -0.11122E-04   0.22294E-04   0.74906E-06  -0.27428E-09
  0.000   0.000    0.37041E-03  -0.13740E-03  -0.11308E-02   0.73611E-05   0.19882E-04  -0.52623E-08
  0.000   0.000    0.25872E-03   0.66129E-04  -0.11892E-02  -0.35319E-05   0.13834E-04   0.58987E-09
  0.000   0.000    0.12548E-03   0.81190E-04  -0.89534E-03  -0.43478E-05   0.67145E-05   0.35801E-09
  0.000   0.000    0.98253E-05   0.95848E-02  -0.15703E-01  -0.50636E-03   0.51736E-06   0.26099E-07
  0.000   0.000   -0.27917E-04  -0.97971E-01  -0.53240E-03   0.53478E-02  -0.19038E-05  -0.19366E-06
  0.000   0.000    0.11601E-04   0.97901E-03  -0.36968E-02  -0.52820E-04   0.86677E-06  -0.13709E-07
  0.000   0.000   -0.76375E-06   0.29226E-03  -0.16632E-02  -0.15642E-04  -0.45281E-07   0.98539E-09
  0.000   0.000   -0.15609E-04  -0.41681E-03  -0.14347E-04   0.22348E-04  -0.82489E-06  -0.80585E-09
  0.000   0.000   -0.36425E-03  -0.13444E-03  -0.11299E-02   0.71822E-05  -0.19508E-04   0.10898E-08
  0.000   0.000   -0.25420E-03   0.68363E-04   0.11877E-02  -0.36543E-05  -0.13594E-04   0.82203E-10
  0.000   0.000   -0.36432E-03  -0.13726E-03   0.11324E-02   0.73752E-05  -0.19529E-04   0.35250E-08
  0.000   0.000   -0.57728E-05  -0.40503E-03   0.29627E-04   0.21699E-04  -0.33351E-06  -0.16542E-09
  0.000   0.000    0.35403E-03  -0.13757E-03  -0.10780E-02   0.73711E-05   0.19008E-04  -0.52527E-08
  0.000   0.000    0.13466E-04   0.96396E-02   0.15683E-01  -0.50925E-03   0.76622E-06   0.93477E-08
  0.000   0.000    0.17383E-05   0.99947E-03   0.36725E-02  -0.53822E-04  -0.12871E-08   0.15043E-07
  0.000   0.000   -0.27964E-04  -0.98405E-01   0.12700E-03   0.53706E-02  -0.19071E-05  -0.19447E-06
  0.000   0.000    0.85002E-05   0.95843E-02  -0.15497E-01  -0.50629E-03   0.43844E-06   0.26614E-07
  0.000   0.000    0.25421E-03   0.66643E-04   0.11804E-02  -0.35624E-05   0.13596E-04  -0.54428E-09
  0.000   0.000    0.36127E-03  -0.15060E-03   0.11059E-02   0.80667E-05   0.19328E-04  -0.82640E-09
  0.000   0.000   -0.12660E-03   0.82785E-04   0.91995E-03  -0.44368E-05  -0.67743E-05   0.88607E-10
  0.000   0.000   -0.26113E-03   0.68302E-04   0.12208E-02  -0.36533E-05  -0.13964E-04   0.86077E-10
  0.000   0.000   -0.37404E-03  -0.13625E-03   0.11702E-02   0.73213E-05  -0.20048E-04   0.35311E-08
  0.000   0.000   -0.22489E-04  -0.41635E-03   0.55733E-04   0.22301E-04  -0.12260E-05  -0.12096E-09
  0.000   0.000    0.25315E-05   0.99877E-03   0.37434E-02  -0.53793E-04   0.41261E-07   0.14951E-07
  0.000   0.000    0.49762E-06   0.29466E-03   0.16931E-02  -0.15782E-04   0.27243E-07  -0.11592E-08
  0.000   0.000    0.14683E-04   0.96742E-02   0.15812E-01  -0.51111E-03   0.82490E-06   0.96501E-08
  0.000   0.000   -0.26632E-04  -0.97973E-01   0.74132E-03   0.53479E-02  -0.18331E-05  -0.19396E-06
  0.000   0.000    0.12592E-03   0.81921E-04   0.91654E-03  -0.43909E-05   0.67388E-05  -0.30188E-09
  0.000   0.000    0.25515E-03   0.63186E-04   0.12091E-02  -0.33820E-05   0.13647E-04  -0.54375E-09
  0.000   0.000    0.32431E-08  -0.50508E-04   0.11606E-04   0.27085E-05  -0.79261E-10  -0.10386E-09
  0.000   0.000    0.30959E-04  -0.38671E-04  -0.15942E-03   0.20753E-05   0.16568E-05  -0.31581E-10
  0.000   0.000    0.44113E-04  -0.17850E-04  -0.26572E-03   0.95875E-06   0.23611E-05   0.36639E-10
  0.000   0.000    0.40618E-04  -0.13271E-05  -0.29974E-03   0.72450E-07   0.21745E-05   0.70598E-10
  0.000   0.000    0.36857E-03  -0.13790E-03  -0.11257E-02   0.73875E-05   0.19783E-04  -0.52508E-08
  0.000   0.000    0.13414E-04  -0.41597E-03  -0.57263E-05   0.22280E-04   0.69179E-06  -0.27408E-09
  0.000   0.000    0.25782E-03   0.64668E-04  -0.11879E-02  -0.34537E-05   0.13786E-04   0.59441E-09
  0.000   0.000    0.12614E-03   0.80411E-04  -0.89861E-03  -0.43061E-05   0.67500E-05   0.33975E-09
  0.000   0.000   -0.28433E-04  -0.97966E-01  -0.51595E-03   0.53475E-02  -0.19320E-05  -0.19361E-06
  0.000   0.000    0.81479E-05   0.96215E-02  -0.15639E-01  -0.50830E-03   0.42709E-06   0.26190E-07
  0.000   0.000   -0.32025E-04  -0.38849E-04   0.18628E-03   0.20835E-05  -0.17142E-05  -0.12649E-09
  0.000   0.000   -0.16474E-05  -0.48915E-04   0.17370E-04   0.26241E-05  -0.88135E-07  -0.11440E-09
  0.000   0.000    0.29696E-04  -0.39250E-04  -0.15286E-03   0.21063E-05   0.15892E-05  -0.36139E-10
  0.000   0.000    0.43258E-04  -0.19035E-04  -0.26264E-03   0.10222E-05   0.23156E-05   0.33302E-10
  0.000   0.000   -0.14813E-04  -0.41020E-03   0.56654E-04   0.21976E-04  -0.81699E-06  -0.14817E-09
  0.000   0.000   -0.36656E-03  -0.13405E-03   0.11619E-02   0.72047E-05  -0.19650E-04   0.35124E-08
  0.000   0.000    0.36024E-03  -0.15164E-03  -0.10893E-02   0.81227E-05   0.19338E-04  -0.52705E-08
  0.000   0.000    0.26234E-03   0.61220E-04  -0.11888E-02  -0.32670E-05   0.14031E-04   0.40825E-09
  0.000   0.000    0.14558E-04   0.97115E-02   0.15744E-01  -0.51307E-03   0.81859E-06   0.97168E-08
  0.000   0.000   -0.27211E-04  -0.97970E-01   0.71903E-03   0.53477E-02  -0.18633E-05  -0.19400E-06
 -1.000  -1.000   -0.18896E-03  -0.54831E-01  -0.20097E-04   0.31426E-02  -0.88621E-05  -0.50299E-07
 -1.000  -1.000    0.42730E-05   0.12237E-02  -0.23229E-02  -0.70407E-04   0.23921E-06   0.22362E-07
 -1.000  -1.000    0.13851E-04   0.68996E-04  -0.17292E-03  -0.43942E-05   0.10285E-05  -0.16452E-07
 -1.000  -1.000    0.15842E-08   0.56459E-05  -0.32510E-04  -0.33828E-06  -0.44086E-09   0.69557E-10
 -1.000  -1.000   -0.73554E-05   0.62022E-06  -0.29573E-04  -0.71460E-07  -0.47481E-06   0.56565E-09
 -1.000  -1.000    0.20482E-06  -0.61674E-05  -0.30305E-05   0.39568E-06   0.30324E-07  -0.11703E-08
 -1.000  -1.000   -0.29365E-05   0.15448E-05  -0.21124E-04  -0.91578E-07  -0.17379E-06   0.25646E-10
 -1.000  -1.000   -0.95303E-06   0.10073E-05  -0.10662E-04  -0.59765E-07  -0.56434E-07   0.11251E-10
 -1.000  -1.000   -0.37739E-07  -0.16030E-06  -0.49702E-06   0.95009E-08  -0.22350E-08   0.40533E-12
 -1.000  -1.000   -0.17816E-06  -0.91023E-07  -0.16010E-05   0.54015E-08  -0.10565E-07   0.14898E-11
 -1.000  -1.000    0.70379E-05   0.12826E-02   0.23327E-02  -0.73653E-04   0.39111E-06   0.86120E-08
 -1.000  -1.000   -0.18931E-03  -0.54863E-01   0.49129E-04   0.31445E-02  -0.88839E-05  -0.51026E-07
 -1.000  -1.000    0.40623E-05   0.12216E-02  -0.23154E-02  -0.70271E-04   0.22445E-06   0.22592E-07
 -1.000  -1.000    0.13848E-04   0.69015E-04  -0.17031E-03  -0.43948E-05   0.10283E-05  -0.16454E-07
 -1.000  -1.000    0.64608E-06  -0.64829E-05   0.45579E-06   0.41482E-06   0.56903E-07  -0.11898E-08
 -1.000  -1.000    0.66378E-05  -0.41829E-06   0.27039E-04   0.23613E-07   0.41548E-06  -0.20830E-09
 -1.000  -1.000   -0.71922E-05   0.47555E-06  -0.27709E-04  -0.62819E-07  -0.46516E-06   0.56659E-09
 -1.000  -1.000   -0.28751E-05   0.15513E-05  -0.19955E-04  -0.91846E-07  -0.17016E-06   0.24549E-10
 -1.000  -1.000    0.14897E-06  -0.10240E-06   0.11878E-05   0.60875E-08   0.88361E-08  -0.10437E-11
 -1.000  -1.000    0.59660E-10  -0.16365E-06   0.15019E-07   0.97110E-08   0.47047E-11  -0.22169E-12
 -1.000  -1.000    0.62100E-06   0.88722E-04   0.17358E-03  -0.53830E-05  -0.85671E-07   0.19805E-07
 -1.000  -1.000    0.70134E-05   0.12811E-02   0.23365E-02  -0.73565E-04   0.38956E-06   0.85726E-08
 -1.000  -1.000   -0.18932E-03  -0.54863E-01   0.50035E-04   0.31445E-02  -0.88846E-05  -0.50974E-07
 -1.000  -1.000    0.40606E-05   0.12231E-02  -0.23116E-02  -0.70362E-04   0.22425E-06   0.22593E-07
 -1.000  -1.000    0.66740E-05  -0.56976E-06   0.27696E-04   0.32522E-07   0.41763E-06  -0.21315E-09
 -1.000  -1.000    0.28979E-05   0.15883E-05   0.20193E-04  -0.93647E-07   0.17143E-06  -0.18509E-10
 -1.000  -1.000    0.66652E-06  -0.64816E-05   0.78318E-06   0.41478E-06   0.58111E-07  -0.11849E-08
 -1.000  -1.000   -0.71544E-05   0.63221E-06  -0.27059E-04  -0.71909E-07  -0.46292E-06   0.56579E-09
 -1.000  -1.000    0.19226E-06  -0.37125E-08   0.17879E-05   0.24230E-09   0.11401E-07  -0.14860E-11
 -1.000  -1.000    0.15588E-06  -0.11636E-06   0.12926E-05   0.69069E-08   0.92456E-08  -0.14792E-11
 -1.000  -1.000    0.17701E-07   0.57767E-05   0.32729E-04  -0.34371E-06   0.10659E-08   0.31446E-09
 -1.000  -1.000    0.61521E-06   0.88718E-04   0.17620E-03  -0.53830E-05  -0.86042E-07   0.19809E-07
 -1.000  -1.000    0.70439E-05   0.12835E-02   0.23439E-02  -0.73712E-04   0.38942E-06   0.92923E-08
 -1.000  -1.000   -0.18924E-03  -0.54830E-01   0.11903E-03   0.31426E-02  -0.88816E-05  -0.50895E-07
 -1.000  -1.000    0.29586E-05   0.15853E-05   0.21359E-04  -0.93518E-07   0.17502E-06  -0.20670E-10
 -1.000  -1.000    0.96251E-06   0.10308E-05   0.10782E-04  -0.60967E-07   0.56974E-07  -0.15247E-11
 -1.000  -1.000    0.68380E-05  -0.42191E-06   0.29548E-04   0.23770E-07   0.42734E-06  -0.20858E-09
 -1.000  -1.000    0.11004E-05  -0.61748E-05   0.42376E-05   0.39680E-06   0.84005E-07  -0.11909E-08
 -1.000  -1.000    0.15913E-06   0.59787E-07   0.18918E-05  -0.35239E-08   0.94337E-08  -0.14544E-11
 -1.000  -1.000    0.21041E-06  -0.17262E-07   0.20985E-05   0.10254E-08   0.12477E-07  -0.20544E-11
 -1.000  -1.000   -0.86783E-05  -0.91071E-06   0.27595E-04   0.65631E-07  -0.57643E-06   0.50471E-08
 -1.000  -1.000   -0.94847E-06  -0.56171E-05   0.41217E-06   0.34082E-06  -0.77379E-07   0.11876E-08
 -1.000  -1.000    0.97652E-05   0.59246E-08  -0.28275E-04  -0.17246E-07   0.66567E-06  -0.65540E-08
 -1.000  -1.000    0.28963E-05   0.15565E-05  -0.19984E-04  -0.92052E-07   0.17189E-06  -0.10700E-10
 -1.000  -1.000   -0.18932E-03  -0.54863E-01   0.49164E-04   0.31445E-02  -0.88844E-05  -0.51025E-07
 -1.000  -1.000    0.70426E-05   0.12826E-02   0.23327E-02  -0.73653E-04   0.39141E-06   0.86115E-08
 -1.000  -1.000    0.40384E-05   0.12216E-02  -0.23154E-02  -0.70271E-04   0.22296E-06   0.22597E-07
 -1.000  -1.000    0.13826E-04   0.69014E-04  -0.17030E-03  -0.43948E-05   0.10269E-05  -0.16450E-07
 -1.000  -1.000    0.66392E-05  -0.39997E-06   0.27112E-04   0.22479E-07   0.41557E-06  -0.20231E-09
 -1.000  -1.000    0.66010E-06  -0.62939E-05   0.95225E-06   0.40378E-06   0.57708E-07  -0.11860E-08
 -1.000  -1.000   -0.46268E-06  -0.53094E-05  -0.30888E-05   0.32242E-06  -0.47359E-07   0.11007E-08
 -1.000  -1.000    0.99315E-05   0.15080E-06  -0.30146E-04  -0.25896E-07   0.67555E-06  -0.65568E-08
 -1.000  -1.000    0.29594E-05   0.15502E-05  -0.21160E-04  -0.91798E-07   0.17565E-06  -0.10670E-10
 -1.000  -1.000    0.96221E-06   0.10098E-05  -0.10676E-04  -0.59890E-07   0.57169E-07   0.31890E-11
 -1.000  -1.000    0.42545E-05   0.12237E-02  -0.23229E-02  -0.70407E-04   0.23808E-06   0.22363E-07
 -1.000  -1.000   -0.18897E-03  -0.54831E-01  -0.20139E-04   0.31426E-02  -0.88627E-05  -0.50299E-07
 -1.000  -1.000    0.13829E-04   0.68999E-04  -0.17296E-03  -0.43944E-05   0.10271E-05  -0.16448E-07
 -1.000  -1.000   -0.13729E-07   0.56479E-05  -0.32531E-04  -0.33840E-06  -0.13816E-08   0.71517E-10
 -1.000  -1.000    0.20430E-06  -0.61522E-05  -0.29792E-05   0.39474E-06   0.30294E-07  -0.11654E-08
 -1.000  -1.000   -0.73489E-05   0.78893E-06  -0.29157E-04  -0.81276E-07  -0.47445E-06   0.56787E-09
 -1.000  -1.000   -0.29054E-05   0.15798E-05   0.20187E-04  -0.93166E-07  -0.17237E-06   0.13208E-10
 -1.000  -1.000   -0.87213E-05  -0.10615E-05   0.28253E-04   0.74479E-07  -0.57905E-06   0.50487E-08
 -1.000  -1.000   -0.96971E-06  -0.56160E-05   0.74151E-06   0.34078E-06  -0.78648E-07   0.11930E-08
 -1.000  -1.000    0.97260E-05   0.16207E-06  -0.27622E-04  -0.26296E-07   0.66330E-06  -0.65510E-08
 -1.000  -1.000    0.70232E-05   0.12811E-02   0.23366E-02  -0.73565E-04   0.39018E-06   0.85716E-08
 -1.000  -1.000    0.63094E-06   0.88724E-04   0.17365E-03  -0.53831E-05  -0.85063E-07   0.19805E-07
 -1.000  -1.000   -0.18932E-03  -0.54863E-01   0.50083E-04   0.31445E-02  -0.88848E-05  -0.50974E-07
 -1.000  -1.000    0.40443E-05   0.12231E-02  -0.23116E-02  -0.70362E-04   0.22320E-06   0.22597E-07
 -1.000  -1.000    0.28992E-05   0.15868E-05   0.20204E-04  -0.93556E-07   0.17151E-06  -0.19257E-10
 -1.000  -1.000    0.66728E-05  -0.60928E-06   0.27650E-04   0.34720E-07   0.41758E-06  -0.20755E-09
 -1.000  -1.000   -0.96348E-06   0.10278E-05   0.10779E-04  -0.60796E-07  -0.57237E-07   0.61639E-11
 -1.000  -1.000   -0.29685E-05   0.15770E-05   0.21349E-04  -0.93049E-07  -0.17613E-06   0.12590E-10
 -1.000  -1.000   -0.88849E-05  -0.91395E-06   0.30102E-04   0.65744E-07  -0.58877E-06   0.50553E-08
 -1.000  -1.000   -0.14243E-05  -0.53144E-05   0.42011E-05   0.32324E-06  -0.10624E-06   0.12461E-08
 -1.000  -1.000    0.63436E-06   0.88717E-04   0.17624E-03  -0.53829E-05  -0.84878E-07   0.19807E-07
 -1.000  -1.000    0.27844E-07   0.57785E-05   0.32771E-04  -0.34381E-06   0.16752E-08   0.31426E-09
 -1.000  -1.000    0.70696E-05   0.12835E-02   0.23440E-02  -0.73712E-04   0.39104E-06   0.92874E-08
 -1.000  -1.000   -0.18923E-03  -0.54830E-01   0.11905E-03   0.31426E-02  -0.88807E-05  -0.50897E-07
 -1.000  -1.000    0.96322E-06   0.10115E-05   0.10714E-04  -0.59770E-07   0.57015E-07  -0.85293E-11
 -1.000  -1.000    0.29469E-05   0.13755E-05   0.20833E-04  -0.81318E-07   0.17436E-06  -0.21395E-10
 -1.000  -1.000    0.36333E-07  -0.16062E-06  -0.47955E-06   0.95236E-08   0.21635E-08  -0.58059E-12
 -1.000  -1.000    0.17726E-06  -0.10531E-06  -0.16111E-05   0.62366E-08   0.10549E-07  -0.13041E-11
 -1.000  -1.000    0.20598E-06  -0.71885E-08  -0.20464E-05   0.41324E-09   0.12257E-07  -0.42779E-12
 -1.000  -1.000    0.15529E-06   0.57287E-07  -0.18257E-05  -0.33983E-08   0.92417E-08   0.23224E-12
 -1.000  -1.000    0.98994E-05   0.16383E-06  -0.29919E-04  -0.26659E-07   0.67361E-06  -0.65536E-08
 -1.000  -1.000   -0.47451E-06  -0.52987E-05  -0.29621E-05   0.32179E-06  -0.48062E-07   0.11008E-08
 -1.000  -1.000    0.29041E-05   0.15489E-05  -0.20865E-04  -0.91676E-07   0.17216E-06   0.50430E-11
 -1.000  -1.000    0.92767E-06   0.99605E-06  -0.10443E-04  -0.59066E-07   0.55060E-07   0.75607E-11
 -1.000  -1.000   -0.18898E-03  -0.54831E-01  -0.19636E-04   0.31426E-02  -0.88629E-05  -0.50256E-07
 -1.000  -1.000    0.42466E-05   0.12253E-02  -0.23191E-02  -0.70500E-04   0.23745E-06   0.22375E-07
 -1.000  -1.000   -0.17523E-06  -0.89456E-07   0.15694E-05   0.53240E-08  -0.10425E-07   0.57310E-12
 -1.000  -1.000   -0.35142E-07  -0.16416E-06   0.46153E-06   0.97370E-08  -0.20929E-08  -0.47742E-12
 -1.000  -1.000    0.11368E-06  -0.11776E-06  -0.73546E-06   0.69814E-08   0.67641E-08  -0.99918E-12
 -1.000  -1.000    0.15687E-06  -0.18033E-07  -0.12898E-05   0.10749E-08   0.93317E-08  -0.53254E-12
 -1.000  -1.000   -0.13999E-05  -0.54506E-05   0.35838E-05   0.33111E-06  -0.10478E-06   0.12415E-08
 -1.000  -1.000   -0.88416E-05  -0.75655E-06   0.29382E-04   0.56516E-07  -0.58613E-06   0.50480E-08
 -1.000  -1.000    0.90269E-05  -0.59078E-07  -0.24403E-04  -0.12661E-07   0.61842E-06  -0.62907E-08
 -1.000  -1.000    0.25411E-05   0.13667E-05  -0.17223E-04  -0.80748E-07   0.15052E-06   0.10980E-10
 -1.000  -1.000    0.70893E-05   0.12850E-02   0.23401E-02  -0.73803E-04   0.39230E-06   0.93267E-08
 -1.000  -1.000   -0.18922E-03  -0.54830E-01   0.11850E-03   0.31426E-02  -0.88803E-05  -0.50907E-07
  0.067   0.200   -0.27138E-04  -0.97978E-01  -0.49860E-03   0.53482E-02  -0.18623E-05  -0.19347E-06
  0.067   0.200    0.12982E-04   0.94949E-02  -0.16068E-01  -0.50154E-03   0.68668E-06   0.26034E-07
  0.067   0.200    0.15302E-04   0.92778E-03  -0.43249E-02  -0.50069E-04   0.10653E-05  -0.13674E-07
  0.067   0.200    0.14249E-05   0.27378E-03  -0.24175E-02  -0.14651E-04   0.71999E-07   0.11135E-08
  0.067   0.200   -0.38670E-03  -0.20926E-03  -0.14053E-02   0.11200E-04  -0.20711E-04   0.10949E-08
  0.067   0.200   -0.16561E-04  -0.50397E-03   0.18525E-04   0.27028E-04  -0.87584E-06  -0.91140E-09
  0.067   0.200   -0.28611E-03   0.19555E-04  -0.16889E-02  -0.10294E-05  -0.15305E-04   0.50696E-09
  0.067   0.200   -0.15338E-03   0.58798E-04  -0.15219E-02  -0.31456E-05  -0.82117E-05   0.47771E-09
  0.067   0.200   -0.88274E-07  -0.10107E-03   0.40838E-04   0.54222E-05  -0.44627E-08  -0.10478E-09
  0.067   0.200   -0.42477E-04  -0.85392E-04  -0.31260E-03   0.45826E-05  -0.22750E-05   0.21021E-10
  0.067   0.200    0.11038E-04   0.95851E-02   0.16046E-01  -0.50630E-03   0.63611E-06   0.92420E-08
  0.067   0.200   -0.27364E-04  -0.98406E-01   0.13715E-03   0.53707E-02  -0.18739E-05  -0.19437E-06
  0.067   0.200    0.12487E-04   0.94621E-02  -0.15911E-01  -0.49977E-03   0.65262E-06   0.26472E-07
  0.067   0.200    0.15095E-04   0.92766E-03  -0.42239E-02  -0.50056E-04   0.10544E-05  -0.13697E-07
  0.067   0.200    0.14746E-05  -0.48816E-03   0.54318E-04   0.26187E-04   0.86863E-07  -0.92272E-09
  0.067   0.200    0.37310E-03  -0.20830E-03   0.14537E-02   0.11177E-04   0.19965E-04  -0.96738E-09
  0.067   0.200   -0.37572E-03  -0.20866E-03  -0.13480E-02   0.11167E-04  -0.20123E-04   0.10656E-08
  0.067   0.200   -0.27770E-03   0.19414E-04  -0.16332E-02  -0.10206E-05  -0.14856E-04   0.48521E-09
  0.067   0.200    0.43173E-04  -0.83343E-04   0.38486E-03   0.44710E-05   0.23124E-05  -0.20739E-09
  0.067   0.200    0.17567E-05  -0.98208E-04   0.40572E-04   0.52684E-05   0.93891E-07  -0.10087E-09
  0.067   0.200   -0.96193E-06   0.94927E-03   0.43565E-02  -0.51130E-04  -0.14570E-06   0.14827E-07
  0.067   0.200    0.10580E-04   0.95523E-02   0.16112E-01  -0.50457E-03   0.61144E-06   0.91675E-08
  0.067   0.200   -0.27626E-04  -0.98406E-01   0.16884E-03   0.53707E-02  -0.18892E-05  -0.19429E-06
  0.067   0.200    0.12009E-04   0.94943E-02  -0.15846E-01  -0.50147E-03   0.62715E-06   0.26515E-07
  0.067   0.200    0.38006E-03  -0.20776E-03   0.14639E-02   0.11148E-04   0.20336E-04  -0.97841E-09
  0.067   0.200    0.28083E-03   0.22178E-04   0.17418E-02  -0.11775E-05   0.15024E-04  -0.72725E-09
  0.067   0.200    0.47179E-05  -0.48806E-03   0.65737E-04   0.26181E-04   0.26048E-06  -0.93282E-09
  0.067   0.200   -0.36902E-03  -0.20927E-03  -0.13375E-02   0.11199E-04  -0.19767E-04   0.10443E-08
  0.067   0.200    0.64654E-04  -0.52102E-04   0.63103E-03   0.27949E-05   0.34630E-05  -0.26432E-09
  0.067   0.200    0.44018E-04  -0.84288E-04   0.37651E-03   0.45205E-05   0.23573E-05  -0.20439E-09
  0.067   0.200   -0.13554E-05   0.27748E-03   0.25228E-02  -0.14864E-04  -0.71662E-07  -0.13704E-08
  0.067   0.200   -0.12008E-05   0.94911E-03   0.44521E-02  -0.51129E-04  -0.15855E-06   0.14750E-07
  0.067   0.200    0.10504E-04   0.95850E-02   0.16263E-01  -0.50633E-03   0.60060E-06   0.94839E-08
  0.067   0.200   -0.27643E-04  -0.97981E-01   0.79191E-03   0.53484E-02  -0.18876E-05  -0.19376E-06
  0.067   0.200    0.28938E-03   0.22076E-04   0.17922E-02  -0.11736E-05   0.15481E-04  -0.75123E-09
  0.067   0.200    0.15521E-03   0.61248E-04   0.16169E-02  -0.32838E-05   0.83094E-05  -0.50533E-09
  0.067   0.200    0.39101E-03  -0.20827E-03   0.15156E-02   0.11176E-04   0.20922E-04  -0.10175E-08
  0.067   0.200    0.22273E-04  -0.50387E-03   0.96252E-04   0.27022E-04   0.11974E-05  -0.99121E-09
  0.067   0.200    0.66856E-04  -0.24067E-04   0.78703E-03   0.12904E-05   0.35813E-05  -0.28183E-09
  0.067   0.200    0.66749E-04  -0.54597E-04   0.64373E-03   0.29273E-05   0.35752E-05  -0.26873E-09
  0.067   0.200   -0.37579E-03  -0.20843E-03   0.14594E-02   0.11197E-04  -0.20147E-04   0.33326E-08
  0.067   0.200   -0.32754E-05  -0.48739E-03   0.60692E-04   0.26123E-04  -0.19984E-06  -0.31710E-09
  0.067   0.200    0.37752E-03  -0.20966E-03  -0.13434E-02   0.11242E-04   0.20266E-04  -0.53446E-08
  0.067   0.200    0.27792E-03   0.19041E-04  -0.16303E-02  -0.10019E-05   0.14866E-04   0.61836E-09
  0.067   0.200   -0.27864E-04  -0.98408E-01   0.14009E-03   0.53708E-02  -0.19006E-05  -0.19436E-06
  0.067   0.200    0.13061E-04   0.95845E-02   0.16053E-01  -0.50627E-03   0.74469E-06   0.92302E-08
  0.067   0.200    0.85912E-05   0.94614E-02  -0.15912E-01  -0.49974E-03   0.44335E-06   0.26522E-07
  0.067   0.200    0.11180E-04   0.92758E-03  -0.42263E-02  -0.50052E-04   0.84402E-06  -0.13646E-07
  0.067   0.200    0.37465E-03  -0.20918E-03   0.14499E-02   0.11224E-04   0.20048E-04  -0.98449E-09
  0.067   0.200    0.78521E-05  -0.49605E-03   0.40764E-04   0.26603E-04   0.42618E-06  -0.95605E-09
  0.067   0.200    0.14947E-04  -0.50313E-03   0.21157E-04   0.26960E-04   0.77376E-06  -0.41883E-09
  0.067   0.200    0.38874E-03  -0.21006E-03  -0.14039E-02   0.11264E-04   0.20865E-04  -0.53209E-08
  0.067   0.200    0.28660E-03   0.19321E-04  -0.16886E-02  -0.10183E-05   0.15330E-04   0.61902E-09
  0.067   0.200    0.15385E-03   0.58638E-04  -0.15228E-02  -0.31372E-05   0.82360E-05   0.45951E-09
  0.067   0.200    0.99728E-05   0.94943E-02  -0.16076E-01  -0.50151E-03   0.52524E-06   0.26060E-07
  0.067   0.200   -0.27748E-04  -0.97979E-01  -0.50165E-03   0.53483E-02  -0.18949E-05  -0.19347E-06
  0.067   0.200    0.11646E-04   0.92821E-03  -0.43326E-02  -0.50092E-04   0.86905E-06  -0.13633E-07
  0.067   0.200   -0.80453E-06   0.27428E-03  -0.24232E-02  -0.14678E-04  -0.47716E-07   0.11413E-08
  0.067   0.200   -0.15834E-04  -0.50396E-03   0.15398E-04   0.27027E-04  -0.83687E-06  -0.91360E-09
  0.067   0.200   -0.38191E-03  -0.20884E-03  -0.14078E-02   0.11177E-04  -0.20456E-04   0.10830E-08
  0.067   0.200   -0.28154E-03   0.22455E-04   0.17460E-02  -0.11917E-05  -0.15060E-04  -0.95770E-10
  0.067   0.200   -0.38268E-03  -0.20776E-03   0.14704E-02   0.11161E-04  -0.20514E-04   0.33491E-08
  0.067   0.200   -0.65318E-05  -0.48731E-03   0.73203E-04   0.26119E-04  -0.37414E-06  -0.30857E-09
  0.067   0.200    0.37065E-03  -0.21028E-03  -0.13318E-02   0.11275E-04   0.19900E-04  -0.53184E-08
  0.067   0.200    0.13785E-04   0.95516E-02   0.16119E-01  -0.50453E-03   0.78346E-06   0.91403E-08
  0.067   0.200    0.19996E-05   0.94971E-03   0.43644E-02  -0.51154E-04   0.12939E-07   0.14817E-07
  0.067   0.200   -0.27732E-04  -0.98407E-01   0.17325E-03   0.53708E-02  -0.18947E-05  -0.19429E-06
  0.067   0.200    0.84578E-05   0.94939E-02  -0.15844E-01  -0.50145E-03   0.43619E-06   0.26566E-07
  0.067   0.200    0.28175E-03   0.20349E-04   0.17351E-02  -0.10791E-05   0.15074E-04  -0.75796E-09
  0.067   0.200    0.37980E-03  -0.22399E-03   0.14365E-02   0.12005E-04   0.20323E-04  -0.10052E-08
  0.067   0.200   -0.15568E-03   0.61396E-04   0.16186E-02  -0.32913E-05  -0.83334E-05  -0.81771E-10
  0.067   0.200   -0.28990E-03   0.22439E-04   0.17953E-02  -0.11924E-05  -0.15507E-04  -0.94073E-10
  0.067   0.200   -0.39341E-03  -0.20831E-03   0.15212E-02   0.11191E-04  -0.21088E-04   0.33461E-08
  0.067   0.200   -0.24070E-04  -0.50317E-03   0.10267E-03   0.26962E-04  -0.13106E-05  -0.27190E-09
  0.067   0.200    0.27596E-05   0.94904E-03   0.44570E-02  -0.51125E-04   0.53725E-07   0.14720E-07
  0.067   0.200    0.63611E-06   0.27798E-03   0.25268E-02  -0.14892E-04   0.34949E-07  -0.13766E-08
  0.067   0.200    0.14857E-04   0.95845E-02   0.16267E-01  -0.50630E-03   0.83446E-06   0.94282E-08
  0.067   0.200   -0.26684E-04  -0.97981E-01   0.79425E-03   0.53484E-02  -0.18360E-05  -0.19378E-06
  0.067   0.200    0.15493E-03   0.60228E-04   0.16138E-02  -0.32290E-05   0.82946E-05  -0.52488E-09
  0.067   0.200    0.28351E-03   0.14832E-04   0.17788E-02  -0.78935E-06   0.15169E-04  -0.76276E-09
  0.067   0.200   -0.97650E-07  -0.10105E-03   0.46067E-04   0.54207E-05  -0.55420E-08  -0.19301E-09
  0.067   0.200    0.43353E-04  -0.83837E-04  -0.30600E-03   0.45006E-05   0.23211E-05  -0.74701E-10
  0.067   0.200    0.65340E-04  -0.53031E-04  -0.56448E-03   0.28480E-05   0.34988E-05   0.41236E-10
  0.067   0.200    0.65302E-04  -0.25296E-04  -0.70920E-03   0.13595E-05   0.34974E-05   0.12091E-09
  0.067   0.200    0.38683E-03  -0.21088E-03  -0.13971E-02   0.11308E-04   0.20764E-04  -0.53108E-08
  0.067   0.200    0.13948E-04  -0.50310E-03   0.29277E-04   0.26959E-04   0.72035E-06  -0.41966E-09
  0.067   0.200    0.28551E-03   0.17564E-04  -0.16870E-02  -0.92414E-06   0.15271E-04   0.62307E-09
  0.067   0.200    0.15426E-03   0.57637E-04  -0.15266E-02  -0.30836E-05   0.82579E-05   0.44234E-09
  0.067   0.200   -0.28110E-04  -0.97975E-01  -0.48330E-03   0.53480E-02  -0.19148E-05  -0.19343E-06
  0.067   0.200    0.81690E-05   0.95290E-02  -0.16012E-01  -0.50334E-03   0.42816E-06   0.26150E-07
  0.067   0.200   -0.45335E-04  -0.84777E-04   0.40920E-03   0.45479E-05  -0.24277E-05  -0.24454E-09
  0.067   0.200   -0.26485E-05  -0.98105E-04   0.60064E-04   0.52652E-05  -0.14177E-06  -0.20353E-09
  0.067   0.200    0.41380E-04  -0.84783E-04  -0.29057E-03   0.45513E-05   0.22155E-05  -0.84772E-10
  0.067   0.200    0.63713E-04  -0.55624E-04  -0.55530E-03   0.29864E-05   0.34121E-05   0.34689E-10
  0.067   0.200   -0.15563E-04  -0.49503E-03   0.10680E-03   0.26533E-04  -0.85721E-06  -0.29425E-09
  0.067   0.200   -0.38485E-03  -0.20792E-03   0.15166E-02   0.11170E-04  -0.20632E-04   0.33270E-08
  0.067   0.200    0.37749E-03  -0.22545E-03  -0.13449E-02   0.12087E-04   0.20264E-04  -0.53399E-08
  0.067   0.200    0.28901E-03   0.11974E-04  -0.16771E-02  -0.62311E-06   0.15462E-04   0.43440E-09
  0.067   0.200    0.14957E-04   0.96196E-02   0.16198E-01  -0.50815E-03   0.84013E-06   0.94912E-08
  0.067   0.200   -0.27041E-04  -0.97978E-01   0.76794E-03   0.53482E-02  -0.18544E-05  -0.19382E-06
  0.130   0.385   -0.27189E-04  -0.98073E-01  -0.50383E-03   0.53532E-02  -0.18650E-05  -0.19369E-06
  0.130   0.385    0.12944E-04   0.95031E-02  -0.16124E-01  -0.50195E-03   0.68447E-06   0.26052E-07
  0.130   0.385    0.15259E-04   0.92727E-03  -0.43802E-02  -0.50039E-04   0.10629E-05  -0.13663E-07
  0.130   0.385    0.13849E-05   0.27232E-03  -0.24781E-02  -0.14572E-04   0.69820E-07   0.11261E-08
  0.130   0.385   -0.38887E-03  -0.21434E-03  -0.14334E-02   0.11472E-04  -0.20826E-04   0.10976E-08
  0.130   0.385   -0.16412E-04  -0.51091E-03   0.12349E-04   0.27399E-04  -0.86781E-06  -0.91627E-09
  0.130   0.385   -0.28825E-03   0.16350E-04  -0.17321E-02  -0.85712E-06  -0.15418E-04   0.51376E-09
  0.130   0.385   -0.15494E-03   0.56378E-04  -0.15755E-02  -0.30155E-05  -0.82946E-05   0.48788E-09
  0.130   0.385    0.12636E-06  -0.10492E-03   0.32857E-04   0.56284E-05   0.70337E-08  -0.10771E-09
  0.130   0.385   -0.42894E-04  -0.89074E-04  -0.33435E-03   0.47800E-05  -0.22972E-05   0.22135E-10
  0.130   0.385    0.11031E-04   0.95934E-02   0.16083E-01  -0.50672E-03   0.63580E-06   0.92423E-08
  0.130   0.385   -0.27366E-04  -0.98501E-01   0.12523E-03   0.53757E-02  -0.18739E-05  -0.19458E-06
  0.130   0.385    0.12495E-04   0.94705E-02  -0.15972E-01  -0.50020E-03   0.65287E-06   0.26491E-07
  0.130   0.385    0.15097E-04   0.92714E-03  -0.42836E-02  -0.50025E-04   0.10544E-05  -0.13686E-07
  0.130   0.385    0.15471E-05  -0.49461E-03   0.42042E-04   0.26531E-04   0.90740E-07  -0.92516E-09
  0.130   0.385    0.37542E-03  -0.21336E-03   0.14625E-02   0.11448E-04   0.20088E-04  -0.97679E-09
  0.130   0.385   -0.37793E-03  -0.21354E-03  -0.13811E-02   0.11428E-04  -0.20240E-04   0.10691E-08
  0.130   0.385   -0.27985E-03   0.16212E-04  -0.16809E-02  -0.84853E-06  -0.14970E-04   0.49319E-09
  0.130   0.385    0.43876E-04  -0.86872E-04   0.38499E-03   0.46600E-05   0.23499E-05  -0.21233E-09
  0.130   0.385    0.18556E-05  -0.10194E-03   0.27438E-04   0.54681E-05   0.99172E-07  -0.10215E-09
  0.130   0.385   -0.94150E-06   0.94883E-03   0.43892E-02  -0.51104E-04  -0.14457E-06   0.14820E-07
  0.130   0.385    0.10618E-04   0.95608E-02   0.16146E-01  -0.50500E-03   0.61355E-06   0.91695E-08
  0.130   0.385   -0.27574E-04  -0.98501E-01   0.15418E-03   0.53757E-02  -0.18861E-05  -0.19451E-06
  0.130   0.385    0.12060E-04   0.95025E-02  -0.15910E-01  -0.50188E-03   0.62970E-06   0.26534E-07
  0.130   0.385    0.38239E-03  -0.21261E-03   0.14696E-02   0.11408E-04   0.20459E-04  -0.98654E-09
  0.130   0.385    0.28307E-03   0.19019E-04   0.17620E-02  -0.10079E-05   0.15143E-04  -0.73833E-09
  0.130   0.385    0.47671E-05  -0.49450E-03   0.50671E-04   0.26525E-04   0.26310E-06  -0.93528E-09
  0.130   0.385   -0.37124E-03  -0.21434E-03  -0.13736E-02   0.11471E-04  -0.19884E-04   0.10483E-08
  0.130   0.385    0.65702E-04  -0.55157E-04   0.64041E-03   0.29586E-05   0.35190E-05  -0.27133E-09
  0.130   0.385    0.44659E-04  -0.87798E-04   0.37390E-03   0.47086E-05   0.23915E-05  -0.20839E-09
  0.130   0.385   -0.12976E-05   0.27610E-03   0.25572E-02  -0.14790E-04  -0.68544E-07  -0.13841E-08
  0.130   0.385   -0.11356E-05   0.94868E-03   0.44815E-02  -0.51103E-04  -0.15502E-06   0.14743E-07
  0.130   0.385    0.10585E-04   0.95933E-02   0.16293E-01  -0.50674E-03   0.60498E-06   0.94831E-08
  0.130   0.385   -0.27552E-04  -0.98076E-01   0.77180E-03   0.53533E-02  -0.18826E-05  -0.19397E-06
  0.130   0.385    0.29161E-03   0.18928E-04   0.18090E-02  -0.10045E-05   0.15599E-04  -0.76123E-09
  0.130   0.385    0.15684E-03   0.58891E-04   0.16440E-02  -0.31573E-05   0.83964E-05  -0.51677E-09
  0.130   0.385    0.39329E-03  -0.21331E-03   0.15175E-02   0.11445E-04   0.21042E-04  -0.10256E-08
  0.130   0.385    0.22220E-04  -0.51078E-03   0.76412E-04   0.27392E-04   0.11944E-05  -0.99299E-09
  0.130   0.385    0.68024E-04  -0.26674E-04   0.80403E-03   0.14302E-05   0.36436E-05  -0.29033E-09
  0.130   0.385    0.67715E-04  -0.57728E-04   0.65023E-03   0.30950E-05   0.36267E-05  -0.27485E-09
  0.130   0.385   -0.37811E-03  -0.21349E-03   0.14682E-02   0.11468E-04  -0.20270E-04   0.33233E-08
  0.130   0.385   -0.33285E-05  -0.49385E-03   0.48450E-04   0.26468E-04  -0.20267E-06  -0.32761E-09
  0.130   0.385    0.37976E-03  -0.21454E-03  -0.13765E-02   0.11503E-04   0.20385E-04  -0.53447E-08
  0.130   0.385    0.28010E-03   0.15829E-04  -0.16780E-02  -0.82937E-06   0.14982E-04   0.62541E-09
  0.130   0.385   -0.27806E-04  -0.98502E-01   0.12801E-03   0.53758E-02  -0.18976E-05  -0.19458E-06
  0.130   0.385    0.13115E-04   0.95928E-02   0.16090E-01  -0.50668E-03   0.74764E-06   0.92304E-08
  0.130   0.385    0.86449E-05   0.94698E-02  -0.15973E-01  -0.50016E-03   0.44607E-06   0.26540E-07
  0.130   0.385    0.11216E-04   0.92707E-03  -0.42863E-02  -0.50022E-04   0.84586E-06  -0.13634E-07
  0.130   0.385    0.37701E-03  -0.21429E-03   0.14581E-02   0.11498E-04   0.20173E-04  -0.99449E-09
  0.130   0.385    0.79938E-05  -0.50281E-03   0.27510E-04   0.26964E-04   0.43372E-06  -0.95927E-09
  0.130   0.385    0.14774E-04  -0.51007E-03   0.15090E-04   0.27331E-04   0.76448E-06  -0.43145E-09
  0.130   0.385    0.39090E-03  -0.21515E-03  -0.14319E-02   0.11536E-04   0.20980E-04  -0.53218E-08
  0.130   0.385    0.28874E-03   0.16110E-04  -0.17317E-02  -0.84569E-06   0.15444E-04   0.62485E-09
  0.130   0.385    0.15541E-03   0.56210E-04  -0.15763E-02  -0.30067E-05   0.83191E-05   0.46878E-09
  0.130   0.385    0.10026E-04   0.95025E-02  -0.16132E-01  -0.50192E-03   0.52790E-06   0.26078E-07
  0.130   0.385   -0.27689E-04  -0.98075E-01  -0.50666E-03   0.53533E-02  -0.18917E-05  -0.19369E-06
  0.130   0.385    0.11696E-04   0.92769E-03  -0.43878E-02  -0.50061E-04   0.87166E-06  -0.13623E-07
  0.130   0.385   -0.76103E-06   0.27281E-03  -0.24838E-02  -0.14598E-04  -0.45423E-07   0.11539E-08
  0.130   0.385   -0.15626E-04  -0.51095E-03   0.88477E-05   0.27401E-04  -0.82566E-06  -0.91907E-09
  0.130   0.385   -0.38398E-03  -0.21418E-03  -0.14368E-02   0.11463E-04  -0.20566E-04   0.10850E-08
  0.130   0.385   -0.28374E-03   0.19303E-04   0.17661E-02  -0.10225E-05  -0.15178E-04  -0.10256E-09
  0.130   0.385   -0.38497E-03  -0.21260E-03   0.14761E-02   0.11420E-04  -0.20636E-04   0.33411E-08
  0.130   0.385   -0.65395E-05  -0.49375E-03   0.58132E-04   0.26463E-04  -0.37454E-06  -0.31902E-09
  0.130   0.385    0.37290E-03  -0.21535E-03  -0.13679E-02   0.11547E-04   0.20019E-04  -0.53179E-08
  0.130   0.385    0.13838E-04   0.95602E-02   0.16153E-01  -0.50496E-03   0.78637E-06   0.91422E-08
  0.130   0.385    0.20293E-05   0.94926E-03   0.43968E-02  -0.51127E-04   0.14564E-07   0.14810E-07
  0.130   0.385   -0.27694E-04  -0.98502E-01   0.15821E-03   0.53757E-02  -0.18927E-05  -0.19450E-06
  0.130   0.385    0.84734E-05   0.95021E-02  -0.15908E-01  -0.50186E-03   0.43688E-06   0.26585E-07
  0.130   0.385    0.28398E-03   0.17153E-04   0.17548E-02  -0.90757E-06   0.15192E-04  -0.76938E-09
  0.130   0.385    0.38210E-03  -0.22909E-03   0.14414E-02   0.12278E-04   0.20445E-04  -0.10140E-08
  0.130   0.385   -0.15727E-03   0.59048E-04   0.16456E-02  -0.31651E-05  -0.84182E-05  -0.89781E-10
  0.130   0.385   -0.29208E-03   0.19300E-04   0.18121E-02  -0.10238E-05  -0.15623E-04  -0.99827E-10
  0.130   0.385   -0.39563E-03  -0.21334E-03   0.15231E-02   0.11460E-04  -0.21206E-04   0.33380E-08
  0.130   0.385   -0.23980E-04  -0.51008E-03   0.82816E-04   0.27332E-04  -0.13057E-05  -0.28211E-09
  0.130   0.385    0.27644E-05   0.94861E-03   0.44859E-02  -0.51100E-04   0.54017E-07   0.14714E-07
  0.130   0.385    0.63517E-06   0.27660E-03   0.25607E-02  -0.14816E-04   0.34917E-07  -0.13902E-08
  0.130   0.385    0.14871E-04   0.95929E-02   0.16296E-01  -0.50672E-03   0.83526E-06   0.94274E-08
  0.130   0.385   -0.26679E-04  -0.98076E-01   0.77378E-03   0.53534E-02  -0.18357E-05  -0.19399E-06
  0.130   0.385    0.15650E-03   0.57877E-04   0.16408E-02  -0.31027E-05   0.83784E-05  -0.53633E-09
  0.130   0.385    0.28563E-03   0.11603E-04   0.17956E-02  -0.61607E-06   0.15282E-04  -0.77303E-09
  0.130   0.385   -0.27115E-06  -0.10490E-03   0.37607E-04   0.56269E-05  -0.14841E-07  -0.19666E-09
  0.130   0.385    0.43835E-04  -0.87381E-04  -0.32808E-03   0.46906E-05   0.23468E-05  -0.74623E-10
  0.130   0.385    0.66275E-04  -0.56121E-04  -0.59886E-03   0.30138E-05   0.35486E-05   0.44561E-10
  0.130   0.385    0.66437E-04  -0.27958E-04  -0.75419E-03   0.15022E-05   0.35580E-05   0.12748E-09
  0.130   0.385    0.38910E-03  -0.21603E-03  -0.14263E-02   0.11584E-04   0.20884E-04  -0.53116E-08
  0.130   0.385    0.13856E-04  -0.51010E-03   0.22196E-04   0.27332E-04   0.71535E-06  -0.43220E-09
  0.130   0.385    0.28778E-03   0.14316E-04  -0.17315E-02  -0.74962E-06   0.15392E-04   0.62873E-09
  0.130   0.385    0.15594E-03   0.55214E-04  -0.15816E-02  -0.29533E-05   0.83474E-05   0.45172E-09
  0.130   0.385   -0.28026E-04  -0.98070E-01  -0.48984E-03   0.53530E-02  -0.19100E-05  -0.19364E-06
  0.130   0.385    0.82375E-05   0.95368E-02  -0.16070E-01  -0.50373E-03   0.43168E-06   0.26168E-07
  0.130   0.385   -0.45952E-04  -0.88440E-04   0.40725E-03   0.47442E-05  -0.24606E-05  -0.24931E-09
  0.130   0.385   -0.26179E-05  -0.10183E-03   0.44505E-04   0.54649E-05  -0.14012E-06  -0.20539E-09
  0.130   0.385    0.42066E-04  -0.88312E-04  -0.31959E-03   0.47405E-05   0.22521E-05  -0.83529E-10
  0.130   0.385    0.64827E-04  -0.58799E-04  -0.59666E-03   0.31566E-05   0.34715E-05   0.39518E-10
  0.130   0.385   -0.15440E-04  -0.50178E-03   0.90659E-04   0.26894E-04  -0.85060E-06  -0.30473E-09
  0.130   0.385   -0.38708E-03  -0.21322E-03   0.15225E-02   0.11454E-04  -0.20750E-04   0.33180E-08
  0.130   0.385    0.38006E-03  -0.23058E-03  -0.13829E-02   0.12362E-04   0.20400E-04  -0.53409E-08
  0.130   0.385    0.29154E-03   0.86794E-05  -0.17304E-02  -0.44617E-06   0.15596E-04   0.44189E-09
  0.130   0.385    0.15008E-04   0.96276E-02   0.16232E-01  -0.50855E-03   0.84293E-06   0.94883E-08
  0.130   0.385   -0.27020E-04  -0.98074E-01   0.75063E-03   0.53532E-02  -0.18531E-05  -0.19403E-06
