  0.000   0.000    0.18316E+01   0.10976E-02  -0.94951E-03  -0.72732E-04   0.97853E-01  -0.50076E-05
  0.000   0.000    0.90587E-01   0.17228E-03  -0.57382E-03  -0.90550E-05   0.48156E-02  -0.72968E-07
  0.000   0.000    0.12199E-01   0.66617E-04  -0.29850E-03  -0.36748E-05   0.65355E-03  -0.72080E-07
  0.000   0.000    0.35758E-02   0.30013E-04  -0.13527E-03  -0.16032E-05   0.19136E-03   0.41432E-09
  0.000   0.000   -0.97718E-02   0.66997E-02  -0.48390E-01  -0.36069E-03  -0.52397E-03   0.53043E-07
  0.000   0.000   -0.16559E-01  -0.30479E-03  -0.63099E-01   0.13918E-04  -0.88919E-03   0.12664E-06
  0.000   0.000   -0.25264E-02   0.47445E-02  -0.26251E-01  -0.25421E-03  -0.13502E-03   0.11657E-07
  0.000   0.000   -0.23115E-03   0.23620E-02  -0.13406E-01  -0.12662E-03  -0.12341E-04   0.60411E-08
  0.000   0.000   -0.20116E-02  -0.14200E-04  -0.15628E-01   0.78706E-06  -0.10767E-03   0.52595E-08
  0.000   0.000   -0.17440E-02   0.58653E-03  -0.14504E-01  -0.31397E-04  -0.93347E-04   0.51014E-08
  0.000   0.000    0.90521E-01   0.15066E-03  -0.40345E-03  -0.97827E-05   0.48108E-02  -0.36402E-06
  0.000   0.000    0.18339E+01   0.10913E-02  -0.10192E-02  -0.72401E-04   0.97972E-01  -0.50099E-05
  0.000   0.000    0.90830E-01   0.18176E-03  -0.62354E-03  -0.95648E-05   0.48286E-02  -0.74103E-07
  0.000   0.000    0.12199E-01   0.71947E-04  -0.32068E-03  -0.39580E-05   0.65356E-03  -0.71753E-07
  0.000   0.000   -0.16910E-01   0.17002E-04  -0.64239E-01  -0.31868E-05  -0.90795E-03   0.12847E-06
  0.000   0.000   -0.97324E-02  -0.69472E-02  -0.48527E-01   0.37184E-03  -0.52071E-03   0.25310E-07
  0.000   0.000   -0.98452E-02   0.68151E-02  -0.48868E-01  -0.36688E-03  -0.52789E-03   0.53324E-07
  0.000   0.000   -0.25278E-02   0.48752E-02  -0.26351E-01  -0.26115E-03  -0.13509E-03   0.11875E-07
  0.000   0.000   -0.17603E-02  -0.59387E-03  -0.14659E-01   0.31864E-04  -0.94222E-04   0.45363E-08
  0.000   0.000   -0.20306E-02   0.15158E-04  -0.15790E-01  -0.75653E-06  -0.10868E-03   0.52495E-08
  0.000   0.000    0.12184E-01  -0.17874E-04  -0.26790E-03   0.55268E-06   0.65242E-03  -0.74580E-07
  0.000   0.000    0.90763E-01   0.15478E-03  -0.42159E-03  -0.10003E-04   0.48237E-02  -0.36441E-06
  0.000   0.000    0.18339E+01   0.10982E-02  -0.10154E-02  -0.72775E-04   0.97972E-01  -0.50098E-05
  0.000   0.000    0.90588E-01   0.18625E-03  -0.59709E-03  -0.97979E-05   0.48158E-02  -0.72982E-07
  0.000   0.000   -0.98032E-02  -0.67578E-02  -0.48830E-01   0.36182E-03  -0.52448E-03   0.25883E-07
  0.000   0.000   -0.25205E-02  -0.48767E-02  -0.26344E-01   0.26133E-03  -0.13468E-03   0.59386E-08
  0.000   0.000   -0.16915E-01   0.71222E-04  -0.64224E-01  -0.61009E-05  -0.90820E-03   0.12863E-06
  0.000   0.000   -0.97774E-02   0.70006E-02  -0.48547E-01  -0.37668E-03  -0.52428E-03   0.53343E-07
  0.000   0.000   -0.11720E-02  -0.83761E-03  -0.11989E-01   0.44936E-04  -0.62737E-04   0.32575E-08
  0.000   0.000   -0.17500E-02  -0.57175E-03  -0.14702E-01   0.30698E-04  -0.93675E-04   0.44875E-08
  0.000   0.000    0.35749E-02  -0.23469E-04  -0.10185E-03   0.12423E-05   0.19129E-03  -0.60709E-08
  0.000   0.000    0.12184E-01  -0.10783E-04  -0.22739E-03   0.17354E-06   0.65239E-03  -0.74572E-07
  0.000   0.000    0.90519E-01   0.16693E-03  -0.34430E-03  -0.10648E-04   0.48106E-02  -0.36194E-06
  0.000   0.000    0.18316E+01   0.11135E-02  -0.88137E-03  -0.73530E-04   0.97853E-01  -0.50011E-05
  0.000   0.000   -0.25205E-02  -0.47416E-02  -0.26221E-01   0.25415E-03  -0.13468E-03   0.61241E-08
  0.000   0.000   -0.22684E-03  -0.23610E-02  -0.13387E-01   0.12662E-03  -0.12100E-04   0.16025E-08
  0.000   0.000   -0.97363E-02  -0.66403E-02  -0.48313E-01   0.35552E-03  -0.52090E-03   0.26000E-07
  0.000   0.000   -0.16564E-01   0.39005E-03  -0.63051E-01  -0.23005E-04  -0.88951E-03   0.12774E-06
  0.000   0.000   -0.62758E-03  -0.76886E-03  -0.89243E-02   0.41253E-04  -0.33598E-04   0.20426E-08
  0.000   0.000   -0.11467E-02  -0.82299E-03  -0.11925E-01   0.44157E-04  -0.61386E-04   0.31762E-08
  0.000   0.000   -0.97848E-02   0.69118E-02   0.48323E-01  -0.36944E-03  -0.52496E-03   0.17190E-06
  0.000   0.000   -0.17058E-01  -0.51101E-04   0.63999E-01   0.49354E-05  -0.91891E-03   0.42427E-06
  0.000   0.000   -0.99053E-02  -0.67679E-02   0.48637E-01   0.36287E-03  -0.53277E-03   0.19119E-06
  0.000   0.000   -0.25149E-02  -0.48622E-02   0.26160E-01   0.26044E-03  -0.13439E-03  -0.13254E-07
  0.000   0.000    0.18339E+01   0.11063E-02  -0.41827E-03  -0.73192E-04   0.97977E-01  -0.50100E-05
  0.000   0.000    0.90578E-01   0.20846E-03   0.48514E-04  -0.12875E-04   0.48139E-02  -0.36430E-06
  0.000   0.000    0.90868E-01   0.13067E-03  -0.92125E-04  -0.68112E-05   0.48307E-02  -0.73738E-07
  0.000   0.000    0.12208E-01   0.53700E-05  -0.24639E-04  -0.38681E-06   0.65406E-03  -0.71604E-07
  0.000   0.000   -0.97042E-02  -0.69121E-02  -0.48274E-01   0.36996E-03  -0.51920E-03   0.25648E-07
  0.000   0.000   -0.16720E-01   0.24584E-03  -0.63674E-01  -0.15278E-04  -0.89786E-03   0.12835E-06
  0.000   0.000   -0.16702E-01   0.26703E-03   0.62837E-01  -0.11943E-04  -0.89981E-03   0.41950E-06
  0.000   0.000   -0.98332E-02  -0.66519E-02   0.48131E-01   0.35664E-03  -0.52891E-03   0.19112E-06
  0.000   0.000   -0.25141E-02  -0.47288E-02   0.26040E-01   0.25336E-03  -0.13435E-03  -0.12869E-07
  0.000   0.000   -0.22298E-03  -0.23492E-02   0.13250E-01   0.12593E-03  -0.11882E-04  -0.65991E-08
  0.000   0.000    0.90644E-01   0.14409E-03  -0.20945E-03  -0.75319E-05   0.48187E-02  -0.73265E-07
  0.000   0.000    0.18317E+01   0.11157E-02  -0.56355E-03  -0.73693E-04   0.97857E-01  -0.50081E-05
  0.000   0.000    0.12213E-01   0.21335E-04  -0.79702E-04  -0.12437E-05   0.65428E-03  -0.72031E-07
  0.000   0.000    0.35737E-02  -0.11653E-05  -0.63764E-04   0.67891E-07   0.19124E-03   0.34891E-09
  0.000   0.000   -0.16551E-01  -0.28418E-03  -0.62901E-01   0.12811E-04  -0.88877E-03   0.12698E-06
  0.000   0.000   -0.97183E-02   0.68625E-02  -0.47987E-01  -0.36928E-03  -0.52113E-03   0.53288E-07
  0.000   0.000   -0.25183E-02   0.48626E-02   0.26201E-01  -0.26055E-03  -0.13455E-03   0.87881E-08
  0.000   0.000   -0.98597E-02   0.67275E-02   0.48665E-01  -0.35970E-03  -0.52896E-03   0.17208E-06
  0.000   0.000   -0.17063E-01  -0.10417E-03   0.64036E-01   0.77884E-05  -0.91918E-03   0.42417E-06
  0.000   0.000   -0.98393E-02  -0.69560E-02   0.48363E-01   0.37281E-03  -0.52925E-03   0.19028E-06
  0.000   0.000    0.90801E-01   0.22571E-03   0.17581E-03  -0.13795E-04   0.48257E-02  -0.36409E-06
  0.000   0.000    0.12198E-01   0.46229E-04   0.65818E-04  -0.28814E-05   0.65315E-03  -0.74628E-07
  0.000   0.000    0.18339E+01   0.11018E-02  -0.25706E-03  -0.72946E-04   0.97974E-01  -0.50088E-05
  0.000   0.000    0.90599E-01   0.10806E-03   0.95465E-05  -0.55941E-05   0.48164E-02  -0.72094E-07
  0.000   0.000   -0.24761E-02  -0.48602E-02  -0.26194E-01   0.26044E-03  -0.13230E-03   0.59591E-08
  0.000   0.000   -0.95154E-02  -0.67581E-02  -0.48630E-01   0.36181E-03  -0.50918E-03   0.25156E-07
  0.000   0.000   -0.22688E-03   0.23527E-02   0.13302E-01  -0.12617E-03  -0.12090E-04   0.13112E-08
  0.000   0.000   -0.25206E-02   0.47326E-02   0.26108E-01  -0.25365E-03  -0.13467E-03   0.87219E-08
  0.000   0.000   -0.97927E-02   0.66132E-02   0.48195E-01  -0.35357E-03  -0.52537E-03   0.17145E-06
  0.000   0.000   -0.16713E-01  -0.42250E-03   0.62913E-01   0.24645E-04  -0.90048E-03   0.41865E-06
  0.000   0.000    0.12193E-01   0.54736E-04   0.79595E-04  -0.33357E-05   0.65289E-03  -0.74462E-07
  0.000   0.000    0.35727E-02   0.12105E-04   0.16804E-04  -0.66503E-06   0.19117E-03  -0.60463E-08
  0.000   0.000    0.90531E-01   0.22536E-03   0.21377E-03  -0.13767E-04   0.48112E-02  -0.36094E-06
  0.000   0.000    0.18316E+01   0.10887E-02  -0.24659E-03  -0.72184E-04   0.97853E-01  -0.49999E-05
  0.000   0.000   -0.19791E-03  -0.23745E-02  -0.13409E-01   0.12735E-03  -0.10550E-04   0.12304E-08
  0.000   0.000   -0.23569E-02  -0.49491E-02  -0.26479E-01   0.26510E-03  -0.12596E-03   0.54542E-08
  0.000   0.000   -0.20063E-02   0.14167E-04   0.15528E-01  -0.78074E-06  -0.10736E-03  -0.37098E-08
  0.000   0.000   -0.17558E-02  -0.55987E-03   0.14435E-01   0.29994E-04  -0.93953E-04  -0.48341E-08
  0.000   0.000   -0.11685E-02  -0.80150E-03   0.11788E-01   0.42968E-04  -0.62535E-04  -0.43447E-08
  0.000   0.000   -0.62517E-03  -0.76341E-03   0.88182E-02   0.40922E-04  -0.33461E-04  -0.34059E-08
  0.000   0.000   -0.98051E-02  -0.66731E-02   0.48132E-01   0.35778E-03  -0.52740E-03   0.19051E-06
  0.000   0.000   -0.16694E-01   0.25854E-03   0.62896E-01  -0.11487E-04  -0.89940E-03   0.41940E-06
  0.000   0.000   -0.24693E-02  -0.47397E-02   0.25973E-01   0.25394E-03  -0.13193E-03  -0.14003E-07
  0.000   0.000   -0.19376E-03  -0.23431E-02   0.13177E-01   0.12560E-03  -0.10311E-04  -0.71449E-08
  0.000   0.000    0.18316E+01   0.11253E-02  -0.25347E-03  -0.74197E-04   0.97851E-01  -0.50062E-05
  0.000   0.000    0.90339E-01   0.11213E-03   0.54506E-04  -0.58094E-05   0.48024E-02  -0.70907E-07
  0.000   0.000   -0.17397E-02   0.57994E-03   0.14392E-01  -0.31112E-04  -0.93098E-04  -0.19253E-08
  0.000   0.000   -0.20262E-02  -0.60049E-05   0.15500E-01   0.28673E-06  -0.10842E-03  -0.39785E-08
  0.000   0.000   -0.17462E-02  -0.56908E-03   0.14364E-01   0.30489E-04  -0.93438E-04  -0.48376E-08
  0.000   0.000   -0.11438E-02  -0.82528E-03   0.11674E-01   0.44223E-04  -0.61217E-04  -0.44080E-08
  0.000   0.000   -0.16867E-01  -0.16176E-03   0.63260E-01   0.10848E-04  -0.90863E-03   0.41954E-06
  0.000   0.000   -0.97320E-02   0.68313E-02   0.47960E-01  -0.36513E-03  -0.52214E-03   0.17167E-06
  0.000   0.000   -0.96132E-02  -0.67599E-02   0.47664E-01   0.36241E-03  -0.51702E-03   0.18278E-06
  0.000   0.000   -0.23503E-02  -0.47597E-02   0.25431E-01   0.25495E-03  -0.12556E-03  -0.15062E-07
  0.000   0.000    0.90271E-01   0.24054E-03   0.31827E-03  -0.14581E-04   0.47974E-02  -0.36048E-06
  0.000   0.000    0.18316E+01   0.11005E-02  -0.89302E-04  -0.72811E-04   0.97852E-01  -0.49998E-05
 -1.000  -1.000    0.98773E+00   0.34612E-02   0.18550E-03  -0.18556E-03   0.54771E-01  -0.71603E-05
 -1.000  -1.000    0.51368E-02  -0.27525E-04   0.97274E-04   0.26397E-05   0.30111E-03  -0.26016E-06
 -1.000  -1.000    0.21630E-03  -0.16033E-04   0.12863E-05   0.13609E-05   0.14241E-04  -0.89582E-07
 -1.000  -1.000    0.18057E-04  -0.33550E-07  -0.58637E-06   0.24722E-08   0.10715E-05  -0.10560E-09
 -1.000  -1.000   -0.22723E-03   0.17294E-03  -0.10097E-02  -0.12460E-04  -0.15461E-04   0.36032E-07
 -1.000  -1.000   -0.49526E-03   0.46276E-04  -0.16112E-02  -0.52411E-05  -0.34346E-04   0.11646E-06
 -1.000  -1.000   -0.31730E-04   0.49085E-04  -0.35664E-03  -0.29116E-05  -0.18753E-05   0.42370E-09
 -1.000  -1.000   -0.45800E-05   0.16341E-04  -0.11879E-03  -0.97085E-06  -0.27053E-06   0.12656E-09
 -1.000  -1.000   -0.99993E-05  -0.72054E-06  -0.95698E-04   0.41610E-07  -0.59270E-06   0.79973E-10
 -1.000  -1.000   -0.83918E-05   0.29238E-05  -0.85410E-04  -0.17342E-06  -0.49746E-06   0.87214E-10
 -1.000  -1.000    0.51088E-02   0.20717E-03   0.67338E-04  -0.13408E-04   0.29853E-03  -0.14332E-06
 -1.000  -1.000    0.98775E+00   0.34607E-02   0.18525E-03  -0.18552E-03   0.54772E-01  -0.71611E-05
 -1.000  -1.000    0.51374E-02  -0.27622E-04   0.96783E-04   0.26479E-05   0.30115E-03  -0.26027E-06
 -1.000  -1.000    0.21629E-03  -0.15995E-04   0.11100E-05   0.13587E-05   0.14241E-04  -0.89580E-07
 -1.000  -1.000   -0.49614E-03   0.53965E-04  -0.16323E-02  -0.56963E-05  -0.34401E-04   0.11676E-06
 -1.000  -1.000   -0.18762E-03  -0.10642E-03  -0.97579E-03   0.63514E-05  -0.11954E-04   0.66705E-08
 -1.000  -1.000   -0.22733E-03   0.17376E-03  -0.10126E-02  -0.12512E-04  -0.15467E-04   0.36044E-07
 -1.000  -1.000   -0.31741E-04   0.50214E-04  -0.35512E-03  -0.29773E-05  -0.18761E-05   0.42555E-09
 -1.000  -1.000   -0.84153E-05  -0.30821E-05  -0.85819E-04   0.18173E-06  -0.49874E-06   0.70278E-10
 -1.000  -1.000   -0.10152E-04   0.56326E-06  -0.96937E-04  -0.33434E-07  -0.60183E-06   0.97411E-10
 -1.000  -1.000    0.20979E-03   0.39072E-04   0.90463E-06  -0.27585E-05   0.13547E-04  -0.35286E-07
 -1.000  -1.000    0.51093E-02   0.20720E-03   0.67028E-04  -0.13410E-04   0.29856E-03  -0.14335E-06
 -1.000  -1.000    0.98775E+00   0.34608E-02   0.18526E-03  -0.18553E-03   0.54772E-01  -0.71611E-05
 -1.000  -1.000    0.51369E-02  -0.27624E-04   0.97062E-04   0.26480E-05   0.30112E-03  -0.26026E-06
 -1.000  -1.000   -0.18769E-03  -0.10351E-03  -0.98278E-03   0.61809E-05  -0.11958E-04   0.67473E-08
 -1.000  -1.000   -0.31919E-04  -0.50773E-04  -0.35549E-03   0.30018E-05  -0.18852E-05  -0.73531E-10
 -1.000  -1.000   -0.49615E-03   0.54460E-04  -0.16322E-02  -0.57274E-05  -0.34402E-04   0.11684E-06
 -1.000  -1.000   -0.22724E-03   0.17679E-03  -0.10055E-02  -0.12688E-04  -0.15462E-04   0.36041E-07
 -1.000  -1.000   -0.50841E-05  -0.35403E-05  -0.61705E-04   0.20921E-06  -0.30125E-06   0.47720E-10
 -1.000  -1.000   -0.84481E-05  -0.19302E-05  -0.85555E-04   0.11451E-06  -0.50076E-06   0.81200E-10
 -1.000  -1.000    0.18017E-04   0.42378E-07  -0.10058E-05  -0.33951E-08   0.10680E-05   0.11294E-10
 -1.000  -1.000    0.20980E-03   0.39111E-04   0.10550E-05  -0.27608E-05   0.13547E-04  -0.35291E-07
 -1.000  -1.000    0.51086E-02   0.20711E-03   0.67479E-04  -0.13404E-04   0.29852E-03  -0.14310E-06
 -1.000  -1.000    0.98773E+00   0.34595E-02   0.18464E-03  -0.18545E-03   0.54771E-01  -0.71608E-05
 -1.000  -1.000   -0.31916E-04  -0.49677E-04  -0.35689E-03   0.29375E-05  -0.18850E-05  -0.46031E-10
 -1.000  -1.000   -0.46476E-05  -0.16557E-04  -0.11898E-03   0.98082E-06  -0.27427E-06  -0.13566E-09
 -1.000  -1.000   -0.18760E-03  -0.10264E-03  -0.97968E-03   0.61269E-05  -0.11953E-04   0.69797E-08
 -1.000  -1.000   -0.49527E-03   0.62383E-04  -0.16111E-02  -0.61873E-05  -0.34348E-04   0.11680E-06
 -1.000  -1.000   -0.24431E-05  -0.26607E-05  -0.38287E-04   0.15736E-06  -0.14471E-06   0.27780E-10
 -1.000  -1.000   -0.50629E-05  -0.26496E-05  -0.60703E-04   0.15726E-06  -0.30005E-06   0.53335E-10
 -1.000  -1.000   -0.26602E-03   0.87628E-04   0.10009E-02  -0.47365E-05  -0.18131E-04   0.19292E-06
 -1.000  -1.000   -0.69396E-03  -0.90308E-04   0.16562E-02   0.78025E-05  -0.49040E-04   0.51722E-06
 -1.000  -1.000   -0.32445E-03  -0.12987E-03   0.10275E-02   0.84301E-05  -0.22908E-04   0.26924E-06
 -1.000  -1.000   -0.32289E-04  -0.50387E-04   0.35686E-03   0.29864E-05  -0.19148E-05  -0.13095E-09
 -1.000  -1.000    0.98775E+00   0.34608E-02   0.19221E-03  -0.18553E-03   0.54772E-01  -0.71612E-05
 -1.000  -1.000    0.51093E-02   0.20745E-03   0.72544E-04  -0.13424E-04   0.29857E-03  -0.14334E-06
 -1.000  -1.000    0.51377E-02  -0.27811E-04   0.10368E-03   0.26606E-05   0.30116E-03  -0.26018E-06
 -1.000  -1.000    0.21637E-03  -0.16321E-04   0.60707E-05   0.13786E-05   0.14245E-04  -0.89530E-07
 -1.000  -1.000   -0.18758E-03  -0.10568E-03  -0.97218E-03   0.63056E-05  -0.11952E-04   0.69099E-08
 -1.000  -1.000   -0.49570E-03   0.61923E-04  -0.16115E-02  -0.61588E-05  -0.34376E-04   0.11683E-06
 -1.000  -1.000   -0.69260E-03  -0.82698E-04   0.16349E-02   0.73549E-05  -0.48950E-04   0.51670E-06
 -1.000  -1.000   -0.32431E-03  -0.12906E-03   0.10244E-02   0.83786E-05  -0.22899E-04   0.26924E-06
 -1.000  -1.000   -0.32281E-04  -0.49247E-04   0.35823E-03   0.29201E-05  -0.19144E-05  -0.12971E-09
 -1.000  -1.000   -0.47392E-05  -0.16421E-04   0.11949E-03   0.97556E-06  -0.28160E-06  -0.94521E-10
 -1.000  -1.000    0.51374E-02  -0.27617E-04   0.10197E-03   0.26463E-05   0.30114E-03  -0.26018E-06
 -1.000  -1.000    0.98773E+00   0.34613E-02   0.18993E-03  -0.18556E-03   0.54771E-01  -0.71604E-05
 -1.000  -1.000    0.21653E-03  -0.16207E-04   0.50321E-05   0.13717E-05   0.14255E-04  -0.89556E-07
 -1.000  -1.000    0.18128E-04  -0.20559E-06   0.18239E-05   0.12830E-07   0.10756E-05  -0.92349E-10
 -1.000  -1.000   -0.49526E-03   0.46562E-04  -0.16093E-02  -0.52586E-05  -0.34345E-04   0.11656E-06
 -1.000  -1.000   -0.22714E-03   0.17600E-03  -0.10013E-02  -0.12638E-04  -0.15456E-04   0.36065E-07
 -1.000  -1.000   -0.31998E-04   0.50817E-04   0.35669E-03  -0.30046E-05  -0.18968E-05   0.33180E-09
 -1.000  -1.000   -0.26618E-03   0.84729E-04   0.10082E-02  -0.45669E-05  -0.18141E-04   0.19287E-06
 -1.000  -1.000   -0.69400E-03  -0.90801E-04   0.16564E-02   0.78335E-05  -0.49043E-04   0.51715E-06
 -1.000  -1.000   -0.32436E-03  -0.13293E-03   0.10207E-02   0.86073E-05  -0.22903E-04   0.26923E-06
 -1.000  -1.000    0.51096E-02   0.20753E-03   0.74473E-04  -0.13429E-04   0.29858E-03  -0.14333E-06
 -1.000  -1.000    0.21004E-03   0.39411E-04   0.54891E-05  -0.27784E-05   0.13562E-04  -0.35292E-07
 -1.000  -1.000    0.98775E+00   0.34608E-02   0.19460E-03  -0.18552E-03   0.54772E-01  -0.71610E-05
 -1.000  -1.000    0.51369E-02  -0.28050E-04   0.10503E-03   0.26749E-05   0.30112E-03  -0.26011E-06
 -1.000  -1.000   -0.31855E-04  -0.49685E-04  -0.35045E-03   0.29346E-05  -0.18813E-05   0.28621E-09
 -1.000  -1.000   -0.18693E-03  -0.92449E-04  -0.95308E-03   0.55355E-05  -0.11914E-04   0.69430E-08
 -1.000  -1.000   -0.46616E-05   0.16605E-04   0.11958E-03  -0.98367E-06  -0.27706E-06   0.16537E-09
 -1.000  -1.000   -0.32023E-04   0.49726E-04   0.35827E-03  -0.29407E-05  -0.18983E-05   0.30724E-09
 -1.000  -1.000   -0.26611E-03   0.83848E-04   0.10053E-02  -0.45126E-05  -0.18137E-04   0.19263E-06
 -1.000  -1.000   -0.69293E-03  -0.98711E-04   0.16353E-02   0.82913E-05  -0.48974E-04   0.51670E-06
 -1.000  -1.000    0.20990E-03   0.39438E-04   0.63114E-05  -0.27799E-05   0.13554E-04  -0.35282E-07
 -1.000  -1.000    0.18099E-04   0.28234E-06   0.19598E-05  -0.17552E-07   0.10729E-05   0.10010E-10
 -1.000  -1.000    0.51086E-02   0.20731E-03   0.75218E-04  -0.13415E-04   0.29852E-03  -0.14297E-06
 -1.000  -1.000    0.98773E+00   0.34592E-02   0.19259E-03  -0.18543E-03   0.54771E-01  -0.71606E-05
 -1.000  -1.000   -0.46118E-05  -0.15851E-04  -0.11530E-03   0.93738E-06  -0.27205E-06   0.79678E-10
 -1.000  -1.000   -0.31547E-04  -0.43035E-04  -0.33774E-03   0.25473E-05  -0.18637E-05   0.28180E-09
 -1.000  -1.000   -0.10078E-04   0.75380E-06   0.96430E-04  -0.43744E-07  -0.59941E-06   0.51537E-10
 -1.000  -1.000   -0.84975E-05  -0.24541E-05   0.87194E-04   0.14596E-06  -0.50554E-06   0.23208E-10
 -1.000  -1.000   -0.51397E-05  -0.32286E-05   0.62810E-04   0.19205E-06  -0.30581E-06  -0.81297E-11
 -1.000  -1.000   -0.24748E-05  -0.26993E-05   0.38860E-04   0.16029E-06  -0.14729E-06  -0.14836E-10
 -1.000  -1.000   -0.32427E-03  -0.12907E-03   0.10252E-02   0.83795E-05  -0.22897E-04   0.26922E-06
 -1.000  -1.000   -0.69259E-03  -0.82684E-04   0.16357E-02   0.73541E-05  -0.48950E-04   0.51669E-06
 -1.000  -1.000   -0.32221E-04  -0.49264E-04   0.35884E-03   0.29211E-05  -0.19103E-05  -0.16414E-09
 -1.000  -1.000   -0.47102E-05  -0.16440E-04   0.11995E-03   0.97669E-06  -0.27970E-06  -0.10613E-09
 -1.000  -1.000    0.98773E+00   0.34614E-02   0.19376E-03  -0.18557E-03   0.54771E-01  -0.71601E-05
 -1.000  -1.000    0.51363E-02  -0.27849E-04   0.10543E-03   0.26606E-05   0.30108E-03  -0.26000E-06
 -1.000  -1.000   -0.84631E-05   0.31338E-05   0.86424E-04  -0.18499E-06  -0.50337E-06   0.42826E-10
 -1.000  -1.000   -0.10253E-04   0.86300E-07   0.99024E-04  -0.45237E-08  -0.61000E-06   0.48179E-10
 -1.000  -1.000   -0.85376E-05  -0.25937E-05   0.87778E-04   0.15456E-06  -0.50794E-06   0.16336E-10
 -1.000  -1.000   -0.51202E-05  -0.35672E-05   0.62220E-04   0.21174E-06  -0.30462E-06  -0.95087E-11
 -1.000  -1.000   -0.69327E-03  -0.90504E-04   0.16545E-02   0.78132E-05  -0.48994E-04   0.51676E-06
 -1.000  -1.000   -0.26592E-03   0.87518E-04   0.10007E-02  -0.47300E-05  -0.18125E-04   0.19292E-06
 -1.000  -1.000   -0.32293E-03  -0.12969E-03   0.10246E-02   0.84157E-05  -0.22801E-04   0.26801E-06
 -1.000  -1.000   -0.31843E-04  -0.50172E-04   0.35536E-03   0.29732E-05  -0.18861E-05  -0.29087E-09
 -1.000  -1.000    0.51080E-02   0.20743E-03   0.75932E-04  -0.13422E-04   0.29848E-03  -0.14294E-06
 -1.000  -1.000    0.98773E+00   0.34593E-02   0.19410E-03  -0.18544E-03   0.54771E-01  -0.71606E-05
  0.067   0.200    0.18318E+01   0.11018E-02  -0.11756E-02  -0.72956E-04   0.97870E-01  -0.50014E-05
  0.067   0.200    0.92835E-01   0.17940E-03  -0.78107E-03  -0.94393E-05   0.49362E-02  -0.74217E-07
  0.067   0.200    0.14093E-01   0.74928E-04  -0.47737E-03  -0.41223E-05   0.75507E-03  -0.72953E-07
  0.067   0.200    0.50711E-02   0.36990E-04  -0.28596E-03  -0.19783E-05   0.27150E-03  -0.15248E-09
  0.067   0.200   -0.88641E-02   0.70207E-02  -0.61714E-01  -0.37793E-03  -0.47538E-03   0.55955E-07
  0.067   0.200   -0.15660E-01  -0.32389E-03  -0.77038E-01   0.14963E-04  -0.84108E-03   0.12921E-06
  0.067   0.200   -0.16423E-02   0.52470E-02  -0.37952E-01  -0.28121E-03  -0.87676E-04   0.14521E-07
  0.067   0.200    0.58246E-03   0.28996E-02  -0.23108E-01  -0.15548E-03   0.31237E-04   0.86141E-08
  0.067   0.200   -0.21361E-02  -0.24883E-04  -0.31664E-01   0.13876E-05  -0.11438E-03   0.92462E-08
  0.067   0.200   -0.18376E-02   0.82218E-03  -0.30107E-01  -0.44014E-04  -0.98400E-04   0.92374E-08
  0.067   0.200    0.92768E-01   0.14877E-03  -0.61548E-03  -0.96834E-05   0.49314E-02  -0.36568E-06
  0.067   0.200    0.18341E+01   0.10922E-02  -0.12332E-02  -0.72452E-04   0.97993E-01  -0.50038E-05
  0.067   0.200    0.93108E-01   0.18627E-03  -0.83004E-03  -0.98088E-05   0.49508E-02  -0.75377E-07
  0.067   0.200    0.14092E-01   0.77838E-04  -0.50808E-03  -0.42752E-05   0.75509E-03  -0.72559E-07
  0.067   0.200   -0.15990E-01   0.12664E-04  -0.78388E-01  -0.29276E-05  -0.85873E-03   0.13112E-06
  0.067   0.200   -0.88242E-02  -0.73005E-02  -0.61978E-01   0.39086E-03  -0.47208E-03   0.27324E-07
  0.067   0.200   -0.89265E-02   0.71475E-02  -0.62360E-01  -0.38474E-03  -0.47871E-03   0.56301E-07
  0.067   0.200   -0.16428E-02   0.54042E-02  -0.38162E-01  -0.28956E-03  -0.87704E-04   0.14837E-07
  0.067   0.200   -0.18532E-02  -0.83856E-03  -0.30444E-01   0.45030E-04  -0.99234E-04   0.81816E-08
  0.067   0.200   -0.21598E-02   0.19280E-04  -0.32033E-01  -0.94033E-06  -0.11565E-03   0.93156E-08
  0.067   0.200    0.14078E-01  -0.23869E-04  -0.44236E-03   0.87306E-06   0.75394E-03  -0.76263E-07
  0.067   0.200    0.93040E-01   0.14978E-03  -0.61937E-03  -0.97365E-05   0.49459E-02  -0.36607E-06
  0.067   0.200    0.18341E+01   0.10963E-02  -0.12269E-02  -0.72673E-04   0.97993E-01  -0.50037E-05
  0.067   0.200    0.92835E-01   0.18760E-03  -0.81166E-03  -0.98718E-05   0.49364E-02  -0.74157E-07
  0.067   0.200   -0.88839E-02  -0.70924E-02  -0.62314E-01   0.37985E-03  -0.47527E-03   0.27939E-07
  0.067   0.200   -0.16358E-02  -0.54077E-02  -0.38142E-01   0.28989E-03  -0.87306E-04   0.73428E-08
  0.067   0.200   -0.15995E-01   0.73466E-04  -0.78371E-01  -0.61957E-05  -0.85895E-03   0.13130E-06
  0.067   0.200   -0.88688E-02   0.73518E-02  -0.62002E-01  -0.39554E-03  -0.47564E-03   0.56388E-07
  0.067   0.200   -0.11792E-02  -0.12469E-02  -0.26578E-01   0.66939E-04  -0.63152E-04   0.63557E-08
  0.067   0.200   -0.18431E-02  -0.80505E-03  -0.30514E-01   0.43261E-04  -0.98702E-04   0.81645E-08
  0.067   0.200    0.50700E-02  -0.29617E-04  -0.20414E-03   0.15710E-05   0.27142E-03  -0.74701E-08
  0.067   0.200    0.14077E-01  -0.18455E-04  -0.35786E-03   0.58390E-06   0.75390E-03  -0.76238E-07
  0.067   0.200    0.92766E-01   0.15992E-03  -0.50490E-03  -0.10275E-04   0.49312E-02  -0.36357E-06
  0.067   0.200    0.18318E+01   0.11083E-02  -0.10645E-02  -0.73248E-04   0.97870E-01  -0.49948E-05
  0.067   0.200   -0.16348E-02  -0.52456E-02  -0.37879E-01   0.28127E-03  -0.87253E-04   0.75446E-08
  0.067   0.200    0.58688E-03  -0.28997E-02  -0.23042E-01   0.15558E-03   0.31485E-04   0.25428E-08
  0.067   0.200   -0.88269E-02  -0.69623E-02  -0.61596E-01   0.37287E-03  -0.47222E-03   0.28031E-07
  0.067   0.200   -0.15664E-01   0.40762E-03  -0.76951E-01  -0.23916E-04  -0.84135E-03   0.13043E-06
  0.067   0.200   -0.53762E-03  -0.12415E-02  -0.21714E-01   0.66651E-04  -0.28796E-04   0.45384E-08
  0.067   0.200   -0.11523E-02  -0.12194E-02  -0.26358E-01   0.65473E-04  -0.61716E-04   0.62645E-08
  0.067   0.200   -0.88730E-02   0.72603E-02   0.61446E-01  -0.38820E-03  -0.47614E-03   0.16877E-06
  0.067   0.200   -0.16135E-01  -0.48351E-04   0.77806E-01   0.47594E-05  -0.86947E-03   0.42059E-06
  0.067   0.200   -0.89824E-02  -0.70987E-02   0.61785E-01   0.38064E-03  -0.48335E-03   0.18725E-06
  0.067   0.200   -0.16261E-02  -0.53872E-02   0.37637E-01   0.28863E-03  -0.86786E-04  -0.17053E-07
  0.067   0.200    0.18342E+01   0.11018E-02  -0.54004E-03  -0.72956E-04   0.97997E-01  -0.50039E-05
  0.067   0.200    0.92816E-01   0.20559E-03  -0.59814E-04  -0.12724E-04   0.49340E-02  -0.36596E-06
  0.067   0.200    0.93140E-01   0.12662E-03  -0.23326E-03  -0.65969E-05   0.49526E-02  -0.75101E-07
  0.067   0.200    0.14098E-01   0.38711E-05  -0.17821E-03  -0.30794E-06   0.75540E-03  -0.72513E-07
  0.067   0.200   -0.87944E-02  -0.72641E-02  -0.61605E-01   0.38890E-03  -0.47050E-03   0.27669E-07
  0.067   0.200   -0.15812E-01   0.24795E-03  -0.77696E-01  -0.15358E-04  -0.84926E-03   0.13109E-06
  0.067   0.200   -0.15798E-01   0.28665E-03   0.76388E-01  -0.13018E-04  -0.85145E-03   0.41584E-06
  0.067   0.200   -0.89210E-02  -0.69688E-02   0.61074E-01   0.37367E-03  -0.48007E-03   0.18726E-06
  0.067   0.200   -0.16259E-02  -0.52252E-02   0.37379E-01   0.28003E-03  -0.86780E-04  -0.16595E-07
  0.067   0.200    0.59360E-03  -0.28797E-02   0.22613E-01   0.15441E-03   0.31863E-04  -0.98840E-08
  0.067   0.200    0.92883E-01   0.14165E-03  -0.37944E-03  -0.74041E-05   0.49388E-02  -0.74527E-07
  0.067   0.200    0.18319E+01   0.11135E-02  -0.72233E-03  -0.73579E-04   0.97874E-01  -0.50019E-05
  0.067   0.200    0.14099E-01   0.19490E-04  -0.25985E-03  -0.11469E-05   0.75543E-03  -0.72973E-07
  0.067   0.200    0.50640E-02  -0.38039E-06  -0.24767E-03   0.24555E-07   0.27112E-03  -0.29866E-09
  0.067   0.200   -0.15654E-01  -0.30458E-03  -0.76743E-01   0.13925E-04  -0.84074E-03   0.12959E-06
  0.067   0.200   -0.88256E-02   0.71942E-02  -0.61210E-01  -0.38709E-03  -0.47334E-03   0.56294E-07
  0.067   0.200   -0.16307E-02   0.53867E-02   0.37731E-01  -0.28874E-03  -0.87013E-04   0.62161E-08
  0.067   0.200   -0.89373E-02   0.70569E-02   0.61857E-01  -0.37744E-03  -0.47957E-03   0.16896E-06
  0.067   0.200   -0.16139E-01  -0.10882E-03   0.77875E-01   0.80101E-05  -0.86973E-03   0.42047E-06
  0.067   0.200   -0.89264E-02  -0.73068E-02   0.61504E-01   0.39164E-03  -0.48037E-03   0.18631E-06
  0.067   0.200    0.93073E-01   0.22309E-03   0.80043E-04  -0.13658E-04   0.49476E-02  -0.36578E-06
  0.067   0.200    0.14084E-01   0.44861E-04  -0.20826E-04  -0.28108E-05   0.75430E-03  -0.76300E-07
  0.067   0.200    0.18342E+01   0.10988E-02  -0.36374E-03  -0.72784E-04   0.97995E-01  -0.50028E-05
  0.067   0.200    0.92846E-01   0.10670E-03  -0.10876E-03  -0.55234E-05   0.49369E-02  -0.73378E-07
  0.067   0.200   -0.15864E-02  -0.53874E-02  -0.37911E-01   0.28879E-03  -0.84659E-04   0.73511E-08
  0.067   0.200   -0.86037E-02  -0.70927E-02  -0.62023E-01   0.37984E-03  -0.46037E-03   0.27283E-07
  0.067   0.200    0.58948E-03   0.28852E-02   0.22748E-01  -0.15480E-03   0.31642E-04  -0.79855E-09
  0.067   0.200   -0.16326E-02   0.52307E-02   0.37531E-01  -0.28046E-03  -0.87120E-04   0.61802E-08
  0.067   0.200   -0.88806E-02   0.69313E-02   0.61223E-01  -0.37070E-03  -0.47654E-03   0.16836E-06
  0.067   0.200   -0.15810E-01  -0.44182E-03   0.76546E-01   0.25649E-04  -0.85213E-03   0.41497E-06
  0.067   0.200    0.14083E-01   0.54740E-04  -0.26414E-04  -0.33390E-05   0.75421E-03  -0.76134E-07
  0.067   0.200    0.50628E-02   0.12070E-04  -0.87649E-04  -0.66539E-06   0.27104E-03  -0.74146E-08
  0.067   0.200    0.92778E-01   0.22633E-03   0.10757E-03  -0.13823E-04   0.49318E-02  -0.36265E-06
  0.067   0.200    0.18318E+01   0.10909E-02  -0.34698E-03  -0.72306E-04   0.97870E-01  -0.49937E-05
  0.067   0.200    0.61926E-03  -0.29085E-02  -0.23074E-01   0.15605E-03   0.33220E-04   0.21536E-08
  0.067   0.200   -0.14804E-02  -0.54586E-02  -0.38139E-01   0.29251E-03  -0.79026E-04   0.69341E-08
  0.067   0.200   -0.21257E-02   0.23717E-04   0.31238E-01  -0.13198E-05  -0.11379E-03  -0.73208E-08
  0.067   0.200   -0.18440E-02  -0.78357E-03   0.29721E-01   0.41981E-04  -0.98705E-04  -0.87231E-08
  0.067   0.200   -0.11715E-02  -0.11868E-02   0.25898E-01   0.63637E-04  -0.62713E-04  -0.82887E-08
  0.067   0.200   -0.53163E-03  -0.12309E-02   0.21305E-01   0.65993E-04  -0.28458E-04  -0.71645E-08
  0.067   0.200   -0.88915E-02  -0.69976E-02   0.61073E-01   0.37521E-03  -0.47848E-03   0.18658E-06
  0.067   0.200   -0.15792E-01   0.27318E-03   0.76468E-01  -0.12295E-04  -0.85113E-03   0.41573E-06
  0.067   0.200   -0.15761E-02  -0.52423E-02   0.37282E-01   0.28094E-03  -0.84100E-04  -0.17919E-07
  0.067   0.200    0.62623E-03  -0.28745E-02   0.22497E-01   0.15413E-03   0.33619E-04  -0.10591E-07
  0.067   0.200    0.18318E+01   0.11204E-02  -0.36555E-03  -0.73937E-04   0.97868E-01  -0.50001E-05
  0.067   0.200    0.92546E-01   0.10676E-03  -0.79654E-04  -0.55243E-05   0.49208E-02  -0.72142E-07
  0.067   0.200   -0.18288E-02   0.81585E-03   0.29676E-01  -0.43805E-04  -0.97900E-04  -0.50871E-08
  0.067   0.200   -0.21513E-02  -0.82911E-05   0.31225E-01   0.37808E-06  -0.11515E-03  -0.75814E-08
  0.067   0.200   -0.18352E-02  -0.79932E-03   0.29636E-01   0.42828E-04  -0.98236E-04  -0.87480E-08
  0.067   0.200   -0.11459E-02  -0.12269E-02   0.25738E-01   0.65754E-04  -0.61347E-04  -0.83900E-08
  0.067   0.200   -0.15956E-01  -0.16808E-03   0.76875E-01   0.11159E-04  -0.85985E-03   0.41583E-06
  0.067   0.200   -0.88356E-02   0.71705E-02   0.60926E-01  -0.38339E-03  -0.47414E-03   0.16857E-06
  0.067   0.200   -0.86981E-02  -0.70939E-02   0.60595E-01   0.38035E-03  -0.46802E-03   0.17866E-06
  0.067   0.200   -0.14708E-02  -0.52781E-02   0.36697E-01   0.28278E-03  -0.78451E-04  -0.19008E-07
  0.067   0.200    0.92478E-01   0.24016E-03   0.25794E-03  -0.14564E-04   0.49158E-02  -0.36219E-06
  0.067   0.200    0.18318E+01   0.10984E-02  -0.15343E-03  -0.72705E-04   0.97869E-01  -0.49936E-05
  0.130   0.385    0.18337E+01   0.11031E-02  -0.10798E-02  -0.73026E-04   0.97967E-01  -0.50039E-05
  0.130   0.385    0.93224E-01   0.18028E-03  -0.68157E-03  -0.94854E-05   0.49567E-02  -0.73978E-07
  0.130   0.385    0.14261E-01   0.74892E-04  -0.37681E-03  -0.41204E-05   0.76406E-03  -0.72996E-07
  0.130   0.385    0.51827E-02   0.36187E-04  -0.18724E-03  -0.19354E-05   0.27746E-03  -0.21511E-09
  0.130   0.385   -0.88411E-02   0.70636E-02  -0.62558E-01  -0.38021E-03  -0.47412E-03   0.56172E-07
  0.130   0.385   -0.15664E-01  -0.32148E-03  -0.77967E-01   0.14835E-04  -0.84125E-03   0.12946E-06
  0.130   0.385   -0.15870E-02   0.52880E-02  -0.38650E-01  -0.28340E-03  -0.84708E-04   0.14687E-07
  0.130   0.385    0.64705E-03   0.29292E-02  -0.23685E-01  -0.15706E-03   0.34695E-04   0.87478E-08
  0.130   0.385   -0.21166E-02  -0.22500E-04  -0.32756E-01   0.12626E-05  -0.11333E-03   0.95006E-08
  0.130   0.385   -0.18155E-02   0.83276E-03  -0.31176E-01  -0.44577E-04  -0.97212E-04   0.94905E-08
  0.130   0.385    0.93157E-01   0.14977E-03  -0.51967E-03  -0.97376E-05   0.49519E-02  -0.36652E-06
  0.130   0.385    0.18360E+01   0.10924E-02  -0.11360E-02  -0.72461E-04   0.98091E-01  -0.50063E-05
  0.130   0.385    0.93500E-01   0.18627E-03  -0.73246E-03  -0.98082E-05   0.49715E-02  -0.75142E-07
  0.130   0.385    0.14261E-01   0.76932E-04  -0.41269E-03  -0.42266E-05   0.76409E-03  -0.72597E-07
  0.130   0.385   -0.15995E-01   0.12728E-04  -0.79326E-01  -0.29290E-05  -0.85893E-03   0.13136E-06
  0.130   0.385   -0.88012E-02  -0.73421E-02  -0.62839E-01   0.39307E-03  -0.47082E-03   0.27513E-07
  0.130   0.385   -0.89028E-02   0.71899E-02  -0.63218E-01  -0.38699E-03  -0.47741E-03   0.56512E-07
  0.130   0.385   -0.15872E-02   0.54448E-02  -0.38876E-01  -0.29172E-03  -0.84717E-04   0.15009E-07
  0.130   0.385   -0.18306E-02  -0.84852E-03  -0.31532E-01   0.45565E-04  -0.98021E-04   0.84194E-08
  0.130   0.385   -0.21395E-02   0.17617E-04  -0.33142E-01  -0.84904E-06  -0.11456E-03   0.95666E-08
  0.130   0.385    0.14246E-01  -0.23057E-04  -0.34653E-03   0.82896E-06   0.76293E-03  -0.76509E-07
  0.130   0.385    0.93432E-01   0.14992E-03  -0.52202E-03  -0.97445E-05   0.49666E-02  -0.36691E-06
  0.130   0.385    0.18360E+01   0.10956E-02  -0.11312E-02  -0.72630E-04   0.98091E-01  -0.50062E-05
  0.130   0.385    0.93224E-01   0.18678E-03  -0.71885E-03  -0.98271E-05   0.49569E-02  -0.73910E-07
  0.130   0.385   -0.88605E-02  -0.71356E-02  -0.63173E-01   0.38215E-03  -0.47398E-03   0.28121E-07
  0.130   0.385   -0.15807E-02  -0.54487E-02  -0.38854E-01   0.29207E-03  -0.84347E-04   0.74549E-08
  0.130   0.385   -0.15999E-01   0.72645E-04  -0.79312E-01  -0.61493E-05  -0.85914E-03   0.13153E-06
  0.130   0.385   -0.88451E-02   0.73931E-02  -0.62867E-01  -0.39773E-03  -0.47434E-03   0.56601E-07
  0.130   0.385   -0.11512E-02  -0.12654E-02  -0.27610E-01   0.67927E-04  -0.61649E-04   0.65654E-08
  0.130   0.385   -0.18203E-02  -0.81904E-03  -0.31604E-01   0.44011E-04  -0.97473E-04   0.83969E-08
  0.130   0.385    0.51816E-02  -0.28911E-04  -0.11805E-03   0.15328E-05   0.27738E-03  -0.76043E-08
  0.130   0.385    0.14246E-01  -0.18496E-04  -0.27055E-03   0.58558E-06   0.76289E-03  -0.76481E-07
  0.130   0.385    0.93155E-01   0.15920E-03  -0.41926E-03  -0.10236E-04   0.49517E-02  -0.36440E-06
  0.130   0.385    0.18337E+01   0.11069E-02  -0.98390E-03  -0.73174E-04   0.97967E-01  -0.49972E-05
  0.130   0.385   -0.15795E-02  -0.52873E-02  -0.38590E-01   0.28350E-03  -0.84286E-04   0.76535E-08
  0.130   0.385    0.65109E-03  -0.29296E-02  -0.23631E-01   0.15717E-03   0.34922E-04   0.26161E-08
  0.130   0.385   -0.88033E-02  -0.70059E-02  -0.62457E-01   0.37518E-03  -0.47093E-03   0.28197E-07
  0.130   0.385   -0.15668E-01   0.40495E-03  -0.77898E-01  -0.23770E-04  -0.84148E-03   0.13065E-06
  0.130   0.385   -0.50510E-03  -0.12636E-02  -0.22666E-01   0.67837E-04  -0.27053E-04   0.47189E-08
  0.130   0.385   -0.11246E-02  -0.12414E-02  -0.27389E-01   0.66651E-04  -0.60229E-04   0.64700E-08
  0.130   0.385   -0.88497E-02   0.73020E-02   0.62427E-01  -0.39041E-03  -0.47486E-03   0.16866E-06
  0.130   0.385   -0.16139E-01  -0.48864E-04   0.78865E-01   0.47845E-05  -0.86965E-03   0.42036E-06
  0.130   0.385   -0.89586E-02  -0.71418E-02   0.62762E-01   0.38293E-03  -0.48205E-03   0.18690E-06
  0.130   0.385   -0.15706E-02  -0.54285E-02   0.38466E-01   0.29083E-03  -0.83804E-04  -0.17353E-07
  0.130   0.385    0.18361E+01   0.11009E-02  -0.51374E-03  -0.72903E-04   0.98095E-01  -0.50064E-05
  0.130   0.385    0.93203E-01   0.20484E-03  -0.29514E-04  -0.12684E-04   0.49544E-02  -0.36679E-06
  0.130   0.385    0.93531E-01   0.12632E-03  -0.20954E-03  -0.65801E-05   0.49732E-02  -0.74854E-07
  0.130   0.385    0.14266E-01   0.40393E-05  -0.15517E-03  -0.31708E-06   0.76435E-03  -0.72538E-07
  0.130   0.385   -0.87718E-02  -0.73077E-02  -0.62524E-01   0.39122E-03  -0.46925E-03   0.27855E-07
  0.130   0.385   -0.15818E-01   0.24460E-03  -0.78702E-01  -0.15176E-04  -0.84949E-03   0.13133E-06
  0.130   0.385   -0.15802E-01   0.28463E-03   0.77452E-01  -0.12911E-04  -0.85161E-03   0.41559E-06
  0.130   0.385   -0.88977E-02  -0.70118E-02   0.62054E-01   0.37595E-03  -0.47879E-03   0.18691E-06
  0.130   0.385   -0.15705E-02  -0.52666E-02   0.38211E-01   0.28223E-03  -0.83807E-04  -0.16895E-07
  0.130   0.385    0.65802E-03  -0.29097E-02   0.23323E-01   0.15600E-03   0.35312E-04  -0.10133E-07
  0.130   0.385    0.93270E-01   0.14131E-03  -0.33943E-03  -0.73853E-05   0.49592E-02  -0.74274E-07
  0.130   0.385    0.18338E+01   0.11131E-02  -0.68053E-03  -0.73551E-04   0.97971E-01  -0.50044E-05
  0.130   0.385    0.14267E-01   0.19220E-04  -0.22148E-03  -0.11326E-05   0.76434E-03  -0.73006E-07
  0.130   0.385    0.51748E-02  -0.13994E-06  -0.20951E-03   0.11487E-07   0.27704E-03  -0.35238E-09
  0.130   0.385   -0.15658E-01  -0.30369E-03  -0.77719E-01   0.13879E-04  -0.84094E-03   0.12983E-06
  0.130   0.385   -0.88039E-02   0.72355E-02  -0.62108E-01  -0.38928E-03  -0.47214E-03   0.56519E-07
  0.130   0.385   -0.15751E-02   0.54275E-02   0.38560E-01  -0.29092E-03  -0.84029E-04   0.60641E-08
  0.130   0.385   -0.89133E-02   0.70994E-02   0.62831E-01  -0.37971E-03  -0.47826E-03   0.16886E-06
  0.130   0.385   -0.16144E-01  -0.10885E-03   0.78929E-01   0.80095E-05  -0.86989E-03   0.42025E-06
  0.130   0.385   -0.89026E-02  -0.73489E-02   0.62479E-01   0.39387E-03  -0.47906E-03   0.18596E-06
  0.130   0.385    0.93464E-01   0.22226E-03   0.10042E-03  -0.13614E-04   0.49682E-02  -0.36660E-06
  0.130   0.385    0.14252E-01   0.43878E-04   0.33504E-05  -0.27583E-05   0.76322E-03  -0.76528E-07
  0.130   0.385    0.18361E+01   0.10983E-02  -0.34722E-03  -0.72753E-04   0.98093E-01  -0.50052E-05
  0.130   0.385    0.93235E-01   0.10714E-03  -0.92247E-04  -0.55462E-05   0.49574E-02  -0.73117E-07
  0.130   0.385   -0.15313E-02  -0.54309E-02  -0.38691E-01   0.29111E-03  -0.81702E-04   0.74566E-08
  0.130   0.385   -0.85799E-02  -0.71422E-02  -0.62964E-01   0.38247E-03  -0.45906E-03   0.27464E-07
  0.130   0.385    0.65428E-03   0.29149E-02   0.23442E-01  -0.15638E-03   0.35112E-04  -0.97186E-09
  0.130   0.385   -0.15767E-02   0.52718E-02   0.38347E-01  -0.28265E-03  -0.84120E-04   0.60372E-08
  0.130   0.385   -0.88567E-02   0.69740E-02   0.62185E-01  -0.37297E-03  -0.47523E-03   0.16827E-06
  0.130   0.385   -0.15813E-01  -0.43993E-03   0.77591E-01   0.25544E-04  -0.85224E-03   0.41474E-06
  0.130   0.385    0.14251E-01   0.54044E-04  -0.92356E-05  -0.33019E-05   0.76316E-03  -0.76360E-07
  0.130   0.385    0.51736E-02   0.11186E-04  -0.67254E-04  -0.61819E-06   0.27695E-03  -0.75325E-08
  0.130   0.385    0.93166E-01   0.22631E-03   0.12285E-03  -0.13822E-04   0.49523E-02  -0.36347E-06
  0.130   0.385    0.18337E+01   0.10908E-02  -0.33179E-03  -0.72294E-04   0.97968E-01  -0.49961E-05
  0.130   0.385    0.68344E-03  -0.29407E-02  -0.23727E-01   0.15777E-03   0.36655E-04   0.22207E-08
  0.130   0.385   -0.14253E-02  -0.55071E-02  -0.38928E-01   0.29510E-03  -0.76071E-04   0.70368E-08
  0.130   0.385   -0.21058E-02   0.20555E-04   0.32426E-01  -0.11531E-05  -0.11272E-03  -0.76386E-08
  0.130   0.385   -0.18211E-02  -0.79578E-03   0.30882E-01   0.42631E-04  -0.97473E-04  -0.90476E-08
  0.130   0.385   -0.11432E-02  -0.12055E-02   0.27002E-01   0.64633E-04  -0.61191E-04  -0.86070E-08
  0.130   0.385   -0.49882E-03  -0.12518E-02   0.22337E-01   0.67108E-04  -0.26698E-04  -0.74683E-08
  0.130   0.385   -0.88685E-02  -0.70413E-02   0.62010E-01   0.37753E-03  -0.47722E-03   0.18624E-06
  0.130   0.385   -0.15797E-01   0.27002E-03   0.77492E-01  -0.12127E-04  -0.85131E-03   0.41549E-06
  0.130   0.385   -0.15208E-02  -0.52835E-02   0.38071E-01   0.28313E-03  -0.81129E-04  -0.18221E-07
  0.130   0.385    0.69062E-03  -0.29033E-02   0.23166E-01   0.15566E-03   0.37066E-04  -0.10839E-07
  0.130   0.385    0.18337E+01   0.11192E-02  -0.36252E-03  -0.73869E-04   0.97965E-01  -0.50025E-05
  0.130   0.385    0.92930E-01   0.10639E-03  -0.79806E-04  -0.55036E-05   0.49411E-02  -0.71874E-07
  0.130   0.385   -0.18064E-02   0.82449E-03   0.30822E-01  -0.44269E-04  -0.96693E-04  -0.53728E-08
  0.130   0.385   -0.21306E-02  -0.91872E-05   0.32385E-01   0.42356E-06  -0.11403E-03  -0.78858E-08
  0.130   0.385   -0.18121E-02  -0.81034E-03   0.30774E-01   0.43414E-04  -0.96989E-04  -0.90624E-08
  0.130   0.385   -0.11179E-02  -0.12440E-02   0.26825E-01   0.66666E-04  -0.59843E-04  -0.87023E-08
  0.130   0.385   -0.15961E-01  -0.16991E-03   0.77870E-01   0.11255E-04  -0.86006E-03   0.41560E-06
  0.130   0.385   -0.88136E-02   0.72104E-02   0.61850E-01  -0.38551E-03  -0.47293E-03   0.16847E-06
  0.130   0.385   -0.86739E-02  -0.71366E-02   0.61506E-01   0.38261E-03  -0.46670E-03   0.17830E-06
  0.130   0.385   -0.14155E-02  -0.53172E-02   0.37466E-01   0.28487E-03  -0.75483E-04  -0.19308E-07
  0.130   0.385    0.92862E-01   0.23907E-03   0.24513E-03  -0.14506E-04   0.49361E-02  -0.36300E-06
  0.130   0.385    0.18337E+01   0.10978E-02  -0.17028E-03  -0.72668E-04   0.97966E-01  -0.49960E-05
