  0.000   0.000    0.00000E+00   0.00000E+00   0.00000E+00   0.00000E+00   0.00000E+00   0.00000E+00
  0.000   0.000    0.00000E+00   0.00000E+00   0.00000E+00   0.00000E+00   0.00000E+00   0.00000E+00
  0.000   0.000    0.00000E+00   0.00000E+00   0.00000E+00   0.00000E+00   0.00000E+00   0.00000E+00
  0.000   0.000    0.00000E+00   0.00000E+00   0.00000E+00   0.00000E+00   0.00000E+00   0.00000E+00
  0.000   0.000    0.00000E+00   0.00000E+00   0.00000E+00   0.00000E+00   0.00000E+00   0.00000E+00
  0.000   0.000    0.00000E+00   0.00000E+00   0.00000E+00   0.00000E+00   0.00000E+00   0.00000E+00
  0.000   0.000    0.00000E+00   0.00000E+00   0.00000E+00   0.00000E+00   0.00000E+00   0.00000E+00
  0.000   0.000    0.00000E+00   0.00000E+00   0.00000E+00   0.00000E+00   0.00000E+00   0.00000E+00
  0.000   0.000    0.00000E+00   0.00000E+00   0.00000E+00   0.00000E+00   0.00000E+00   0.00000E+00
  0.000   0.000    0.00000E+00   0.00000E+00   0.00000E+00   0.00000E+00   0.00000E+00   0.00000E+00
  0.000   0.000    0.00000E+00   0.00000E+00   0.00000E+00   0.00000E+00   0.00000E+00   0.00000E+00
  0.000   0.000    0.00000E+00   0.00000E+00   0.00000E+00   0.00000E+00   0.00000E+00   0.00000E+00
  0.000   0.000    0.00000E+00   0.00000E+00   0.00000E+00   0.00000E+00   0.00000E+00   0.00000E+00
  0.000   0.000    0.00000E+00   0.00000E+00   0.00000E+00   0.00000E+00   0.00000E+00   0.00000E+00
  0.000   0.000    0.00000E+00   0.00000E+00   0.00000E+00   0.00000E+00   0.00000E+00   0.00000E+00
  0.000   0.000    0.00000E+00   0.00000E+00   0.00000E+00   0.00000E+00   0.00000E+00   0.00000E+00
  0.000   0.000    0.00000E+00   0.00000E+00   0.00000E+00   0.00000E+00   0.00000E+00   0.00000E+00
  0.000   0.000    0.00000E+00   0.00000E+00   0.00000E+00   0.00000E+00   0.00000E+00   0.00000E+00
  0.000   0.000    0.00000E+00   0.00000E+00   0.00000E+00   0.00000E+00   0.00000E+00   0.00000E+00
  0.000   0.000    0.00000E+00   0.00000E+00   0.00000E+00   0.00000E+00   0.00000E+00   0.00000E+00
  0.000   0.000    0.00000E+00   0.00000E+00   0.00000E+00   0.00000E+00   0.00000E+00   0.00000E+00
  0.000   0.000    0.00000E+00   0.00000E+00   0.00000E+00   0.00000E+00   0.00000E+00   0.00000E+00
  0.000   0.000    0.00000E+00   0.00000E+00   0.00000E+00   0.00000E+00   0.00000E+00   0.00000E+00
  0.000   0.000    0.00000E+00   0.00000E+00   0.00000E+00   0.00000E+00   0.00000E+00   0.00000E+00
  0.000   0.000    0.00000E+00   0.00000E+00   0.00000E+00   0.00000E+00   0.00000E+00   0.00000E+00
  0.000   0.000    0.00000E+00   0.00000E+00   0.00000E+00   0.00000E+00   0.00000E+00   0.00000E+00
  0.000   0.000    0.00000E+00   0.00000E+00   0.00000E+00   0.00000E+00   0.00000E+00   0.00000E+00
  0.000   0.000    0.00000E+00   0.00000E+00   0.00000E+00   0.00000E+00   0.00000E+00   0.00000E+00
  0.000   0.000    0.00000E+00   0.00000E+00   0.00000E+00   0.00000E+00   0.00000E+00   0.00000E+00
  0.000   0.000    0.00000E+00   0.00000E+00   0.00000E+00   0.00000E+00   0.00000E+00   0.00000E+00
  0.000   0.000    0.00000E+00   0.00000E+00   0.00000E+00   0.00000E+00   0.00000E+00   0.00000E+00
  0.000   0.000    0.00000E+00   0.00000E+00   0.00000E+00   0.00000E+00   0.00000E+00   0.00000E+00
  0.000   0.000    0.00000E+00   0.00000E+00   0.00000E+00   0.00000E+00   0.00000E+00   0.00000E+00
  0.000   0.000    0.00000E+00   0.00000E+00   0.00000E+00   0.00000E+00   0.00000E+00   0.00000E+00
  0.000   0.000    0.00000E+00   0.00000E+00   0.00000E+00   0.00000E+00   0.00000E+00   0.00000E+00
  0.000   0.000    0.00000E+00   0.00000E+00   0.00000E+00   0.00000E+00   0.00000E+00   0.00000E+00
  0.000   0.000    0.00000E+00   0.00000E+00   0.00000E+00   0.00000E+00   0.00000E+00   0.00000E+00
  0.000   0.000    0.00000E+00   0.00000E+00   0.00000E+00   0.00000E+00   0.00000E+00   0.00000E+00
  0.000   0.000    0.00000E+00   0.00000E+00   0.00000E+00   0.00000E+00   0.00000E+00   0.00000E+00
  0.000   0.000    0.00000E+00   0.00000E+00   0.00000E+00   0.00000E+00   0.00000E+00   0.00000E+00
  0.000   0.000    0.00000E+00   0.00000E+00   0.00000E+00   0.00000E+00   0.00000E+00   0.00000E+00
  0.000   0.000    0.00000E+00   0.00000E+00   0.00000E+00   0.00000E+00   0.00000E+00   0.00000E+00
  0.000   0.000    0.00000E+00   0.00000E+00   0.00000E+00   0.00000E+00   0.00000E+00   0.00000E+00
  0.000   0.000    0.00000E+00   0.00000E+00   0.00000E+00   0.00000E+00   0.00000E+00   0.00000E+00
  0.000   0.000    0.00000E+00   0.00000E+00   0.00000E+00   0.00000E+00   0.00000E+00   0.00000E+00
  0.000   0.000    0.00000E+00   0.00000E+00   0.00000E+00   0.00000E+00   0.00000E+00   0.00000E+00
  0.000   0.000    0.00000E+00   0.00000E+00   0.00000E+00   0.00000E+00   0.00000E+00   0.00000E+00
  0.000   0.000    0.00000E+00   0.00000E+00   0.00000E+00   0.00000E+00   0.00000E+00   0.00000E+00
  0.000   0.000    0.00000E+00   0.00000E+00   0.00000E+00   0.00000E+00   0.00000E+00   0.00000E+00
  0.000   0.000    0.00000E+00   0.00000E+00   0.00000E+00   0.00000E+00   0.00000E+00   0.00000E+00
  0.000   0.000    0.00000E+00   0.00000E+00   0.00000E+00   0.00000E+00   0.00000E+00   0.00000E+00
  0.000   0.000    0.00000E+00   0.00000E+00   0.00000E+00   0.00000E+00   0.00000E+00   0.00000E+00
  0.000   0.000    0.00000E+00   0.00000E+00   0.00000E+00   0.00000E+00   0.00000E+00   0.00000E+00
  0.000   0.000    0.00000E+00   0.00000E+00   0.00000E+00   0.00000E+00   0.00000E+00   0.00000E+00
  0.000   0.000    0.00000E+00   0.00000E+00   0.00000E+00   0.00000E+00   0.00000E+00   0.00000E+00
  0.000   0.000    0.00000E+00   0.00000E+00   0.00000E+00   0.00000E+00   0.00000E+00   0.00000E+00
  0.000   0.000    0.00000E+00   0.00000E+00   0.00000E+00   0.00000E+00   0.00000E+00   0.00000E+00
  0.000   0.000    0.00000E+00   0.00000E+00   0.00000E+00   0.00000E+00   0.00000E+00   0.00000E+00
  0.000   0.000    0.00000E+00   0.00000E+00   0.00000E+00   0.00000E+00   0.00000E+00   0.00000E+00
  0.000   0.000    0.00000E+00   0.00000E+00   0.00000E+00   0.00000E+00   0.00000E+00   0.00000E+00
  0.000   0.000    0.00000E+00   0.00000E+00   0.00000E+00   0.00000E+00   0.00000E+00   0.00000E+00
  0.000   0.000    0.00000E+00   0.00000E+00   0.00000E+00   0.00000E+00   0.00000E+00   0.00000E+00
  0.000   0.000    0.00000E+00   0.00000E+00   0.00000E+00   0.00000E+00   0.00000E+00   0.00000E+00
  0.000   0.000    0.00000E+00   0.00000E+00   0.00000E+00   0.00000E+00   0.00000E+00   0.00000E+00
  0.000   0.000    0.00000E+00   0.00000E+00   0.00000E+00   0.00000E+00   0.00000E+00   0.00000E+00
  0.000   0.000    0.00000E+00   0.00000E+00   0.00000E+00   0.00000E+00   0.00000E+00   0.00000E+00
  0.000   0.000    0.00000E+00   0.00000E+00   0.00000E+00   0.00000E+00   0.00000E+00   0.00000E+00
  0.000   0.000    0.00000E+00   0.00000E+00   0.00000E+00   0.00000E+00   0.00000E+00   0.00000E+00
  0.000   0.000    0.00000E+00   0.00000E+00   0.00000E+00   0.00000E+00   0.00000E+00   0.00000E+00
  0.000   0.000    0.00000E+00   0.00000E+00   0.00000E+00   0.00000E+00   0.00000E+00   0.00000E+00
  0.000   0.000    0.00000E+00   0.00000E+00   0.00000E+00   0.00000E+00   0.00000E+00   0.00000E+00
  0.000   0.000    0.00000E+00   0.00000E+00   0.00000E+00   0.00000E+00   0.00000E+00   0.00000E+00
  0.000   0.000    0.00000E+00   0.00000E+00   0.00000E+00   0.00000E+00   0.00000E+00   0.00000E+00
  0.000   0.000    0.00000E+00   0.00000E+00   0.00000E+00   0.00000E+00   0.00000E+00   0.00000E+00
  0.000   0.000    0.00000E+00   0.00000E+00   0.00000E+00   0.00000E+00   0.00000E+00   0.00000E+00
  0.000   0.000    0.00000E+00   0.00000E+00   0.00000E+00   0.00000E+00   0.00000E+00   0.00000E+00
  0.000   0.000    0.00000E+00   0.00000E+00   0.00000E+00   0.00000E+00   0.00000E+00   0.00000E+00
  0.000   0.000    0.00000E+00   0.00000E+00   0.00000E+00   0.00000E+00   0.00000E+00   0.00000E+00
  0.000   0.000    0.00000E+00   0.00000E+00   0.00000E+00   0.00000E+00   0.00000E+00   0.00000E+00
  0.000   0.000    0.00000E+00   0.00000E+00   0.00000E+00   0.00000E+00   0.00000E+00   0.00000E+00
  0.000   0.000    0.00000E+00   0.00000E+00   0.00000E+00   0.00000E+00   0.00000E+00   0.00000E+00
  0.000   0.000    0.00000E+00   0.00000E+00   0.00000E+00   0.00000E+00   0.00000E+00   0.00000E+00
  0.000   0.000    0.00000E+00   0.00000E+00   0.00000E+00   0.00000E+00   0.00000E+00   0.00000E+00
  0.000   0.000    0.00000E+00   0.00000E+00   0.00000E+00   0.00000E+00   0.00000E+00   0.00000E+00
  0.000   0.000    0.00000E+00   0.00000E+00   0.00000E+00   0.00000E+00   0.00000E+00   0.00000E+00
  0.000   0.000    0.00000E+00   0.00000E+00   0.00000E+00   0.00000E+00   0.00000E+00   0.00000E+00
  0.000   0.000    0.00000E+00   0.00000E+00   0.00000E+00   0.00000E+00   0.00000E+00   0.00000E+00
  0.000   0.000    0.00000E+00   0.00000E+00   0.00000E+00   0.00000E+00   0.00000E+00   0.00000E+00
  0.000   0.000    0.00000E+00   0.00000E+00   0.00000E+00   0.00000E+00   0.00000E+00   0.00000E+00
  0.000   0.000    0.00000E+00   0.00000E+00   0.00000E+00   0.00000E+00   0.00000E+00   0.00000E+00
  0.000   0.000    0.00000E+00   0.00000E+00   0.00000E+00   0.00000E+00   0.00000E+00   0.00000E+00
  0.000   0.000    0.00000E+00   0.00000E+00   0.00000E+00   0.00000E+00   0.00000E+00   0.00000E+00
  0.000   0.000    0.00000E+00   0.00000E+00   0.00000E+00   0.00000E+00   0.00000E+00   0.00000E+00
  0.000   0.000    0.00000E+00   0.00000E+00   0.00000E+00   0.00000E+00   0.00000E+00   0.00000E+00
  0.000   0.000    0.00000E+00   0.00000E+00   0.00000E+00   0.00000E+00   0.00000E+00   0.00000E+00
  0.000   0.000    0.00000E+00   0.00000E+00   0.00000E+00   0.00000E+00   0.00000E+00   0.00000E+00
  0.000   0.000    0.00000E+00   0.00000E+00   0.00000E+00   0.00000E+00   0.00000E+00   0.00000E+00
  0.000   0.000    0.00000E+00   0.00000E+00   0.00000E+00   0.00000E+00   0.00000E+00   0.00000E+00
  0.000   0.000    0.00000E+00   0.00000E+00   0.00000E+00   0.00000E+00   0.00000E+00   0.00000E+00
  0.000   0.000    0.00000E+00   0.00000E+00   0.00000E+00   0.00000E+00   0.00000E+00   0.00000E+00
 -1.000  -1.000    0.00000E+00   0.00000E+00   0.00000E+00   0.00000E+00   0.00000E+00   0.00000E+00
 -1.000  -1.000    0.00000E+00   0.00000E+00   0.00000E+00   0.00000E+00   0.00000E+00   0.00000E+00
 -1.000  -1.000    0.00000E+00   0.00000E+00   0.00000E+00   0.00000E+00   0.00000E+00   0.00000E+00
 -1.000  -1.000    0.00000E+00   0.00000E+00   0.00000E+00   0.00000E+00   0.00000E+00   0.00000E+00
 -1.000  -1.000    0.00000E+00   0.00000E+00   0.00000E+00   0.00000E+00   0.00000E+00   0.00000E+00
 -1.000  -1.000    0.00000E+00   0.00000E+00   0.00000E+00   0.00000E+00   0.00000E+00   0.00000E+00
 -1.000  -1.000    0.00000E+00   0.00000E+00   0.00000E+00   0.00000E+00   0.00000E+00   0.00000E+00
 -1.000  -1.000    0.00000E+00   0.00000E+00   0.00000E+00   0.00000E+00   0.00000E+00   0.00000E+00
 -1.000  -1.000    0.00000E+00   0.00000E+00   0.00000E+00   0.00000E+00   0.00000E+00   0.00000E+00
 -1.000  -1.000    0.00000E+00   0.00000E+00   0.00000E+00   0.00000E+00   0.00000E+00   0.00000E+00
 -1.000  -1.000    0.00000E+00   0.00000E+00   0.00000E+00   0.00000E+00   0.00000E+00   0.00000E+00
 -1.000  -1.000    0.00000E+00   0.00000E+00   0.00000E+00   0.00000E+00   0.00000E+00   0.00000E+00
 -1.000  -1.000    0.00000E+00   0.00000E+00   0.00000E+00   0.00000E+00   0.00000E+00   0.00000E+00
 -1.000  -1.000    0.00000E+00   0.00000E+00   0.00000E+00   0.00000E+00   0.00000E+00   0.00000E+00
 -1.000  -1.000    0.00000E+00   0.00000E+00   0.00000E+00   0.00000E+00   0.00000E+00   0.00000E+00
 -1.000  -1.000    0.00000E+00   0.00000E+00   0.00000E+00   0.00000E+00   0.00000E+00   0.00000E+00
 -1.000  -1.000    0.00000E+00   0.00000E+00   0.00000E+00   0.00000E+00   0.00000E+00   0.00000E+00
 -1.000  -1.000    0.00000E+00   0.00000E+00   0.00000E+00   0.00000E+00   0.00000E+00   0.00000E+00
 -1.000  -1.000    0.00000E+00   0.00000E+00   0.00000E+00   0.00000E+00   0.00000E+00   0.00000E+00
 -1.000  -1.000    0.00000E+00   0.00000E+00   0.00000E+00   0.00000E+00   0.00000E+00   0.00000E+00
 -1.000  -1.000    0.00000E+00   0.00000E+00   0.00000E+00   0.00000E+00   0.00000E+00   0.00000E+00
 -1.000  -1.000    0.00000E+00   0.00000E+00   0.00000E+00   0.00000E+00   0.00000E+00   0.00000E+00
 -1.000  -1.000    0.00000E+00   0.00000E+00   0.00000E+00   0.00000E+00   0.00000E+00   0.00000E+00
 -1.000  -1.000    0.00000E+00   0.00000E+00   0.00000E+00   0.00000E+00   0.00000E+00   0.00000E+00
 -1.000  -1.000    0.00000E+00   0.00000E+00   0.00000E+00   0.00000E+00   0.00000E+00   0.00000E+00
 -1.000  -1.000    0.00000E+00   0.00000E+00   0.00000E+00   0.00000E+00   0.00000E+00   0.00000E+00
 -1.000  -1.000    0.00000E+00   0.00000E+00   0.00000E+00   0.00000E+00   0.00000E+00   0.00000E+00
 -1.000  -1.000    0.00000E+00   0.00000E+00   0.00000E+00   0.00000E+00   0.00000E+00   0.00000E+00
 -1.000  -1.000    0.00000E+00   0.00000E+00   0.00000E+00   0.00000E+00   0.00000E+00   0.00000E+00
 -1.000  -1.000    0.00000E+00   0.00000E+00   0.00000E+00   0.00000E+00   0.00000E+00   0.00000E+00
 -1.000  -1.000    0.00000E+00   0.00000E+00   0.00000E+00   0.00000E+00   0.00000E+00   0.00000E+00
 -1.000  -1.000    0.00000E+00   0.00000E+00   0.00000E+00   0.00000E+00   0.00000E+00   0.00000E+00
 -1.000  -1.000    0.00000E+00   0.00000E+00   0.00000E+00   0.00000E+00   0.00000E+00   0.00000E+00
 -1.000  -1.000    0.00000E+00   0.00000E+00   0.00000E+00   0.00000E+00   0.00000E+00   0.00000E+00
 -1.000  -1.000    0.00000E+00   0.00000E+00   0.00000E+00   0.00000E+00   0.00000E+00   0.00000E+00
 -1.000  -1.000    0.00000E+00   0.00000E+00   0.00000E+00   0.00000E+00   0.00000E+00   0.00000E+00
 -1.000  -1.000    0.00000E+00   0.00000E+00   0.00000E+00   0.00000E+00   0.00000E+00   0.00000E+00
 -1.000  -1.000    0.00000E+00   0.00000E+00   0.00000E+00   0.00000E+00   0.00000E+00   0.00000E+00
 -1.000  -1.000    0.00000E+00   0.00000E+00   0.00000E+00   0.00000E+00   0.00000E+00   0.00000E+00
 -1.000  -1.000    0.00000E+00   0.00000E+00   0.00000E+00   0.00000E+00   0.00000E+00   0.00000E+00
 -1.000  -1.000    0.00000E+00   0.00000E+00   0.00000E+00   0.00000E+00   0.00000E+00   0.00000E+00
 -1.000  -1.000    0.00000E+00   0.00000E+00   0.00000E+00   0.00000E+00   0.00000E+00   0.00000E+00
 -1.000  -1.000    0.00000E+00   0.00000E+00   0.00000E+00   0.00000E+00   0.00000E+00   0.00000E+00
 -1.000  -1.000    0.00000E+00   0.00000E+00   0.00000E+00   0.00000E+00   0.00000E+00   0.00000E+00
 -1.000  -1.000    0.00000E+00   0.00000E+00   0.00000E+00   0.00000E+00   0.00000E+00   0.00000E+00
 -1.000  -1.000    0.00000E+00   0.00000E+00   0.00000E+00   0.00000E+00   0.00000E+00   0.00000E+00
 -1.000  -1.000    0.00000E+00   0.00000E+00   0.00000E+00   0.00000E+00   0.00000E+00   0.00000E+00
 -1.000  -1.000    0.00000E+00   0.00000E+00   0.00000E+00   0.00000E+00   0.00000E+00   0.00000E+00
 -1.000  -1.000    0.00000E+00   0.00000E+00   0.00000E+00   0.00000E+00   0.00000E+00   0.00000E+00
 -1.000  -1.000    0.00000E+00   0.00000E+00   0.00000E+00   0.00000E+00   0.00000E+00   0.00000E+00
 -1.000  -1.000    0.00000E+00   0.00000E+00   0.00000E+00   0.00000E+00   0.00000E+00   0.00000E+00
 -1.000  -1.000    0.00000E+00   0.00000E+00   0.00000E+00   0.00000E+00   0.00000E+00   0.00000E+00
 -1.000  -1.000    0.00000E+00   0.00000E+00   0.00000E+00   0.00000E+00   0.00000E+00   0.00000E+00
 -1.000  -1.000    0.00000E+00   0.00000E+00   0.00000E+00   0.00000E+00   0.00000E+00   0.00000E+00
 -1.000  -1.000    0.00000E+00   0.00000E+00   0.00000E+00   0.00000E+00   0.00000E+00   0.00000E+00
 -1.000  -1.000    0.00000E+00   0.00000E+00   0.00000E+00   0.00000E+00   0.00000E+00   0.00000E+00
 -1.000  -1.000    0.00000E+00   0.00000E+00   0.00000E+00   0.00000E+00   0.00000E+00   0.00000E+00
 -1.000  -1.000    0.00000E+00   0.00000E+00   0.00000E+00   0.00000E+00   0.00000E+00   0.00000E+00
 -1.000  -1.000    0.00000E+00   0.00000E+00   0.00000E+00   0.00000E+00   0.00000E+00   0.00000E+00
 -1.000  -1.000    0.00000E+00   0.00000E+00   0.00000E+00   0.00000E+00   0.00000E+00   0.00000E+00
 -1.000  -1.000    0.00000E+00   0.00000E+00   0.00000E+00   0.00000E+00   0.00000E+00   0.00000E+00
 -1.000  -1.000    0.00000E+00   0.00000E+00   0.00000E+00   0.00000E+00   0.00000E+00   0.00000E+00
 -1.000  -1.000    0.00000E+00   0.00000E+00   0.00000E+00   0.00000E+00   0.00000E+00   0.00000E+00
 -1.000  -1.000    0.00000E+00   0.00000E+00   0.00000E+00   0.00000E+00   0.00000E+00   0.00000E+00
 -1.000  -1.000    0.00000E+00   0.00000E+00   0.00000E+00   0.00000E+00   0.00000E+00   0.00000E+00
 -1.000  -1.000    0.00000E+00   0.00000E+00   0.00000E+00   0.00000E+00   0.00000E+00   0.00000E+00
 -1.000  -1.000    0.00000E+00   0.00000E+00   0.00000E+00   0.00000E+00   0.00000E+00   0.00000E+00
 -1.000  -1.000    0.00000E+00   0.00000E+00   0.00000E+00   0.00000E+00   0.00000E+00   0.00000E+00
 -1.000  -1.000    0.00000E+00   0.00000E+00   0.00000E+00   0.00000E+00   0.00000E+00   0.00000E+00
 -1.000  -1.000    0.00000E+00   0.00000E+00   0.00000E+00   0.00000E+00   0.00000E+00   0.00000E+00
 -1.000  -1.000    0.00000E+00   0.00000E+00   0.00000E+00   0.00000E+00   0.00000E+00   0.00000E+00
 -1.000  -1.000    0.00000E+00   0.00000E+00   0.00000E+00   0.00000E+00   0.00000E+00   0.00000E+00
 -1.000  -1.000    0.00000E+00   0.00000E+00   0.00000E+00   0.00000E+00   0.00000E+00   0.00000E+00
 -1.000  -1.000    0.00000E+00   0.00000E+00   0.00000E+00   0.00000E+00   0.00000E+00   0.00000E+00
 -1.000  -1.000    0.00000E+00   0.00000E+00   0.00000E+00   0.00000E+00   0.00000E+00   0.00000E+00
 -1.000  -1.000    0.00000E+00   0.00000E+00   0.00000E+00   0.00000E+00   0.00000E+00   0.00000E+00
 -1.000  -1.000    0.00000E+00   0.00000E+00   0.00000E+00   0.00000E+00   0.00000E+00   0.00000E+00
 -1.000  -1.000    0.00000E+00   0.00000E+00   0.00000E+00   0.00000E+00   0.00000E+00   0.00000E+00
 -1.000  -1.000    0.00000E+00   0.00000E+00   0.00000E+00   0.00000E+00   0.00000E+00   0.00000E+00
 -1.000  -1.000    0.00000E+00   0.00000E+00   0.00000E+00   0.00000E+00   0.00000E+00   0.00000E+00
 -1.000  -1.000    0.00000E+00   0.00000E+00   0.00000E+00   0.00000E+00   0.00000E+00   0.00000E+00
 -1.000  -1.000    0.00000E+00   0.00000E+00   0.00000E+00   0.00000E+00   0.00000E+00   0.00000E+00
 -1.000  -1.000    0.00000E+00   0.00000E+00   0.00000E+00   0.00000E+00   0.00000E+00   0.00000E+00
 -1.000  -1.000    0.00000E+00   0.00000E+00   0.00000E+00   0.00000E+00   0.00000E+00   0.00000E+00
 -1.000  -1.000    0.00000E+00   0.00000E+00   0.00000E+00   0.00000E+00   0.00000E+00   0.00000E+00
 -1.000  -1.000    0.00000E+00   0.00000E+00   0.00000E+00   0.00000E+00   0.00000E+00   0.00000E+00
 -1.000  -1.000    0.00000E+00   0.00000E+00   0.00000E+00   0.00000E+00   0.00000E+00   0.00000E+00
 -1.000  -1.000    0.00000E+00   0.00000E+00   0.00000E+00   0.00000E+00   0.00000E+00   0.00000E+00
 -1.000  -1.000    0.00000E+00   0.00000E+00   0.00000E+00   0.00000E+00   0.00000E+00   0.00000E+00
 -1.000  -1.000    0.00000E+00   0.00000E+00   0.00000E+00   0.00000E+00   0.00000E+00   0.00000E+00
 -1.000  -1.000    0.00000E+00   0.00000E+00   0.00000E+00   0.00000E+00   0.00000E+00   0.00000E+00
 -1.000  -1.000    0.00000E+00   0.00000E+00   0.00000E+00   0.00000E+00   0.00000E+00   0.00000E+00
 -1.000  -1.000    0.00000E+00   0.00000E+00   0.00000E+00   0.00000E+00   0.00000E+00   0.00000E+00
 -1.000  -1.000    0.00000E+00   0.00000E+00   0.00000E+00   0.00000E+00   0.00000E+00   0.00000E+00
 -1.000  -1.000    0.00000E+00   0.00000E+00   0.00000E+00   0.00000E+00   0.00000E+00   0.00000E+00
 -1.000  -1.000    0.00000E+00   0.00000E+00   0.00000E+00   0.00000E+00   0.00000E+00   0.00000E+00
 -1.000  -1.000    0.00000E+00   0.00000E+00   0.00000E+00   0.00000E+00   0.00000E+00   0.00000E+00
 -1.000  -1.000    0.00000E+00   0.00000E+00   0.00000E+00   0.00000E+00   0.00000E+00   0.00000E+00
 -1.000  -1.000    0.00000E+00   0.00000E+00   0.00000E+00   0.00000E+00   0.00000E+00   0.00000E+00
 -1.000  -1.000    0.00000E+00   0.00000E+00   0.00000E+00   0.00000E+00   0.00000E+00   0.00000E+00
  0.067   0.200    0.12570E-05  -0.38984E-06   0.14670E+00  -0.27938E-06   0.12579E-06  -0.36005E-07
  0.067   0.200    0.16953E-05  -0.94938E-05   0.14666E+00   0.21042E-06   0.14923E-06  -0.36001E-07
  0.067   0.200    0.16869E-05  -0.20597E-04   0.14658E+00   0.80648E-06   0.14879E-06  -0.35990E-07
  0.067   0.200    0.12493E-05  -0.30978E-04   0.14646E+00   0.13639E-05   0.12534E-06  -0.35978E-07
  0.067   0.200    0.30609E-04  -0.93782E-05   0.14652E+00   0.20445E-06   0.16980E-05  -0.35986E-07
  0.067   0.200    0.30535E-04  -0.66247E-06   0.14656E+00  -0.26453E-06   0.16942E-05  -0.35990E-07
  0.067   0.200    0.30278E-04  -0.20205E-04   0.14645E+00   0.78563E-06   0.16803E-05  -0.35976E-07
  0.067   0.200    0.29802E-04  -0.30506E-04   0.14633E+00   0.13388E-05   0.16549E-05  -0.35963E-07
  0.067   0.200    0.60534E-04   0.51115E-06   0.14620E+00  -0.32688E-06   0.33011E-05  -0.35914E-07
  0.067   0.200    0.59955E-04  -0.60955E-05   0.14616E+00   0.29458E-07   0.32702E-05  -0.35908E-07
  0.067   0.200    0.13302E-05   0.13957E-04   0.14667E+00  -0.10491E-05   0.12970E-06  -0.35980E-07
  0.067   0.200    0.17392E-05   0.44348E-05   0.14669E+00  -0.53735E-06   0.15160E-06  -0.35990E-07
  0.067   0.200    0.17001E-05  -0.66745E-05   0.14666E+00   0.58926E-07   0.14951E-06  -0.35990E-07
  0.067   0.200    0.12361E-05  -0.16644E-04   0.14660E+00   0.59457E-06   0.12467E-06  -0.35990E-07
  0.067   0.200    0.30611E-04   0.45697E-05   0.14655E+00  -0.54435E-06   0.16981E-05  -0.35975E-07
  0.067   0.200    0.30544E-04   0.13704E-04   0.14654E+00  -0.10353E-05   0.16946E-05  -0.35965E-07
  0.067   0.200    0.30298E-04  -0.62843E-05   0.14653E+00   0.38215E-07   0.16814E-05  -0.35976E-07
  0.067   0.200    0.29862E-04  -0.16185E-04   0.14646E+00   0.57019E-06   0.16582E-05  -0.35976E-07
  0.067   0.200    0.60514E-04   0.14896E-04   0.14617E+00  -0.10986E-05   0.33000E-05  -0.35888E-07
  0.067   0.200    0.59975E-04   0.83110E-05   0.14619E+00  -0.74357E-06   0.32712E-05  -0.35895E-07
  0.067   0.200    0.13685E-05   0.28177E-04   0.14659E+00  -0.18119E-05   0.13172E-06  -0.35942E-07
  0.067   0.200    0.17477E-05   0.18245E-04   0.14666E+00  -0.12787E-05   0.15204E-06  -0.35965E-07
  0.067   0.200    0.16781E-05   0.71370E-05   0.14669E+00  -0.68254E-06   0.14833E-06  -0.35977E-07
  0.067   0.200    0.11886E-05  -0.24187E-05   0.14667E+00  -0.16883E-06   0.12215E-06  -0.35989E-07
  0.067   0.200    0.30574E-04   0.18400E-04   0.14652E+00  -0.12867E-05   0.16961E-05  -0.35950E-07
  0.067   0.200    0.30513E-04   0.27943E-04   0.14646E+00  -0.17991E-05   0.16930E-05  -0.35927E-07
  0.067   0.200    0.30277E-04   0.75245E-05   0.14655E+00  -0.70311E-06   0.16803E-05  -0.35963E-07
  0.067   0.200    0.29882E-04  -0.19735E-05   0.14654E+00  -0.19249E-06   0.16593E-05  -0.35975E-07
  0.067   0.200    0.60449E-04   0.29152E-04   0.14609E+00  -0.18634E-05   0.32965E-05  -0.35848E-07
  0.067   0.200    0.59950E-04   0.22594E-04   0.14617E+00  -0.15099E-05   0.32699E-05  -0.35869E-07
  0.067   0.200    0.13748E-05   0.42500E-04   0.14647E+00  -0.25801E-05   0.13201E-06  -0.35893E-07
  0.067   0.200    0.17234E-05   0.32162E-04   0.14659E+00  -0.20256E-05   0.15071E-06  -0.35929E-07
  0.067   0.200    0.16231E-05   0.21060E-04   0.14667E+00  -0.14299E-05   0.14536E-06  -0.35952E-07
  0.067   0.200    0.11085E-05   0.11927E-04   0.14670E+00  -0.93861E-06   0.11785E-06  -0.35976E-07
  0.067   0.200    0.30500E-04   0.32335E-04   0.14645E+00  -0.20346E-05   0.16921E-05  -0.35914E-07
  0.067   0.200    0.30447E-04   0.42285E-04   0.14633E+00  -0.25684E-05   0.16894E-05  -0.35877E-07
  0.067   0.200    0.30221E-04   0.21445E-04   0.14653E+00  -0.14503E-05   0.16772E-05  -0.35938E-07
  0.067   0.200    0.29867E-04   0.12359E-04   0.14657E+00  -0.96153E-06   0.16585E-05  -0.35963E-07
  0.067   0.200    0.60345E-04   0.43511E-04   0.14597E+00  -0.26336E-05   0.32909E-05  -0.35798E-07
  0.067   0.200    0.59886E-04   0.36985E-04   0.14609E+00  -0.22819E-05   0.32664E-05  -0.35832E-07
  0.067   0.200   -0.31811E-04   0.13862E-04   0.14654E+00  -0.10437E-05  -0.16456E-05  -0.35926E-07
  0.067   0.200   -0.31862E-04   0.44112E-05   0.14655E+00  -0.53579E-06  -0.16482E-05  -0.35936E-07
  0.067   0.200   -0.31904E-04  -0.66250E-05   0.14653E+00   0.56562E-07  -0.16504E-05  -0.35936E-07
  0.067   0.200   -0.31910E-04  -0.16527E-04   0.14646E+00   0.58858E-06  -0.16510E-05  -0.35937E-07
  0.067   0.200   -0.28754E-05   0.46513E-05   0.14667E+00  -0.54892E-06  -0.95419E-07  -0.35983E-07
  0.067   0.200   -0.24835E-05   0.13766E-04   0.14666E+00  -0.10388E-05  -0.74498E-07  -0.35974E-07
  0.067   0.200   -0.32696E-05  -0.62382E-05   0.14665E+00   0.35556E-07  -0.11651E-06  -0.35982E-07
  0.067   0.200   -0.32941E-05  -0.16224E-04   0.14659E+00   0.57206E-06  -0.11787E-06  -0.35983E-07
  0.067   0.200    0.27564E-04   0.15035E-04   0.14655E+00  -0.11068E-05   0.15351E-05  -0.35956E-07
  0.067   0.200    0.27082E-04   0.83780E-05   0.14657E+00  -0.74788E-06   0.15094E-05  -0.35966E-07
  0.067   0.200   -0.31827E-04  -0.50691E-06   0.14656E+00  -0.27280E-06  -0.16465E-05  -0.35950E-07
  0.067   0.200   -0.31842E-04  -0.95388E-05   0.14653E+00   0.21312E-06  -0.16471E-05  -0.35947E-07
  0.067   0.200   -0.31848E-04  -0.20569E-04   0.14645E+00   0.80527E-06  -0.16474E-05  -0.35936E-07
  0.067   0.200   -0.31823E-04  -0.30883E-04   0.14633E+00   0.13591E-05  -0.16463E-05  -0.35925E-07
  0.067   0.200   -0.28143E-05  -0.93302E-05   0.14665E+00   0.20168E-06  -0.92158E-07  -0.35995E-07
  0.067   0.200   -0.24355E-05  -0.63540E-06   0.14668E+00  -0.26620E-06  -0.71922E-07  -0.35999E-07
  0.067   0.200   -0.32197E-05  -0.20192E-04   0.14657E+00   0.78477E-06  -0.11385E-06  -0.35982E-07
  0.067   0.200   -0.32800E-05  -0.30579E-04   0.14645E+00   0.13425E-05  -0.11715E-06  -0.35971E-07
  0.067   0.200    0.27641E-04   0.60337E-06   0.14657E+00  -0.33254E-06   0.15393E-05  -0.35982E-07
  0.067   0.200    0.27124E-04  -0.60754E-05   0.14654E+00   0.27669E-07   0.15116E-05  -0.35978E-07
  0.067   0.200   -0.31790E-04   0.28091E-04   0.14646E+00  -0.18070E-05  -0.16445E-05  -0.35887E-07
  0.067   0.200   -0.31876E-04   0.18230E-04   0.14653E+00  -0.12776E-05  -0.16489E-05  -0.35911E-07
  0.067   0.200   -0.31955E-04   0.71951E-05   0.14655E+00  -0.68536E-06  -0.16531E-05  -0.35923E-07
  0.067   0.200   -0.31992E-04  -0.22929E-05   0.14654E+00  -0.17529E-06  -0.16553E-05  -0.35936E-07
  0.067   0.200   -0.29357E-05   0.18502E-04   0.14665E+00  -0.12924E-05  -0.98663E-07  -0.35959E-07
  0.067   0.200   -0.25310E-05   0.28025E-04   0.14658E+00  -0.18038E-05  -0.77072E-07  -0.35936E-07
  0.067   0.200   -0.33188E-05   0.75910E-05   0.14667E+00  -0.70686E-06  -0.11915E-06  -0.35969E-07
  0.067   0.200   -0.33077E-05  -0.19912E-05   0.14666E+00  -0.19174E-06  -0.11858E-06  -0.35983E-07
  0.067   0.200    0.27483E-04   0.29324E-04   0.14647E+00  -0.18733E-05   0.15307E-05  -0.35917E-07
  0.067   0.200    0.27035E-04   0.22695E-04   0.14655E+00  -0.15160E-05   0.15068E-05  -0.35940E-07
  0.067   0.200   -0.31734E-04   0.42404E-04   0.14634E+00  -0.25747E-05  -0.16416E-05  -0.35838E-07
  0.067   0.200   -0.31856E-04   0.32138E-04   0.14645E+00  -0.20240E-05  -0.16479E-05  -0.35876E-07
  0.067   0.200   -0.31971E-04   0.21109E-04   0.14653E+00  -0.14322E-05  -0.16540E-05  -0.35899E-07
  0.067   0.200   -0.32039E-04   0.12044E-04   0.14657E+00  -0.94456E-06  -0.16579E-05  -0.35924E-07
  0.067   0.200   -0.29647E-05   0.32440E-04   0.14658E+00  -0.20405E-05  -0.10024E-06  -0.35923E-07
  0.067   0.200   -0.25476E-05   0.42371E-04   0.14646E+00  -0.25732E-05  -0.78009E-07  -0.35886E-07
  0.067   0.200   -0.33363E-05   0.21514E-04   0.14666E+00  -0.14542E-05  -0.12012E-06  -0.35945E-07
  0.067   0.200   -0.32898E-05   0.12344E-04   0.14670E+00  -0.96093E-06  -0.11762E-06  -0.35971E-07
  0.067   0.200    0.27429E-04   0.43699E-04   0.14635E+00  -0.26444E-05   0.15278E-05  -0.35867E-07
  0.067   0.200    0.27015E-04   0.37101E-04   0.14647E+00  -0.22888E-05   0.15057E-05  -0.35903E-07
  0.067   0.200   -0.64778E-04  -0.52348E-06   0.14620E+00  -0.27115E-06  -0.34117E-05  -0.35838E-07
  0.067   0.200   -0.65245E-04  -0.94840E-05   0.14616E+00   0.21095E-06  -0.34363E-05  -0.35836E-07
  0.067   0.200   -0.65248E-04  -0.20436E-04   0.14608E+00   0.79888E-06  -0.34365E-05  -0.35824E-07
  0.067   0.200   -0.64762E-04  -0.30677E-04   0.14596E+00   0.13488E-05  -0.34109E-05  -0.35814E-07
  0.067   0.200   -0.36179E-04  -0.91827E-05   0.14653E+00   0.19405E-06  -0.18792E-05  -0.35946E-07
  0.067   0.200   -0.35348E-04  -0.50780E-06   0.14657E+00  -0.27277E-06  -0.18350E-05  -0.35950E-07
  0.067   0.200   -0.36658E-04  -0.20074E-04   0.14646E+00   0.77875E-06  -0.19049E-05  -0.35931E-07
  0.067   0.200   -0.36302E-04  -0.30540E-04   0.14634E+00   0.13407E-05  -0.18861E-05  -0.35920E-07
  0.067   0.200   -0.52705E-05   0.79420E-06   0.14671E+00  -0.34301E-06  -0.22370E-06  -0.35992E-07
  0.067   0.200   -0.57243E-05  -0.59588E-05   0.14668E+00   0.21172E-07  -0.24798E-06  -0.35990E-07
  0.067   0.200   -0.64767E-04   0.13979E-04   0.14617E+00  -0.10492E-05  -0.34112E-05  -0.35814E-07
  0.067   0.200   -0.65277E-04   0.45952E-05   0.14619E+00  -0.54490E-06  -0.34380E-05  -0.35825E-07
  0.067   0.200   -0.65322E-04  -0.63627E-05   0.14616E+00   0.43248E-07  -0.34405E-05  -0.35825E-07
  0.067   0.200   -0.64873E-04  -0.16188E-04   0.14610E+00   0.57117E-06  -0.34169E-05  -0.35828E-07
  0.067   0.200   -0.36252E-04   0.49403E-05   0.14656E+00  -0.56416E-06  -0.18831E-05  -0.35935E-07
  0.067   0.200   -0.35402E-04   0.14039E-04   0.14655E+00  -0.10532E-05  -0.18379E-05  -0.35925E-07
  0.067   0.200   -0.36725E-04  -0.59796E-05   0.14654E+00   0.21964E-07  -0.19085E-05  -0.35932E-07
  0.067   0.200   -0.36339E-04  -0.16041E-04   0.14648E+00   0.56250E-06  -0.18881E-05  -0.35934E-07
  0.067   0.200   -0.53529E-05   0.15384E-04   0.14669E+00  -0.11258E-05  -0.22813E-06  -0.35967E-07
  0.067   0.200   -0.57774E-05   0.86535E-05   0.14672E+00  -0.76291E-06  -0.25082E-06  -0.35979E-07
  0.130   0.385    0.18766E-04  -0.33014E-04   0.28233E+00   0.11873E-05   0.11183E-05  -0.69383E-07
  0.130   0.385    0.21913E-04  -0.98169E-04   0.28205E+00   0.46925E-05   0.12866E-05  -0.69353E-07
  0.130   0.385    0.21847E-04  -0.17751E-03   0.28150E+00   0.89514E-05   0.12831E-05  -0.69274E-07
  0.130   0.385    0.18695E-04  -0.25158E-03   0.28065E+00   0.12928E-04   0.11142E-05  -0.69185E-07
  0.130   0.385    0.22867E-03  -0.97226E-04   0.28108E+00   0.46436E-05   0.12360E-04  -0.69243E-07
  0.130   0.385    0.22819E-03  -0.34896E-04   0.28135E+00   0.12899E-05   0.12336E-04  -0.69274E-07
  0.130   0.385    0.22616E-03  -0.17448E-03   0.28052E+00   0.87907E-05   0.12226E-04  -0.69173E-07
  0.130   0.385    0.22248E-03  -0.24790E-03   0.27969E+00   0.12733E-04   0.12031E-04  -0.69082E-07
  0.130   0.385    0.44128E-03  -0.26322E-04   0.27873E+00   0.83441E-06   0.23750E-04  -0.68727E-07
  0.130   0.385    0.43702E-03  -0.73653E-04   0.27851E+00   0.33869E-05   0.23522E-04  -0.68683E-07
  0.130   0.385    0.19312E-04   0.70089E-04   0.28208E+00  -0.43437E-05   0.11474E-05  -0.69187E-07
  0.130   0.385    0.22253E-04   0.19071E-05   0.28218E+00  -0.67971E-06   0.13049E-05  -0.69256E-07
  0.130   0.385    0.21970E-04  -0.77584E-04   0.28200E+00   0.35866E-05   0.12898E-05  -0.69258E-07
  0.130   0.385    0.18629E-04  -0.14889E-03   0.28153E+00   0.74174E-05   0.11109E-05  -0.69257E-07
  0.130   0.385    0.22869E-03   0.28726E-05   0.28120E+00  -0.72981E-06   0.12362E-04  -0.69144E-07
  0.130   0.385    0.22815E-03   0.68225E-04   0.28110E+00  -0.42422E-05   0.12334E-04  -0.69077E-07
  0.130   0.385    0.22641E-03  -0.74693E-04   0.28103E+00   0.34331E-05   0.12240E-04  -0.69156E-07
  0.130   0.385    0.22314E-03  -0.14543E-03   0.28057E+00   0.72335E-05   0.12066E-04  -0.69156E-07
  0.130   0.385    0.44093E-03   0.76581E-04   0.27849E+00  -0.46860E-05   0.23731E-04  -0.68524E-07
  0.130   0.385    0.43716E-03   0.29420E-04   0.27864E+00  -0.21433E-05   0.23530E-04  -0.68577E-07
  0.130   0.385    0.19573E-04   0.17217E-03   0.28152E+00  -0.98193E-05   0.11612E-05  -0.68915E-07
  0.130   0.385    0.22303E-04   0.10113E-03   0.28200E+00  -0.60055E-05   0.13074E-05  -0.69082E-07
  0.130   0.385    0.21805E-04   0.21645E-04   0.28219E+00  -0.17402E-05   0.12809E-05  -0.69165E-07
  0.130   0.385    0.18284E-04  -0.46773E-04   0.28209E+00   0.19376E-05   0.10926E-05  -0.69250E-07
  0.130   0.385    0.22835E-03   0.10212E-03   0.28102E+00  -0.60567E-05   0.12344E-04  -0.68969E-07
  0.130   0.385    0.22775E-03   0.17033E-03   0.28054E+00  -0.97188E-05   0.12313E-04  -0.68805E-07
  0.130   0.385    0.22631E-03   0.24399E-04   0.28122E+00  -0.18863E-05   0.12234E-04  -0.69061E-07
  0.130   0.385    0.22344E-03  -0.43531E-04   0.28113E+00   0.17654E-05   0.12082E-04  -0.69152E-07
  0.130   0.385    0.44013E-03   0.17846E-03   0.27793E+00  -0.10151E-04   0.23688E-04  -0.68246E-07
  0.130   0.385    0.43687E-03   0.13159E-03   0.27846E+00  -0.76243E-05   0.23514E-04  -0.68396E-07
  0.130   0.385    0.19570E-04   0.27478E-03   0.28065E+00  -0.15323E-04   0.11607E-05  -0.68569E-07
  0.130   0.385    0.22080E-04   0.20101E-03   0.28151E+00  -0.11366E-04   0.12953E-05  -0.68833E-07
  0.130   0.385    0.21368E-04   0.12168E-03   0.28208E+00  -0.71097E-05   0.12573E-05  -0.68997E-07
  0.130   0.385    0.17672E-04   0.56318E-04   0.28236E+00  -0.35937E-05   0.10598E-05  -0.69170E-07
  0.130   0.385    0.22768E-03   0.20202E-03   0.28054E+00  -0.11418E-04   0.12308E-04  -0.68720E-07
  0.130   0.385    0.22703E-03   0.27297E-03   0.27968E+00  -0.15224E-04   0.12273E-04  -0.68458E-07
  0.130   0.385    0.22587E-03   0.12429E-03   0.28111E+00  -0.72482E-05   0.12211E-04  -0.68893E-07
  0.130   0.385    0.22341E-03   0.59336E-04   0.28140E+00  -0.37540E-05   0.12081E-04  -0.69075E-07
  0.130   0.385    0.43894E-03   0.28086E-03   0.27708E+00  -0.15643E-04   0.23624E-04  -0.67895E-07
  0.130   0.385    0.43618E-03   0.23440E-03   0.27799E+00  -0.13140E-04   0.23477E-04  -0.68141E-07
  0.130   0.385   -0.21853E-03   0.69343E-04   0.28110E+00  -0.43016E-05  -0.11593E-04  -0.68791E-07
  0.130   0.385   -0.21895E-03   0.17581E-05   0.28121E+00  -0.66959E-06  -0.11614E-04  -0.68864E-07
  0.130   0.385   -0.21920E-03  -0.77090E-04   0.28103E+00   0.35622E-05  -0.11627E-04  -0.68866E-07
  0.130   0.385   -0.21910E-03  -0.14783E-03   0.28056E+00   0.73625E-05  -0.11623E-04  -0.68873E-07
  0.130   0.385   -0.11680E-04   0.34737E-05   0.28207E+00  -0.76343E-06  -0.51149E-06  -0.69203E-07
  0.130   0.385   -0.88675E-05   0.68708E-04   0.28197E+00  -0.42695E-05  -0.36137E-06  -0.69135E-07
  0.130   0.385   -0.14502E-04  -0.74416E-04   0.28190E+00   0.34169E-05  -0.66250E-06  -0.69197E-07
  0.130   0.385   -0.14676E-04  -0.14582E-03   0.28144E+00   0.72527E-05  -0.67211E-06  -0.69205E-07
  0.130   0.385    0.20598E-03   0.77754E-04   0.28118E+00  -0.47541E-05   0.11147E-04  -0.69010E-07
  0.130   0.385    0.20257E-03   0.30080E-04   0.28134E+00  -0.21838E-05   0.10965E-04  -0.69078E-07
  0.130   0.385   -0.21875E-03  -0.33798E-04   0.28136E+00   0.12315E-05  -0.11605E-04  -0.68987E-07
  0.130   0.385   -0.21880E-03  -0.98356E-04   0.28108E+00   0.47046E-05  -0.11606E-04  -0.68962E-07
  0.130   0.385   -0.21868E-03  -0.17705E-03   0.28052E+00   0.89291E-05  -0.11599E-04  -0.68883E-07
  0.130   0.385   -0.21824E-03  -0.25056E-03   0.27967E+00   0.12876E-04  -0.11578E-04  -0.68802E-07
  0.130   0.385   -0.11215E-04  -0.96984E-04   0.28194E+00   0.46292E-05  -0.48662E-06  -0.69302E-07
  0.130   0.385   -0.85019E-05  -0.34783E-04   0.28221E+00   0.12823E-05  -0.34171E-06  -0.69333E-07
  0.130   0.385   -0.14112E-04  -0.17456E-03   0.28139E+00   0.87937E-05  -0.64167E-06  -0.69215E-07
  0.130   0.385   -0.14543E-04  -0.24865E-03   0.28055E+00   0.12772E-04  -0.66525E-06  -0.69131E-07
  0.130   0.385    0.20667E-03  -0.25848E-04   0.28142E+00   0.80384E-06   0.11184E-04  -0.69213E-07
  0.130   0.385    0.20290E-03  -0.73691E-04   0.28120E+00   0.33839E-05   0.10982E-04  -0.69184E-07
  0.130   0.385   -0.21824E-03   0.17137E-03   0.28055E+00  -0.97742E-05  -0.11577E-04  -0.68520E-07
  0.130   0.385   -0.21902E-03   0.10093E-03   0.28103E+00  -0.59925E-05  -0.11618E-04  -0.68692E-07
  0.130   0.385   -0.21964E-03   0.22082E-04   0.28122E+00  -0.17615E-05  -0.11651E-04  -0.68774E-07
  0.130   0.385   -0.21986E-03  -0.45770E-04   0.28112E+00   0.18860E-05  -0.11664E-04  -0.68867E-07
  0.130   0.385   -0.12132E-04   0.10298E-03   0.28189E+00  -0.61045E-05  -0.53576E-06  -0.69029E-07
  0.130   0.385   -0.92240E-05   0.17108E-03   0.28141E+00  -0.97608E-05  -0.38067E-06  -0.68865E-07
  0.130   0.385   -0.14876E-04   0.24935E-04   0.28209E+00  -0.19164E-05  -0.68257E-06  -0.69104E-07
  0.130   0.385   -0.14794E-04  -0.43653E-04   0.28201E+00   0.17705E-05  -0.67832E-06  -0.69202E-07
  0.130   0.385    0.20523E-03   0.18023E-03   0.28063E+00  -0.10251E-04   0.11107E-04  -0.68733E-07
  0.130   0.385    0.20217E-03   0.13284E-03   0.28117E+00  -0.76969E-05   0.10943E-04  -0.68898E-07
  0.130   0.385   -0.21764E-03   0.27380E-03   0.27970E+00  -0.15268E-04  -0.11546E-04  -0.68177E-07
  0.130   0.385   -0.21879E-03   0.20063E-03   0.28055E+00  -0.11343E-04  -0.11605E-04  -0.68447E-07
  0.130   0.385   -0.21978E-03   0.12193E-03   0.28112E+00  -0.71211E-05  -0.11658E-04  -0.68610E-07
  0.130   0.385   -0.22033E-03   0.57126E-04   0.28140E+00  -0.36350E-05  -0.11689E-04  -0.68790E-07
  0.130   0.385   -0.12343E-04   0.20302E-03   0.28142E+00  -0.11473E-04  -0.54729E-06  -0.68782E-07
  0.130   0.385   -0.93465E-05   0.27386E-03   0.28056E+00  -0.15273E-04  -0.38755E-06  -0.68520E-07
  0.130   0.385   -0.15005E-04   0.12496E-03   0.28199E+00  -0.72854E-05  -0.68965E-06  -0.68938E-07
  0.130   0.385   -0.14669E-04   0.59348E-04   0.28229E+00  -0.37561E-05  -0.67157E-06  -0.69127E-07
  0.130   0.385    0.20465E-03   0.28310E-03   0.27978E+00  -0.15768E-04   0.11075E-04  -0.68382E-07
  0.130   0.385    0.20194E-03   0.23613E-03   0.28070E+00  -0.13237E-04   0.10931E-04  -0.68644E-07
  0.130   0.385   -0.45382E-03  -0.33612E-04   0.27873E+00   0.12271E-05  -0.24197E-04  -0.68188E-07
  0.130   0.385   -0.45705E-03  -0.97543E-04   0.27846E+00   0.46665E-05  -0.24367E-04  -0.68169E-07
  0.130   0.385   -0.45675E-03  -0.17546E-03   0.27791E+00   0.88489E-05  -0.24351E-04  -0.68090E-07
  0.130   0.385   -0.45275E-03  -0.24830E-03   0.27707E+00   0.12760E-04  -0.24140E-04  -0.68019E-07
  0.130   0.385   -0.25063E-03  -0.95750E-04   0.28115E+00   0.45650E-05  -0.13309E-04  -0.68955E-07
  0.130   0.385   -0.24475E-03  -0.33698E-04   0.28142E+00   0.12260E-05  -0.12996E-04  -0.68984E-07
  0.130   0.385   -0.25390E-03  -0.17351E-03   0.28060E+00   0.87394E-05  -0.13485E-04  -0.68850E-07
  0.130   0.385   -0.25109E-03  -0.24817E-03   0.27977E+00   0.12748E-04  -0.13336E-04  -0.68775E-07
  0.130   0.385   -0.29534E-04  -0.24456E-04   0.28246E+00   0.72744E-06  -0.14677E-05  -0.69292E-07
  0.130   0.385   -0.32783E-04  -0.72874E-04   0.28224E+00   0.33383E-05  -0.16415E-05  -0.69278E-07
  0.130   0.385   -0.45362E-03   0.70150E-04   0.27853E+00  -0.43394E-05  -0.24186E-04  -0.68000E-07
  0.130   0.385   -0.45737E-03   0.31655E-05   0.27863E+00  -0.73974E-06  -0.24384E-04  -0.68081E-07
  0.130   0.385   -0.45760E-03  -0.74912E-04   0.27846E+00   0.34507E-05  -0.24396E-04  -0.68084E-07
  0.130   0.385   -0.45408E-03  -0.14498E-03   0.27800E+00   0.72150E-05  -0.24211E-04  -0.68100E-07
  0.130   0.385   -0.25123E-03   0.56272E-05   0.28133E+00  -0.87709E-06  -0.13342E-04  -0.68865E-07
  0.130   0.385   -0.24509E-03   0.70749E-04   0.28121E+00  -0.43772E-05  -0.13015E-04  -0.68795E-07
  0.130   0.385   -0.25458E-03  -0.72462E-04   0.28116E+00   0.33140E-05  -0.13521E-04  -0.68843E-07
  0.130   0.385   -0.25167E-03  -0.14441E-03   0.28071E+00   0.71794E-05  -0.13367E-04  -0.68859E-07
  0.130   0.385   -0.30163E-04   0.80437E-04   0.28225E+00  -0.48998E-05  -0.15015E-05  -0.69097E-07
  0.130   0.385   -0.33208E-04   0.32184E-04   0.28242E+00  -0.22985E-05  -0.16642E-05  -0.69181E-07
