  0.000   0.000    0.00000E+00   0.00000E+00   0.00000E+00   0.00000E+00   0.00000E+00   0.00000E+00
  0.000   0.000    0.00000E+00   0.00000E+00   0.00000E+00   0.00000E+00   0.00000E+00   0.00000E+00
  0.000   0.000    0.00000E+00   0.00000E+00   0.00000E+00   0.00000E+00   0.00000E+00   0.00000E+00
  0.000   0.000    0.00000E+00   0.00000E+00   0.00000E+00   0.00000E+00   0.00000E+00   0.00000E+00
  0.000   0.000    0.00000E+00   0.00000E+00   0.00000E+00   0.00000E+00   0.00000E+00   0.00000E+00
  0.000   0.000    0.00000E+00   0.00000E+00   0.00000E+00   0.00000E+00   0.00000E+00   0.00000E+00
  0.000   0.000    0.00000E+00   0.00000E+00   0.00000E+00   0.00000E+00   0.00000E+00   0.00000E+00
  0.000   0.000    0.00000E+00   0.00000E+00   0.00000E+00   0.00000E+00   0.00000E+00   0.00000E+00
  0.000   0.000    0.00000E+00   0.00000E+00   0.00000E+00   0.00000E+00   0.00000E+00   0.00000E+00
  0.000   0.000    0.00000E+00   0.00000E+00   0.00000E+00   0.00000E+00   0.00000E+00   0.00000E+00
  0.000   0.000    0.00000E+00   0.00000E+00   0.00000E+00   0.00000E+00   0.00000E+00   0.00000E+00
  0.000   0.000    0.00000E+00   0.00000E+00   0.00000E+00   0.00000E+00   0.00000E+00   0.00000E+00
  0.000   0.000    0.00000E+00   0.00000E+00   0.00000E+00   0.00000E+00   0.00000E+00   0.00000E+00
  0.000   0.000    0.00000E+00   0.00000E+00   0.00000E+00   0.00000E+00   0.00000E+00   0.00000E+00
  0.000   0.000    0.00000E+00   0.00000E+00   0.00000E+00   0.00000E+00   0.00000E+00   0.00000E+00
  0.000   0.000    0.00000E+00   0.00000E+00   0.00000E+00   0.00000E+00   0.00000E+00   0.00000E+00
  0.000   0.000    0.00000E+00   0.00000E+00   0.00000E+00   0.00000E+00   0.00000E+00   0.00000E+00
  0.000   0.000    0.00000E+00   0.00000E+00   0.00000E+00   0.00000E+00   0.00000E+00   0.00000E+00
  0.000   0.000    0.00000E+00   0.00000E+00   0.00000E+00   0.00000E+00   0.00000E+00   0.00000E+00
  0.000   0.000    0.00000E+00   0.00000E+00   0.00000E+00   0.00000E+00   0.00000E+00   0.00000E+00
  0.000   0.000    0.00000E+00   0.00000E+00   0.00000E+00   0.00000E+00   0.00000E+00   0.00000E+00
  0.000   0.000    0.00000E+00   0.00000E+00   0.00000E+00   0.00000E+00   0.00000E+00   0.00000E+00
  0.000   0.000    0.00000E+00   0.00000E+00   0.00000E+00   0.00000E+00   0.00000E+00   0.00000E+00
  0.000   0.000    0.00000E+00   0.00000E+00   0.00000E+00   0.00000E+00   0.00000E+00   0.00000E+00
  0.000   0.000    0.00000E+00   0.00000E+00   0.00000E+00   0.00000E+00   0.00000E+00   0.00000E+00
  0.000   0.000    0.00000E+00   0.00000E+00   0.00000E+00   0.00000E+00   0.00000E+00   0.00000E+00
  0.000   0.000    0.00000E+00   0.00000E+00   0.00000E+00   0.00000E+00   0.00000E+00   0.00000E+00
  0.000   0.000    0.00000E+00   0.00000E+00   0.00000E+00   0.00000E+00   0.00000E+00   0.00000E+00
  0.000   0.000    0.00000E+00   0.00000E+00   0.00000E+00   0.00000E+00   0.00000E+00   0.00000E+00
  0.000   0.000    0.00000E+00   0.00000E+00   0.00000E+00   0.00000E+00   0.00000E+00   0.00000E+00
  0.000   0.000    0.00000E+00   0.00000E+00   0.00000E+00   0.00000E+00   0.00000E+00   0.00000E+00
  0.000   0.000    0.00000E+00   0.00000E+00   0.00000E+00   0.00000E+00   0.00000E+00   0.00000E+00
  0.000   0.000    0.00000E+00   0.00000E+00   0.00000E+00   0.00000E+00   0.00000E+00   0.00000E+00
  0.000   0.000    0.00000E+00   0.00000E+00   0.00000E+00   0.00000E+00   0.00000E+00   0.00000E+00
  0.000   0.000    0.00000E+00   0.00000E+00   0.00000E+00   0.00000E+00   0.00000E+00   0.00000E+00
  0.000   0.000    0.00000E+00   0.00000E+00   0.00000E+00   0.00000E+00   0.00000E+00   0.00000E+00
  0.000   0.000    0.00000E+00   0.00000E+00   0.00000E+00   0.00000E+00   0.00000E+00   0.00000E+00
  0.000   0.000    0.00000E+00   0.00000E+00   0.00000E+00   0.00000E+00   0.00000E+00   0.00000E+00
  0.000   0.000    0.00000E+00   0.00000E+00   0.00000E+00   0.00000E+00   0.00000E+00   0.00000E+00
  0.000   0.000    0.00000E+00   0.00000E+00   0.00000E+00   0.00000E+00   0.00000E+00   0.00000E+00
  0.000   0.000    0.00000E+00   0.00000E+00   0.00000E+00   0.00000E+00   0.00000E+00   0.00000E+00
  0.000   0.000    0.00000E+00   0.00000E+00   0.00000E+00   0.00000E+00   0.00000E+00   0.00000E+00
  0.000   0.000    0.00000E+00   0.00000E+00   0.00000E+00   0.00000E+00   0.00000E+00   0.00000E+00
  0.000   0.000    0.00000E+00   0.00000E+00   0.00000E+00   0.00000E+00   0.00000E+00   0.00000E+00
  0.000   0.000    0.00000E+00   0.00000E+00   0.00000E+00   0.00000E+00   0.00000E+00   0.00000E+00
  0.000   0.000    0.00000E+00   0.00000E+00   0.00000E+00   0.00000E+00   0.00000E+00   0.00000E+00
  0.000   0.000    0.00000E+00   0.00000E+00   0.00000E+00   0.00000E+00   0.00000E+00   0.00000E+00
  0.000   0.000    0.00000E+00   0.00000E+00   0.00000E+00   0.00000E+00   0.00000E+00   0.00000E+00
  0.000   0.000    0.00000E+00   0.00000E+00   0.00000E+00   0.00000E+00   0.00000E+00   0.00000E+00
  0.000   0.000    0.00000E+00   0.00000E+00   0.00000E+00   0.00000E+00   0.00000E+00   0.00000E+00
  0.000   0.000    0.00000E+00   0.00000E+00   0.00000E+00   0.00000E+00   0.00000E+00   0.00000E+00
  0.000   0.000    0.00000E+00   0.00000E+00   0.00000E+00   0.00000E+00   0.00000E+00   0.00000E+00
  0.000   0.000    0.00000E+00   0.00000E+00   0.00000E+00   0.00000E+00   0.00000E+00   0.00000E+00
  0.000   0.000    0.00000E+00   0.00000E+00   0.00000E+00   0.00000E+00   0.00000E+00   0.00000E+00
  0.000   0.000    0.00000E+00   0.00000E+00   0.00000E+00   0.00000E+00   0.00000E+00   0.00000E+00
  0.000   0.000    0.00000E+00   0.00000E+00   0.00000E+00   0.00000E+00   0.00000E+00   0.00000E+00
  0.000   0.000    0.00000E+00   0.00000E+00   0.00000E+00   0.00000E+00   0.00000E+00   0.00000E+00
  0.000   0.000    0.00000E+00   0.00000E+00   0.00000E+00   0.00000E+00   0.00000E+00   0.00000E+00
  0.000   0.000    0.00000E+00   0.00000E+00   0.00000E+00   0.00000E+00   0.00000E+00   0.00000E+00
  0.000   0.000    0.00000E+00   0.00000E+00   0.00000E+00   0.00000E+00   0.00000E+00   0.00000E+00
  0.000   0.000    0.00000E+00   0.00000E+00   0.00000E+00   0.00000E+00   0.00000E+00   0.00000E+00
  0.000   0.000    0.00000E+00   0.00000E+00   0.00000E+00   0.00000E+00   0.00000E+00   0.00000E+00
  0.000   0.000    0.00000E+00   0.00000E+00   0.00000E+00   0.00000E+00   0.00000E+00   0.00000E+00
  0.000   0.000    0.00000E+00   0.00000E+00   0.00000E+00   0.00000E+00   0.00000E+00   0.00000E+00
  0.000   0.000    0.00000E+00   0.00000E+00   0.00000E+00   0.00000E+00   0.00000E+00   0.00000E+00
  0.000   0.000    0.00000E+00   0.00000E+00   0.00000E+00   0.00000E+00   0.00000E+00   0.00000E+00
  0.000   0.000    0.00000E+00   0.00000E+00   0.00000E+00   0.00000E+00   0.00000E+00   0.00000E+00
  0.000   0.000    0.00000E+00   0.00000E+00   0.00000E+00   0.00000E+00   0.00000E+00   0.00000E+00
  0.000   0.000    0.00000E+00   0.00000E+00   0.00000E+00   0.00000E+00   0.00000E+00   0.00000E+00
  0.000   0.000    0.00000E+00   0.00000E+00   0.00000E+00   0.00000E+00   0.00000E+00   0.00000E+00
  0.000   0.000    0.00000E+00   0.00000E+00   0.00000E+00   0.00000E+00   0.00000E+00   0.00000E+00
  0.000   0.000    0.00000E+00   0.00000E+00   0.00000E+00   0.00000E+00   0.00000E+00   0.00000E+00
  0.000   0.000    0.00000E+00   0.00000E+00   0.00000E+00   0.00000E+00   0.00000E+00   0.00000E+00
  0.000   0.000    0.00000E+00   0.00000E+00   0.00000E+00   0.00000E+00   0.00000E+00   0.00000E+00
  0.000   0.000    0.00000E+00   0.00000E+00   0.00000E+00   0.00000E+00   0.00000E+00   0.00000E+00
  0.000   0.000    0.00000E+00   0.00000E+00   0.00000E+00   0.00000E+00   0.00000E+00   0.00000E+00
  0.000   0.000    0.00000E+00   0.00000E+00   0.00000E+00   0.00000E+00   0.00000E+00   0.00000E+00
  0.000   0.000    0.00000E+00   0.00000E+00   0.00000E+00   0.00000E+00   0.00000E+00   0.00000E+00
  0.000   0.000    0.00000E+00   0.00000E+00   0.00000E+00   0.00000E+00   0.00000E+00   0.00000E+00
  0.000   0.000    0.00000E+00   0.00000E+00   0.00000E+00   0.00000E+00   0.00000E+00   0.00000E+00
  0.000   0.000    0.00000E+00   0.00000E+00   0.00000E+00   0.00000E+00   0.00000E+00   0.00000E+00
  0.000   0.000    0.00000E+00   0.00000E+00   0.00000E+00   0.00000E+00   0.00000E+00   0.00000E+00
  0.000   0.000    0.00000E+00   0.00000E+00   0.00000E+00   0.00000E+00   0.00000E+00   0.00000E+00
  0.000   0.000    0.00000E+00   0.00000E+00   0.00000E+00   0.00000E+00   0.00000E+00   0.00000E+00
  0.000   0.000    0.00000E+00   0.00000E+00   0.00000E+00   0.00000E+00   0.00000E+00   0.00000E+00
  0.000   0.000    0.00000E+00   0.00000E+00   0.00000E+00   0.00000E+00   0.00000E+00   0.00000E+00
  0.000   0.000    0.00000E+00   0.00000E+00   0.00000E+00   0.00000E+00   0.00000E+00   0.00000E+00
  0.000   0.000    0.00000E+00   0.00000E+00   0.00000E+00   0.00000E+00   0.00000E+00   0.00000E+00
  0.000   0.000    0.00000E+00   0.00000E+00   0.00000E+00   0.00000E+00   0.00000E+00   0.00000E+00
  0.000   0.000    0.00000E+00   0.00000E+00   0.00000E+00   0.00000E+00   0.00000E+00   0.00000E+00
  0.000   0.000    0.00000E+00   0.00000E+00   0.00000E+00   0.00000E+00   0.00000E+00   0.00000E+00
  0.000   0.000    0.00000E+00   0.00000E+00   0.00000E+00   0.00000E+00   0.00000E+00   0.00000E+00
  0.000   0.000    0.00000E+00   0.00000E+00   0.00000E+00   0.00000E+00   0.00000E+00   0.00000E+00
  0.000   0.000    0.00000E+00   0.00000E+00   0.00000E+00   0.00000E+00   0.00000E+00   0.00000E+00
  0.000   0.000    0.00000E+00   0.00000E+00   0.00000E+00   0.00000E+00   0.00000E+00   0.00000E+00
  0.000   0.000    0.00000E+00   0.00000E+00   0.00000E+00   0.00000E+00   0.00000E+00   0.00000E+00
  0.000   0.000    0.00000E+00   0.00000E+00   0.00000E+00   0.00000E+00   0.00000E+00   0.00000E+00
  0.000   0.000    0.00000E+00   0.00000E+00   0.00000E+00   0.00000E+00   0.00000E+00   0.00000E+00
  0.000   0.000    0.00000E+00   0.00000E+00   0.00000E+00   0.00000E+00   0.00000E+00   0.00000E+00
  0.000   0.000    0.00000E+00   0.00000E+00   0.00000E+00   0.00000E+00   0.00000E+00   0.00000E+00
 -1.000  -1.000    0.00000E+00   0.00000E+00   0.00000E+00   0.00000E+00   0.00000E+00   0.00000E+00
 -1.000  -1.000    0.00000E+00   0.00000E+00   0.00000E+00   0.00000E+00   0.00000E+00   0.00000E+00
 -1.000  -1.000    0.00000E+00   0.00000E+00   0.00000E+00   0.00000E+00   0.00000E+00   0.00000E+00
 -1.000  -1.000    0.00000E+00   0.00000E+00   0.00000E+00   0.00000E+00   0.00000E+00   0.00000E+00
 -1.000  -1.000    0.00000E+00   0.00000E+00   0.00000E+00   0.00000E+00   0.00000E+00   0.00000E+00
 -1.000  -1.000    0.00000E+00   0.00000E+00   0.00000E+00   0.00000E+00   0.00000E+00   0.00000E+00
 -1.000  -1.000    0.00000E+00   0.00000E+00   0.00000E+00   0.00000E+00   0.00000E+00   0.00000E+00
 -1.000  -1.000    0.00000E+00   0.00000E+00   0.00000E+00   0.00000E+00   0.00000E+00   0.00000E+00
 -1.000  -1.000    0.00000E+00   0.00000E+00   0.00000E+00   0.00000E+00   0.00000E+00   0.00000E+00
 -1.000  -1.000    0.00000E+00   0.00000E+00   0.00000E+00   0.00000E+00   0.00000E+00   0.00000E+00
 -1.000  -1.000    0.00000E+00   0.00000E+00   0.00000E+00   0.00000E+00   0.00000E+00   0.00000E+00
 -1.000  -1.000    0.00000E+00   0.00000E+00   0.00000E+00   0.00000E+00   0.00000E+00   0.00000E+00
 -1.000  -1.000    0.00000E+00   0.00000E+00   0.00000E+00   0.00000E+00   0.00000E+00   0.00000E+00
 -1.000  -1.000    0.00000E+00   0.00000E+00   0.00000E+00   0.00000E+00   0.00000E+00   0.00000E+00
 -1.000  -1.000    0.00000E+00   0.00000E+00   0.00000E+00   0.00000E+00   0.00000E+00   0.00000E+00
 -1.000  -1.000    0.00000E+00   0.00000E+00   0.00000E+00   0.00000E+00   0.00000E+00   0.00000E+00
 -1.000  -1.000    0.00000E+00   0.00000E+00   0.00000E+00   0.00000E+00   0.00000E+00   0.00000E+00
 -1.000  -1.000    0.00000E+00   0.00000E+00   0.00000E+00   0.00000E+00   0.00000E+00   0.00000E+00
 -1.000  -1.000    0.00000E+00   0.00000E+00   0.00000E+00   0.00000E+00   0.00000E+00   0.00000E+00
 -1.000  -1.000    0.00000E+00   0.00000E+00   0.00000E+00   0.00000E+00   0.00000E+00   0.00000E+00
 -1.000  -1.000    0.00000E+00   0.00000E+00   0.00000E+00   0.00000E+00   0.00000E+00   0.00000E+00
 -1.000  -1.000    0.00000E+00   0.00000E+00   0.00000E+00   0.00000E+00   0.00000E+00   0.00000E+00
 -1.000  -1.000    0.00000E+00   0.00000E+00   0.00000E+00   0.00000E+00   0.00000E+00   0.00000E+00
 -1.000  -1.000    0.00000E+00   0.00000E+00   0.00000E+00   0.00000E+00   0.00000E+00   0.00000E+00
 -1.000  -1.000    0.00000E+00   0.00000E+00   0.00000E+00   0.00000E+00   0.00000E+00   0.00000E+00
 -1.000  -1.000    0.00000E+00   0.00000E+00   0.00000E+00   0.00000E+00   0.00000E+00   0.00000E+00
 -1.000  -1.000    0.00000E+00   0.00000E+00   0.00000E+00   0.00000E+00   0.00000E+00   0.00000E+00
 -1.000  -1.000    0.00000E+00   0.00000E+00   0.00000E+00   0.00000E+00   0.00000E+00   0.00000E+00
 -1.000  -1.000    0.00000E+00   0.00000E+00   0.00000E+00   0.00000E+00   0.00000E+00   0.00000E+00
 -1.000  -1.000    0.00000E+00   0.00000E+00   0.00000E+00   0.00000E+00   0.00000E+00   0.00000E+00
 -1.000  -1.000    0.00000E+00   0.00000E+00   0.00000E+00   0.00000E+00   0.00000E+00   0.00000E+00
 -1.000  -1.000    0.00000E+00   0.00000E+00   0.00000E+00   0.00000E+00   0.00000E+00   0.00000E+00
 -1.000  -1.000    0.00000E+00   0.00000E+00   0.00000E+00   0.00000E+00   0.00000E+00   0.00000E+00
 -1.000  -1.000    0.00000E+00   0.00000E+00   0.00000E+00   0.00000E+00   0.00000E+00   0.00000E+00
 -1.000  -1.000    0.00000E+00   0.00000E+00   0.00000E+00   0.00000E+00   0.00000E+00   0.00000E+00
 -1.000  -1.000    0.00000E+00   0.00000E+00   0.00000E+00   0.00000E+00   0.00000E+00   0.00000E+00
 -1.000  -1.000    0.00000E+00   0.00000E+00   0.00000E+00   0.00000E+00   0.00000E+00   0.00000E+00
 -1.000  -1.000    0.00000E+00   0.00000E+00   0.00000E+00   0.00000E+00   0.00000E+00   0.00000E+00
 -1.000  -1.000    0.00000E+00   0.00000E+00   0.00000E+00   0.00000E+00   0.00000E+00   0.00000E+00
 -1.000  -1.000    0.00000E+00   0.00000E+00   0.00000E+00   0.00000E+00   0.00000E+00   0.00000E+00
 -1.000  -1.000    0.00000E+00   0.00000E+00   0.00000E+00   0.00000E+00   0.00000E+00   0.00000E+00
 -1.000  -1.000    0.00000E+00   0.00000E+00   0.00000E+00   0.00000E+00   0.00000E+00   0.00000E+00
 -1.000  -1.000    0.00000E+00   0.00000E+00   0.00000E+00   0.00000E+00   0.00000E+00   0.00000E+00
 -1.000  -1.000    0.00000E+00   0.00000E+00   0.00000E+00   0.00000E+00   0.00000E+00   0.00000E+00
 -1.000  -1.000    0.00000E+00   0.00000E+00   0.00000E+00   0.00000E+00   0.00000E+00   0.00000E+00
 -1.000  -1.000    0.00000E+00   0.00000E+00   0.00000E+00   0.00000E+00   0.00000E+00   0.00000E+00
 -1.000  -1.000    0.00000E+00   0.00000E+00   0.00000E+00   0.00000E+00   0.00000E+00   0.00000E+00
 -1.000  -1.000    0.00000E+00   0.00000E+00   0.00000E+00   0.00000E+00   0.00000E+00   0.00000E+00
 -1.000  -1.000    0.00000E+00   0.00000E+00   0.00000E+00   0.00000E+00   0.00000E+00   0.00000E+00
 -1.000  -1.000    0.00000E+00   0.00000E+00   0.00000E+00   0.00000E+00   0.00000E+00   0.00000E+00
 -1.000  -1.000    0.00000E+00   0.00000E+00   0.00000E+00   0.00000E+00   0.00000E+00   0.00000E+00
 -1.000  -1.000    0.00000E+00   0.00000E+00   0.00000E+00   0.00000E+00   0.00000E+00   0.00000E+00
 -1.000  -1.000    0.00000E+00   0.00000E+00   0.00000E+00   0.00000E+00   0.00000E+00   0.00000E+00
 -1.000  -1.000    0.00000E+00   0.00000E+00   0.00000E+00   0.00000E+00   0.00000E+00   0.00000E+00
 -1.000  -1.000    0.00000E+00   0.00000E+00   0.00000E+00   0.00000E+00   0.00000E+00   0.00000E+00
 -1.000  -1.000    0.00000E+00   0.00000E+00   0.00000E+00   0.00000E+00   0.00000E+00   0.00000E+00
 -1.000  -1.000    0.00000E+00   0.00000E+00   0.00000E+00   0.00000E+00   0.00000E+00   0.00000E+00
 -1.000  -1.000    0.00000E+00   0.00000E+00   0.00000E+00   0.00000E+00   0.00000E+00   0.00000E+00
 -1.000  -1.000    0.00000E+00   0.00000E+00   0.00000E+00   0.00000E+00   0.00000E+00   0.00000E+00
 -1.000  -1.000    0.00000E+00   0.00000E+00   0.00000E+00   0.00000E+00   0.00000E+00   0.00000E+00
 -1.000  -1.000    0.00000E+00   0.00000E+00   0.00000E+00   0.00000E+00   0.00000E+00   0.00000E+00
 -1.000  -1.000    0.00000E+00   0.00000E+00   0.00000E+00   0.00000E+00   0.00000E+00   0.00000E+00
 -1.000  -1.000    0.00000E+00   0.00000E+00   0.00000E+00   0.00000E+00   0.00000E+00   0.00000E+00
 -1.000  -1.000    0.00000E+00   0.00000E+00   0.00000E+00   0.00000E+00   0.00000E+00   0.00000E+00
 -1.000  -1.000    0.00000E+00   0.00000E+00   0.00000E+00   0.00000E+00   0.00000E+00   0.00000E+00
 -1.000  -1.000    0.00000E+00   0.00000E+00   0.00000E+00   0.00000E+00   0.00000E+00   0.00000E+00
 -1.000  -1.000    0.00000E+00   0.00000E+00   0.00000E+00   0.00000E+00   0.00000E+00   0.00000E+00
 -1.000  -1.000    0.00000E+00   0.00000E+00   0.00000E+00   0.00000E+00   0.00000E+00   0.00000E+00
 -1.000  -1.000    0.00000E+00   0.00000E+00   0.00000E+00   0.00000E+00   0.00000E+00   0.00000E+00
 -1.000  -1.000    0.00000E+00   0.00000E+00   0.00000E+00   0.00000E+00   0.00000E+00   0.00000E+00
 -1.000  -1.000    0.00000E+00   0.00000E+00   0.00000E+00   0.00000E+00   0.00000E+00   0.00000E+00
 -1.000  -1.000    0.00000E+00   0.00000E+00   0.00000E+00   0.00000E+00   0.00000E+00   0.00000E+00
 -1.000  -1.000    0.00000E+00   0.00000E+00   0.00000E+00   0.00000E+00   0.00000E+00   0.00000E+00
 -1.000  -1.000    0.00000E+00   0.00000E+00   0.00000E+00   0.00000E+00   0.00000E+00   0.00000E+00
 -1.000  -1.000    0.00000E+00   0.00000E+00   0.00000E+00   0.00000E+00   0.00000E+00   0.00000E+00
 -1.000  -1.000    0.00000E+00   0.00000E+00   0.00000E+00   0.00000E+00   0.00000E+00   0.00000E+00
 -1.000  -1.000    0.00000E+00   0.00000E+00   0.00000E+00   0.00000E+00   0.00000E+00   0.00000E+00
 -1.000  -1.000    0.00000E+00   0.00000E+00   0.00000E+00   0.00000E+00   0.00000E+00   0.00000E+00
 -1.000  -1.000    0.00000E+00   0.00000E+00   0.00000E+00   0.00000E+00   0.00000E+00   0.00000E+00
 -1.000  -1.000    0.00000E+00   0.00000E+00   0.00000E+00   0.00000E+00   0.00000E+00   0.00000E+00
 -1.000  -1.000    0.00000E+00   0.00000E+00   0.00000E+00   0.00000E+00   0.00000E+00   0.00000E+00
 -1.000  -1.000    0.00000E+00   0.00000E+00   0.00000E+00   0.00000E+00   0.00000E+00   0.00000E+00
 -1.000  -1.000    0.00000E+00   0.00000E+00   0.00000E+00   0.00000E+00   0.00000E+00   0.00000E+00
 -1.000  -1.000    0.00000E+00   0.00000E+00   0.00000E+00   0.00000E+00   0.00000E+00   0.00000E+00
 -1.000  -1.000    0.00000E+00   0.00000E+00   0.00000E+00   0.00000E+00   0.00000E+00   0.00000E+00
 -1.000  -1.000    0.00000E+00   0.00000E+00   0.00000E+00   0.00000E+00   0.00000E+00   0.00000E+00
 -1.000  -1.000    0.00000E+00   0.00000E+00   0.00000E+00   0.00000E+00   0.00000E+00   0.00000E+00
 -1.000  -1.000    0.00000E+00   0.00000E+00   0.00000E+00   0.00000E+00   0.00000E+00   0.00000E+00
 -1.000  -1.000    0.00000E+00   0.00000E+00   0.00000E+00   0.00000E+00   0.00000E+00   0.00000E+00
 -1.000  -1.000    0.00000E+00   0.00000E+00   0.00000E+00   0.00000E+00   0.00000E+00   0.00000E+00
 -1.000  -1.000    0.00000E+00   0.00000E+00   0.00000E+00   0.00000E+00   0.00000E+00   0.00000E+00
 -1.000  -1.000    0.00000E+00   0.00000E+00   0.00000E+00   0.00000E+00   0.00000E+00   0.00000E+00
 -1.000  -1.000    0.00000E+00   0.00000E+00   0.00000E+00   0.00000E+00   0.00000E+00   0.00000E+00
 -1.000  -1.000    0.00000E+00   0.00000E+00   0.00000E+00   0.00000E+00   0.00000E+00   0.00000E+00
 -1.000  -1.000    0.00000E+00   0.00000E+00   0.00000E+00   0.00000E+00   0.00000E+00   0.00000E+00
 -1.000  -1.000    0.00000E+00   0.00000E+00   0.00000E+00   0.00000E+00   0.00000E+00   0.00000E+00
 -1.000  -1.000    0.00000E+00   0.00000E+00   0.00000E+00   0.00000E+00   0.00000E+00   0.00000E+00
 -1.000  -1.000    0.00000E+00   0.00000E+00   0.00000E+00   0.00000E+00   0.00000E+00   0.00000E+00
 -1.000  -1.000    0.00000E+00   0.00000E+00   0.00000E+00   0.00000E+00   0.00000E+00   0.00000E+00
 -1.000  -1.000    0.00000E+00   0.00000E+00   0.00000E+00   0.00000E+00   0.00000E+00   0.00000E+00
  0.067   0.200    0.22427E-07   0.39053E-05  -0.58811E-04  -0.20942E-06   0.11779E-08   0.19542E-10
  0.067   0.200    0.14329E-07   0.37942E-05  -0.44434E-04  -0.20359E-06   0.74919E-09   0.15798E-10
  0.067   0.200    0.59556E-08   0.37962E-05  -0.30168E-04  -0.20372E-06   0.30283E-09   0.12709E-10
  0.067   0.200   -0.11078E-08   0.39114E-05  -0.15782E-04  -0.20983E-06  -0.69613E-10   0.93960E-11
  0.067   0.200   -0.81039E-08   0.37994E-05  -0.44459E-04  -0.20387E-06  -0.45202E-09   0.15877E-10
  0.067   0.200   -0.63446E-08   0.39106E-05  -0.58858E-04  -0.20970E-06  -0.36255E-09   0.19589E-10
  0.067   0.200   -0.33315E-08   0.37954E-05  -0.30184E-04  -0.20368E-06  -0.19535E-09   0.12771E-10
  0.067   0.200    0.78575E-08   0.39076E-05  -0.15807E-04  -0.20963E-06   0.41064E-09   0.93196E-11
  0.067   0.200   -0.25722E-07   0.39151E-05  -0.58711E-04  -0.20994E-06  -0.14024E-08   0.19830E-10
  0.067   0.200   -0.14635E-07   0.39230E-05  -0.44180E-04  -0.21040E-06  -0.80221E-09   0.16131E-10
  0.067   0.200    0.12586E-07   0.37841E-05  -0.83155E-04  -0.20286E-06   0.64108E-09   0.25365E-10
  0.067   0.200    0.45351E-08   0.36788E-05  -0.69216E-04  -0.19734E-06   0.21479E-09   0.21736E-10
  0.067   0.200   -0.35784E-08   0.36834E-05  -0.55375E-04  -0.19762E-06  -0.21774E-09   0.18741E-10
  0.067   0.200   -0.10222E-07   0.37976E-05  -0.41407E-04  -0.20367E-06  -0.56793E-09   0.15528E-10
  0.067   0.200   -0.20729E-07   0.36839E-05  -0.69152E-04  -0.19761E-06  -0.11381E-08   0.21793E-10
  0.067   0.200   -0.18910E-07   0.37893E-05  -0.83113E-04  -0.20314E-06  -0.10454E-08   0.25390E-10
  0.067   0.200   -0.16058E-07   0.36825E-05  -0.55304E-04  -0.19757E-06  -0.88689E-09   0.18783E-10
  0.067   0.200   -0.50352E-08   0.37938E-05  -0.41346E-04  -0.20347E-06  -0.29009E-09   0.15435E-10
  0.067   0.200   -0.41443E-07   0.37935E-05  -0.82854E-04  -0.20337E-06  -0.22542E-08   0.25597E-10
  0.067   0.200   -0.30584E-07   0.38031E-05  -0.68767E-04  -0.20391E-06  -0.16664E-08   0.22012E-10
  0.067   0.200    0.34767E-08   0.37736E-05  -0.98434E-04  -0.20227E-06   0.14703E-09   0.29107E-10
  0.067   0.200   -0.47245E-08   0.36702E-05  -0.84529E-04  -0.19685E-06  -0.28726E-09   0.25488E-10
  0.067   0.200   -0.12817E-07   0.36766E-05  -0.70714E-04  -0.19722E-06  -0.71869E-09   0.22501E-10
  0.067   0.200   -0.19274E-07   0.37923E-05  -0.56767E-04  -0.20336E-06  -0.10589E-08   0.19295E-10
  0.067   0.200   -0.31374E-07   0.36753E-05  -0.84387E-04  -0.19712E-06  -0.17143E-08   0.25527E-10
  0.067   0.200   -0.29451E-07   0.37789E-05  -0.98314E-04  -0.20255E-06  -0.16161E-08   0.29114E-10
  0.067   0.200   -0.26694E-07   0.36757E-05  -0.70565E-04  -0.19717E-06  -0.14627E-08   0.22525E-10
  0.067   0.200   -0.15556E-07   0.37885E-05  -0.56628E-04  -0.20315E-06  -0.85975E-09   0.19185E-10
  0.067   0.200   -0.53527E-07   0.37829E-05  -0.97967E-04  -0.20277E-06  -0.29076E-08   0.29299E-10
  0.067   0.200   -0.42624E-07   0.37939E-05  -0.83915E-04  -0.20339E-06  -0.23174E-08   0.25724E-10
  0.067   0.200   -0.45096E-08   0.38745E-05  -0.11330E-03  -0.20765E-06  -0.28669E-09   0.32893E-10
  0.067   0.200   -0.13081E-07   0.37698E-05  -0.99017E-04  -0.20217E-06  -0.74061E-09   0.29178E-10
  0.067   0.200   -0.21392E-07   0.37780E-05  -0.84824E-04  -0.20263E-06  -0.11837E-08   0.26109E-10
  0.067   0.200   -0.27877E-07   0.38984E-05  -0.70487E-04  -0.20902E-06  -0.15254E-08   0.22816E-10
  0.067   0.200   -0.41177E-07   0.37750E-05  -0.98806E-04  -0.20244E-06  -0.22451E-08   0.29202E-10
  0.067   0.200   -0.39109E-07   0.38800E-05  -0.11311E-03  -0.20794E-06  -0.21393E-08   0.32884E-10
  0.067   0.200   -0.36355E-07   0.37770E-05  -0.84604E-04  -0.20258E-06  -0.19859E-08   0.26119E-10
  0.067   0.200   -0.24796E-07   0.38944E-05  -0.70277E-04  -0.20881E-06  -0.13603E-08   0.22687E-10
  0.067   0.200   -0.64689E-07   0.38840E-05  -0.11268E-03  -0.20816E-06  -0.35114E-08   0.33057E-10
  0.067   0.200   -0.53436E-07   0.38965E-05  -0.98248E-04  -0.20887E-06  -0.29023E-08   0.29386E-10
  0.067   0.200    0.17046E-07   0.37894E-05  -0.83114E-04  -0.20315E-06   0.88001E-09   0.25360E-10
  0.067   0.200    0.75105E-08   0.36840E-05  -0.69155E-04  -0.19762E-06   0.37418E-09   0.21728E-10
  0.067   0.200   -0.21598E-08   0.36886E-05  -0.55295E-04  -0.19789E-06  -0.14174E-09   0.18729E-10
  0.067   0.200   -0.10345E-07   0.38029E-05  -0.41308E-04  -0.20395E-06  -0.57449E-09   0.15513E-10
  0.067   0.200   -0.17790E-07   0.36922E-05  -0.69114E-04  -0.19806E-06  -0.98066E-09   0.21795E-10
  0.067   0.200   -0.14489E-07   0.37979E-05  -0.83106E-04  -0.20360E-06  -0.80852E-09   0.25398E-10
  0.067   0.200   -0.14649E-07   0.36908E-05  -0.55234E-04  -0.19801E-06  -0.81138E-09   0.18778E-10
  0.067   0.200   -0.51265E-08   0.38023E-05  -0.41245E-04  -0.20393E-06  -0.29495E-09   0.15424E-10
  0.067   0.200   -0.37047E-07   0.38053E-05  -0.82882E-04  -0.20400E-06  -0.20187E-08   0.25619E-10
  0.067   0.200   -0.27654E-07   0.38149E-05  -0.68752E-04  -0.20455E-06  -0.15094E-08   0.22024E-10
  0.067   0.200    0.16883E-07   0.39105E-05  -0.58911E-04  -0.20970E-06   0.88092E-09   0.19579E-10
  0.067   0.200    0.71126E-08   0.37993E-05  -0.44515E-04  -0.20386E-06   0.36267E-09   0.15830E-10
  0.067   0.200   -0.28660E-08   0.38014E-05  -0.30230E-04  -0.20400E-06  -0.16969E-09   0.12738E-10
  0.067   0.200   -0.11378E-07   0.39167E-05  -0.15823E-04  -0.21011E-06  -0.61979E-09   0.94216E-11
  0.067   0.200   -0.15331E-07   0.38078E-05  -0.44484E-04  -0.20432E-06  -0.83911E-09   0.15900E-10
  0.067   0.200   -0.11902E-07   0.39192E-05  -0.58915E-04  -0.21016E-06  -0.66026E-09   0.19619E-10
  0.067   0.200   -0.12160E-07   0.38038E-05  -0.30178E-04  -0.20413E-06  -0.66822E-09   0.12789E-10
  0.067   0.200   -0.23926E-08   0.39162E-05  -0.15769E-04  -0.21009E-06  -0.13844E-09   0.93309E-11
  0.067   0.200   -0.31292E-07   0.39271E-05  -0.58725E-04  -0.21059E-06  -0.17008E-08   0.19856E-10
  0.067   0.200   -0.21700E-07   0.39351E-05  -0.44150E-04  -0.21104E-06  -0.11807E-08   0.16146E-10
  0.067   0.200    0.22749E-07   0.37730E-05  -0.98019E-04  -0.20224E-06   0.11796E-08   0.28993E-10
  0.067   0.200    0.13291E-07   0.36696E-05  -0.84116E-04  -0.19682E-06   0.67783E-09   0.25377E-10
  0.067   0.200    0.36644E-08   0.36759E-05  -0.70304E-04  -0.19718E-06   0.16425E-09   0.22390E-10
  0.067   0.200   -0.45204E-08   0.37915E-05  -0.56359E-04  -0.20331E-06  -0.26848E-09   0.19186E-10
  0.067   0.200   -0.13373E-07   0.36777E-05  -0.84113E-04  -0.19725E-06  -0.75008E-09   0.25453E-10
  0.067   0.200   -0.10186E-07   0.37814E-05  -0.98049E-04  -0.20269E-06  -0.58396E-09   0.29041E-10
  0.067   0.200   -0.10186E-07   0.36781E-05  -0.70281E-04  -0.19730E-06  -0.57835E-09   0.22448E-10
  0.067   0.200   -0.74197E-09   0.37910E-05  -0.56335E-04  -0.20329E-06  -0.66098E-10   0.19107E-10
  0.067   0.200   -0.34250E-07   0.37887E-05  -0.97851E-04  -0.20308E-06  -0.18749E-08   0.29266E-10
  0.067   0.200   -0.24848E-07   0.37997E-05  -0.83777E-04  -0.20370E-06  -0.13651E-08   0.25688E-10
  0.067   0.200    0.35412E-07   0.38709E-05  -0.11290E-03  -0.20746E-06   0.18520E-08   0.32767E-10
  0.067   0.200    0.25840E-07   0.37663E-05  -0.98636E-04  -0.20198E-06   0.13442E-08   0.29057E-10
  0.067   0.200    0.15965E-07   0.37744E-05  -0.84456E-04  -0.20244E-06   0.81735E-09   0.25992E-10
  0.067   0.200    0.74372E-08   0.38946E-05  -0.70133E-04  -0.20881E-06   0.36647E-09   0.22704E-10
  0.067   0.200   -0.23514E-08   0.37745E-05  -0.98722E-04  -0.20242E-06  -0.16558E-09   0.29158E-10
  0.067   0.200    0.73040E-09   0.38795E-05  -0.11302E-03  -0.20792E-06  -0.51808E-11   0.32839E-10
  0.067   0.200    0.98727E-09   0.37766E-05  -0.84522E-04  -0.20256E-06   0.14289E-10   0.26073E-10
  0.067   0.200    0.10551E-07   0.38940E-05  -0.70197E-04  -0.20879E-06   0.53322E-09   0.22644E-10
  0.067   0.200   -0.24898E-07   0.38868E-05  -0.11290E-03  -0.20831E-06  -0.13799E-08   0.33088E-10
  0.067   0.200   -0.15224E-07   0.38994E-05  -0.98461E-04  -0.20902E-06  -0.85547E-09   0.29418E-10
  0.067   0.200    0.21968E-07   0.39147E-05  -0.59116E-04  -0.20992E-06   0.11532E-08   0.19633E-10
  0.067   0.200    0.10675E-07   0.38034E-05  -0.44704E-04  -0.20408E-06   0.55338E-09   0.15882E-10
  0.067   0.200   -0.90702E-09   0.38054E-05  -0.30404E-04  -0.20422E-06  -0.64840E-10   0.12787E-10
  0.067   0.200   -0.11013E-07   0.39209E-05  -0.15983E-04  -0.21033E-06  -0.60029E-09   0.94679E-11
  0.067   0.200   -0.11842E-07   0.38151E-05  -0.44701E-04  -0.20471E-06  -0.65233E-09   0.15962E-10
  0.067   0.200   -0.68893E-08   0.39267E-05  -0.59159E-04  -0.21056E-06  -0.39183E-09   0.19687E-10
  0.067   0.200   -0.10250E-07   0.38111E-05  -0.30367E-04  -0.20452E-06  -0.56599E-09   0.12846E-10
  0.067   0.200   -0.20409E-08   0.39237E-05  -0.15931E-04  -0.21049E-06  -0.11968E-09   0.93823E-11
  0.067   0.200   -0.26344E-07   0.39379E-05  -0.59008E-04  -0.21117E-06  -0.14358E-08   0.19938E-10
  0.067   0.200   -0.18270E-07   0.39460E-05  -0.44392E-04  -0.21163E-06  -0.99705E-09   0.16219E-10
  0.067   0.200    0.39941E-07   0.39118E-05  -0.85947E-04  -0.20971E-06   0.21053E-08   0.26203E-10
  0.067   0.200    0.28824E-07   0.38029E-05  -0.71538E-04  -0.20400E-06   0.15148E-08   0.22454E-10
  0.067   0.200    0.17251E-07   0.38076E-05  -0.57231E-04  -0.20428E-06   0.89700E-09   0.19360E-10
  0.067   0.200    0.69777E-08   0.39256E-05  -0.42792E-04  -0.21054E-06   0.35271E-09   0.16041E-10
  0.067   0.200    0.26510E-08   0.38146E-05  -0.71657E-04  -0.20462E-06   0.11315E-09   0.22567E-10
  0.067   0.200    0.73383E-08   0.39238E-05  -0.86113E-04  -0.21035E-06   0.35955E-09   0.26289E-10
  0.067   0.200    0.43539E-08   0.38132E-05  -0.57317E-04  -0.20458E-06   0.20543E-09   0.19450E-10
  0.067   0.200    0.12399E-07   0.39285E-05  -0.42864E-04  -0.21069E-06   0.64306E-09   0.15987E-10
  0.067   0.200   -0.15980E-07   0.39347E-05  -0.86054E-04  -0.21094E-06  -0.89145E-09   0.26562E-10
  0.067   0.200   -0.78414E-08   0.39448E-05  -0.71443E-04  -0.21151E-06  -0.44922E-09   0.22847E-10
  0.130   0.385    0.16671E-06   0.28100E-04  -0.14548E-03  -0.15073E-05   0.88715E-08   0.72471E-10
  0.130   0.385    0.11004E-06   0.27284E-04  -0.42174E-04  -0.14645E-05   0.58724E-08   0.45519E-10
  0.130   0.385    0.51141E-07   0.27255E-04   0.60224E-04  -0.14631E-05   0.27335E-08   0.23347E-10
  0.130   0.385    0.92221E-10   0.28018E-04   0.16328E-03  -0.15035E-05   0.42023E-10  -0.47055E-12
  0.130   0.385   -0.55446E-07   0.27290E-04  -0.42411E-04  -0.14648E-05  -0.29882E-08   0.46031E-10
  0.130   0.385   -0.71876E-07   0.28105E-04  -0.14576E-03  -0.15076E-05  -0.39031E-08   0.72738E-10
  0.130   0.385    0.82620E-08   0.27218E-04   0.59929E-04  -0.14611E-05   0.43197E-09   0.23755E-10
  0.130   0.385    0.11821E-06   0.27959E-04   0.16280E-03  -0.15004E-05   0.63693E-08  -0.10442E-11
  0.130   0.385   -0.23925E-06   0.28043E-04  -0.14440E-03  -0.15043E-05  -0.12882E-07   0.74283E-10
  0.130   0.385   -0.10176E-06   0.28093E-04  -0.40448E-04  -0.15071E-05  -0.54713E-08   0.47765E-10
  0.130   0.385    0.86666E-07   0.27214E-04  -0.23991E-03  -0.14596E-05   0.45461E-08   0.94555E-10
  0.130   0.385    0.29690E-07   0.26465E-04  -0.13977E-03  -0.14203E-05   0.15302E-08   0.68468E-10
  0.130   0.385   -0.27323E-07   0.26483E-04  -0.40350E-04  -0.14215E-05  -0.15083E-08   0.46978E-10
  0.130   0.385   -0.74662E-07   0.27267E-04   0.59885E-04  -0.14630E-05  -0.40029E-08   0.23874E-10
  0.130   0.385   -0.16010E-06   0.26471E-04  -0.13930E-03  -0.14206E-05  -0.86325E-08   0.68807E-10
  0.130   0.385   -0.17551E-06   0.27221E-04  -0.23947E-03  -0.14599E-05  -0.94923E-08   0.94658E-10
  0.130   0.385   -0.97444E-07   0.26446E-04  -0.39931E-04  -0.14195E-05  -0.52689E-08   0.47219E-10
  0.130   0.385    0.10790E-07   0.27208E-04   0.60116E-04  -0.14599E-05   0.57471E-09   0.23163E-10
  0.130   0.385   -0.37007E-06   0.27158E-04  -0.23721E-03  -0.14566E-05  -0.19926E-07   0.95921E-10
  0.130   0.385   -0.23541E-06   0.27241E-04  -0.13646E-03  -0.14612E-05  -0.12669E-07   0.70252E-10
  0.130   0.385    0.11834E-07   0.27097E-04  -0.32721E-03  -0.14531E-05   0.50280E-09   0.11589E-09
  0.130   0.385   -0.46893E-07   0.26390E-04  -0.22742E-03  -0.14161E-05  -0.26066E-08   0.89931E-10
  0.130   0.385   -0.10366E-06   0.26450E-04  -0.12819E-03  -0.14195E-05  -0.56318E-08   0.68520E-10
  0.130   0.385   -0.14883E-06   0.27272E-04  -0.27992E-04  -0.14631E-05  -0.80107E-08   0.45479E-10
  0.130   0.385   -0.25833E-06   0.26395E-04  -0.22627E-03  -0.14164E-05  -0.13928E-07   0.90115E-10
  0.130   0.385   -0.27318E-06   0.27104E-04  -0.32610E-03  -0.14535E-05  -0.14759E-07   0.11584E-09
  0.130   0.385   -0.19507E-06   0.26411E-04  -0.12710E-03  -0.14174E-05  -0.10533E-07   0.68608E-10
  0.130   0.385   -0.85665E-07   0.27212E-04  -0.27093E-04  -0.14599E-05  -0.46272E-08   0.44620E-10
  0.130   0.385   -0.49205E-06   0.27039E-04  -0.32297E-03  -0.14500E-05  -0.26495E-07   0.11688E-09
  0.130   0.385   -0.35660E-06   0.27155E-04  -0.22259E-03  -0.14565E-05  -0.19195E-07   0.91339E-10
  0.130   0.385   -0.53896E-07   0.27758E-04  -0.40967E-03  -0.14884E-05  -0.30510E-08   0.13705E-09
  0.130   0.385   -0.11582E-06   0.27070E-04  -0.30737E-03  -0.14524E-05  -0.63305E-08   0.11048E-09
  0.130   0.385   -0.17400E-06   0.27170E-04  -0.20550E-03  -0.14580E-05  -0.94313E-08   0.88532E-10
  0.130   0.385   -0.21860E-06   0.28053E-04  -0.10249E-03  -0.15048E-05  -0.11779E-07   0.64897E-10
  0.130   0.385   -0.34259E-06   0.27075E-04  -0.30563E-03  -0.14527E-05  -0.18474E-07   0.11053E-09
  0.130   0.385   -0.35748E-06   0.27767E-04  -0.40797E-03  -0.14889E-05  -0.19307E-07   0.13687E-09
  0.130   0.385   -0.27701E-06   0.27130E-04  -0.20382E-03  -0.14559E-05  -0.14953E-07   0.88489E-10
  0.130   0.385   -0.16359E-06   0.27990E-04  -0.10101E-03  -0.15014E-05  -0.88316E-08   0.63883E-10
  0.130   0.385   -0.59439E-06   0.27698E-04  -0.40411E-03  -0.14852E-05  -0.32010E-07   0.13777E-09
  0.130   0.385   -0.45443E-06   0.27849E-04  -0.30121E-03  -0.14935E-05  -0.24468E-07   0.11162E-09
  0.130   0.385    0.14845E-06   0.27221E-04  -0.23888E-03  -0.14600E-05   0.78564E-08   0.94309E-10
  0.130   0.385    0.51310E-07   0.26472E-04  -0.13871E-03  -0.14207E-05   0.26885E-08   0.68245E-10
  0.130   0.385   -0.47024E-07   0.26489E-04  -0.39265E-04  -0.14218E-05  -0.25630E-08   0.46775E-10
  0.130   0.385   -0.13451E-06   0.27273E-04   0.60991E-04  -0.14633E-05  -0.72083E-08   0.23689E-10
  0.130   0.385   -0.13841E-06   0.26561E-04  -0.13840E-03  -0.14255E-05  -0.74704E-08   0.68737E-10
  0.130   0.385   -0.11353E-06   0.27314E-04  -0.23892E-03  -0.14650E-05  -0.61717E-08   0.94646E-10
  0.130   0.385   -0.11687E-06   0.26536E-04  -0.38696E-04  -0.14243E-05  -0.63090E-08   0.47102E-10
  0.130   0.385   -0.48349E-07   0.27300E-04   0.61690E-04  -0.14648E-05  -0.25927E-08   0.22986E-10
  0.130   0.385   -0.30824E-06   0.27338E-04  -0.23714E-03  -0.14663E-05  -0.16614E-07   0.96151E-10
  0.130   0.385   -0.21275E-06   0.27422E-04  -0.13572E-03  -0.14709E-05  -0.11455E-07   0.70341E-10
  0.130   0.385    0.14423E-06   0.28105E-04  -0.14680E-03  -0.15076E-05   0.76671E-08   0.72860E-10
  0.130   0.385    0.44888E-07   0.27289E-04  -0.43479E-04  -0.14648E-05   0.23826E-08   0.45932E-10
  0.130   0.385   -0.56590E-07   0.27261E-04   0.58940E-04  -0.14635E-05  -0.30368E-08   0.23781E-10
  0.130   0.385   -0.14773E-06   0.28025E-04   0.16202E-03  -0.15039E-05  -0.78764E-08  -0.19324E-13
  0.130   0.385   -0.12141E-06   0.27382E-04  -0.43216E-04  -0.14697E-05  -0.65213E-08   0.46438E-10
  0.130   0.385   -0.95060E-07   0.28200E-04  -0.14691E-03  -0.15127E-05  -0.51452E-08   0.73204E-10
  0.130   0.385   -0.10027E-06   0.27311E-04   0.59472E-04  -0.14661E-05  -0.53811E-08   0.24120E-10
  0.130   0.385   -0.30098E-07   0.28054E-04   0.16269E-03  -0.15054E-05  -0.15751E-08  -0.74164E-12
  0.130   0.385   -0.26322E-06   0.28228E-04  -0.14538E-03  -0.15142E-05  -0.14166E-07   0.74839E-10
  0.130   0.385   -0.16599E-06   0.28278E-04  -0.40741E-04  -0.15171E-05  -0.89118E-08   0.48171E-10
  0.130   0.385    0.20372E-06   0.27062E-04  -0.32387E-03  -0.14512E-05   0.10783E-07   0.11494E-09
  0.130   0.385    0.10704E-06   0.26354E-04  -0.22421E-03  -0.14142E-05   0.56388E-08   0.89044E-10
  0.130   0.385    0.92661E-08   0.26413E-04  -0.12512E-03  -0.14175E-05   0.41741E-09   0.67686E-10
  0.130   0.385   -0.77670E-07   0.27233E-04  -0.25062E-04  -0.14610E-05  -0.41982E-08   0.44705E-10
  0.130   0.385   -0.10354E-06   0.26443E-04  -0.22424E-03  -0.14189E-05  -0.56376E-08   0.89627E-10
  0.130   0.385   -0.80182E-07   0.27154E-04  -0.32425E-03  -0.14562E-05  -0.44199E-08   0.11537E-09
  0.130   0.385   -0.80976E-07   0.26458E-04  -0.12489E-03  -0.14200E-05  -0.44212E-08   0.68097E-10
  0.130   0.385   -0.12960E-07   0.27260E-04  -0.24712E-04  -0.14625E-05  -0.73194E-09   0.44093E-10
  0.130   0.385   -0.29893E-06   0.27175E-04  -0.32263E-03  -0.14573E-05  -0.16150E-07   0.11689E-09
  0.130   0.385   -0.20281E-06   0.27292E-04  -0.22174E-03  -0.14638E-05  -0.10957E-07   0.91251E-10
  0.130   0.385    0.30468E-06   0.27701E-04  -0.40580E-03  -0.14854E-05   0.16158E-07   0.13583E-09
  0.130   0.385    0.20625E-06   0.27013E-04  -0.30372E-03  -0.14494E-05   0.10921E-07   0.10935E-09
  0.130   0.385    0.10612E-06   0.27112E-04  -0.20206E-03  -0.14549E-05   0.55729E-08   0.87474E-10
  0.130   0.385    0.16428E-07   0.27991E-04  -0.99278E-04  -0.15015E-05   0.81159E-09   0.63923E-10
  0.130   0.385   -0.20234E-07   0.27103E-04  -0.30444E-03  -0.14542E-05  -0.12083E-08   0.11012E-09
  0.130   0.385    0.16917E-08   0.27796E-04  -0.40689E-03  -0.14904E-05  -0.67563E-10   0.13645E-09
  0.130   0.385    0.40209E-08   0.27158E-04  -0.20253E-03  -0.14573E-05   0.98841E-10   0.88057E-10
  0.130   0.385    0.72855E-07   0.28018E-04  -0.99617E-04  -0.15030E-05   0.38338E-08   0.63458E-10
  0.130   0.385   -0.23639E-06   0.27815E-04  -0.40581E-03  -0.14915E-05  -0.12834E-07   0.13813E-09
  0.130   0.385   -0.13701E-06   0.27966E-04  -0.30248E-03  -0.14998E-05  -0.74656E-08   0.11191E-09
  0.130   0.385    0.19059E-06   0.28041E-04  -0.14017E-03  -0.15041E-05   0.10153E-07   0.71160E-10
  0.130   0.385    0.49944E-07   0.27226E-04  -0.37086E-04  -0.14614E-05   0.26560E-08   0.44323E-10
  0.130   0.385   -0.93809E-07   0.27196E-04   0.65090E-04  -0.14600E-05  -0.50276E-08   0.22249E-10
  0.130   0.385   -0.22582E-06   0.27956E-04   0.16792E-03  -0.15002E-05  -0.12057E-07  -0.14722E-11
  0.130   0.385   -0.11168E-06   0.27406E-04  -0.36882E-04  -0.14710E-05  -0.59974E-08   0.44956E-10
  0.130   0.385   -0.43530E-07   0.28226E-04  -0.14067E-03  -0.15141E-05  -0.23822E-08   0.71714E-10
  0.130   0.385   -0.13313E-06   0.27332E-04   0.65890E-04  -0.14673E-05  -0.71385E-08   0.22646E-10
  0.130   0.385   -0.10396E-06   0.28074E-04   0.16919E-03  -0.15065E-05  -0.55290E-08  -0.22135E-11
  0.130   0.385   -0.20704E-06   0.28344E-04  -0.13956E-03  -0.15204E-05  -0.11154E-07   0.73574E-10
  0.130   0.385   -0.15070E-06   0.28393E-04  -0.34497E-04  -0.15232E-05  -0.80907E-08   0.46826E-10
  0.130   0.385    0.31421E-06   0.28016E-04  -0.22624E-03  -0.15026E-05   0.16740E-07   0.92183E-10
  0.130   0.385    0.17444E-06   0.27241E-04  -0.12316E-03  -0.14620E-05   0.92893E-08   0.65391E-10
  0.130   0.385    0.30679E-07   0.27254E-04  -0.20836E-04  -0.14629E-05   0.16051E-08   0.43323E-10
  0.130   0.385   -0.10230E-06   0.28056E-04   0.82303E-04  -0.15054E-05  -0.54753E-08   0.19594E-10
  0.130   0.385   -0.56347E-08   0.27420E-04  -0.12383E-03  -0.14716E-05  -0.35336E-09   0.66247E-10
  0.130   0.385    0.60176E-07   0.28201E-04  -0.22761E-03  -0.15125E-05   0.31376E-08   0.92964E-10
  0.130   0.385   -0.25882E-07   0.27389E-04  -0.20915E-04  -0.14701E-05  -0.14296E-08   0.43931E-10
  0.130   0.385    0.20834E-08   0.28174E-04   0.82688E-04  -0.15117E-05   0.11618E-09   0.19063E-10
  0.130   0.385   -0.12527E-06   0.28316E-04  -0.22721E-03  -0.15187E-05  -0.68097E-08   0.94975E-10
  0.130   0.385   -0.68020E-07   0.28400E-04  -0.12217E-03  -0.15234E-05  -0.36974E-08   0.68279E-10
