  0.000   0.000    0.00000E+00   0.00000E+00   0.00000E+00   0.00000E+00   0.00000E+00   0.00000E+00
  0.000   0.000    0.00000E+00   0.00000E+00   0.00000E+00   0.00000E+00   0.00000E+00   0.00000E+00
  0.000   0.000    0.00000E+00   0.00000E+00   0.00000E+00   0.00000E+00   0.00000E+00   0.00000E+00
  0.000   0.000    0.00000E+00   0.00000E+00   0.00000E+00   0.00000E+00   0.00000E+00   0.00000E+00
  0.000   0.000    0.00000E+00   0.00000E+00   0.00000E+00   0.00000E+00   0.00000E+00   0.00000E+00
  0.000   0.000    0.00000E+00   0.00000E+00   0.00000E+00   0.00000E+00   0.00000E+00   0.00000E+00
  0.000   0.000    0.00000E+00   0.00000E+00   0.00000E+00   0.00000E+00   0.00000E+00   0.00000E+00
  0.000   0.000    0.00000E+00   0.00000E+00   0.00000E+00   0.00000E+00   0.00000E+00   0.00000E+00
  0.000   0.000    0.00000E+00   0.00000E+00   0.00000E+00   0.00000E+00   0.00000E+00   0.00000E+00
  0.000   0.000    0.00000E+00   0.00000E+00   0.00000E+00   0.00000E+00   0.00000E+00   0.00000E+00
  0.000   0.000    0.00000E+00   0.00000E+00   0.00000E+00   0.00000E+00   0.00000E+00   0.00000E+00
  0.000   0.000    0.00000E+00   0.00000E+00   0.00000E+00   0.00000E+00   0.00000E+00   0.00000E+00
  0.000   0.000    0.00000E+00   0.00000E+00   0.00000E+00   0.00000E+00   0.00000E+00   0.00000E+00
  0.000   0.000    0.00000E+00   0.00000E+00   0.00000E+00   0.00000E+00   0.00000E+00   0.00000E+00
  0.000   0.000    0.00000E+00   0.00000E+00   0.00000E+00   0.00000E+00   0.00000E+00   0.00000E+00
  0.000   0.000    0.00000E+00   0.00000E+00   0.00000E+00   0.00000E+00   0.00000E+00   0.00000E+00
  0.000   0.000    0.00000E+00   0.00000E+00   0.00000E+00   0.00000E+00   0.00000E+00   0.00000E+00
  0.000   0.000    0.00000E+00   0.00000E+00   0.00000E+00   0.00000E+00   0.00000E+00   0.00000E+00
  0.000   0.000    0.00000E+00   0.00000E+00   0.00000E+00   0.00000E+00   0.00000E+00   0.00000E+00
  0.000   0.000    0.00000E+00   0.00000E+00   0.00000E+00   0.00000E+00   0.00000E+00   0.00000E+00
  0.000   0.000    0.00000E+00   0.00000E+00   0.00000E+00   0.00000E+00   0.00000E+00   0.00000E+00
  0.000   0.000    0.00000E+00   0.00000E+00   0.00000E+00   0.00000E+00   0.00000E+00   0.00000E+00
  0.000   0.000    0.00000E+00   0.00000E+00   0.00000E+00   0.00000E+00   0.00000E+00   0.00000E+00
  0.000   0.000    0.00000E+00   0.00000E+00   0.00000E+00   0.00000E+00   0.00000E+00   0.00000E+00
  0.000   0.000    0.00000E+00   0.00000E+00   0.00000E+00   0.00000E+00   0.00000E+00   0.00000E+00
  0.000   0.000    0.00000E+00   0.00000E+00   0.00000E+00   0.00000E+00   0.00000E+00   0.00000E+00
  0.000   0.000    0.00000E+00   0.00000E+00   0.00000E+00   0.00000E+00   0.00000E+00   0.00000E+00
  0.000   0.000    0.00000E+00   0.00000E+00   0.00000E+00   0.00000E+00   0.00000E+00   0.00000E+00
  0.000   0.000    0.00000E+00   0.00000E+00   0.00000E+00   0.00000E+00   0.00000E+00   0.00000E+00
  0.000   0.000    0.00000E+00   0.00000E+00   0.00000E+00   0.00000E+00   0.00000E+00   0.00000E+00
  0.000   0.000    0.00000E+00   0.00000E+00   0.00000E+00   0.00000E+00   0.00000E+00   0.00000E+00
  0.000   0.000    0.00000E+00   0.00000E+00   0.00000E+00   0.00000E+00   0.00000E+00   0.00000E+00
  0.000   0.000    0.00000E+00   0.00000E+00   0.00000E+00   0.00000E+00   0.00000E+00   0.00000E+00
  0.000   0.000    0.00000E+00   0.00000E+00   0.00000E+00   0.00000E+00   0.00000E+00   0.00000E+00
  0.000   0.000    0.00000E+00   0.00000E+00   0.00000E+00   0.00000E+00   0.00000E+00   0.00000E+00
  0.000   0.000    0.00000E+00   0.00000E+00   0.00000E+00   0.00000E+00   0.00000E+00   0.00000E+00
  0.000   0.000    0.00000E+00   0.00000E+00   0.00000E+00   0.00000E+00   0.00000E+00   0.00000E+00
  0.000   0.000    0.00000E+00   0.00000E+00   0.00000E+00   0.00000E+00   0.00000E+00   0.00000E+00
  0.000   0.000    0.00000E+00   0.00000E+00   0.00000E+00   0.00000E+00   0.00000E+00   0.00000E+00
  0.000   0.000    0.00000E+00   0.00000E+00   0.00000E+00   0.00000E+00   0.00000E+00   0.00000E+00
  0.000   0.000    0.00000E+00   0.00000E+00   0.00000E+00   0.00000E+00   0.00000E+00   0.00000E+00
  0.000   0.000    0.00000E+00   0.00000E+00   0.00000E+00   0.00000E+00   0.00000E+00   0.00000E+00
  0.000   0.000    0.00000E+00   0.00000E+00   0.00000E+00   0.00000E+00   0.00000E+00   0.00000E+00
  0.000   0.000    0.00000E+00   0.00000E+00   0.00000E+00   0.00000E+00   0.00000E+00   0.00000E+00
  0.000   0.000    0.00000E+00   0.00000E+00   0.00000E+00   0.00000E+00   0.00000E+00   0.00000E+00
  0.000   0.000    0.00000E+00   0.00000E+00   0.00000E+00   0.00000E+00   0.00000E+00   0.00000E+00
  0.000   0.000    0.00000E+00   0.00000E+00   0.00000E+00   0.00000E+00   0.00000E+00   0.00000E+00
  0.000   0.000    0.00000E+00   0.00000E+00   0.00000E+00   0.00000E+00   0.00000E+00   0.00000E+00
  0.000   0.000    0.00000E+00   0.00000E+00   0.00000E+00   0.00000E+00   0.00000E+00   0.00000E+00
  0.000   0.000    0.00000E+00   0.00000E+00   0.00000E+00   0.00000E+00   0.00000E+00   0.00000E+00
  0.000   0.000    0.00000E+00   0.00000E+00   0.00000E+00   0.00000E+00   0.00000E+00   0.00000E+00
  0.000   0.000    0.00000E+00   0.00000E+00   0.00000E+00   0.00000E+00   0.00000E+00   0.00000E+00
  0.000   0.000    0.00000E+00   0.00000E+00   0.00000E+00   0.00000E+00   0.00000E+00   0.00000E+00
  0.000   0.000    0.00000E+00   0.00000E+00   0.00000E+00   0.00000E+00   0.00000E+00   0.00000E+00
  0.000   0.000    0.00000E+00   0.00000E+00   0.00000E+00   0.00000E+00   0.00000E+00   0.00000E+00
  0.000   0.000    0.00000E+00   0.00000E+00   0.00000E+00   0.00000E+00   0.00000E+00   0.00000E+00
  0.000   0.000    0.00000E+00   0.00000E+00   0.00000E+00   0.00000E+00   0.00000E+00   0.00000E+00
  0.000   0.000    0.00000E+00   0.00000E+00   0.00000E+00   0.00000E+00   0.00000E+00   0.00000E+00
  0.000   0.000    0.00000E+00   0.00000E+00   0.00000E+00   0.00000E+00   0.00000E+00   0.00000E+00
  0.000   0.000    0.00000E+00   0.00000E+00   0.00000E+00   0.00000E+00   0.00000E+00   0.00000E+00
  0.000   0.000    0.00000E+00   0.00000E+00   0.00000E+00   0.00000E+00   0.00000E+00   0.00000E+00
  0.000   0.000    0.00000E+00   0.00000E+00   0.00000E+00   0.00000E+00   0.00000E+00   0.00000E+00
  0.000   0.000    0.00000E+00   0.00000E+00   0.00000E+00   0.00000E+00   0.00000E+00   0.00000E+00
  0.000   0.000    0.00000E+00   0.00000E+00   0.00000E+00   0.00000E+00   0.00000E+00   0.00000E+00
  0.000   0.000    0.00000E+00   0.00000E+00   0.00000E+00   0.00000E+00   0.00000E+00   0.00000E+00
  0.000   0.000    0.00000E+00   0.00000E+00   0.00000E+00   0.00000E+00   0.00000E+00   0.00000E+00
  0.000   0.000    0.00000E+00   0.00000E+00   0.00000E+00   0.00000E+00   0.00000E+00   0.00000E+00
  0.000   0.000    0.00000E+00   0.00000E+00   0.00000E+00   0.00000E+00   0.00000E+00   0.00000E+00
  0.000   0.000    0.00000E+00   0.00000E+00   0.00000E+00   0.00000E+00   0.00000E+00   0.00000E+00
  0.000   0.000    0.00000E+00   0.00000E+00   0.00000E+00   0.00000E+00   0.00000E+00   0.00000E+00
  0.000   0.000    0.00000E+00   0.00000E+00   0.00000E+00   0.00000E+00   0.00000E+00   0.00000E+00
  0.000   0.000    0.00000E+00   0.00000E+00   0.00000E+00   0.00000E+00   0.00000E+00   0.00000E+00
  0.000   0.000    0.00000E+00   0.00000E+00   0.00000E+00   0.00000E+00   0.00000E+00   0.00000E+00
  0.000   0.000    0.00000E+00   0.00000E+00   0.00000E+00   0.00000E+00   0.00000E+00   0.00000E+00
  0.000   0.000    0.00000E+00   0.00000E+00   0.00000E+00   0.00000E+00   0.00000E+00   0.00000E+00
  0.000   0.000    0.00000E+00   0.00000E+00   0.00000E+00   0.00000E+00   0.00000E+00   0.00000E+00
  0.000   0.000    0.00000E+00   0.00000E+00   0.00000E+00   0.00000E+00   0.00000E+00   0.00000E+00
  0.000   0.000    0.00000E+00   0.00000E+00   0.00000E+00   0.00000E+00   0.00000E+00   0.00000E+00
  0.000   0.000    0.00000E+00   0.00000E+00   0.00000E+00   0.00000E+00   0.00000E+00   0.00000E+00
  0.000   0.000    0.00000E+00   0.00000E+00   0.00000E+00   0.00000E+00   0.00000E+00   0.00000E+00
  0.000   0.000    0.00000E+00   0.00000E+00   0.00000E+00   0.00000E+00   0.00000E+00   0.00000E+00
  0.000   0.000    0.00000E+00   0.00000E+00   0.00000E+00   0.00000E+00   0.00000E+00   0.00000E+00
  0.000   0.000    0.00000E+00   0.00000E+00   0.00000E+00   0.00000E+00   0.00000E+00   0.00000E+00
  0.000   0.000    0.00000E+00   0.00000E+00   0.00000E+00   0.00000E+00   0.00000E+00   0.00000E+00
  0.000   0.000    0.00000E+00   0.00000E+00   0.00000E+00   0.00000E+00   0.00000E+00   0.00000E+00
  0.000   0.000    0.00000E+00   0.00000E+00   0.00000E+00   0.00000E+00   0.00000E+00   0.00000E+00
  0.000   0.000    0.00000E+00   0.00000E+00   0.00000E+00   0.00000E+00   0.00000E+00   0.00000E+00
  0.000   0.000    0.00000E+00   0.00000E+00   0.00000E+00   0.00000E+00   0.00000E+00   0.00000E+00
  0.000   0.000    0.00000E+00   0.00000E+00   0.00000E+00   0.00000E+00   0.00000E+00   0.00000E+00
  0.000   0.000    0.00000E+00   0.00000E+00   0.00000E+00   0.00000E+00   0.00000E+00   0.00000E+00
  0.000   0.000    0.00000E+00   0.00000E+00   0.00000E+00   0.00000E+00   0.00000E+00   0.00000E+00
  0.000   0.000    0.00000E+00   0.00000E+00   0.00000E+00   0.00000E+00   0.00000E+00   0.00000E+00
  0.000   0.000    0.00000E+00   0.00000E+00   0.00000E+00   0.00000E+00   0.00000E+00   0.00000E+00
  0.000   0.000    0.00000E+00   0.00000E+00   0.00000E+00   0.00000E+00   0.00000E+00   0.00000E+00
  0.000   0.000    0.00000E+00   0.00000E+00   0.00000E+00   0.00000E+00   0.00000E+00   0.00000E+00
  0.000   0.000    0.00000E+00   0.00000E+00   0.00000E+00   0.00000E+00   0.00000E+00   0.00000E+00
  0.000   0.000    0.00000E+00   0.00000E+00   0.00000E+00   0.00000E+00   0.00000E+00   0.00000E+00
  0.000   0.000    0.00000E+00   0.00000E+00   0.00000E+00   0.00000E+00   0.00000E+00   0.00000E+00
  0.000   0.000    0.00000E+00   0.00000E+00   0.00000E+00   0.00000E+00   0.00000E+00   0.00000E+00
  0.000   0.000    0.00000E+00   0.00000E+00   0.00000E+00   0.00000E+00   0.00000E+00   0.00000E+00
 -1.000  -1.000    0.00000E+00   0.00000E+00   0.00000E+00   0.00000E+00   0.00000E+00   0.00000E+00
 -1.000  -1.000    0.00000E+00   0.00000E+00   0.00000E+00   0.00000E+00   0.00000E+00   0.00000E+00
 -1.000  -1.000    0.00000E+00   0.00000E+00   0.00000E+00   0.00000E+00   0.00000E+00   0.00000E+00
 -1.000  -1.000    0.00000E+00   0.00000E+00   0.00000E+00   0.00000E+00   0.00000E+00   0.00000E+00
 -1.000  -1.000    0.00000E+00   0.00000E+00   0.00000E+00   0.00000E+00   0.00000E+00   0.00000E+00
 -1.000  -1.000    0.00000E+00   0.00000E+00   0.00000E+00   0.00000E+00   0.00000E+00   0.00000E+00
 -1.000  -1.000    0.00000E+00   0.00000E+00   0.00000E+00   0.00000E+00   0.00000E+00   0.00000E+00
 -1.000  -1.000    0.00000E+00   0.00000E+00   0.00000E+00   0.00000E+00   0.00000E+00   0.00000E+00
 -1.000  -1.000    0.00000E+00   0.00000E+00   0.00000E+00   0.00000E+00   0.00000E+00   0.00000E+00
 -1.000  -1.000    0.00000E+00   0.00000E+00   0.00000E+00   0.00000E+00   0.00000E+00   0.00000E+00
 -1.000  -1.000    0.00000E+00   0.00000E+00   0.00000E+00   0.00000E+00   0.00000E+00   0.00000E+00
 -1.000  -1.000    0.00000E+00   0.00000E+00   0.00000E+00   0.00000E+00   0.00000E+00   0.00000E+00
 -1.000  -1.000    0.00000E+00   0.00000E+00   0.00000E+00   0.00000E+00   0.00000E+00   0.00000E+00
 -1.000  -1.000    0.00000E+00   0.00000E+00   0.00000E+00   0.00000E+00   0.00000E+00   0.00000E+00
 -1.000  -1.000    0.00000E+00   0.00000E+00   0.00000E+00   0.00000E+00   0.00000E+00   0.00000E+00
 -1.000  -1.000    0.00000E+00   0.00000E+00   0.00000E+00   0.00000E+00   0.00000E+00   0.00000E+00
 -1.000  -1.000    0.00000E+00   0.00000E+00   0.00000E+00   0.00000E+00   0.00000E+00   0.00000E+00
 -1.000  -1.000    0.00000E+00   0.00000E+00   0.00000E+00   0.00000E+00   0.00000E+00   0.00000E+00
 -1.000  -1.000    0.00000E+00   0.00000E+00   0.00000E+00   0.00000E+00   0.00000E+00   0.00000E+00
 -1.000  -1.000    0.00000E+00   0.00000E+00   0.00000E+00   0.00000E+00   0.00000E+00   0.00000E+00
 -1.000  -1.000    0.00000E+00   0.00000E+00   0.00000E+00   0.00000E+00   0.00000E+00   0.00000E+00
 -1.000  -1.000    0.00000E+00   0.00000E+00   0.00000E+00   0.00000E+00   0.00000E+00   0.00000E+00
 -1.000  -1.000    0.00000E+00   0.00000E+00   0.00000E+00   0.00000E+00   0.00000E+00   0.00000E+00
 -1.000  -1.000    0.00000E+00   0.00000E+00   0.00000E+00   0.00000E+00   0.00000E+00   0.00000E+00
 -1.000  -1.000    0.00000E+00   0.00000E+00   0.00000E+00   0.00000E+00   0.00000E+00   0.00000E+00
 -1.000  -1.000    0.00000E+00   0.00000E+00   0.00000E+00   0.00000E+00   0.00000E+00   0.00000E+00
 -1.000  -1.000    0.00000E+00   0.00000E+00   0.00000E+00   0.00000E+00   0.00000E+00   0.00000E+00
 -1.000  -1.000    0.00000E+00   0.00000E+00   0.00000E+00   0.00000E+00   0.00000E+00   0.00000E+00
 -1.000  -1.000    0.00000E+00   0.00000E+00   0.00000E+00   0.00000E+00   0.00000E+00   0.00000E+00
 -1.000  -1.000    0.00000E+00   0.00000E+00   0.00000E+00   0.00000E+00   0.00000E+00   0.00000E+00
 -1.000  -1.000    0.00000E+00   0.00000E+00   0.00000E+00   0.00000E+00   0.00000E+00   0.00000E+00
 -1.000  -1.000    0.00000E+00   0.00000E+00   0.00000E+00   0.00000E+00   0.00000E+00   0.00000E+00
 -1.000  -1.000    0.00000E+00   0.00000E+00   0.00000E+00   0.00000E+00   0.00000E+00   0.00000E+00
 -1.000  -1.000    0.00000E+00   0.00000E+00   0.00000E+00   0.00000E+00   0.00000E+00   0.00000E+00
 -1.000  -1.000    0.00000E+00   0.00000E+00   0.00000E+00   0.00000E+00   0.00000E+00   0.00000E+00
 -1.000  -1.000    0.00000E+00   0.00000E+00   0.00000E+00   0.00000E+00   0.00000E+00   0.00000E+00
 -1.000  -1.000    0.00000E+00   0.00000E+00   0.00000E+00   0.00000E+00   0.00000E+00   0.00000E+00
 -1.000  -1.000    0.00000E+00   0.00000E+00   0.00000E+00   0.00000E+00   0.00000E+00   0.00000E+00
 -1.000  -1.000    0.00000E+00   0.00000E+00   0.00000E+00   0.00000E+00   0.00000E+00   0.00000E+00
 -1.000  -1.000    0.00000E+00   0.00000E+00   0.00000E+00   0.00000E+00   0.00000E+00   0.00000E+00
 -1.000  -1.000    0.00000E+00   0.00000E+00   0.00000E+00   0.00000E+00   0.00000E+00   0.00000E+00
 -1.000  -1.000    0.00000E+00   0.00000E+00   0.00000E+00   0.00000E+00   0.00000E+00   0.00000E+00
 -1.000  -1.000    0.00000E+00   0.00000E+00   0.00000E+00   0.00000E+00   0.00000E+00   0.00000E+00
 -1.000  -1.000    0.00000E+00   0.00000E+00   0.00000E+00   0.00000E+00   0.00000E+00   0.00000E+00
 -1.000  -1.000    0.00000E+00   0.00000E+00   0.00000E+00   0.00000E+00   0.00000E+00   0.00000E+00
 -1.000  -1.000    0.00000E+00   0.00000E+00   0.00000E+00   0.00000E+00   0.00000E+00   0.00000E+00
 -1.000  -1.000    0.00000E+00   0.00000E+00   0.00000E+00   0.00000E+00   0.00000E+00   0.00000E+00
 -1.000  -1.000    0.00000E+00   0.00000E+00   0.00000E+00   0.00000E+00   0.00000E+00   0.00000E+00
 -1.000  -1.000    0.00000E+00   0.00000E+00   0.00000E+00   0.00000E+00   0.00000E+00   0.00000E+00
 -1.000  -1.000    0.00000E+00   0.00000E+00   0.00000E+00   0.00000E+00   0.00000E+00   0.00000E+00
 -1.000  -1.000    0.00000E+00   0.00000E+00   0.00000E+00   0.00000E+00   0.00000E+00   0.00000E+00
 -1.000  -1.000    0.00000E+00   0.00000E+00   0.00000E+00   0.00000E+00   0.00000E+00   0.00000E+00
 -1.000  -1.000    0.00000E+00   0.00000E+00   0.00000E+00   0.00000E+00   0.00000E+00   0.00000E+00
 -1.000  -1.000    0.00000E+00   0.00000E+00   0.00000E+00   0.00000E+00   0.00000E+00   0.00000E+00
 -1.000  -1.000    0.00000E+00   0.00000E+00   0.00000E+00   0.00000E+00   0.00000E+00   0.00000E+00
 -1.000  -1.000    0.00000E+00   0.00000E+00   0.00000E+00   0.00000E+00   0.00000E+00   0.00000E+00
 -1.000  -1.000    0.00000E+00   0.00000E+00   0.00000E+00   0.00000E+00   0.00000E+00   0.00000E+00
 -1.000  -1.000    0.00000E+00   0.00000E+00   0.00000E+00   0.00000E+00   0.00000E+00   0.00000E+00
 -1.000  -1.000    0.00000E+00   0.00000E+00   0.00000E+00   0.00000E+00   0.00000E+00   0.00000E+00
 -1.000  -1.000    0.00000E+00   0.00000E+00   0.00000E+00   0.00000E+00   0.00000E+00   0.00000E+00
 -1.000  -1.000    0.00000E+00   0.00000E+00   0.00000E+00   0.00000E+00   0.00000E+00   0.00000E+00
 -1.000  -1.000    0.00000E+00   0.00000E+00   0.00000E+00   0.00000E+00   0.00000E+00   0.00000E+00
 -1.000  -1.000    0.00000E+00   0.00000E+00   0.00000E+00   0.00000E+00   0.00000E+00   0.00000E+00
 -1.000  -1.000    0.00000E+00   0.00000E+00   0.00000E+00   0.00000E+00   0.00000E+00   0.00000E+00
 -1.000  -1.000    0.00000E+00   0.00000E+00   0.00000E+00   0.00000E+00   0.00000E+00   0.00000E+00
 -1.000  -1.000    0.00000E+00   0.00000E+00   0.00000E+00   0.00000E+00   0.00000E+00   0.00000E+00
 -1.000  -1.000    0.00000E+00   0.00000E+00   0.00000E+00   0.00000E+00   0.00000E+00   0.00000E+00
 -1.000  -1.000    0.00000E+00   0.00000E+00   0.00000E+00   0.00000E+00   0.00000E+00   0.00000E+00
 -1.000  -1.000    0.00000E+00   0.00000E+00   0.00000E+00   0.00000E+00   0.00000E+00   0.00000E+00
 -1.000  -1.000    0.00000E+00   0.00000E+00   0.00000E+00   0.00000E+00   0.00000E+00   0.00000E+00
 -1.000  -1.000    0.00000E+00   0.00000E+00   0.00000E+00   0.00000E+00   0.00000E+00   0.00000E+00
 -1.000  -1.000    0.00000E+00   0.00000E+00   0.00000E+00   0.00000E+00   0.00000E+00   0.00000E+00
 -1.000  -1.000    0.00000E+00   0.00000E+00   0.00000E+00   0.00000E+00   0.00000E+00   0.00000E+00
 -1.000  -1.000    0.00000E+00   0.00000E+00   0.00000E+00   0.00000E+00   0.00000E+00   0.00000E+00
 -1.000  -1.000    0.00000E+00   0.00000E+00   0.00000E+00   0.00000E+00   0.00000E+00   0.00000E+00
 -1.000  -1.000    0.00000E+00   0.00000E+00   0.00000E+00   0.00000E+00   0.00000E+00   0.00000E+00
 -1.000  -1.000    0.00000E+00   0.00000E+00   0.00000E+00   0.00000E+00   0.00000E+00   0.00000E+00
 -1.000  -1.000    0.00000E+00   0.00000E+00   0.00000E+00   0.00000E+00   0.00000E+00   0.00000E+00
 -1.000  -1.000    0.00000E+00   0.00000E+00   0.00000E+00   0.00000E+00   0.00000E+00   0.00000E+00
 -1.000  -1.000    0.00000E+00   0.00000E+00   0.00000E+00   0.00000E+00   0.00000E+00   0.00000E+00
 -1.000  -1.000    0.00000E+00   0.00000E+00   0.00000E+00   0.00000E+00   0.00000E+00   0.00000E+00
 -1.000  -1.000    0.00000E+00   0.00000E+00   0.00000E+00   0.00000E+00   0.00000E+00   0.00000E+00
 -1.000  -1.000    0.00000E+00   0.00000E+00   0.00000E+00   0.00000E+00   0.00000E+00   0.00000E+00
 -1.000  -1.000    0.00000E+00   0.00000E+00   0.00000E+00   0.00000E+00   0.00000E+00   0.00000E+00
 -1.000  -1.000    0.00000E+00   0.00000E+00   0.00000E+00   0.00000E+00   0.00000E+00   0.00000E+00
 -1.000  -1.000    0.00000E+00   0.00000E+00   0.00000E+00   0.00000E+00   0.00000E+00   0.00000E+00
 -1.000  -1.000    0.00000E+00   0.00000E+00   0.00000E+00   0.00000E+00   0.00000E+00   0.00000E+00
 -1.000  -1.000    0.00000E+00   0.00000E+00   0.00000E+00   0.00000E+00   0.00000E+00   0.00000E+00
 -1.000  -1.000    0.00000E+00   0.00000E+00   0.00000E+00   0.00000E+00   0.00000E+00   0.00000E+00
 -1.000  -1.000    0.00000E+00   0.00000E+00   0.00000E+00   0.00000E+00   0.00000E+00   0.00000E+00
 -1.000  -1.000    0.00000E+00   0.00000E+00   0.00000E+00   0.00000E+00   0.00000E+00   0.00000E+00
 -1.000  -1.000    0.00000E+00   0.00000E+00   0.00000E+00   0.00000E+00   0.00000E+00   0.00000E+00
 -1.000  -1.000    0.00000E+00   0.00000E+00   0.00000E+00   0.00000E+00   0.00000E+00   0.00000E+00
 -1.000  -1.000    0.00000E+00   0.00000E+00   0.00000E+00   0.00000E+00   0.00000E+00   0.00000E+00
 -1.000  -1.000    0.00000E+00   0.00000E+00   0.00000E+00   0.00000E+00   0.00000E+00   0.00000E+00
 -1.000  -1.000    0.00000E+00   0.00000E+00   0.00000E+00   0.00000E+00   0.00000E+00   0.00000E+00
 -1.000  -1.000    0.00000E+00   0.00000E+00   0.00000E+00   0.00000E+00   0.00000E+00   0.00000E+00
 -1.000  -1.000    0.00000E+00   0.00000E+00   0.00000E+00   0.00000E+00   0.00000E+00   0.00000E+00
 -1.000  -1.000    0.00000E+00   0.00000E+00   0.00000E+00   0.00000E+00   0.00000E+00   0.00000E+00
 -1.000  -1.000    0.00000E+00   0.00000E+00   0.00000E+00   0.00000E+00   0.00000E+00   0.00000E+00
  0.067   0.200    0.42886E-05   0.23614E-07  -0.23683E-04  -0.12206E-08   0.22972E-06   0.29930E-11
  0.067   0.200    0.43473E-05   0.15778E-07  -0.23610E-04  -0.80119E-09   0.23283E-06   0.30710E-11
  0.067   0.200    0.43469E-05   0.86474E-08  -0.23564E-04  -0.41886E-09   0.23281E-06   0.30479E-11
  0.067   0.200    0.42871E-05   0.22808E-08  -0.23544E-04  -0.77157E-10   0.22964E-06   0.31790E-11
  0.067   0.200    0.43225E-05   0.36761E-08  -0.56796E-04  -0.88891E-10   0.23149E-06   0.11191E-10
  0.067   0.200    0.42638E-05   0.49796E-08  -0.56815E-04  -0.15620E-09   0.22838E-06   0.11199E-10
  0.067   0.200    0.43323E-05   0.10493E-07  -0.56768E-04  -0.45603E-09   0.23202E-06   0.10866E-10
  0.067   0.200    0.42785E-05   0.23820E-07  -0.56699E-04  -0.11689E-08   0.22917E-06   0.10976E-10
  0.067   0.200    0.42435E-05  -0.38176E-08  -0.89774E-04   0.38074E-09   0.22728E-06   0.18909E-10
  0.067   0.200    0.42356E-05   0.65550E-08  -0.89761E-04  -0.17612E-09   0.22686E-06   0.19157E-10
  0.067   0.200    0.43473E-05   0.13607E-07  -0.19790E-04  -0.69173E-09   0.23287E-06   0.19847E-11
  0.067   0.200    0.44075E-05   0.57017E-08  -0.19755E-04  -0.26819E-09   0.23606E-06   0.20733E-11
  0.067   0.200    0.44079E-05  -0.18430E-08  -0.19749E-04   0.13646E-09   0.23609E-06   0.20579E-11
  0.067   0.200    0.43480E-05  -0.88938E-08  -0.19769E-04   0.51467E-09   0.23290E-06   0.21995E-11
  0.067   0.200    0.43833E-05  -0.81149E-08  -0.53405E-04   0.53704E-09   0.23475E-06   0.10304E-10
  0.067   0.200    0.43230E-05  -0.68896E-08  -0.53379E-04   0.47353E-09   0.23155E-06   0.10301E-10
  0.067   0.200    0.43939E-05  -0.14894E-08  -0.53422E-04   0.18025E-09   0.23532E-06   0.99839E-11
  0.067   0.200    0.43400E-05   0.11396E-07  -0.53399E-04  -0.50908E-09   0.23247E-06   0.10106E-10
  0.067   0.200    0.43033E-05  -0.17372E-07  -0.86800E-04   0.11018E-08   0.23049E-06   0.18116E-10
  0.067   0.200    0.42960E-05  -0.70672E-08  -0.86837E-04   0.54872E-09   0.23010E-06   0.18379E-10
  0.067   0.200    0.43469E-05   0.33237E-08  -0.19434E-04  -0.14073E-09   0.23285E-06   0.18834E-11
  0.067   0.200    0.44079E-05  -0.43038E-08  -0.19437E-04   0.26827E-09   0.23608E-06   0.19813E-11
  0.067   0.200    0.44091E-05  -0.11872E-07  -0.19469E-04   0.67425E-09   0.23615E-06   0.19736E-11
  0.067   0.200    0.43499E-05  -0.19244E-07  -0.19527E-04   0.10695E-08   0.23300E-06   0.21235E-11
  0.067   0.200    0.43837E-05  -0.19682E-07  -0.53090E-04   0.11573E-08   0.23477E-06   0.10211E-10
  0.067   0.200    0.43227E-05  -0.18782E-07  -0.53021E-04   0.11109E-08   0.23154E-06   0.10197E-10
  0.067   0.200    0.43951E-05  -0.13057E-07  -0.53150E-04   0.80065E-09   0.23539E-06   0.98993E-11
  0.067   0.200    0.43419E-05  -0.52506E-09  -0.53172E-04   0.13005E-09   0.23257E-06   0.10031E-10
  0.067   0.200    0.43031E-05  -0.30870E-07  -0.86439E-04   0.18253E-08   0.23047E-06   0.18008E-10
  0.067   0.200    0.42965E-05  -0.20602E-07  -0.86526E-04   0.12743E-08   0.23012E-06   0.18284E-10
  0.067   0.200    0.42869E-05  -0.53798E-08  -0.17672E-04   0.32267E-09   0.22963E-06   0.14786E-11
  0.067   0.200    0.43478E-05  -0.12743E-07  -0.17707E-04   0.71782E-09   0.23286E-06   0.15830E-11
  0.067   0.200    0.43497E-05  -0.20318E-07  -0.17770E-04   0.11242E-08   0.23297E-06   0.15819E-11
  0.067   0.200    0.42920E-05  -0.27945E-07  -0.17861E-04   0.15330E-08   0.22991E-06   0.17368E-11
  0.067   0.200    0.43243E-05  -0.29436E-07  -0.50902E-04   0.16766E-08   0.23159E-06   0.96985E-11
  0.067   0.200    0.42634E-05  -0.28757E-07  -0.50796E-04   0.16416E-08   0.22836E-06   0.96755E-11
  0.067   0.200    0.43362E-05  -0.22990E-07  -0.51000E-04   0.13296E-08   0.23223E-06   0.93988E-11
  0.067   0.200    0.42844E-05  -0.11017E-07  -0.51060E-04   0.68875E-09   0.22949E-06   0.95375E-11
  0.067   0.200    0.42443E-05  -0.42239E-07  -0.83757E-04   0.24299E-08   0.22733E-06   0.17377E-10
  0.067   0.200    0.42385E-05  -0.32197E-07  -0.83887E-04   0.18911E-08   0.22702E-06   0.17659E-10
  0.067   0.200    0.43323E-05   0.30645E-08   0.11114E-04  -0.18938E-09   0.23208E-06  -0.56036E-11
  0.067   0.200    0.43924E-05  -0.48284E-08   0.11106E-04   0.23413E-09   0.23527E-06  -0.55030E-11
  0.067   0.200    0.43928E-05  -0.13111E-07   0.11067E-04   0.67845E-09   0.23529E-06  -0.55076E-11
  0.067   0.200    0.43330E-05  -0.20878E-07   0.10998E-04   0.10951E-08   0.23212E-06  -0.53564E-11
  0.067   0.200    0.43781E-05  -0.18609E-07  -0.22469E-04   0.10373E-08   0.23449E-06   0.27033E-11
  0.067   0.200    0.43180E-05  -0.17446E-07  -0.22400E-04   0.97650E-09   0.23130E-06   0.26879E-11
  0.067   0.200    0.43887E-05  -0.12696E-07  -0.22531E-04   0.71879E-09   0.23506E-06   0.23939E-11
  0.067   0.200    0.43348E-05  -0.56157E-09  -0.22557E-04   0.69727E-10   0.23220E-06   0.25257E-11
  0.067   0.200    0.43084E-05  -0.27680E-07  -0.55824E-04   0.15914E-08   0.23077E-06   0.10498E-10
  0.067   0.200    0.43010E-05  -0.17108E-07  -0.55904E-04   0.10245E-08   0.23038E-06   0.10774E-10
  0.067   0.200    0.42745E-05   0.66577E-08   0.72290E-05  -0.37419E-09   0.22898E-06  -0.46063E-11
  0.067   0.200    0.43331E-05  -0.10049E-08   0.72352E-05   0.36809E-10   0.23209E-06  -0.45101E-11
  0.067   0.200    0.43327E-05  -0.88966E-08   0.72118E-05   0.46011E-09   0.23207E-06  -0.45173E-11
  0.067   0.200    0.42730E-05  -0.16192E-07   0.71602E-05   0.85153E-09   0.22890E-06  -0.43711E-11
  0.067   0.200    0.43182E-05  -0.13074E-07  -0.25883E-04   0.74720E-09   0.23128E-06   0.35871E-11
  0.067   0.200    0.42597E-05  -0.11995E-07  -0.25835E-04   0.69111E-09   0.22817E-06   0.35764E-11
  0.067   0.200    0.43279E-05  -0.69798E-08  -0.25923E-04   0.41898E-09   0.23180E-06   0.32780E-11
  0.067   0.200    0.42741E-05   0.53931E-08  -0.25926E-04  -0.24282E-09   0.22895E-06   0.34036E-11
  0.067   0.200    0.42494E-05  -0.20543E-07  -0.58804E-04   0.12147E-08   0.22761E-06   0.11283E-10
  0.067   0.200    0.42414E-05  -0.99373E-08  -0.58856E-04   0.64589E-09   0.22718E-06   0.11549E-10
  0.067   0.200    0.43415E-05   0.60640E-08   0.11318E-04  -0.35074E-09   0.23257E-06  -0.56568E-11
  0.067   0.200    0.44025E-05  -0.19412E-08   0.11321E-04   0.78695E-10   0.23581E-06  -0.55593E-11
  0.067   0.200    0.44037E-05  -0.10254E-07   0.11293E-04   0.52460E-09   0.23587E-06  -0.55667E-11
  0.067   0.200    0.43445E-05  -0.17962E-07   0.11235E-04   0.93815E-09   0.23273E-06  -0.54181E-11
  0.067   0.200    0.43883E-05  -0.17295E-07  -0.22331E-04   0.96641E-09   0.23503E-06   0.26639E-11
  0.067   0.200    0.43273E-05  -0.16082E-07  -0.22267E-04   0.90299E-09   0.23179E-06   0.26503E-11
  0.067   0.200    0.43996E-05  -0.11378E-07  -0.22388E-04   0.64770E-09   0.23564E-06   0.23522E-11
  0.067   0.200    0.43464E-05   0.81841E-09  -0.22409E-04  -0.46317E-11   0.23282E-06   0.24826E-11
  0.067   0.200    0.43177E-05  -0.27927E-07  -0.55763E-04   0.16045E-08   0.23127E-06   0.10475E-10
  0.067   0.200    0.43110E-05  -0.17335E-07  -0.55843E-04   0.10366E-08   0.23091E-06   0.10751E-10
  0.067   0.200    0.42872E-05   0.15417E-07   0.12088E-04  -0.85415E-09   0.22966E-06  -0.57979E-11
  0.067   0.200    0.43481E-05   0.71822E-08   0.12125E-04  -0.41267E-09   0.23290E-06  -0.57112E-11
  0.067   0.200    0.43500E-05  -0.10986E-08   0.12131E-04   0.31450E-10   0.23300E-06  -0.57264E-11
  0.067   0.200    0.42922E-05  -0.85042E-08   0.12107E-04   0.42894E-09   0.22993E-06  -0.55879E-11
  0.067   0.200    0.43342E-05  -0.94694E-08  -0.21112E-04   0.54395E-09   0.23213E-06   0.24086E-11
  0.067   0.200    0.42733E-05  -0.79896E-08  -0.21078E-04   0.46644E-09   0.22890E-06   0.24032E-11
  0.067   0.200    0.43461E-05  -0.37037E-08  -0.21141E-04   0.23331E-09   0.23278E-06   0.20940E-11
  0.067   0.200    0.42943E-05   0.85022E-08  -0.21133E-04  -0.41942E-09   0.23003E-06   0.22156E-11
  0.067   0.200    0.42640E-05  -0.21218E-07  -0.54156E-04   0.12413E-08   0.22839E-06   0.10128E-10
  0.067   0.200    0.42581E-05  -0.10786E-07  -0.54212E-04   0.68197E-09   0.22808E-06   0.10395E-10
  0.067   0.200    0.42639E-05  -0.64002E-09   0.38067E-04  -0.45797E-10   0.22842E-06  -0.12177E-10
  0.067   0.200    0.43224E-05  -0.84148E-08   0.38042E-04   0.37174E-09   0.23153E-06  -0.12072E-10
  0.067   0.200    0.43221E-05  -0.17075E-07   0.37985E-04   0.83632E-09   0.23151E-06  -0.12071E-10
  0.067   0.200    0.42625E-05  -0.25026E-07   0.37897E-04   0.12630E-08   0.22835E-06  -0.11918E-10
  0.067   0.200    0.43174E-05  -0.20452E-07   0.49652E-05   0.10804E-08   0.23125E-06  -0.39912E-11
  0.067   0.200    0.42590E-05  -0.19320E-07   0.50442E-05   0.10209E-08   0.22814E-06  -0.40110E-11
  0.067   0.200    0.43270E-05  -0.15091E-07   0.48910E-05   0.79149E-09   0.23177E-06  -0.42920E-11
  0.067   0.200    0.42732E-05  -0.33886E-08   0.48515E-05   0.16573E-09   0.22891E-06  -0.41591E-11
  0.067   0.200    0.42587E-05  -0.27621E-07  -0.27961E-04   0.15312E-08   0.22812E-06   0.36987E-11
  0.067   0.200    0.42506E-05  -0.16754E-07  -0.28043E-04   0.94896E-09   0.22769E-06   0.39741E-11
  0.067   0.200    0.42536E-05   0.83714E-08   0.42744E-04  -0.53887E-09   0.22787E-06  -0.13307E-10
  0.067   0.200    0.43127E-05   0.57625E-10   0.42751E-04  -0.92676E-10   0.23101E-06  -0.13211E-10
  0.067   0.200    0.43130E-05  -0.89450E-08   0.42724E-04   0.39023E-09   0.23103E-06  -0.13217E-10
  0.067   0.200    0.42542E-05  -0.16955E-07   0.42665E-04   0.82021E-09   0.22791E-06  -0.13072E-10
  0.067   0.200    0.43086E-05  -0.13414E-07   0.97447E-05   0.69279E-09   0.23078E-06  -0.51500E-11
  0.067   0.200    0.42496E-05  -0.11784E-07   0.97971E-05   0.60684E-09   0.22764E-06  -0.51622E-11
  0.067   0.200    0.43189E-05  -0.84258E-08   0.96955E-05   0.42392E-09   0.23133E-06  -0.54563E-11
  0.067   0.200    0.42659E-05   0.31299E-08   0.96799E-05  -0.19383E-09   0.22852E-06  -0.53302E-11
  0.067   0.200    0.42503E-05  -0.21542E-07  -0.23139E-04   0.11952E-08   0.22768E-06   0.25295E-11
  0.067   0.200    0.42429E-05  -0.10903E-07  -0.23200E-04   0.62517E-09   0.22728E-06   0.27984E-11
  0.130   0.385    0.30848E-04   0.18425E-06  -0.29287E-04  -0.98399E-08   0.16524E-05  -0.13068E-10
  0.130   0.385    0.31262E-04   0.11961E-06  -0.28742E-04  -0.63789E-08   0.16743E-05  -0.12501E-10
  0.130   0.385    0.31238E-04   0.59235E-07  -0.28429E-04  -0.31411E-08   0.16730E-05  -0.12646E-10
  0.130   0.385    0.30774E-04   0.53600E-08  -0.28329E-04  -0.24977E-09   0.16484E-05  -0.11667E-10
  0.130   0.385    0.30990E-04   0.62542E-07  -0.26687E-03  -0.28646E-08   0.16596E-05   0.45864E-10
  0.130   0.385    0.30576E-04   0.67826E-07  -0.26711E-03  -0.31239E-08   0.16377E-05   0.45944E-10
  0.130   0.385    0.31042E-04   0.12606E-06  -0.26653E-03  -0.62824E-08   0.16624E-05   0.43504E-10
  0.130   0.385    0.30624E-04   0.23212E-06  -0.26584E-03  -0.11960E-07   0.16403E-05   0.44308E-10
  0.130   0.385    0.30140E-04   0.15143E-07  -0.50221E-03   0.17224E-09   0.16143E-05   0.10109E-09
  0.130   0.385    0.30079E-04   0.85406E-07  -0.50198E-03  -0.36176E-08   0.16110E-05   0.10280E-09
  0.130   0.385    0.31263E-04   0.11313E-06  -0.19430E-04  -0.60448E-08   0.16746E-05  -0.15877E-10
  0.130   0.385    0.31703E-04   0.47357E-07  -0.19154E-04  -0.25202E-08   0.16979E-05  -0.15245E-10
  0.130   0.385    0.31699E-04  -0.16647E-07  -0.19121E-04   0.91269E-09   0.16977E-05  -0.15345E-10
  0.130   0.385    0.31247E-04  -0.75947E-07  -0.19317E-04   0.40938E-08   0.16737E-05  -0.14299E-10
  0.130   0.385    0.31434E-04  -0.51569E-07  -0.26067E-03   0.32471E-08   0.16834E-05   0.43888E-10
  0.130   0.385    0.30994E-04  -0.47323E-07  -0.26048E-03   0.30397E-08   0.16601E-05   0.43874E-10
  0.130   0.385    0.31507E-04   0.10440E-07  -0.26076E-03  -0.88808E-10   0.16873E-05   0.41575E-10
  0.130   0.385    0.31102E-04   0.11236E-06  -0.26051E-03  -0.55462E-08   0.16659E-05   0.42484E-10
  0.130   0.385    0.30561E-04  -0.14244E-06  -0.49882E-03   0.86190E-08   0.16368E-05   0.99712E-10
  0.130   0.385    0.30517E-04  -0.73168E-07  -0.49918E-03   0.48837E-08   0.16344E-05   0.10158E-09
  0.130   0.385    0.31239E-04   0.40423E-07  -0.18716E-04  -0.21455E-08   0.16733E-05  -0.16152E-10
  0.130   0.385    0.31698E-04  -0.23349E-07  -0.18707E-04   0.12743E-08   0.16977E-05  -0.15465E-10
  0.130   0.385    0.31715E-04  -0.87424E-07  -0.18940E-04   0.47114E-08   0.16986E-05  -0.15519E-10
  0.130   0.385    0.31283E-04  -0.14887E-06  -0.19404E-04   0.80061E-08   0.16757E-05  -0.14423E-10
  0.130   0.385    0.31430E-04  -0.16362E-06  -0.26019E-03   0.92606E-08   0.16832E-05   0.43604E-10
  0.130   0.385    0.30971E-04  -0.16259E-06  -0.25958E-03   0.92218E-08   0.16588E-05   0.43496E-10
  0.130   0.385    0.31523E-04  -0.10142E-06  -0.26070E-03   0.59154E-08   0.16882E-05   0.41370E-10
  0.130   0.385    0.31137E-04  -0.26876E-08  -0.26088E-03   0.62666E-09   0.16678E-05   0.42369E-10
  0.130   0.385    0.30538E-04  -0.29992E-06  -0.49774E-03   0.17066E-07   0.16356E-05   0.99225E-10
  0.130   0.385    0.30513E-04  -0.23109E-06  -0.49868E-03   0.13355E-07   0.16342E-05   0.10123E-09
  0.130   0.385    0.30774E-04  -0.22903E-07  -0.17605E-04   0.12499E-08   0.16484E-05  -0.16218E-10
  0.130   0.385    0.31246E-04  -0.84094E-07  -0.17828E-04   0.45334E-08   0.16735E-05  -0.15495E-10
  0.130   0.385    0.31282E-04  -0.14738E-06  -0.18287E-04   0.79289E-08   0.16754E-05  -0.15510E-10
  0.130   0.385    0.30876E-04  -0.20987E-06  -0.18976E-04   0.11278E-07   0.16539E-05  -0.14387E-10
  0.130   0.385    0.30983E-04  -0.26281E-06  -0.25587E-03   0.14577E-07   0.16593E-05   0.42678E-10
  0.130   0.385    0.30511E-04  -0.26464E-06  -0.25488E-03   0.14688E-07   0.16342E-05   0.42487E-10
  0.130   0.385    0.31093E-04  -0.20139E-06  -0.25675E-03   0.11275E-07   0.16652E-05   0.40544E-10
  0.130   0.385    0.30732E-04  -0.10702E-06  -0.25731E-03   0.62175E-08   0.16461E-05   0.41611E-10
  0.130   0.385    0.30085E-04  -0.44131E-06  -0.48950E-03   0.24635E-07   0.16113E-05   0.97322E-10
  0.130   0.385    0.30078E-04  -0.37393E-06  -0.49097E-03   0.21004E-07   0.16110E-05   0.99425E-10
  0.130   0.385    0.31061E-04   0.32244E-07   0.19154E-03  -0.21424E-08   0.16638E-05  -0.67645E-10
  0.130   0.385    0.31500E-04  -0.37541E-07   0.19149E-03   0.16062E-08   0.16871E-05  -0.66903E-10
  0.130   0.385    0.31496E-04  -0.11853E-06   0.19114E-03   0.59509E-08   0.16869E-05  -0.66893E-10
  0.130   0.385    0.31046E-04  -0.18792E-06   0.19051E-03   0.96772E-08   0.16630E-05  -0.65775E-10
  0.130   0.385    0.31489E-04  -0.13576E-06  -0.49475E-04   0.73344E-08   0.16865E-05  -0.80713E-11
  0.130   0.385    0.31050E-04  -0.12900E-06  -0.48956E-04   0.69832E-08   0.16632E-05  -0.81982E-11
  0.130   0.385    0.31560E-04  -0.89912E-07  -0.49942E-04   0.48658E-08   0.16903E-05  -0.10280E-10
  0.130   0.385    0.31154E-04   0.16608E-08  -0.50127E-04  -0.32785E-10   0.16687E-05  -0.92952E-11
  0.130   0.385    0.30878E-04  -0.21765E-06  -0.28876E-03   0.12218E-07   0.16539E-05   0.47855E-10
  0.130   0.385    0.30831E-04  -0.13876E-06  -0.28941E-03   0.79788E-08   0.16513E-05   0.49854E-10
  0.130   0.385    0.30653E-04   0.29773E-07   0.18372E-03  -0.19934E-08   0.16420E-05  -0.65438E-10
  0.130   0.385    0.31066E-04  -0.37818E-07   0.18367E-03   0.16373E-08   0.16639E-05  -0.64690E-10
  0.130   0.385    0.31043E-04  -0.11628E-06   0.18332E-03   0.58465E-08   0.16626E-05  -0.64667E-10
  0.130   0.385    0.30579E-04  -0.18349E-06   0.18270E-03   0.94552E-08   0.16380E-05  -0.63553E-10
  0.130   0.385    0.31051E-04  -0.94027E-07  -0.53965E-04   0.51042E-08   0.16630E-05  -0.66147E-11
  0.130   0.385    0.30638E-04  -0.87314E-07  -0.53602E-04   0.47568E-08   0.16411E-05  -0.67170E-11
  0.130   0.385    0.31101E-04  -0.47617E-07  -0.54272E-04   0.26052E-08   0.16657E-05  -0.88120E-11
  0.130   0.385    0.30682E-04   0.44954E-07  -0.54297E-04  -0.23464E-08   0.16435E-05  -0.78663E-11
  0.130   0.385    0.30464E-04  -0.13301E-06  -0.29021E-03   0.76805E-08   0.16317E-05   0.48652E-10
  0.130   0.385    0.30399E-04  -0.54252E-07  -0.29055E-03   0.34476E-08   0.16282E-05   0.50559E-10
  0.130   0.385    0.31109E-04   0.83068E-07   0.19007E-03  -0.48661E-08   0.16664E-05  -0.67270E-10
  0.130   0.385    0.31569E-04   0.12188E-07   0.19021E-03  -0.10606E-08   0.16908E-05  -0.66590E-10
  0.130   0.385    0.31585E-04  -0.68420E-07   0.19005E-03   0.32630E-08   0.16917E-05  -0.66632E-10
  0.130   0.385    0.31153E-04  -0.13599E-06   0.18961E-03   0.68925E-08   0.16688E-05  -0.65566E-10
  0.130   0.385    0.31557E-04  -0.12749E-06  -0.51276E-04   0.68939E-08   0.16901E-05  -0.76842E-11
  0.130   0.385    0.31097E-04  -0.12098E-06  -0.50787E-04   0.65563E-08   0.16657E-05  -0.77883E-11
  0.130   0.385    0.31648E-04  -0.80906E-07  -0.51710E-04   0.43858E-08   0.16950E-05  -0.99179E-11
  0.130   0.385    0.31261E-04   0.11723E-07  -0.51860E-04  -0.56926E-09   0.16745E-05  -0.89499E-11
  0.130   0.385    0.30923E-04  -0.25242E-06  -0.29095E-03   0.14088E-07   0.16563E-05   0.48289E-10
  0.130   0.385    0.30896E-04  -0.17304E-06  -0.29173E-03   0.98221E-08   0.16548E-05   0.50311E-10
  0.130   0.385    0.30687E-04   0.17956E-06   0.18892E-03  -0.10040E-07   0.16438E-05  -0.66599E-10
  0.130   0.385    0.31160E-04   0.10649E-06   0.18941E-03  -0.61208E-08   0.16689E-05  -0.66035E-10
  0.130   0.385    0.31195E-04   0.26482E-07   0.18961E-03  -0.18300E-08   0.16708E-05  -0.66164E-10
  0.130   0.385    0.30788E-04  -0.37849E-07   0.18952E-03   0.16278E-08   0.16492E-05  -0.65206E-10
  0.130   0.385    0.31149E-04  -0.71409E-07  -0.48952E-04   0.38796E-08   0.16683E-05  -0.79436E-11
  0.130   0.385    0.30676E-04  -0.63055E-07  -0.48676E-04   0.34449E-08   0.16431E-05  -0.79780E-11
  0.130   0.385    0.31259E-04  -0.25883E-07  -0.49177E-04   0.14278E-08   0.16742E-05  -0.10206E-10
  0.130   0.385    0.30896E-04   0.66761E-07  -0.49122E-04  -0.35271E-08   0.16549E-05  -0.93106E-11
  0.130   0.385    0.30506E-04  -0.23415E-06  -0.28559E-03   0.13097E-07   0.16339E-05   0.47286E-10
  0.130   0.385    0.30498E-04  -0.15601E-06  -0.28630E-03   0.88983E-08   0.16335E-05   0.49255E-10
  0.130   0.385    0.30286E-04  -0.52145E-07   0.39902E-03   0.19555E-08   0.16224E-05  -0.11816E-09
  0.130   0.385    0.30697E-04  -0.12540E-06   0.39863E-03   0.58993E-08   0.16442E-05  -0.11731E-09
  0.130   0.385    0.30674E-04  -0.22274E-06   0.39789E-03   0.11121E-07   0.16430E-05  -0.11717E-09
  0.130   0.385    0.30214E-04  -0.30200E-06   0.39682E-03   0.15381E-07   0.16186E-05  -0.11599E-09
  0.130   0.385    0.30942E-04  -0.18046E-06   0.16281E-03   0.93005E-08   0.16573E-05  -0.59844E-10
  0.130   0.385    0.30532E-04  -0.16944E-06   0.16351E-03   0.87130E-08   0.16355E-05  -0.60058E-10
  0.130   0.385    0.30990E-04  -0.15259E-06   0.16212E-03   0.77968E-08   0.16598E-05  -0.61923E-10
  0.130   0.385    0.30572E-04  -0.73036E-07   0.16164E-03   0.35474E-08   0.16377E-05  -0.60904E-10
  0.130   0.385    0.30623E-04  -0.20813E-06  -0.73324E-04   0.11261E-07   0.16403E-05  -0.47638E-11
  0.130   0.385    0.30555E-04  -0.12164E-06  -0.73956E-04   0.66254E-08   0.16366E-05  -0.27406E-11
  0.130   0.385    0.30208E-04   0.69406E-07   0.40476E-03  -0.45776E-08   0.16182E-05  -0.11938E-09
  0.130   0.385    0.30636E-04  -0.88094E-08   0.40481E-03  -0.37195E-09   0.16410E-05  -0.11866E-09
  0.130   0.385    0.30632E-04  -0.10796E-06   0.40451E-03   0.49463E-08   0.16407E-05  -0.11863E-09
  0.130   0.385    0.30191E-04  -0.18544E-06   0.40386E-03   0.91129E-08   0.16173E-05  -0.11756E-09
  0.130   0.385    0.30886E-04  -0.10291E-06   0.16944E-03   0.51245E-08   0.16542E-05  -0.61355E-10
  0.130   0.385    0.30458E-04  -0.88073E-07   0.16985E-03   0.43346E-08   0.16315E-05  -0.61478E-10
  0.130   0.385    0.30953E-04  -0.77062E-07   0.16903E-03   0.37285E-08   0.16579E-05  -0.63506E-10
  0.130   0.385    0.30554E-04   0.28751E-08   0.16883E-03  -0.53986E-09   0.16367E-05  -0.62569E-10
  0.130   0.385    0.30553E-04  -0.16724E-06  -0.66429E-04   0.90527E-08   0.16366E-05  -0.63674E-11
  0.130   0.385    0.30504E-04  -0.81937E-07  -0.66912E-04   0.44810E-08   0.16339E-05  -0.43990E-11
