  0.000   0.000    0.00000E+00   0.00000E+00   0.00000E+00   0.00000E+00   0.00000E+00   0.00000E+00
  0.000   0.000    0.00000E+00   0.00000E+00   0.00000E+00   0.00000E+00   0.00000E+00   0.00000E+00
  0.000   0.000    0.00000E+00   0.00000E+00   0.00000E+00   0.00000E+00   0.00000E+00   0.00000E+00
  0.000   0.000    0.00000E+00   0.00000E+00   0.00000E+00   0.00000E+00   0.00000E+00   0.00000E+00
  0.000   0.000    0.00000E+00   0.00000E+00   0.00000E+00   0.00000E+00   0.00000E+00   0.00000E+00
  0.000   0.000    0.00000E+00   0.00000E+00   0.00000E+00   0.00000E+00   0.00000E+00   0.00000E+00
  0.000   0.000    0.00000E+00   0.00000E+00   0.00000E+00   0.00000E+00   0.00000E+00   0.00000E+00
  0.000   0.000    0.00000E+00   0.00000E+00   0.00000E+00   0.00000E+00   0.00000E+00   0.00000E+00
  0.000   0.000    0.00000E+00   0.00000E+00   0.00000E+00   0.00000E+00   0.00000E+00   0.00000E+00
  0.000   0.000    0.00000E+00   0.00000E+00   0.00000E+00   0.00000E+00   0.00000E+00   0.00000E+00
  0.000   0.000    0.00000E+00   0.00000E+00   0.00000E+00   0.00000E+00   0.00000E+00   0.00000E+00
  0.000   0.000    0.00000E+00   0.00000E+00   0.00000E+00   0.00000E+00   0.00000E+00   0.00000E+00
  0.000   0.000    0.00000E+00   0.00000E+00   0.00000E+00   0.00000E+00   0.00000E+00   0.00000E+00
  0.000   0.000    0.00000E+00   0.00000E+00   0.00000E+00   0.00000E+00   0.00000E+00   0.00000E+00
  0.000   0.000    0.00000E+00   0.00000E+00   0.00000E+00   0.00000E+00   0.00000E+00   0.00000E+00
  0.000   0.000    0.00000E+00   0.00000E+00   0.00000E+00   0.00000E+00   0.00000E+00   0.00000E+00
  0.000   0.000    0.00000E+00   0.00000E+00   0.00000E+00   0.00000E+00   0.00000E+00   0.00000E+00
  0.000   0.000    0.00000E+00   0.00000E+00   0.00000E+00   0.00000E+00   0.00000E+00   0.00000E+00
  0.000   0.000    0.00000E+00   0.00000E+00   0.00000E+00   0.00000E+00   0.00000E+00   0.00000E+00
  0.000   0.000    0.00000E+00   0.00000E+00   0.00000E+00   0.00000E+00   0.00000E+00   0.00000E+00
  0.000   0.000    0.00000E+00   0.00000E+00   0.00000E+00   0.00000E+00   0.00000E+00   0.00000E+00
  0.000   0.000    0.00000E+00   0.00000E+00   0.00000E+00   0.00000E+00   0.00000E+00   0.00000E+00
  0.000   0.000    0.00000E+00   0.00000E+00   0.00000E+00   0.00000E+00   0.00000E+00   0.00000E+00
  0.000   0.000    0.00000E+00   0.00000E+00   0.00000E+00   0.00000E+00   0.00000E+00   0.00000E+00
  0.000   0.000    0.00000E+00   0.00000E+00   0.00000E+00   0.00000E+00   0.00000E+00   0.00000E+00
  0.000   0.000    0.00000E+00   0.00000E+00   0.00000E+00   0.00000E+00   0.00000E+00   0.00000E+00
  0.000   0.000    0.00000E+00   0.00000E+00   0.00000E+00   0.00000E+00   0.00000E+00   0.00000E+00
  0.000   0.000    0.00000E+00   0.00000E+00   0.00000E+00   0.00000E+00   0.00000E+00   0.00000E+00
  0.000   0.000    0.00000E+00   0.00000E+00   0.00000E+00   0.00000E+00   0.00000E+00   0.00000E+00
  0.000   0.000    0.00000E+00   0.00000E+00   0.00000E+00   0.00000E+00   0.00000E+00   0.00000E+00
  0.000   0.000    0.00000E+00   0.00000E+00   0.00000E+00   0.00000E+00   0.00000E+00   0.00000E+00
  0.000   0.000    0.00000E+00   0.00000E+00   0.00000E+00   0.00000E+00   0.00000E+00   0.00000E+00
  0.000   0.000    0.00000E+00   0.00000E+00   0.00000E+00   0.00000E+00   0.00000E+00   0.00000E+00
  0.000   0.000    0.00000E+00   0.00000E+00   0.00000E+00   0.00000E+00   0.00000E+00   0.00000E+00
  0.000   0.000    0.00000E+00   0.00000E+00   0.00000E+00   0.00000E+00   0.00000E+00   0.00000E+00
  0.000   0.000    0.00000E+00   0.00000E+00   0.00000E+00   0.00000E+00   0.00000E+00   0.00000E+00
  0.000   0.000    0.00000E+00   0.00000E+00   0.00000E+00   0.00000E+00   0.00000E+00   0.00000E+00
  0.000   0.000    0.00000E+00   0.00000E+00   0.00000E+00   0.00000E+00   0.00000E+00   0.00000E+00
  0.000   0.000    0.00000E+00   0.00000E+00   0.00000E+00   0.00000E+00   0.00000E+00   0.00000E+00
  0.000   0.000    0.00000E+00   0.00000E+00   0.00000E+00   0.00000E+00   0.00000E+00   0.00000E+00
  0.000   0.000    0.00000E+00   0.00000E+00   0.00000E+00   0.00000E+00   0.00000E+00   0.00000E+00
  0.000   0.000    0.00000E+00   0.00000E+00   0.00000E+00   0.00000E+00   0.00000E+00   0.00000E+00
  0.000   0.000    0.00000E+00   0.00000E+00   0.00000E+00   0.00000E+00   0.00000E+00   0.00000E+00
  0.000   0.000    0.00000E+00   0.00000E+00   0.00000E+00   0.00000E+00   0.00000E+00   0.00000E+00
  0.000   0.000    0.00000E+00   0.00000E+00   0.00000E+00   0.00000E+00   0.00000E+00   0.00000E+00
  0.000   0.000    0.00000E+00   0.00000E+00   0.00000E+00   0.00000E+00   0.00000E+00   0.00000E+00
  0.000   0.000    0.00000E+00   0.00000E+00   0.00000E+00   0.00000E+00   0.00000E+00   0.00000E+00
  0.000   0.000    0.00000E+00   0.00000E+00   0.00000E+00   0.00000E+00   0.00000E+00   0.00000E+00
  0.000   0.000    0.00000E+00   0.00000E+00   0.00000E+00   0.00000E+00   0.00000E+00   0.00000E+00
  0.000   0.000    0.00000E+00   0.00000E+00   0.00000E+00   0.00000E+00   0.00000E+00   0.00000E+00
  0.000   0.000    0.00000E+00   0.00000E+00   0.00000E+00   0.00000E+00   0.00000E+00   0.00000E+00
  0.000   0.000    0.00000E+00   0.00000E+00   0.00000E+00   0.00000E+00   0.00000E+00   0.00000E+00
  0.000   0.000    0.00000E+00   0.00000E+00   0.00000E+00   0.00000E+00   0.00000E+00   0.00000E+00
  0.000   0.000    0.00000E+00   0.00000E+00   0.00000E+00   0.00000E+00   0.00000E+00   0.00000E+00
  0.000   0.000    0.00000E+00   0.00000E+00   0.00000E+00   0.00000E+00   0.00000E+00   0.00000E+00
  0.000   0.000    0.00000E+00   0.00000E+00   0.00000E+00   0.00000E+00   0.00000E+00   0.00000E+00
  0.000   0.000    0.00000E+00   0.00000E+00   0.00000E+00   0.00000E+00   0.00000E+00   0.00000E+00
  0.000   0.000    0.00000E+00   0.00000E+00   0.00000E+00   0.00000E+00   0.00000E+00   0.00000E+00
  0.000   0.000    0.00000E+00   0.00000E+00   0.00000E+00   0.00000E+00   0.00000E+00   0.00000E+00
  0.000   0.000    0.00000E+00   0.00000E+00   0.00000E+00   0.00000E+00   0.00000E+00   0.00000E+00
  0.000   0.000    0.00000E+00   0.00000E+00   0.00000E+00   0.00000E+00   0.00000E+00   0.00000E+00
  0.000   0.000    0.00000E+00   0.00000E+00   0.00000E+00   0.00000E+00   0.00000E+00   0.00000E+00
  0.000   0.000    0.00000E+00   0.00000E+00   0.00000E+00   0.00000E+00   0.00000E+00   0.00000E+00
  0.000   0.000    0.00000E+00   0.00000E+00   0.00000E+00   0.00000E+00   0.00000E+00   0.00000E+00
  0.000   0.000    0.00000E+00   0.00000E+00   0.00000E+00   0.00000E+00   0.00000E+00   0.00000E+00
  0.000   0.000    0.00000E+00   0.00000E+00   0.00000E+00   0.00000E+00   0.00000E+00   0.00000E+00
  0.000   0.000    0.00000E+00   0.00000E+00   0.00000E+00   0.00000E+00   0.00000E+00   0.00000E+00
  0.000   0.000    0.00000E+00   0.00000E+00   0.00000E+00   0.00000E+00   0.00000E+00   0.00000E+00
  0.000   0.000    0.00000E+00   0.00000E+00   0.00000E+00   0.00000E+00   0.00000E+00   0.00000E+00
  0.000   0.000    0.00000E+00   0.00000E+00   0.00000E+00   0.00000E+00   0.00000E+00   0.00000E+00
  0.000   0.000    0.00000E+00   0.00000E+00   0.00000E+00   0.00000E+00   0.00000E+00   0.00000E+00
  0.000   0.000    0.00000E+00   0.00000E+00   0.00000E+00   0.00000E+00   0.00000E+00   0.00000E+00
  0.000   0.000    0.00000E+00   0.00000E+00   0.00000E+00   0.00000E+00   0.00000E+00   0.00000E+00
  0.000   0.000    0.00000E+00   0.00000E+00   0.00000E+00   0.00000E+00   0.00000E+00   0.00000E+00
  0.000   0.000    0.00000E+00   0.00000E+00   0.00000E+00   0.00000E+00   0.00000E+00   0.00000E+00
  0.000   0.000    0.00000E+00   0.00000E+00   0.00000E+00   0.00000E+00   0.00000E+00   0.00000E+00
  0.000   0.000    0.00000E+00   0.00000E+00   0.00000E+00   0.00000E+00   0.00000E+00   0.00000E+00
  0.000   0.000    0.00000E+00   0.00000E+00   0.00000E+00   0.00000E+00   0.00000E+00   0.00000E+00
  0.000   0.000    0.00000E+00   0.00000E+00   0.00000E+00   0.00000E+00   0.00000E+00   0.00000E+00
  0.000   0.000    0.00000E+00   0.00000E+00   0.00000E+00   0.00000E+00   0.00000E+00   0.00000E+00
  0.000   0.000    0.00000E+00   0.00000E+00   0.00000E+00   0.00000E+00   0.00000E+00   0.00000E+00
  0.000   0.000    0.00000E+00   0.00000E+00   0.00000E+00   0.00000E+00   0.00000E+00   0.00000E+00
  0.000   0.000    0.00000E+00   0.00000E+00   0.00000E+00   0.00000E+00   0.00000E+00   0.00000E+00
  0.000   0.000    0.00000E+00   0.00000E+00   0.00000E+00   0.00000E+00   0.00000E+00   0.00000E+00
  0.000   0.000    0.00000E+00   0.00000E+00   0.00000E+00   0.00000E+00   0.00000E+00   0.00000E+00
  0.000   0.000    0.00000E+00   0.00000E+00   0.00000E+00   0.00000E+00   0.00000E+00   0.00000E+00
  0.000   0.000    0.00000E+00   0.00000E+00   0.00000E+00   0.00000E+00   0.00000E+00   0.00000E+00
  0.000   0.000    0.00000E+00   0.00000E+00   0.00000E+00   0.00000E+00   0.00000E+00   0.00000E+00
  0.000   0.000    0.00000E+00   0.00000E+00   0.00000E+00   0.00000E+00   0.00000E+00   0.00000E+00
  0.000   0.000    0.00000E+00   0.00000E+00   0.00000E+00   0.00000E+00   0.00000E+00   0.00000E+00
  0.000   0.000    0.00000E+00   0.00000E+00   0.00000E+00   0.00000E+00   0.00000E+00   0.00000E+00
  0.000   0.000    0.00000E+00   0.00000E+00   0.00000E+00   0.00000E+00   0.00000E+00   0.00000E+00
  0.000   0.000    0.00000E+00   0.00000E+00   0.00000E+00   0.00000E+00   0.00000E+00   0.00000E+00
  0.000   0.000    0.00000E+00   0.00000E+00   0.00000E+00   0.00000E+00   0.00000E+00   0.00000E+00
  0.000   0.000    0.00000E+00   0.00000E+00   0.00000E+00   0.00000E+00   0.00000E+00   0.00000E+00
  0.000   0.000    0.00000E+00   0.00000E+00   0.00000E+00   0.00000E+00   0.00000E+00   0.00000E+00
  0.000   0.000    0.00000E+00   0.00000E+00   0.00000E+00   0.00000E+00   0.00000E+00   0.00000E+00
  0.000   0.000    0.00000E+00   0.00000E+00   0.00000E+00   0.00000E+00   0.00000E+00   0.00000E+00
  0.000   0.000    0.00000E+00   0.00000E+00   0.00000E+00   0.00000E+00   0.00000E+00   0.00000E+00
  0.000   0.000    0.00000E+00   0.00000E+00   0.00000E+00   0.00000E+00   0.00000E+00   0.00000E+00
 -1.000  -1.000    0.00000E+00   0.00000E+00   0.00000E+00   0.00000E+00   0.00000E+00   0.00000E+00
 -1.000  -1.000    0.00000E+00   0.00000E+00   0.00000E+00   0.00000E+00   0.00000E+00   0.00000E+00
 -1.000  -1.000    0.00000E+00   0.00000E+00   0.00000E+00   0.00000E+00   0.00000E+00   0.00000E+00
 -1.000  -1.000    0.00000E+00   0.00000E+00   0.00000E+00   0.00000E+00   0.00000E+00   0.00000E+00
 -1.000  -1.000    0.00000E+00   0.00000E+00   0.00000E+00   0.00000E+00   0.00000E+00   0.00000E+00
 -1.000  -1.000    0.00000E+00   0.00000E+00   0.00000E+00   0.00000E+00   0.00000E+00   0.00000E+00
 -1.000  -1.000    0.00000E+00   0.00000E+00   0.00000E+00   0.00000E+00   0.00000E+00   0.00000E+00
 -1.000  -1.000    0.00000E+00   0.00000E+00   0.00000E+00   0.00000E+00   0.00000E+00   0.00000E+00
 -1.000  -1.000    0.00000E+00   0.00000E+00   0.00000E+00   0.00000E+00   0.00000E+00   0.00000E+00
 -1.000  -1.000    0.00000E+00   0.00000E+00   0.00000E+00   0.00000E+00   0.00000E+00   0.00000E+00
 -1.000  -1.000    0.00000E+00   0.00000E+00   0.00000E+00   0.00000E+00   0.00000E+00   0.00000E+00
 -1.000  -1.000    0.00000E+00   0.00000E+00   0.00000E+00   0.00000E+00   0.00000E+00   0.00000E+00
 -1.000  -1.000    0.00000E+00   0.00000E+00   0.00000E+00   0.00000E+00   0.00000E+00   0.00000E+00
 -1.000  -1.000    0.00000E+00   0.00000E+00   0.00000E+00   0.00000E+00   0.00000E+00   0.00000E+00
 -1.000  -1.000    0.00000E+00   0.00000E+00   0.00000E+00   0.00000E+00   0.00000E+00   0.00000E+00
 -1.000  -1.000    0.00000E+00   0.00000E+00   0.00000E+00   0.00000E+00   0.00000E+00   0.00000E+00
 -1.000  -1.000    0.00000E+00   0.00000E+00   0.00000E+00   0.00000E+00   0.00000E+00   0.00000E+00
 -1.000  -1.000    0.00000E+00   0.00000E+00   0.00000E+00   0.00000E+00   0.00000E+00   0.00000E+00
 -1.000  -1.000    0.00000E+00   0.00000E+00   0.00000E+00   0.00000E+00   0.00000E+00   0.00000E+00
 -1.000  -1.000    0.00000E+00   0.00000E+00   0.00000E+00   0.00000E+00   0.00000E+00   0.00000E+00
 -1.000  -1.000    0.00000E+00   0.00000E+00   0.00000E+00   0.00000E+00   0.00000E+00   0.00000E+00
 -1.000  -1.000    0.00000E+00   0.00000E+00   0.00000E+00   0.00000E+00   0.00000E+00   0.00000E+00
 -1.000  -1.000    0.00000E+00   0.00000E+00   0.00000E+00   0.00000E+00   0.00000E+00   0.00000E+00
 -1.000  -1.000    0.00000E+00   0.00000E+00   0.00000E+00   0.00000E+00   0.00000E+00   0.00000E+00
 -1.000  -1.000    0.00000E+00   0.00000E+00   0.00000E+00   0.00000E+00   0.00000E+00   0.00000E+00
 -1.000  -1.000    0.00000E+00   0.00000E+00   0.00000E+00   0.00000E+00   0.00000E+00   0.00000E+00
 -1.000  -1.000    0.00000E+00   0.00000E+00   0.00000E+00   0.00000E+00   0.00000E+00   0.00000E+00
 -1.000  -1.000    0.00000E+00   0.00000E+00   0.00000E+00   0.00000E+00   0.00000E+00   0.00000E+00
 -1.000  -1.000    0.00000E+00   0.00000E+00   0.00000E+00   0.00000E+00   0.00000E+00   0.00000E+00
 -1.000  -1.000    0.00000E+00   0.00000E+00   0.00000E+00   0.00000E+00   0.00000E+00   0.00000E+00
 -1.000  -1.000    0.00000E+00   0.00000E+00   0.00000E+00   0.00000E+00   0.00000E+00   0.00000E+00
 -1.000  -1.000    0.00000E+00   0.00000E+00   0.00000E+00   0.00000E+00   0.00000E+00   0.00000E+00
 -1.000  -1.000    0.00000E+00   0.00000E+00   0.00000E+00   0.00000E+00   0.00000E+00   0.00000E+00
 -1.000  -1.000    0.00000E+00   0.00000E+00   0.00000E+00   0.00000E+00   0.00000E+00   0.00000E+00
 -1.000  -1.000    0.00000E+00   0.00000E+00   0.00000E+00   0.00000E+00   0.00000E+00   0.00000E+00
 -1.000  -1.000    0.00000E+00   0.00000E+00   0.00000E+00   0.00000E+00   0.00000E+00   0.00000E+00
 -1.000  -1.000    0.00000E+00   0.00000E+00   0.00000E+00   0.00000E+00   0.00000E+00   0.00000E+00
 -1.000  -1.000    0.00000E+00   0.00000E+00   0.00000E+00   0.00000E+00   0.00000E+00   0.00000E+00
 -1.000  -1.000    0.00000E+00   0.00000E+00   0.00000E+00   0.00000E+00   0.00000E+00   0.00000E+00
 -1.000  -1.000    0.00000E+00   0.00000E+00   0.00000E+00   0.00000E+00   0.00000E+00   0.00000E+00
 -1.000  -1.000    0.00000E+00   0.00000E+00   0.00000E+00   0.00000E+00   0.00000E+00   0.00000E+00
 -1.000  -1.000    0.00000E+00   0.00000E+00   0.00000E+00   0.00000E+00   0.00000E+00   0.00000E+00
 -1.000  -1.000    0.00000E+00   0.00000E+00   0.00000E+00   0.00000E+00   0.00000E+00   0.00000E+00
 -1.000  -1.000    0.00000E+00   0.00000E+00   0.00000E+00   0.00000E+00   0.00000E+00   0.00000E+00
 -1.000  -1.000    0.00000E+00   0.00000E+00   0.00000E+00   0.00000E+00   0.00000E+00   0.00000E+00
 -1.000  -1.000    0.00000E+00   0.00000E+00   0.00000E+00   0.00000E+00   0.00000E+00   0.00000E+00
 -1.000  -1.000    0.00000E+00   0.00000E+00   0.00000E+00   0.00000E+00   0.00000E+00   0.00000E+00
 -1.000  -1.000    0.00000E+00   0.00000E+00   0.00000E+00   0.00000E+00   0.00000E+00   0.00000E+00
 -1.000  -1.000    0.00000E+00   0.00000E+00   0.00000E+00   0.00000E+00   0.00000E+00   0.00000E+00
 -1.000  -1.000    0.00000E+00   0.00000E+00   0.00000E+00   0.00000E+00   0.00000E+00   0.00000E+00
 -1.000  -1.000    0.00000E+00   0.00000E+00   0.00000E+00   0.00000E+00   0.00000E+00   0.00000E+00
 -1.000  -1.000    0.00000E+00   0.00000E+00   0.00000E+00   0.00000E+00   0.00000E+00   0.00000E+00
 -1.000  -1.000    0.00000E+00   0.00000E+00   0.00000E+00   0.00000E+00   0.00000E+00   0.00000E+00
 -1.000  -1.000    0.00000E+00   0.00000E+00   0.00000E+00   0.00000E+00   0.00000E+00   0.00000E+00
 -1.000  -1.000    0.00000E+00   0.00000E+00   0.00000E+00   0.00000E+00   0.00000E+00   0.00000E+00
 -1.000  -1.000    0.00000E+00   0.00000E+00   0.00000E+00   0.00000E+00   0.00000E+00   0.00000E+00
 -1.000  -1.000    0.00000E+00   0.00000E+00   0.00000E+00   0.00000E+00   0.00000E+00   0.00000E+00
 -1.000  -1.000    0.00000E+00   0.00000E+00   0.00000E+00   0.00000E+00   0.00000E+00   0.00000E+00
 -1.000  -1.000    0.00000E+00   0.00000E+00   0.00000E+00   0.00000E+00   0.00000E+00   0.00000E+00
 -1.000  -1.000    0.00000E+00   0.00000E+00   0.00000E+00   0.00000E+00   0.00000E+00   0.00000E+00
 -1.000  -1.000    0.00000E+00   0.00000E+00   0.00000E+00   0.00000E+00   0.00000E+00   0.00000E+00
 -1.000  -1.000    0.00000E+00   0.00000E+00   0.00000E+00   0.00000E+00   0.00000E+00   0.00000E+00
 -1.000  -1.000    0.00000E+00   0.00000E+00   0.00000E+00   0.00000E+00   0.00000E+00   0.00000E+00
 -1.000  -1.000    0.00000E+00   0.00000E+00   0.00000E+00   0.00000E+00   0.00000E+00   0.00000E+00
 -1.000  -1.000    0.00000E+00   0.00000E+00   0.00000E+00   0.00000E+00   0.00000E+00   0.00000E+00
 -1.000  -1.000    0.00000E+00   0.00000E+00   0.00000E+00   0.00000E+00   0.00000E+00   0.00000E+00
 -1.000  -1.000    0.00000E+00   0.00000E+00   0.00000E+00   0.00000E+00   0.00000E+00   0.00000E+00
 -1.000  -1.000    0.00000E+00   0.00000E+00   0.00000E+00   0.00000E+00   0.00000E+00   0.00000E+00
 -1.000  -1.000    0.00000E+00   0.00000E+00   0.00000E+00   0.00000E+00   0.00000E+00   0.00000E+00
 -1.000  -1.000    0.00000E+00   0.00000E+00   0.00000E+00   0.00000E+00   0.00000E+00   0.00000E+00
 -1.000  -1.000    0.00000E+00   0.00000E+00   0.00000E+00   0.00000E+00   0.00000E+00   0.00000E+00
 -1.000  -1.000    0.00000E+00   0.00000E+00   0.00000E+00   0.00000E+00   0.00000E+00   0.00000E+00
 -1.000  -1.000    0.00000E+00   0.00000E+00   0.00000E+00   0.00000E+00   0.00000E+00   0.00000E+00
 -1.000  -1.000    0.00000E+00   0.00000E+00   0.00000E+00   0.00000E+00   0.00000E+00   0.00000E+00
 -1.000  -1.000    0.00000E+00   0.00000E+00   0.00000E+00   0.00000E+00   0.00000E+00   0.00000E+00
 -1.000  -1.000    0.00000E+00   0.00000E+00   0.00000E+00   0.00000E+00   0.00000E+00   0.00000E+00
 -1.000  -1.000    0.00000E+00   0.00000E+00   0.00000E+00   0.00000E+00   0.00000E+00   0.00000E+00
 -1.000  -1.000    0.00000E+00   0.00000E+00   0.00000E+00   0.00000E+00   0.00000E+00   0.00000E+00
 -1.000  -1.000    0.00000E+00   0.00000E+00   0.00000E+00   0.00000E+00   0.00000E+00   0.00000E+00
 -1.000  -1.000    0.00000E+00   0.00000E+00   0.00000E+00   0.00000E+00   0.00000E+00   0.00000E+00
 -1.000  -1.000    0.00000E+00   0.00000E+00   0.00000E+00   0.00000E+00   0.00000E+00   0.00000E+00
 -1.000  -1.000    0.00000E+00   0.00000E+00   0.00000E+00   0.00000E+00   0.00000E+00   0.00000E+00
 -1.000  -1.000    0.00000E+00   0.00000E+00   0.00000E+00   0.00000E+00   0.00000E+00   0.00000E+00
 -1.000  -1.000    0.00000E+00   0.00000E+00   0.00000E+00   0.00000E+00   0.00000E+00   0.00000E+00
 -1.000  -1.000    0.00000E+00   0.00000E+00   0.00000E+00   0.00000E+00   0.00000E+00   0.00000E+00
 -1.000  -1.000    0.00000E+00   0.00000E+00   0.00000E+00   0.00000E+00   0.00000E+00   0.00000E+00
 -1.000  -1.000    0.00000E+00   0.00000E+00   0.00000E+00   0.00000E+00   0.00000E+00   0.00000E+00
 -1.000  -1.000    0.00000E+00   0.00000E+00   0.00000E+00   0.00000E+00   0.00000E+00   0.00000E+00
 -1.000  -1.000    0.00000E+00   0.00000E+00   0.00000E+00   0.00000E+00   0.00000E+00   0.00000E+00
 -1.000  -1.000    0.00000E+00   0.00000E+00   0.00000E+00   0.00000E+00   0.00000E+00   0.00000E+00
 -1.000  -1.000    0.00000E+00   0.00000E+00   0.00000E+00   0.00000E+00   0.00000E+00   0.00000E+00
 -1.000  -1.000    0.00000E+00   0.00000E+00   0.00000E+00   0.00000E+00   0.00000E+00   0.00000E+00
 -1.000  -1.000    0.00000E+00   0.00000E+00   0.00000E+00   0.00000E+00   0.00000E+00   0.00000E+00
 -1.000  -1.000    0.00000E+00   0.00000E+00   0.00000E+00   0.00000E+00   0.00000E+00   0.00000E+00
 -1.000  -1.000    0.00000E+00   0.00000E+00   0.00000E+00   0.00000E+00   0.00000E+00   0.00000E+00
 -1.000  -1.000    0.00000E+00   0.00000E+00   0.00000E+00   0.00000E+00   0.00000E+00   0.00000E+00
 -1.000  -1.000    0.00000E+00   0.00000E+00   0.00000E+00   0.00000E+00   0.00000E+00   0.00000E+00
 -1.000  -1.000    0.00000E+00   0.00000E+00   0.00000E+00   0.00000E+00   0.00000E+00   0.00000E+00
 -1.000  -1.000    0.00000E+00   0.00000E+00   0.00000E+00   0.00000E+00   0.00000E+00   0.00000E+00
 -1.000  -1.000    0.00000E+00   0.00000E+00   0.00000E+00   0.00000E+00   0.00000E+00   0.00000E+00
  0.067   0.200    0.18880E-11   0.12098E-10  -0.15776E-08  -0.64590E-12   0.10051E-12   0.40181E-15
  0.067   0.200    0.18830E-11   0.11837E-10  -0.15327E-08  -0.63231E-12   0.10024E-12   0.39021E-15
  0.067   0.200    0.18562E-11   0.11945E-10  -0.14878E-08  -0.63819E-12   0.98814E-13   0.38054E-15
  0.067   0.200    0.18122E-11   0.12397E-10  -0.14422E-08  -0.66219E-12   0.96485E-13   0.37023E-15
  0.067   0.200    0.15297E-11   0.11849E-10  -0.15457E-08  -0.63291E-12   0.81311E-13   0.39378E-15
  0.067   0.200    0.15116E-11   0.12111E-10  -0.15906E-08  -0.64656E-12   0.80340E-13   0.40531E-15
  0.067   0.200    0.15509E-11   0.11941E-10  -0.15008E-08  -0.63796E-12   0.82453E-13   0.38394E-15
  0.067   0.200    0.15663E-11   0.12392E-10  -0.14551E-08  -0.66189E-12   0.83308E-13   0.37318E-15
  0.067   0.200    0.11593E-11   0.12112E-10  -0.16007E-08  -0.64659E-12   0.61460E-13   0.40863E-15
  0.067   0.200    0.11949E-11   0.12203E-10  -0.15555E-08  -0.65160E-12   0.63388E-13   0.39723E-15
  0.067   0.200    0.20341E-11   0.11603E-10  -0.16143E-08  -0.61923E-12   0.10832E-12   0.41006E-15
  0.067   0.200    0.20323E-11   0.11360E-10  -0.15712E-08  -0.60662E-12   0.10822E-12   0.39894E-15
  0.067   0.200    0.20069E-11   0.11473E-10  -0.15281E-08  -0.61276E-12   0.10687E-12   0.38966E-15
  0.067   0.200    0.19620E-11   0.11915E-10  -0.14842E-08  -0.63625E-12   0.10450E-12   0.37977E-15
  0.067   0.200    0.16773E-11   0.11370E-10  -0.15853E-08  -0.60712E-12   0.89201E-13   0.40278E-15
  0.067   0.200    0.16566E-11   0.11614E-10  -0.16284E-08  -0.61978E-12   0.88090E-13   0.41384E-15
  0.067   0.200    0.16987E-11   0.11468E-10  -0.15421E-08  -0.61249E-12   0.90352E-13   0.39332E-15
  0.067   0.200    0.17112E-11   0.11910E-10  -0.14983E-08  -0.63597E-12   0.91053E-13   0.38300E-15
  0.067   0.200    0.13020E-11   0.11612E-10  -0.16397E-08  -0.61970E-12   0.69087E-13   0.41738E-15
  0.067   0.200    0.13364E-11   0.11707E-10  -0.15962E-08  -0.62490E-12   0.70949E-13   0.40646E-15
  0.067   0.200    0.20273E-11   0.11431E-10  -0.16446E-08  -0.60997E-12   0.10794E-12   0.41728E-15
  0.067   0.200    0.20261E-11   0.11198E-10  -0.16021E-08  -0.59783E-12   0.10788E-12   0.40633E-15
  0.067   0.200    0.20014E-11   0.11315E-10  -0.15596E-08  -0.60420E-12   0.10656E-12   0.39718E-15
  0.067   0.200    0.19574E-11   0.11756E-10  -0.15163E-08  -0.62766E-12   0.10424E-12   0.38743E-15
  0.067   0.200    0.16703E-11   0.11206E-10  -0.16162E-08  -0.59828E-12   0.88816E-13   0.41015E-15
  0.067   0.200    0.16492E-11   0.11441E-10  -0.16587E-08  -0.61047E-12   0.87684E-13   0.42105E-15
  0.067   0.200    0.16919E-11   0.11309E-10  -0.15736E-08  -0.60389E-12   0.89980E-13   0.40082E-15
  0.067   0.200    0.17044E-11   0.11751E-10  -0.15304E-08  -0.62735E-12   0.90679E-13   0.39066E-15
  0.067   0.200    0.12934E-11   0.11439E-10  -0.16699E-08  -0.61033E-12   0.68616E-13   0.42456E-15
  0.067   0.200    0.13278E-11   0.11537E-10  -0.16271E-08  -0.61570E-12   0.70477E-13   0.41380E-15
  0.067   0.200    0.21540E-11   0.11455E-10  -0.17002E-08  -0.61114E-12   0.11471E-12   0.43087E-15
  0.067   0.200    0.21547E-11   0.11226E-10  -0.16576E-08  -0.59925E-12   0.11475E-12   0.41990E-15
  0.067   0.200    0.21304E-11   0.11349E-10  -0.16150E-08  -0.60594E-12   0.11345E-12   0.41072E-15
  0.067   0.200    0.20851E-11   0.11797E-10  -0.15715E-08  -0.62976E-12   0.11106E-12   0.40095E-15
  0.067   0.200    0.17922E-11   0.11234E-10  -0.16726E-08  -0.59962E-12   0.95325E-13   0.42395E-15
  0.067   0.200    0.17689E-11   0.11464E-10  -0.17152E-08  -0.61157E-12   0.94075E-13   0.43487E-15
  0.067   0.200    0.18148E-11   0.11343E-10  -0.16299E-08  -0.60557E-12   0.96538E-13   0.41460E-15
  0.067   0.200    0.18263E-11   0.11791E-10  -0.15865E-08  -0.62941E-12   0.97186E-13   0.40440E-15
  0.067   0.200    0.14061E-11   0.11460E-10  -0.17273E-08  -0.61134E-12   0.74631E-13   0.43859E-15
  0.067   0.200    0.14410E-11   0.11563E-10  -0.16844E-08  -0.61698E-12   0.76517E-13   0.42782E-15
  0.067   0.200    0.23314E-11   0.11608E-10  -0.16038E-08  -0.61954E-12   0.12425E-12   0.40730E-15
  0.067   0.200    0.23291E-11   0.11365E-10  -0.15607E-08  -0.60690E-12   0.12412E-12   0.39619E-15
  0.067   0.200    0.22988E-11   0.11477E-10  -0.15176E-08  -0.61299E-12   0.12251E-12   0.38691E-15
  0.067   0.200    0.22453E-11   0.11918E-10  -0.14737E-08  -0.63647E-12   0.11968E-12   0.37702E-15
  0.067   0.200    0.19765E-11   0.11383E-10  -0.15771E-08  -0.60786E-12   0.10523E-12   0.40060E-15
  0.067   0.200    0.19564E-11   0.11628E-10  -0.16202E-08  -0.62055E-12   0.10416E-12   0.41166E-15
  0.067   0.200    0.19938E-11   0.11482E-10  -0.15339E-08  -0.61325E-12   0.10617E-12   0.39110E-15
  0.067   0.200    0.19981E-11   0.11925E-10  -0.14900E-08  -0.63680E-12   0.10643E-12   0.38079E-15
  0.067   0.200    0.16047E-11   0.11636E-10  -0.16338E-08  -0.62098E-12   0.85307E-13   0.41576E-15
  0.067   0.200    0.16340E-11   0.11732E-10  -0.15903E-08  -0.62623E-12   0.86896E-13   0.40484E-15
  0.067   0.200    0.21785E-11   0.12103E-10  -0.15569E-08  -0.64621E-12   0.11608E-12   0.39655E-15
  0.067   0.200    0.21726E-11   0.11841E-10  -0.15120E-08  -0.63255E-12   0.11576E-12   0.38496E-15
  0.067   0.200    0.21408E-11   0.11947E-10  -0.14671E-08  -0.63835E-12   0.11407E-12   0.37529E-15
  0.067   0.200    0.20879E-11   0.12398E-10  -0.14215E-08  -0.66229E-12   0.11127E-12   0.36499E-15
  0.067   0.200    0.18237E-11   0.11862E-10  -0.15272E-08  -0.63364E-12   0.97065E-13   0.38909E-15
  0.067   0.200    0.18065E-11   0.12125E-10  -0.15722E-08  -0.64735E-12   0.96145E-13   0.40063E-15
  0.067   0.200    0.18406E-11   0.11954E-10  -0.14823E-08  -0.63867E-12   0.97976E-13   0.37922E-15
  0.067   0.200    0.18476E-11   0.12404E-10  -0.14366E-08  -0.66262E-12   0.98385E-13   0.36846E-15
  0.067   0.200    0.14591E-11   0.12136E-10  -0.15846E-08  -0.64791E-12   0.77525E-13   0.40450E-15
  0.067   0.200    0.14894E-11   0.12228E-10  -0.15393E-08  -0.65295E-12   0.79169E-13   0.39309E-15
  0.067   0.200    0.23693E-11   0.11409E-10  -0.16402E-08  -0.60879E-12   0.12627E-12   0.41596E-15
  0.067   0.200    0.23682E-11   0.11176E-10  -0.15979E-08  -0.59668E-12   0.12621E-12   0.40505E-15
  0.067   0.200    0.23389E-11   0.11293E-10  -0.15554E-08  -0.60303E-12   0.12464E-12   0.39592E-15
  0.067   0.200    0.22857E-11   0.11733E-10  -0.15122E-08  -0.62645E-12   0.12183E-12   0.38620E-15
  0.067   0.200    0.20136E-11   0.11193E-10  -0.16145E-08  -0.59757E-12   0.10720E-12   0.40952E-15
  0.067   0.200    0.19924E-11   0.11427E-10  -0.16570E-08  -0.60973E-12   0.10607E-12   0.42039E-15
  0.067   0.200    0.20314E-11   0.11297E-10  -0.15720E-08  -0.60324E-12   0.10816E-12   0.40018E-15
  0.067   0.200    0.20350E-11   0.11739E-10  -0.15288E-08  -0.62675E-12   0.10839E-12   0.39004E-15
  0.067   0.200    0.16381E-11   0.11434E-10  -0.16708E-08  -0.61007E-12   0.87082E-13   0.42454E-15
  0.067   0.200    0.16674E-11   0.11534E-10  -0.16280E-08  -0.61551E-12   0.88668E-13   0.41381E-15
  0.067   0.200    0.25772E-11   0.11436E-10  -0.16902E-08  -0.61014E-12   0.13738E-12   0.42811E-15
  0.067   0.200    0.25792E-11   0.11207E-10  -0.16477E-08  -0.59824E-12   0.13749E-12   0.41718E-15
  0.067   0.200    0.25503E-11   0.11329E-10  -0.16051E-08  -0.60489E-12   0.13594E-12   0.40802E-15
  0.067   0.200    0.24947E-11   0.11776E-10  -0.15618E-08  -0.62865E-12   0.13300E-12   0.39828E-15
  0.067   0.200    0.22189E-11   0.11223E-10  -0.16659E-08  -0.59905E-12   0.11818E-12   0.42204E-15
  0.067   0.200    0.21943E-11   0.11453E-10  -0.17085E-08  -0.61098E-12   0.11687E-12   0.43294E-15
  0.067   0.200    0.22377E-11   0.11333E-10  -0.16233E-08  -0.60504E-12   0.11919E-12   0.41266E-15
  0.067   0.200    0.22394E-11   0.11782E-10  -0.15799E-08  -0.62893E-12   0.11932E-12   0.40250E-15
  0.067   0.200    0.18341E-11   0.11457E-10  -0.17239E-08  -0.61122E-12   0.97560E-13   0.43744E-15
  0.067   0.200    0.18637E-11   0.11562E-10  -0.16810E-08  -0.61694E-12   0.99163E-13   0.42671E-15
  0.067   0.200    0.25057E-11   0.12094E-10  -0.15363E-08  -0.64576E-12   0.13361E-12   0.39126E-15
  0.067   0.200    0.24995E-11   0.11831E-10  -0.14914E-08  -0.63206E-12   0.13328E-12   0.37970E-15
  0.067   0.200    0.24628E-11   0.11936E-10  -0.14466E-08  -0.63778E-12   0.13132E-12   0.37004E-15
  0.067   0.200    0.24007E-11   0.12385E-10  -0.14010E-08  -0.66164E-12   0.12803E-12   0.35976E-15
  0.067   0.200    0.21551E-11   0.11861E-10  -0.15091E-08  -0.63363E-12   0.11483E-12   0.38445E-15
  0.067   0.200    0.21384E-11   0.12125E-10  -0.15541E-08  -0.64737E-12   0.11393E-12   0.39598E-15
  0.067   0.200    0.21678E-11   0.11953E-10  -0.14642E-08  -0.63864E-12   0.11551E-12   0.37456E-15
  0.067   0.200    0.21660E-11   0.12404E-10  -0.14185E-08  -0.66261E-12   0.11545E-12   0.36382E-15
  0.067   0.200    0.17960E-11   0.12146E-10  -0.15692E-08  -0.64846E-12   0.95579E-13   0.40047E-15
  0.067   0.200    0.18209E-11   0.12238E-10  -0.15238E-08  -0.65353E-12   0.96933E-13   0.38908E-15
  0.067   0.200    0.28843E-11   0.11817E-10  -0.16038E-08  -0.63075E-12   0.15387E-12   0.40723E-15
  0.067   0.200    0.28843E-11   0.11568E-10  -0.15600E-08  -0.61779E-12   0.15386E-12   0.39594E-15
  0.067   0.200    0.28487E-11   0.11680E-10  -0.15161E-08  -0.62388E-12   0.15196E-12   0.38649E-15
  0.067   0.200    0.27825E-11   0.12127E-10  -0.14714E-08  -0.64768E-12   0.14846E-12   0.37645E-15
  0.067   0.200    0.25313E-11   0.11595E-10  -0.15806E-08  -0.61921E-12   0.13494E-12   0.40140E-15
  0.067   0.200    0.25085E-11   0.11845E-10  -0.16246E-08  -0.63219E-12   0.13373E-12   0.41267E-15
  0.067   0.200    0.25453E-11   0.11695E-10  -0.15366E-08  -0.62467E-12   0.13570E-12   0.39170E-15
  0.067   0.200    0.25386E-11   0.12147E-10  -0.14919E-08  -0.64868E-12   0.13538E-12   0.38120E-15
  0.067   0.200    0.21571E-11   0.11862E-10  -0.16425E-08  -0.63311E-12   0.11489E-12   0.41779E-15
  0.067   0.200    0.21814E-11   0.11961E-10  -0.15981E-08  -0.63851E-12   0.11621E-12   0.40669E-15
  0.130   0.385    0.13519E-10   0.87381E-10  -0.30605E-08  -0.46818E-11   0.72291E-12   0.85719E-15
  0.130   0.385    0.13469E-10   0.85423E-10  -0.27379E-08  -0.45798E-11   0.72027E-12   0.77372E-15
  0.130   0.385    0.13255E-10   0.86036E-10  -0.24157E-08  -0.46133E-11   0.70884E-12   0.70430E-15
  0.130   0.385    0.12906E-10   0.89053E-10  -0.20888E-08  -0.47735E-11   0.69040E-12   0.63017E-15
  0.130   0.385    0.10930E-10   0.85454E-10  -0.28312E-08  -0.45813E-11   0.58424E-12   0.79924E-15
  0.130   0.385    0.10729E-10   0.87413E-10  -0.31540E-08  -0.46833E-11   0.57344E-12   0.88228E-15
  0.130   0.385    0.11150E-10   0.85967E-10  -0.25090E-08  -0.46094E-11   0.59607E-12   0.72860E-15
  0.130   0.385    0.11325E-10   0.88980E-10  -0.21823E-08  -0.47694E-11   0.60566E-12   0.65130E-15
  0.130   0.385    0.80562E-11   0.87167E-10  -0.32260E-08  -0.46700E-11   0.43020E-12   0.90563E-15
  0.130   0.385    0.84738E-11   0.87782E-10  -0.29016E-08  -0.47037E-11   0.45271E-12   0.82378E-15
  0.130   0.385    0.14565E-10   0.83793E-10  -0.33105E-08  -0.44887E-11   0.77882E-12   0.91318E-15
  0.130   0.385    0.14542E-10   0.82055E-10  -0.30009E-08  -0.43984E-11   0.77763E-12   0.83322E-15
  0.130   0.385    0.14343E-10   0.82798E-10  -0.26910E-08  -0.44389E-11   0.76702E-12   0.76659E-15
  0.130   0.385    0.13996E-10   0.85844E-10  -0.23761E-08  -0.46007E-11   0.74866E-12   0.69544E-15
  0.130   0.385    0.11949E-10   0.82064E-10  -0.31021E-08  -0.43987E-11   0.63870E-12   0.86065E-15
  0.130   0.385    0.11726E-10   0.83803E-10  -0.34119E-08  -0.44891E-11   0.62671E-12   0.94022E-15
  0.130   0.385    0.12175E-10   0.82715E-10  -0.27923E-08  -0.44343E-11   0.65082E-12   0.79273E-15
  0.130   0.385    0.12331E-10   0.85765E-10  -0.24777E-08  -0.45963E-11   0.65942E-12   0.71855E-15
  0.130   0.385    0.89840E-11   0.83537E-10  -0.34914E-08  -0.44747E-11   0.47979E-12   0.96502E-15
  0.130   0.385    0.93938E-11   0.84251E-10  -0.31802E-08  -0.45137E-11   0.50188E-12   0.88671E-15
  0.130   0.385    0.14490E-10   0.82430E-10  -0.35735E-08  -0.44151E-11   0.77470E-12   0.97600E-15
  0.130   0.385    0.14476E-10   0.80847E-10  -0.32686E-08  -0.43331E-11   0.77395E-12   0.89740E-15
  0.130   0.385    0.14289E-10   0.81720E-10  -0.29629E-08  -0.43805E-11   0.76400E-12   0.83179E-15
  0.130   0.385    0.13957E-10   0.84856E-10  -0.26518E-08  -0.45472E-11   0.74645E-12   0.76169E-15
  0.130   0.385    0.11819E-10   0.80836E-10  -0.33690E-08  -0.43322E-11   0.63165E-12   0.92463E-15
  0.130   0.385    0.11586E-10   0.82422E-10  -0.36739E-08  -0.44144E-11   0.61915E-12   0.10028E-14
  0.130   0.385    0.12054E-10   0.81616E-10  -0.30636E-08  -0.43747E-11   0.64426E-12   0.85775E-15
  0.130   0.385    0.12217E-10   0.84757E-10  -0.27528E-08  -0.45417E-11   0.65321E-12   0.78468E-15
  0.130   0.385    0.87728E-11   0.82130E-10  -0.37521E-08  -0.43987E-11   0.46838E-12   0.10272E-14
  0.130   0.385    0.91888E-11   0.82944E-10  -0.34459E-08  -0.44431E-11   0.49079E-12   0.95023E-15
  0.130   0.385    0.15349E-10   0.82338E-10  -0.39075E-08  -0.44095E-11   0.82057E-12   0.10573E-14
  0.130   0.385    0.15354E-10   0.80890E-10  -0.36026E-08  -0.43347E-11   0.82089E-12   0.97887E-15
  0.130   0.385    0.15179E-10   0.81909E-10  -0.32965E-08  -0.43900E-11   0.81155E-12   0.91327E-15
  0.130   0.385    0.14849E-10   0.85188E-10  -0.29843E-08  -0.45643E-11   0.79411E-12   0.84316E-15
  0.130   0.385    0.12578E-10   0.80851E-10  -0.37093E-08  -0.43324E-11   0.67216E-12   0.10077E-14
  0.130   0.385    0.12320E-10   0.82304E-10  -0.40141E-08  -0.44074E-11   0.65833E-12   0.10857E-14
  0.130   0.385    0.12830E-10   0.81780E-10  -0.34035E-08  -0.43828E-11   0.68568E-12   0.94074E-15
  0.130   0.385    0.12995E-10   0.85066E-10  -0.30918E-08  -0.45576E-11   0.69475E-12   0.86768E-15
  0.130   0.385    0.93713E-11   0.81975E-10  -0.40973E-08  -0.43896E-11   0.50029E-12   0.11112E-14
  0.130   0.385    0.98013E-11   0.82905E-10  -0.37915E-08  -0.44403E-11   0.52346E-12   0.10345E-14
  0.130   0.385    0.16791E-10   0.83670E-10  -0.33275E-08  -0.44821E-11   0.89806E-12   0.91583E-15
  0.130   0.385    0.16673E-10   0.81955E-10  -0.30182E-08  -0.43931E-11   0.89172E-12   0.83615E-15
  0.130   0.385    0.16346E-10   0.82719E-10  -0.27087E-08  -0.44347E-11   0.87426E-12   0.76968E-15
  0.130   0.385    0.15845E-10   0.85784E-10  -0.23940E-08  -0.45975E-11   0.84770E-12   0.69877E-15
  0.130   0.385    0.14098E-10   0.82220E-10  -0.31358E-08  -0.44070E-11   0.75380E-12   0.86791E-15
  0.130   0.385    0.13971E-10   0.83939E-10  -0.34461E-08  -0.44963E-11   0.74695E-12   0.94749E-15
  0.130   0.385    0.14201E-10   0.82899E-10  -0.28254E-08  -0.44441E-11   0.75936E-12   0.79980E-15
  0.130   0.385    0.14208E-10   0.85985E-10  -0.25100E-08  -0.46081E-11   0.75993E-12   0.72561E-15
  0.130   0.385    0.11235E-10   0.83935E-10  -0.35430E-08  -0.44959E-11   0.60034E-12   0.97673E-15
  0.130   0.385    0.11520E-10   0.84680E-10  -0.32304E-08  -0.45366E-11   0.61574E-12   0.89826E-15
  0.130   0.385    0.15563E-10   0.87270E-10  -0.29580E-08  -0.46760E-11   0.83246E-12   0.83063E-15
  0.130   0.385    0.15411E-10   0.85307E-10  -0.26358E-08  -0.45737E-11   0.82431E-12   0.74742E-15
  0.130   0.385    0.15064E-10   0.85906E-10  -0.23140E-08  -0.46065E-11   0.80575E-12   0.67819E-15
  0.130   0.385    0.14558E-10   0.88910E-10  -0.19876E-08  -0.47660E-11   0.77892E-12   0.60431E-15
  0.130   0.385    0.12977E-10   0.85605E-10  -0.27443E-08  -0.45895E-11   0.69388E-12   0.77697E-15
  0.130   0.385    0.12879E-10   0.87572E-10  -0.30676E-08  -0.46920E-11   0.68864E-12   0.86004E-15
  0.130   0.385    0.13068E-10   0.86111E-10  -0.24216E-08  -0.46173E-11   0.69879E-12   0.70616E-15
  0.130   0.385    0.13088E-10   0.89128E-10  -0.20944E-08  -0.47775E-11   0.70014E-12   0.62885E-15
  0.130   0.385    0.10301E-10   0.87604E-10  -0.31567E-08  -0.46936E-11   0.55048E-12   0.88773E-15
  0.130   0.385    0.10587E-10   0.88227E-10  -0.28308E-08  -0.47278E-11   0.56596E-12   0.80570E-15
  0.130   0.385    0.17099E-10   0.82103E-10  -0.35615E-08  -0.43975E-11   0.91449E-12   0.97103E-15
  0.130   0.385    0.16998E-10   0.80543E-10  -0.32578E-08  -0.43168E-11   0.90906E-12   0.89291E-15
  0.130   0.385    0.16686E-10   0.81428E-10  -0.29533E-08  -0.43648E-11   0.89241E-12   0.82763E-15
  0.130   0.385    0.16198E-10   0.84570E-10  -0.26432E-08  -0.45319E-11   0.86649E-12   0.75796E-15
  0.130   0.385    0.14380E-10   0.80780E-10  -0.33777E-08  -0.43292E-11   0.76877E-12   0.92520E-15
  0.130   0.385    0.14235E-10   0.82346E-10  -0.36824E-08  -0.44103E-11   0.76100E-12   0.10032E-14
  0.130   0.385    0.14495E-10   0.81583E-10  -0.30724E-08  -0.43729E-11   0.77497E-12   0.85828E-15
  0.130   0.385    0.14504E-10   0.84749E-10  -0.27618E-08  -0.45412E-11   0.77568E-12   0.78539E-15
  0.130   0.385    0.11445E-10   0.82311E-10  -0.37811E-08  -0.44083E-11   0.61149E-12   0.10327E-14
  0.130   0.385    0.11737E-10   0.83151E-10  -0.34742E-08  -0.44541E-11   0.62725E-12   0.95585E-15
  0.130   0.385    0.18525E-10   0.82208E-10  -0.36760E-08  -0.44030E-11   0.99082E-12   0.99834E-15
  0.130   0.385    0.18454E-10   0.80727E-10  -0.33718E-08  -0.43264E-11   0.98697E-12   0.92019E-15
  0.130   0.385    0.18153E-10   0.81697E-10  -0.30664E-08  -0.43790E-11   0.97090E-12   0.85481E-15
  0.130   0.385    0.17655E-10   0.84931E-10  -0.27551E-08  -0.45510E-11   0.94451E-12   0.78503E-15
  0.130   0.385    0.15877E-10   0.80935E-10  -0.35029E-08  -0.43373E-11   0.84892E-12   0.95518E-15
  0.130   0.385    0.15699E-10   0.82420E-10  -0.38080E-08  -0.44141E-11   0.83936E-12   0.10332E-14
  0.130   0.385    0.16009E-10   0.81828E-10  -0.31969E-08  -0.43858E-11   0.85602E-12   0.88805E-15
  0.130   0.385    0.16011E-10   0.85094E-10  -0.28851E-08  -0.45595E-11   0.85636E-12   0.81506E-15
  0.130   0.385    0.12937E-10   0.82353E-10  -0.39182E-08  -0.44103E-11   0.69138E-12   0.10653E-14
  0.130   0.385    0.13240E-10   0.83277E-10  -0.36110E-08  -0.44606E-11   0.70774E-12   0.98853E-15
  0.130   0.385    0.17949E-10   0.86889E-10  -0.29345E-08  -0.46556E-11   0.96024E-12   0.82293E-15
  0.130   0.385    0.17700E-10   0.84950E-10  -0.26138E-08  -0.45546E-11   0.94690E-12   0.74026E-15
  0.130   0.385    0.17221E-10   0.85560E-10  -0.22933E-08  -0.45880E-11   0.92130E-12   0.67141E-15
  0.130   0.385    0.16556E-10   0.88567E-10  -0.19682E-08  -0.47477E-11   0.88595E-12   0.59800E-15
  0.130   0.385    0.15317E-10   0.85511E-10  -0.27400E-08  -0.45845E-11   0.81925E-12   0.77445E-15
  0.130   0.385    0.15318E-10   0.87458E-10  -0.30629E-08  -0.46859E-11   0.81927E-12   0.85729E-15
  0.130   0.385    0.15281E-10   0.86037E-10  -0.24176E-08  -0.46133E-11   0.81733E-12   0.70364E-15
  0.130   0.385    0.15144E-10   0.89076E-10  -0.20906E-08  -0.47747E-11   0.81023E-12   0.62656E-15
  0.130   0.385    0.12779E-10   0.87763E-10  -0.31711E-08  -0.47021E-11   0.68320E-12   0.88979E-15
  0.130   0.385    0.12934E-10   0.88412E-10  -0.28445E-08  -0.47377E-11   0.69164E-12   0.80785E-15
  0.130   0.385    0.20421E-10   0.84926E-10  -0.29868E-08  -0.45502E-11   0.10926E-11   0.83153E-15
  0.130   0.385    0.20224E-10   0.83116E-10  -0.26730E-08  -0.44561E-11   0.10821E-11   0.75085E-15
  0.130   0.385    0.19763E-10   0.83803E-10  -0.23593E-08  -0.44935E-11   0.10574E-11   0.68354E-15
  0.130   0.385    0.19080E-10   0.86837E-10  -0.20407E-08  -0.46547E-11   0.10211E-11   0.61181E-15
  0.130   0.385    0.17939E-10   0.83639E-10  -0.28190E-08  -0.44838E-11   0.95964E-12   0.78971E-15
  0.130   0.385    0.17889E-10   0.85451E-10  -0.31347E-08  -0.45781E-11   0.95698E-12   0.87061E-15
  0.130   0.385    0.17920E-10   0.84255E-10  -0.25034E-08  -0.45175E-11   0.95863E-12   0.72028E-15
  0.130   0.385    0.17755E-10   0.87335E-10  -0.21830E-08  -0.46812E-11   0.95008E-12   0.64496E-15
  0.130   0.385    0.15431E-10   0.85721E-10  -0.32631E-08  -0.45923E-11   0.82522E-12   0.90757E-15
  0.130   0.385    0.15587E-10   0.86450E-10  -0.29438E-08  -0.46322E-11   0.83372E-12   0.82776E-15
