  0.000   0.000   0.000000E+00  0.000000E+00
  0.000   0.000   0.000000E+00  0.000000E+00
  0.000   0.000   0.000000E+00  0.000000E+00
  0.000   0.000   0.000000E+00  0.000000E+00
  0.000   0.000   0.000000E+00  0.000000E+00
  0.000   0.000   0.000000E+00  0.000000E+00
  0.000   0.000   0.000000E+00  0.000000E+00
  0.000   0.000   0.000000E+00  0.000000E+00
  0.000   0.000   0.000000E+00  0.000000E+00
  0.000   0.000   0.000000E+00  0.000000E+00
 -1.000  -1.000            NaN           NaN
 -1.000  -1.000            NaN           NaN
 -1.000  -1.000            NaN           NaN
 -1.000  -1.000            NaN           NaN
 -1.000  -1.000            NaN           NaN
 -1.000  -1.000            NaN           NaN
 -1.000  -1.000            NaN           NaN
 -1.000  -1.000            NaN           NaN
 -1.000  -1.000            NaN           NaN
 -1.000  -1.000            NaN           NaN
  0.067   0.200  -0.367388E+01 -0.187064E-02
  0.067   0.200  -0.356477E+01  0.774109E-01
  0.067   0.200  -0.356109E+01  0.162639E+00
  0.067   0.200  -0.366285E+01  0.250496E+00
  0.067   0.200  -0.357129E+01  0.767381E-01
  0.067   0.200  -0.368037E+01 -0.965537E-03
  0.067   0.200  -0.356196E+01  0.161045E+00
  0.067   0.200  -0.366097E+01  0.248990E+00
  0.067   0.200  -0.368953E+01 -0.513398E-02
  0.067   0.200  -0.369235E+01  0.689932E-01
  0.130   0.385  -0.707824E+01  0.460134E-01
  0.130   0.385  -0.686025E+01  0.340251E+00
  0.130   0.385  -0.683526E+01  0.655857E+00
  0.130   0.385  -0.700401E+01  0.980456E+00
  0.130   0.385  -0.687292E+01  0.337742E+00
  0.130   0.385  -0.709075E+01  0.493797E-01
  0.130   0.385  -0.683711E+01  0.649911E+00
  0.130   0.385  -0.700052E+01  0.974829E+00
  0.130   0.385  -0.710969E+01  0.339360E-01
  0.130   0.385  -0.710996E+01  0.309306E+00
