  0.000   0.000    0.18316E+01   0.10985E-02  -0.96145E-03  -0.72779E-04   0.97853E-01  -0.50076E-05
  0.000   0.000    0.90584E-01   0.17284E-03  -0.56052E-03  -0.90718E-05   0.48155E-02  -0.72980E-07
  0.000   0.000    0.12198E-01   0.68009E-04  -0.28955E-03  -0.37495E-05   0.65349E-03  -0.72112E-07
  0.000   0.000    0.35722E-02   0.30438E-04  -0.14155E-03  -0.16258E-05   0.19116E-03   0.48721E-09
  0.000   0.000   -0.97628E-02   0.67170E-02  -0.48383E-01  -0.36163E-03  -0.52350E-03   0.53169E-07
  0.000   0.000   -0.16559E-01  -0.28674E-03  -0.63184E-01   0.12931E-04  -0.88929E-03   0.12729E-06
  0.000   0.000   -0.25420E-02   0.47328E-02  -0.26185E-01  -0.25358E-03  -0.13592E-03   0.11582E-07
  0.000   0.000   -0.23208E-03   0.23629E-02  -0.13412E-01  -0.12668E-03  -0.12406E-04   0.60698E-08
  0.000   0.000   -0.20136E-02  -0.14423E-04  -0.15640E-01   0.79887E-06  -0.10778E-03   0.52670E-08
  0.000   0.000   -0.17457E-02   0.58748E-03  -0.14515E-01  -0.31447E-04  -0.93438E-04   0.51484E-08
  0.000   0.000    0.90516E-01   0.14648E-03  -0.39883E-03  -0.95124E-05   0.48106E-02  -0.36410E-06
  0.000   0.000    0.18339E+01   0.10927E-02  -0.98704E-03  -0.72478E-04   0.97973E-01  -0.50099E-05
  0.000   0.000    0.90828E-01   0.18176E-03  -0.57675E-03  -0.95703E-05   0.48286E-02  -0.74124E-07
  0.000   0.000    0.12196E-01   0.71047E-04  -0.31955E-03  -0.39099E-05   0.65341E-03  -0.71600E-07
  0.000   0.000   -0.16907E-01   0.44378E-04  -0.64210E-01  -0.46694E-05  -0.90787E-03   0.12914E-06
  0.000   0.000   -0.97406E-02  -0.69423E-02  -0.48604E-01   0.37158E-03  -0.52123E-03   0.25318E-07
  0.000   0.000   -0.98510E-02   0.68208E-02  -0.48782E-01  -0.36717E-03  -0.52829E-03   0.52944E-07
  0.000   0.000   -0.25428E-02   0.48597E-02  -0.26328E-01  -0.26031E-03  -0.13597E-03   0.11760E-07
  0.000   0.000   -0.17625E-02  -0.59420E-03  -0.14670E-01   0.31881E-04  -0.94335E-04   0.45427E-08
  0.000   0.000   -0.20325E-02   0.15703E-04  -0.15799E-01  -0.78566E-06  -0.10878E-03   0.52823E-08
  0.000   0.000    0.12183E-01  -0.15591E-04  -0.28254E-03   0.43661E-06   0.65236E-03  -0.74574E-07
  0.000   0.000    0.90762E-01   0.13530E-03  -0.40046E-03  -0.89061E-05   0.48237E-02  -0.36446E-06
  0.000   0.000    0.18338E+01   0.10932E-02  -0.10215E-02  -0.72521E-04   0.97971E-01  -0.50094E-05
  0.000   0.000    0.90580E-01   0.18653E-03  -0.62475E-03  -0.98114E-05   0.48154E-02  -0.72833E-07
  0.000   0.000   -0.98004E-02  -0.67786E-02  -0.48841E-01   0.36295E-03  -0.52439E-03   0.25871E-07
  0.000   0.000   -0.25155E-02  -0.48832E-02  -0.26384E-01   0.26168E-03  -0.13442E-03   0.58760E-08
  0.000   0.000   -0.16862E-01   0.12296E-03  -0.64315E-01  -0.92532E-05  -0.90493E-03   0.12807E-06
  0.000   0.000   -0.97764E-02   0.70121E-02  -0.48611E-01  -0.37731E-03  -0.52430E-03   0.53103E-07
  0.000   0.000   -0.11742E-02  -0.83959E-03  -0.12014E-01   0.45043E-04  -0.62853E-04   0.32653E-08
  0.000   0.000   -0.17540E-02  -0.57325E-03  -0.14732E-01   0.30779E-04  -0.93889E-04   0.45145E-08
  0.000   0.000    0.35724E-02  -0.24143E-04  -0.11684E-03   0.12783E-05   0.19116E-03  -0.60468E-08
  0.000   0.000    0.12184E-01  -0.10980E-04  -0.22672E-03   0.18831E-06   0.65241E-03  -0.74564E-07
  0.000   0.000    0.90521E-01   0.16154E-03  -0.33316E-03  -0.10312E-04   0.48108E-02  -0.36203E-06
  0.000   0.000    0.18316E+01   0.11131E-02  -0.89800E-03  -0.73511E-04   0.97853E-01  -0.50006E-05
  0.000   0.000   -0.25127E-02  -0.47663E-02  -0.26225E-01   0.25546E-03  -0.13427E-03   0.60810E-08
  0.000   0.000   -0.22383E-03  -0.23637E-02  -0.13414E-01   0.12677E-03  -0.11939E-04   0.15476E-08
  0.000   0.000   -0.97047E-02  -0.65560E-02  -0.48401E-01   0.35083E-03  -0.51898E-03   0.24717E-07
  0.000   0.000   -0.16559E-01   0.40114E-03  -0.63098E-01  -0.23591E-04  -0.88922E-03   0.12757E-06
  0.000   0.000   -0.62896E-03  -0.77029E-03  -0.89423E-02   0.41330E-04  -0.33671E-04   0.20475E-08
  0.000   0.000   -0.11495E-02  -0.82431E-03  -0.11948E-01   0.44227E-04  -0.61537E-04   0.31918E-08
  0.000   0.000   -0.97825E-02   0.69120E-02   0.48345E-01  -0.36945E-03  -0.52484E-03   0.17188E-06
  0.000   0.000   -0.17054E-01  -0.49136E-04   0.63927E-01   0.48287E-05  -0.91866E-03   0.42425E-06
  0.000   0.000   -0.99028E-02  -0.67698E-02   0.48573E-01   0.36297E-03  -0.53264E-03   0.19117E-06
  0.000   0.000   -0.25130E-02  -0.48623E-02   0.26184E-01   0.26044E-03  -0.13429E-03  -0.13409E-07
  0.000   0.000    0.18339E+01   0.11271E-02  -0.36161E-03  -0.74305E-04   0.97976E-01  -0.50100E-05
  0.000   0.000    0.90571E-01   0.20078E-03   0.10014E-03  -0.12413E-04   0.48136E-02  -0.36426E-06
  0.000   0.000    0.90800E-01   0.70829E-04   0.79951E-04  -0.33041E-05   0.48270E-02  -0.72933E-07
  0.000   0.000    0.12179E-01  -0.20323E-05   0.51399E-04   0.25871E-07   0.65247E-03  -0.72242E-07
  0.000   0.000   -0.96977E-02  -0.69100E-02  -0.48249E-01   0.36984E-03  -0.51885E-03   0.25634E-07
  0.000   0.000   -0.16710E-01   0.24964E-03  -0.63642E-01  -0.15492E-04  -0.89730E-03   0.12809E-06
  0.000   0.000   -0.16700E-01   0.26691E-03   0.62841E-01  -0.11930E-04  -0.89973E-03   0.41948E-06
  0.000   0.000   -0.98307E-02  -0.66510E-02   0.48074E-01   0.35660E-03  -0.52877E-03   0.19111E-06
  0.000   0.000   -0.25109E-02  -0.47292E-02   0.25990E-01   0.25338E-03  -0.13417E-03  -0.12876E-07
  0.000   0.000   -0.22064E-03  -0.23480E-02   0.13252E-01   0.12586E-03  -0.11758E-04  -0.66651E-08
  0.000   0.000    0.90659E-01   0.16171E-03  -0.16867E-03  -0.85340E-05   0.48196E-02  -0.73295E-07
  0.000   0.000    0.18317E+01   0.11171E-02  -0.55241E-03  -0.73769E-04   0.97857E-01  -0.50081E-05
  0.000   0.000    0.12213E-01  -0.56087E-04  -0.84886E-04   0.34776E-05   0.65439E-03  -0.72263E-07
  0.000   0.000    0.35685E-02   0.58535E-05  -0.67619E-04  -0.30293E-06   0.19096E-03   0.39355E-09
  0.000   0.000   -0.16546E-01  -0.28238E-03  -0.62895E-01   0.12709E-04  -0.88849E-03   0.12698E-06
  0.000   0.000   -0.97145E-02   0.68617E-02  -0.47982E-01  -0.36924E-03  -0.52093E-03   0.53065E-07
  0.000   0.000   -0.25141E-02   0.48619E-02   0.26201E-01  -0.26051E-03  -0.13433E-03   0.87632E-08
  0.000   0.000   -0.98538E-02   0.67288E-02   0.48573E-01  -0.35977E-03  -0.52864E-03   0.17207E-06
  0.000   0.000   -0.17056E-01  -0.10466E-03   0.63936E-01   0.78100E-05  -0.91877E-03   0.42417E-06
  0.000   0.000   -0.98351E-02  -0.69555E-02   0.48362E-01   0.37278E-03  -0.52903E-03   0.18994E-06
  0.000   0.000    0.90795E-01   0.22633E-03   0.15022E-03  -0.13833E-04   0.48254E-02  -0.36415E-06
  0.000   0.000    0.12192E-01   0.46490E-04   0.69055E-04  -0.28997E-05   0.65287E-03  -0.74670E-07
  0.000   0.000    0.18339E+01   0.11009E-02  -0.28582E-03  -0.72890E-04   0.97974E-01  -0.50054E-05
  0.000   0.000    0.90591E-01   0.10742E-03   0.92923E-05  -0.55526E-05   0.48159E-02  -0.71977E-07
  0.000   0.000   -0.24727E-02  -0.48603E-02  -0.26193E-01   0.26045E-03  -0.13212E-03   0.59479E-08
  0.000   0.000   -0.95109E-02  -0.67596E-02  -0.48629E-01   0.36189E-03  -0.50893E-03   0.24907E-07
  0.000   0.000   -0.22346E-03   0.23519E-02   0.13304E-01  -0.12613E-03  -0.11908E-04   0.12963E-08
  0.000   0.000   -0.25168E-02   0.47327E-02   0.26054E-01  -0.25365E-03  -0.13448E-03   0.87010E-08
  0.000   0.000   -0.97899E-02   0.66122E-02   0.48132E-01  -0.35351E-03  -0.52522E-03   0.17146E-06
  0.000   0.000   -0.16712E-01  -0.42302E-03   0.62914E-01   0.24670E-04  -0.90040E-03   0.41854E-06
  0.000   0.000    0.12190E-01   0.55321E-04   0.69141E-04  -0.33657E-05   0.65271E-03  -0.74455E-07
  0.000   0.000    0.35681E-02   0.12432E-04   0.19648E-04  -0.68217E-06   0.19093E-03  -0.60181E-08
  0.000   0.000    0.90516E-01   0.23080E-03   0.20783E-03  -0.14171E-04   0.48104E-02  -0.36102E-06
  0.000   0.000    0.18316E+01   0.10875E-02  -0.24013E-03  -0.72116E-04   0.97853E-01  -0.49995E-05
  0.000   0.000   -0.19624E-03  -0.23748E-02  -0.13406E-01   0.12736E-03  -0.10461E-04   0.12230E-08
  0.000   0.000   -0.23548E-02  -0.49498E-02  -0.26476E-01   0.26514E-03  -0.12585E-03   0.52919E-08
  0.000   0.000   -0.20093E-02   0.15500E-04   0.15552E-01  -0.85175E-06  -0.10752E-03  -0.37005E-08
  0.000   0.000   -0.17595E-02  -0.55955E-03   0.14465E-01   0.29977E-04  -0.94148E-04  -0.48346E-08
  0.000   0.000   -0.11718E-02  -0.80239E-03   0.11812E-01   0.43016E-04  -0.62709E-04  -0.43395E-08
  0.000   0.000   -0.62707E-03  -0.76459E-03   0.88403E-02   0.40986E-04  -0.33562E-04  -0.34122E-08
  0.000   0.000   -0.98280E-02  -0.66503E-02   0.48194E-01   0.35658E-03  -0.52873E-03   0.19046E-06
  0.000   0.000   -0.16679E-01   0.26326E-03   0.62984E-01  -0.11740E-04  -0.89846E-03   0.41938E-06
  0.000   0.000   -0.24566E-02  -0.47689E-02   0.26053E-01   0.25554E-03  -0.13124E-03  -0.14204E-07
  0.000   0.000   -0.19627E-03  -0.23327E-02   0.13217E-01   0.12499E-03  -0.10426E-04  -0.71134E-08
  0.000   0.000    0.18316E+01   0.11254E-02  -0.23089E-03  -0.74201E-04   0.97851E-01  -0.50062E-05
  0.000   0.000    0.90324E-01   0.10593E-03   0.67178E-04  -0.54339E-05   0.48016E-02  -0.70922E-07
  0.000   0.000   -0.17430E-02   0.58130E-03   0.14420E-01  -0.31185E-04  -0.93277E-04  -0.19228E-08
  0.000   0.000   -0.20304E-02  -0.55681E-05   0.15539E-01   0.26331E-06  -0.10864E-03  -0.39715E-08
  0.000   0.000   -0.17502E-02  -0.56974E-03   0.14402E-01   0.30525E-04  -0.93650E-04  -0.48398E-08
  0.000   0.000   -0.11470E-02  -0.82657E-03   0.11703E-01   0.44292E-04  -0.61385E-04  -0.43834E-08
  0.000   0.000   -0.16853E-01  -0.16417E-03   0.63322E-01   0.10977E-04  -0.90772E-03   0.41951E-06
  0.000   0.000   -0.97446E-02   0.68271E-02   0.48080E-01  -0.36491E-03  -0.52290E-03   0.17170E-06
  0.000   0.000   -0.96242E-02  -0.67506E-02   0.47738E-01   0.36191E-03  -0.51766E-03   0.18286E-06
  0.000   0.000   -0.23383E-02  -0.47842E-02   0.25555E-01   0.25631E-03  -0.12490E-03  -0.15220E-07
  0.000   0.000    0.90269E-01   0.23722E-03   0.36045E-03  -0.14357E-04   0.47973E-02  -0.36062E-06
  0.000   0.000    0.18316E+01   0.10999E-02  -0.55977E-04  -0.72780E-04   0.97853E-01  -0.49994E-05
 -1.000  -1.000    0.98772E+00   0.34585E-02   0.19307E-03  -0.18543E-03   0.54771E-01  -0.71603E-05
 -1.000  -1.000    0.51402E-02  -0.26406E-04   0.10019E-03   0.25816E-05   0.30133E-03  -0.26018E-06
 -1.000  -1.000    0.21342E-03  -0.16789E-04  -0.32116E-06   0.14059E-05   0.14072E-04  -0.89579E-07
 -1.000  -1.000    0.17813E-04  -0.93083E-08  -0.63660E-06   0.11447E-08   0.10572E-05  -0.10427E-09
 -1.000  -1.000   -0.22441E-03   0.17394E-03  -0.10169E-02  -0.12507E-04  -0.15305E-04   0.36536E-07
 -1.000  -1.000   -0.48680E-03   0.70354E-04  -0.15877E-02  -0.66571E-05  -0.33745E-04   0.11585E-06
 -1.000  -1.000   -0.31149E-04   0.49112E-04  -0.35852E-03  -0.29130E-05  -0.18518E-05   0.41784E-09
 -1.000  -1.000   -0.43473E-05   0.16195E-04  -0.12044E-03  -0.96487E-06  -0.25915E-06   0.12049E-09
 -1.000  -1.000   -0.97931E-05  -0.70114E-06  -0.95619E-04   0.40462E-07  -0.58062E-06   0.77862E-10
 -1.000  -1.000   -0.81883E-05   0.29055E-05  -0.85340E-04  -0.17238E-06  -0.48551E-06   0.83379E-10
 -1.000  -1.000    0.51107E-02   0.20585E-03   0.67889E-04  -0.13307E-04   0.29868E-03  -0.14323E-06
 -1.000  -1.000    0.98775E+00   0.34605E-02   0.18512E-03  -0.18551E-03   0.54772E-01  -0.71611E-05
 -1.000  -1.000    0.51417E-02  -0.26291E-04   0.96563E-04   0.25632E-05   0.30142E-03  -0.26047E-06
 -1.000  -1.000    0.21342E-03  -0.16650E-04  -0.75150E-06   0.13977E-05   0.14073E-04  -0.89573E-07
 -1.000  -1.000   -0.48732E-03   0.78247E-04  -0.16095E-02  -0.71247E-05  -0.33780E-04   0.11614E-06
 -1.000  -1.000   -0.19200E-03  -0.95756E-04  -0.10047E-02   0.57236E-05  -0.12229E-04   0.69304E-08
 -1.000  -1.000   -0.22598E-03   0.17440E-03  -0.10153E-02  -0.12535E-04  -0.15409E-04   0.36554E-07
 -1.000  -1.000   -0.31163E-04   0.50186E-04  -0.35681E-03  -0.29754E-05  -0.18527E-05   0.41832E-09
 -1.000  -1.000   -0.82080E-05  -0.30535E-05  -0.85815E-04   0.18006E-06  -0.48655E-06   0.67052E-10
 -1.000  -1.000   -0.98887E-05   0.54887E-06  -0.96894E-04  -0.32631E-07  -0.58636E-06   0.92967E-10
 -1.000  -1.000    0.20758E-03   0.40657E-04   0.44469E-05  -0.28490E-05   0.13420E-04  -0.35280E-07
 -1.000  -1.000    0.51255E-02   0.17515E-03   0.92789E-04  -0.11762E-04   0.29946E-03  -0.14351E-06
 -1.000  -1.000    0.98775E+00   0.34607E-02   0.18514E-03  -0.18552E-03   0.54772E-01  -0.71612E-05
 -1.000  -1.000    0.51407E-02  -0.26258E-04   0.95409E-04   0.25676E-05   0.30135E-03  -0.26047E-06
 -1.000  -1.000   -0.19383E-03  -0.95885E-04  -0.10027E-02   0.57341E-05  -0.12358E-04   0.69970E-08
 -1.000  -1.000   -0.33702E-04  -0.49909E-04  -0.35720E-03   0.29492E-05  -0.19845E-05  -0.38736E-10
 -1.000  -1.000   -0.49082E-03   0.77797E-04  -0.16042E-02  -0.70775E-05  -0.33986E-04   0.11622E-06
 -1.000  -1.000   -0.22594E-03   0.17732E-03  -0.10078E-02  -0.12704E-04  -0.15406E-04   0.36552E-07
 -1.000  -1.000   -0.49419E-05  -0.35255E-05  -0.61671E-04   0.20836E-06  -0.29288E-06   0.45101E-10
 -1.000  -1.000   -0.82227E-05  -0.19382E-05  -0.85506E-04   0.11496E-06  -0.48749E-06   0.76657E-10
 -1.000  -1.000    0.17779E-04   0.56665E-07  -0.98124E-06  -0.42102E-08   0.10541E-05   0.11367E-10
 -1.000  -1.000    0.20747E-03   0.38993E-04   0.14316E-05  -0.27544E-05   0.13413E-04  -0.35286E-07
 -1.000  -1.000    0.51131E-02   0.20601E-03   0.65019E-04  -0.13327E-04   0.29880E-03  -0.14314E-06
 -1.000  -1.000    0.98773E+00   0.34596E-02   0.18454E-03  -0.18546E-03   0.54771E-01  -0.71608E-05
 -1.000  -1.000   -0.33695E-04  -0.48872E-04  -0.35867E-03   0.28884E-05  -0.19841E-05  -0.18750E-10
 -1.000  -1.000   -0.51135E-05  -0.16218E-04  -0.11916E-03   0.96058E-06  -0.30033E-06  -0.13635E-09
 -1.000  -1.000   -0.19358E-03  -0.94600E-04  -0.99983E-03   0.56759E-05  -0.12342E-04   0.72331E-08
 -1.000  -1.000   -0.49025E-03   0.85736E-04  -0.15830E-02  -0.75384E-05  -0.33951E-04   0.11619E-06
 -1.000  -1.000   -0.23717E-05  -0.26523E-05  -0.38272E-04   0.15688E-06  -0.14051E-06   0.26332E-10
 -1.000  -1.000   -0.49335E-05  -0.26577E-05  -0.60696E-04   0.15773E-06  -0.29243E-06   0.50610E-10
 -1.000  -1.000   -0.26558E-03   0.87522E-04   0.10009E-02  -0.47305E-05  -0.18106E-04   0.19291E-06
 -1.000  -1.000   -0.69367E-03  -0.90166E-04   0.16559E-02   0.77940E-05  -0.49025E-04   0.51726E-06
 -1.000  -1.000   -0.32394E-03  -0.12988E-03   0.10272E-02   0.84304E-05  -0.22878E-04   0.26930E-06
 -1.000  -1.000   -0.32005E-04  -0.50312E-04   0.35625E-03   0.29820E-05  -0.18982E-05  -0.11260E-09
 -1.000  -1.000    0.98775E+00   0.34604E-02   0.19162E-03  -0.18550E-03   0.54772E-01  -0.71612E-05
 -1.000  -1.000    0.51135E-02   0.21197E-03   0.76051E-04  -0.13705E-04   0.29883E-03  -0.14332E-06
 -1.000  -1.000    0.51339E-02  -0.26962E-04   0.96804E-04   0.26692E-05   0.30099E-03  -0.26008E-06
 -1.000  -1.000    0.26943E-03   0.52474E-04  -0.15456E-03  -0.27618E-05   0.17548E-04  -0.89210E-07
 -1.000  -1.000   -0.18717E-03  -0.10562E-03  -0.97250E-03   0.63024E-05  -0.11929E-04   0.69060E-08
 -1.000  -1.000   -0.49570E-03   0.61810E-04  -0.16120E-02  -0.61524E-05  -0.34377E-04   0.11683E-06
 -1.000  -1.000   -0.69254E-03  -0.82873E-04   0.16349E-02   0.73651E-05  -0.48947E-04   0.51669E-06
 -1.000  -1.000   -0.32385E-03  -0.12915E-03   0.10238E-02   0.83842E-05  -0.22873E-04   0.26928E-06
 -1.000  -1.000   -0.32001E-04  -0.49197E-04   0.35760E-03   0.29172E-05  -0.18980E-05  -0.11221E-09
 -1.000  -1.000   -0.46601E-05  -0.16353E-04   0.11899E-03   0.97157E-06  -0.27692E-06  -0.87531E-10
 -1.000  -1.000    0.51431E-02  -0.32201E-04   0.89747E-04   0.29069E-05   0.30150E-03  -0.26032E-06
 -1.000  -1.000    0.98773E+00   0.34608E-02   0.18831E-03  -0.18553E-03   0.54771E-01  -0.71605E-05
 -1.000  -1.000    0.27278E-03   0.56405E-04  -0.15185E-03  -0.29272E-05   0.17691E-04  -0.89357E-07
 -1.000  -1.000    0.17513E-04   0.79906E-06  -0.47754E-05  -0.56872E-07   0.10492E-05  -0.44129E-10
 -1.000  -1.000   -0.49530E-03   0.46688E-04  -0.16100E-02  -0.52661E-05  -0.34349E-04   0.11656E-06
 -1.000  -1.000   -0.22678E-03   0.17585E-03  -0.10019E-02  -0.12629E-04  -0.15436E-04   0.36048E-07
 -1.000  -1.000   -0.31777E-04   0.50740E-04   0.35659E-03  -0.30002E-05  -0.18838E-05   0.32108E-09
 -1.000  -1.000   -0.26571E-03   0.84733E-04   0.10081E-02  -0.45672E-05  -0.18113E-04   0.19288E-06
 -1.000  -1.000   -0.69356E-03  -0.90826E-04   0.16568E-02   0.78350E-05  -0.49018E-04   0.51723E-06
 -1.000  -1.000   -0.32388E-03  -0.13283E-03   0.10209E-02   0.86013E-05  -0.22875E-04   0.26930E-06
 -1.000  -1.000    0.51121E-02   0.20626E-03   0.70860E-04  -0.13367E-04   0.29876E-03  -0.14335E-06
 -1.000  -1.000    0.19905E-03   0.42090E-04   0.10409E-04  -0.29360E-05   0.12921E-04  -0.35537E-07
 -1.000  -1.000    0.98775E+00   0.34612E-02   0.19480E-03  -0.18555E-03   0.54772E-01  -0.71610E-05
 -1.000  -1.000    0.51443E-02  -0.27060E-04   0.87003E-04   0.26555E-05   0.30158E-03  -0.26036E-06
 -1.000  -1.000   -0.31634E-04  -0.49662E-04  -0.35050E-03   0.29333E-05  -0.18685E-05   0.28235E-09
 -1.000  -1.000   -0.18679E-03  -0.92540E-04  -0.95345E-03   0.55408E-05  -0.11907E-04   0.69385E-08
 -1.000  -1.000   -0.45983E-05   0.16537E-04   0.11919E-03  -0.97969E-06  -0.27329E-06   0.15943E-09
 -1.000  -1.000   -0.31757E-04   0.49662E-04   0.35768E-03  -0.29370E-05  -0.18827E-05   0.31058E-09
 -1.000  -1.000   -0.26565E-03   0.83903E-04   0.10047E-02  -0.45159E-05  -0.18110E-04   0.19267E-06
 -1.000  -1.000   -0.69290E-03  -0.98505E-04   0.16351E-02   0.82794E-05  -0.48974E-04   0.51679E-06
 -1.000  -1.000    0.20787E-03   0.34878E-04  -0.45895E-05  -0.25162E-05   0.13438E-04  -0.35286E-07
 -1.000  -1.000    0.17841E-04  -0.88588E-07   0.65004E-06   0.51326E-08   0.10582E-05  -0.10540E-09
 -1.000  -1.000    0.51504E-02   0.25415E-03  -0.10366E-03  -0.15921E-04   0.30139E-03  -0.14268E-06
 -1.000  -1.000    0.98773E+00   0.34622E-02   0.18627E-03  -0.18561E-03   0.54771E-01  -0.71606E-05
 -1.000  -1.000   -0.45919E-05  -0.15871E-04  -0.11567E-03   0.93858E-06  -0.27096E-06   0.78887E-10
 -1.000  -1.000   -0.31533E-04  -0.43107E-04  -0.33844E-03   0.25516E-05  -0.18632E-05   0.28152E-09
 -1.000  -1.000   -0.98780E-05   0.73013E-06   0.96509E-04  -0.42349E-07  -0.58765E-06   0.55154E-10
 -1.000  -1.000   -0.82942E-05  -0.24569E-05   0.87244E-04   0.14616E-06  -0.49358E-06   0.30632E-10
 -1.000  -1.000   -0.50021E-05  -0.32245E-05   0.62837E-04   0.19182E-06  -0.29768E-06  -0.38598E-11
 -1.000  -1.000   -0.24039E-05  -0.26887E-05   0.38869E-04   0.15968E-06  -0.14309E-06  -0.13703E-10
 -1.000  -1.000   -0.31840E-03  -0.12683E-03   0.10353E-02   0.82455E-05  -0.22525E-04   0.26921E-06
 -1.000  -1.000   -0.68751E-03  -0.83004E-04   0.16438E-02   0.73712E-05  -0.48647E-04   0.51661E-06
 -1.000  -1.000   -0.31942E-04  -0.47292E-04   0.36603E-03   0.28202E-05  -0.18899E-05  -0.16061E-09
 -1.000  -1.000   -0.52913E-05  -0.16053E-04   0.11966E-03   0.95309E-06  -0.30912E-06  -0.98407E-10
 -1.000  -1.000    0.98773E+00   0.34613E-02   0.19379E-03  -0.18556E-03   0.54771E-01  -0.71601E-05
 -1.000  -1.000    0.51439E-02  -0.26754E-04   0.11036E-03   0.26101E-05   0.30149E-03  -0.26020E-06
 -1.000  -1.000   -0.82730E-05   0.31176E-05   0.86570E-04  -0.18405E-06  -0.49216E-06   0.44029E-10
 -1.000  -1.000   -0.99979E-05   0.82552E-07   0.99179E-04  -0.42778E-08  -0.59495E-06   0.54199E-10
 -1.000  -1.000   -0.83247E-05  -0.25907E-05   0.87918E-04   0.15442E-06  -0.49541E-06   0.24534E-10
 -1.000  -1.000   -0.49952E-05  -0.35561E-05   0.62324E-04   0.21112E-06  -0.29725E-06  -0.46651E-11
 -1.000  -1.000   -0.68797E-03  -0.90816E-04   0.16642E-02   0.78302E-05  -0.48679E-04   0.51672E-06
 -1.000  -1.000   -0.26794E-03   0.80181E-04   0.10312E-02  -0.43033E-05  -0.18282E-04   0.19196E-06
 -1.000  -1.000   -0.31878E-03  -0.12423E-03   0.10497E-02   0.80961E-05  -0.22579E-04   0.26798E-06
 -1.000  -1.000   -0.31702E-04  -0.48515E-04   0.36346E-03   0.28908E-05  -0.18739E-05  -0.29499E-09
 -1.000  -1.000    0.51114E-02   0.20781E-03   0.81855E-04  -0.13463E-04   0.29872E-03  -0.14279E-06
 -1.000  -1.000    0.98773E+00   0.34590E-02   0.19465E-03  -0.18542E-03   0.54771E-01  -0.71605E-05
  0.067   0.200    0.18318E+01   0.11036E-02  -0.12456E-02  -0.73049E-04   0.97870E-01  -0.50014E-05
  0.067   0.200    0.92833E-01   0.18044E-03  -0.85327E-03  -0.94856E-05   0.49361E-02  -0.74149E-07
  0.067   0.200    0.14092E-01   0.78015E-04  -0.54359E-03  -0.42818E-05   0.75504E-03  -0.72925E-07
  0.067   0.200    0.50674E-02   0.39215E-04  -0.34847E-03  -0.20965E-05   0.27130E-03  -0.41081E-10
  0.067   0.200   -0.88581E-02   0.70708E-02  -0.61784E-01  -0.38065E-03  -0.47513E-03   0.56241E-07
  0.067   0.200   -0.15580E-01  -0.23308E-03  -0.77319E-01   0.10123E-04  -0.83648E-03   0.12947E-06
  0.067   0.200   -0.16770E-02   0.52155E-02  -0.37905E-01  -0.27947E-03  -0.89668E-04   0.14614E-07
  0.067   0.200    0.58261E-03   0.29037E-02  -0.23116E-01  -0.15572E-03   0.31229E-04   0.86841E-08
  0.067   0.200   -0.21431E-02  -0.23818E-04  -0.31773E-01   0.13304E-05  -0.11475E-03   0.92888E-08
  0.067   0.200   -0.18420E-02   0.82601E-03  -0.30207E-01  -0.44219E-04  -0.98636E-04   0.92894E-08
  0.067   0.200    0.92771E-01   0.14364E-03  -0.76858E-03  -0.93567E-05   0.49316E-02  -0.36565E-06
  0.067   0.200    0.18342E+01   0.10997E-02  -0.13775E-02  -0.72847E-04   0.97994E-01  -0.50037E-05
  0.067   0.200    0.93117E-01   0.18399E-03  -0.93924E-03  -0.96963E-05   0.49514E-02  -0.75356E-07
  0.067   0.200    0.14092E-01   0.79216E-04  -0.63063E-03  -0.43445E-05   0.75507E-03  -0.72287E-07
  0.067   0.200   -0.15904E-01   0.12755E-03  -0.78747E-01  -0.90592E-05  -0.85375E-03   0.13146E-06
  0.067   0.200   -0.87429E-02  -0.72004E-02  -0.62432E-01   0.38544E-03  -0.46698E-03   0.27375E-07
  0.067   0.200   -0.89395E-02   0.71751E-02  -0.62444E-01  -0.38615E-03  -0.47957E-03   0.56485E-07
  0.067   0.200   -0.16771E-02   0.53750E-02  -0.38152E-01  -0.28794E-03  -0.89673E-04   0.14746E-07
  0.067   0.200   -0.18664E-02  -0.83920E-03  -0.30666E-01   0.45064E-04  -0.99941E-04   0.82541E-08
  0.067   0.200   -0.21711E-02   0.24119E-04  -0.32247E-01  -0.11997E-05  -0.11626E-03   0.93829E-08
  0.067   0.200    0.14079E-01  -0.28805E-04  -0.57098E-03   0.11550E-05   0.75402E-03  -0.76187E-07
  0.067   0.200    0.93040E-01   0.14263E-03  -0.74636E-03  -0.93198E-05   0.49459E-02  -0.36611E-06
  0.067   0.200    0.18341E+01   0.11006E-02  -0.13443E-02  -0.72901E-04   0.97994E-01  -0.50036E-05
  0.067   0.200    0.92831E-01   0.18536E-03  -0.91185E-03  -0.97512E-05   0.49361E-02  -0.73931E-07
  0.067   0.200   -0.87992E-02  -0.69491E-02  -0.62701E-01   0.37211E-03  -0.46992E-03   0.27986E-07
  0.067   0.200   -0.16289E-02  -0.54504E-02  -0.38270E-01   0.29215E-03  -0.86923E-04   0.73215E-08
  0.067   0.200   -0.15961E-01   0.63136E-04  -0.78541E-01  -0.54035E-05  -0.85699E-03   0.13122E-06
  0.067   0.200   -0.88834E-02   0.73571E-02  -0.62032E-01  -0.39576E-03  -0.47659E-03   0.56164E-07
  0.067   0.200   -0.11867E-02  -0.12508E-02  -0.26748E-01   0.67147E-04  -0.63555E-04   0.64012E-08
  0.067   0.200   -0.18528E-02  -0.80542E-03  -0.30691E-01   0.43281E-04  -0.99219E-04   0.82130E-08
  0.067   0.200    0.50562E-02  -0.32743E-04  -0.56004E-04   0.17384E-05   0.27068E-03  -0.75140E-08
  0.067   0.200    0.14068E-01  -0.29189E-04  -0.21943E-03   0.11757E-05   0.75339E-03  -0.76264E-07
  0.067   0.200    0.92765E-01   0.15647E-03  -0.37977E-03  -0.10122E-04   0.49312E-02  -0.36366E-06
  0.067   0.200    0.18318E+01   0.11017E-02  -0.96347E-03  -0.72900E-04   0.97870E-01  -0.49945E-05
  0.067   0.200   -0.16559E-02  -0.53728E-02  -0.37579E-01   0.28804E-03  -0.88388E-04   0.70722E-08
  0.067   0.200    0.12822E-03  -0.26731E-02  -0.22196E-01   0.14355E-03   0.65803E-05   0.47135E-08
  0.067   0.200   -0.87909E-02  -0.69031E-02  -0.61627E-01   0.36946E-03  -0.47006E-03   0.27159E-07
  0.067   0.200   -0.15583E-01   0.47994E-03  -0.77095E-01  -0.28450E-04  -0.83629E-03   0.13018E-06
  0.067   0.200   -0.51992E-03  -0.12451E-02  -0.21538E-01   0.66845E-04  -0.27848E-04   0.44401E-08
  0.067   0.200   -0.11425E-02  -0.12322E-02  -0.26213E-01   0.66159E-04  -0.61190E-04   0.62039E-08
  0.067   0.200   -0.88686E-02   0.72588E-02   0.61292E-01  -0.38812E-03  -0.47590E-03   0.16875E-06
  0.067   0.200   -0.16127E-01  -0.47611E-04   0.77664E-01   0.47189E-05  -0.86905E-03   0.42058E-06
  0.067   0.200   -0.89760E-02  -0.71005E-02   0.61649E-01   0.38073E-03  -0.48302E-03   0.18727E-06
  0.067   0.200   -0.16206E-02  -0.53866E-02   0.37507E-01   0.28860E-03  -0.86491E-04  -0.17176E-07
  0.067   0.200    0.18342E+01   0.11039E-02  -0.57074E-03  -0.73064E-04   0.97997E-01  -0.50039E-05
  0.067   0.200    0.92808E-01   0.20241E-03  -0.86178E-04  -0.12518E-04   0.49336E-02  -0.36596E-06
  0.067   0.200    0.93131E-01   0.10123E-03  -0.25599E-03  -0.51875E-05   0.49520E-02  -0.74903E-07
  0.067   0.200    0.14117E-01  -0.33763E-04  -0.29949E-03   0.19835E-05   0.75661E-03  -0.73350E-07
  0.067   0.200   -0.87900E-02  -0.72636E-02  -0.61621E-01   0.38887E-03  -0.47026E-03   0.27665E-07
  0.067   0.200   -0.15806E-01   0.24691E-03  -0.77714E-01  -0.15304E-04  -0.84895E-03   0.13082E-06
  0.067   0.200   -0.15795E-01   0.28669E-03   0.76300E-01  -0.13020E-04  -0.85126E-03   0.41584E-06
  0.067   0.200   -0.89170E-02  -0.69683E-02   0.60974E-01   0.37364E-03  -0.47985E-03   0.18725E-06
  0.067   0.200   -0.16210E-02  -0.52259E-02   0.37283E-01   0.28007E-03  -0.86516E-04  -0.16597E-07
  0.067   0.200    0.59762E-03  -0.28781E-02   0.22529E-01   0.15432E-03   0.32077E-04  -0.99345E-08
  0.067   0.200    0.92891E-01   0.15045E-03  -0.38638E-03  -0.78904E-05   0.49393E-02  -0.74527E-07
  0.067   0.200    0.18319E+01   0.11135E-02  -0.74474E-03  -0.73578E-04   0.97874E-01  -0.50019E-05
  0.067   0.200    0.14112E-01  -0.76424E-04  -0.32710E-03   0.48103E-05   0.75618E-03  -0.73375E-07
  0.067   0.200    0.50736E-02   0.13671E-04  -0.34935E-03  -0.76199E-06   0.27180E-03  -0.47693E-09
  0.067   0.200   -0.15650E-01  -0.30530E-03  -0.76765E-01   0.13964E-04  -0.84054E-03   0.12960E-06
  0.067   0.200   -0.88232E-02   0.71922E-02  -0.61235E-01  -0.38698E-03  -0.47321E-03   0.56061E-07
  0.067   0.200   -0.16267E-02   0.53857E-02   0.37616E-01  -0.28869E-03  -0.86800E-04   0.61886E-08
  0.067   0.200   -0.89310E-02   0.70582E-02   0.61735E-01  -0.37752E-03  -0.47923E-03   0.16894E-06
  0.067   0.200   -0.16132E-01  -0.10948E-03   0.77749E-01   0.80417E-05  -0.86933E-03   0.42047E-06
  0.067   0.200   -0.89225E-02  -0.73055E-02   0.61367E-01   0.39156E-03  -0.48016E-03   0.18601E-06
  0.067   0.200    0.93061E-01   0.22977E-03   0.50205E-04  -0.14027E-04   0.49470E-02  -0.36582E-06
  0.067   0.200    0.14078E-01   0.44527E-04  -0.39906E-04  -0.27934E-05   0.75398E-03  -0.76337E-07
  0.067   0.200    0.18342E+01   0.10987E-02  -0.39288E-03  -0.72777E-04   0.97995E-01  -0.50027E-05
  0.067   0.200    0.92836E-01   0.10326E-03  -0.12831E-03  -0.53234E-05   0.49364E-02  -0.73148E-07
  0.067   0.200   -0.15832E-02  -0.53874E-02  -0.37908E-01   0.28879E-03  -0.84490E-04   0.73400E-08
  0.067   0.200   -0.85999E-02  -0.70936E-02  -0.62020E-01   0.37988E-03  -0.46017E-03   0.27034E-07
  0.067   0.200    0.59185E-03   0.28834E-02   0.22679E-01  -0.15470E-03   0.31768E-04  -0.81406E-09
  0.067   0.200   -0.16286E-02   0.52305E-02   0.37451E-01  -0.28045E-03  -0.86908E-04   0.61577E-08
  0.067   0.200   -0.88770E-02   0.69300E-02   0.61137E-01  -0.37064E-03  -0.47634E-03   0.16836E-06
  0.067   0.200   -0.15808E-01  -0.44225E-03   0.76470E-01   0.25669E-04  -0.85201E-03   0.41486E-06
  0.067   0.200    0.14079E-01   0.54344E-04  -0.48896E-04  -0.33137E-05   0.75397E-03  -0.76134E-07
  0.067   0.200    0.50593E-02   0.11215E-04  -0.10298E-03  -0.62070E-06   0.27085E-03  -0.74001E-08
  0.067   0.200    0.92778E-01   0.22720E-03   0.70063E-04  -0.13863E-04   0.49318E-02  -0.36272E-06
  0.067   0.200    0.18318E+01   0.10914E-02  -0.37791E-03  -0.72328E-04   0.97870E-01  -0.49933E-05
  0.067   0.200    0.62060E-03  -0.29089E-02  -0.23075E-01   0.15608E-03   0.33291E-04   0.21474E-08
  0.067   0.200   -0.14789E-02  -0.54596E-02  -0.38140E-01   0.29257E-03  -0.78948E-04   0.67614E-08
  0.067   0.200   -0.21391E-02   0.25546E-04   0.31488E-01  -0.14182E-05  -0.11451E-03  -0.74001E-08
  0.067   0.200   -0.18564E-02  -0.78654E-03   0.29977E-01   0.42139E-04  -0.99368E-04  -0.88129E-08
  0.067   0.200   -0.11804E-02  -0.11923E-02   0.26134E-01   0.63933E-04  -0.63185E-04  -0.83555E-08
  0.067   0.200   -0.53731E-03  -0.12365E-02   0.21513E-01   0.66294E-04  -0.28762E-04  -0.72289E-08
  0.067   0.200   -0.89620E-02  -0.70541E-02   0.61496E-01   0.37824E-03  -0.48250E-03   0.18623E-06
  0.067   0.200   -0.15956E-01   0.40364E-03   0.77218E-01  -0.19226E-04  -0.86071E-03   0.41381E-06
  0.067   0.200   -0.15788E-02  -0.52603E-02   0.37572E-01   0.28192E-03  -0.84228E-04  -0.18003E-07
  0.067   0.200    0.63524E-03  -0.28753E-02   0.22730E-01   0.15417E-03   0.34143E-04  -0.10696E-07
  0.067   0.200    0.18318E+01   0.11209E-02  -0.69055E-04  -0.73964E-04   0.97869E-01  -0.50002E-05
  0.067   0.200    0.92506E-01   0.72125E-04   0.17305E-03  -0.35388E-05   0.49187E-02  -0.71991E-07
  0.067   0.200   -0.18536E-02   0.82044E-03   0.30203E-01  -0.44053E-04  -0.99227E-04  -0.52359E-08
  0.067   0.200   -0.21764E-02  -0.11968E-04   0.31773E-01   0.57402E-06  -0.11649E-03  -0.77438E-08
  0.067   0.200   -0.18550E-02  -0.80911E-03   0.30161E-01   0.43351E-04  -0.99295E-04  -0.89092E-08
  0.067   0.200   -0.11595E-02  -0.12383E-02   0.26213E-01   0.66364E-04  -0.62071E-04  -0.85081E-08
  0.067   0.200   -0.16128E-01  -0.94534E-04   0.78061E-01   0.72709E-05  -0.86987E-03   0.41370E-06
  0.067   0.200   -0.92437E-02   0.70385E-02   0.62153E-01  -0.37655E-03  -0.49664E-03   0.16578E-06
  0.067   0.200   -0.87472E-02  -0.71577E-02   0.61314E-01   0.38374E-03  -0.47077E-03   0.17860E-06
  0.067   0.200   -0.15035E-02  -0.53100E-02   0.37304E-01   0.28458E-03  -0.80272E-04  -0.19915E-07
  0.067   0.200    0.92506E-01   0.24296E-03   0.87726E-03  -0.14699E-04   0.49174E-02  -0.36250E-06
  0.067   0.200    0.18318E+01   0.10920E-02   0.46107E-03  -0.72357E-04   0.97871E-01  -0.49934E-05
  0.130   0.385    0.18337E+01   0.11047E-02  -0.11555E-02  -0.73112E-04   0.97968E-01  -0.50039E-05
  0.130   0.385    0.93223E-01   0.18259E-03  -0.72605E-03  -0.96031E-05   0.49567E-02  -0.73944E-07
  0.130   0.385    0.14256E-01   0.78461E-04  -0.41672E-03  -0.43124E-05   0.76372E-03  -0.72967E-07
  0.130   0.385    0.51782E-02   0.38289E-04  -0.23699E-03  -0.20472E-05   0.27722E-03  -0.10955E-09
  0.130   0.385   -0.88525E-02   0.70981E-02  -0.62586E-01  -0.38210E-03  -0.47482E-03   0.56392E-07
  0.130   0.385   -0.15740E-01  -0.29937E-03  -0.78303E-01   0.13621E-04  -0.84597E-03   0.12980E-06
  0.130   0.385   -0.16192E-02   0.52564E-02  -0.38572E-01  -0.28165E-03  -0.86528E-04   0.14753E-07
  0.130   0.385    0.64771E-03   0.29330E-02  -0.23666E-01  -0.15728E-03   0.34719E-04   0.88119E-08
  0.130   0.385   -0.21214E-02  -0.21756E-04  -0.32824E-01   0.12226E-05  -0.11359E-03   0.95227E-08
  0.130   0.385   -0.18187E-02   0.83569E-03  -0.31236E-01  -0.44734E-04  -0.97379E-04   0.95333E-08
  0.130   0.385    0.93157E-01   0.13349E-03  -0.54297E-03  -0.88161E-05   0.49520E-02  -0.36656E-06
  0.130   0.385    0.18360E+01   0.10924E-02  -0.11518E-02  -0.72461E-04   0.98092E-01  -0.50063E-05
  0.130   0.385    0.93483E-01   0.17943E-03  -0.75873E-03  -0.93923E-05   0.49706E-02  -0.75112E-07
  0.130   0.385    0.14253E-01   0.80503E-04  -0.45528E-03  -0.44214E-05   0.76363E-03  -0.72333E-07
  0.130   0.385   -0.16067E-01   0.41519E-04  -0.79500E-01  -0.45002E-05  -0.86342E-03   0.13170E-06
  0.130   0.385   -0.88008E-02  -0.73612E-02  -0.62957E-01   0.39409E-03  -0.47080E-03   0.27529E-07
  0.130   0.385   -0.89133E-02   0.72059E-02  -0.63140E-01  -0.38775E-03  -0.47803E-03   0.56516E-07
  0.130   0.385   -0.16191E-02   0.54123E-02  -0.38740E-01  -0.28992E-03  -0.86518E-04   0.14872E-07
  0.130   0.385   -0.18344E-02  -0.84951E-03  -0.31583E-01   0.45618E-04  -0.98222E-04   0.84366E-08
  0.130   0.385   -0.21435E-02   0.19029E-04  -0.33192E-01  -0.92457E-06  -0.11477E-03   0.95907E-08
  0.130   0.385    0.14244E-01  -0.22384E-04  -0.36488E-03   0.79351E-06   0.76279E-03  -0.76493E-07
  0.130   0.385    0.93425E-01   0.13842E-03  -0.51089E-03  -0.90898E-05   0.49662E-02  -0.36727E-06
  0.130   0.385    0.18360E+01   0.10873E-02  -0.11433E-02  -0.72195E-04   0.98090E-01  -0.50057E-05
  0.130   0.385    0.93213E-01   0.18795E-03  -0.74659E-03  -0.98846E-05   0.49563E-02  -0.73692E-07
  0.130   0.385   -0.88533E-02  -0.71360E-02  -0.63085E-01   0.38217E-03  -0.47358E-03   0.28100E-07
  0.130   0.385   -0.15761E-02  -0.54493E-02  -0.38876E-01   0.29210E-03  -0.84105E-04   0.74429E-08
  0.130   0.385   -0.15995E-01   0.61378E-04  -0.79229E-01  -0.55021E-05  -0.85900E-03   0.13131E-06
  0.130   0.385   -0.88487E-02   0.73995E-02  -0.62778E-01  -0.39810E-03  -0.47462E-03   0.56346E-07
  0.130   0.385   -0.11517E-02  -0.12663E-02  -0.27629E-01   0.67979E-04  -0.61676E-04   0.65704E-08
  0.130   0.385   -0.18214E-02  -0.81974E-03  -0.31625E-01   0.44049E-04  -0.97530E-04   0.84064E-08
  0.130   0.385    0.51775E-02  -0.28700E-04  -0.12133E-03   0.15209E-05   0.27716E-03  -0.75767E-08
  0.130   0.385    0.14245E-01  -0.17520E-04  -0.25716E-03   0.53319E-06   0.76282E-03  -0.76470E-07
  0.130   0.385    0.93159E-01   0.16097E-03  -0.38686E-03  -0.10278E-04   0.49519E-02  -0.36484E-06
  0.130   0.385    0.18337E+01   0.11036E-02  -0.98518E-03  -0.73004E-04   0.97967E-01  -0.49968E-05
  0.130   0.385   -0.15745E-02  -0.52859E-02  -0.38522E-01   0.28342E-03  -0.84021E-04   0.76419E-08
  0.130   0.385    0.65397E-03  -0.29277E-02  -0.23635E-01   0.15707E-03   0.35076E-04   0.26011E-08
  0.130   0.385   -0.88027E-02  -0.70218E-02  -0.62403E-01   0.37608E-03  -0.47095E-03   0.28200E-07
  0.130   0.385   -0.15669E-01   0.39494E-03  -0.77857E-01  -0.23191E-04  -0.84160E-03   0.13024E-06
  0.130   0.385   -0.50488E-03  -0.12642E-02  -0.22673E-01   0.67868E-04  -0.27041E-04   0.47197E-08
  0.130   0.385   -0.11247E-02  -0.12421E-02  -0.27397E-01   0.66688E-04  -0.60236E-04   0.64690E-08
  0.130   0.385   -0.88504E-02   0.73036E-02   0.62551E-01  -0.39049E-03  -0.47489E-03   0.16863E-06
  0.130   0.385   -0.16139E-01  -0.44403E-04   0.78886E-01   0.45440E-05  -0.86965E-03   0.42032E-06
  0.130   0.385   -0.89618E-02  -0.71426E-02   0.62794E-01   0.38296E-03  -0.48222E-03   0.18687E-06
  0.130   0.385   -0.15740E-02  -0.54303E-02   0.38608E-01   0.29092E-03  -0.83989E-04  -0.17536E-07
  0.130   0.385    0.18361E+01   0.11352E-02  -0.30034E-03  -0.74741E-04   0.98094E-01  -0.50063E-05
  0.130   0.385    0.93191E-01   0.21948E-03   0.13117E-03  -0.13469E-04   0.49537E-02  -0.36667E-06
  0.130   0.385    0.93246E-01   0.16025E-03   0.35784E-03  -0.84445E-05   0.49574E-02  -0.62534E-07
  0.130   0.385    0.14224E-01  -0.31914E-04   0.85587E-04   0.16291E-05   0.76209E-03  -0.73140E-07
  0.130   0.385   -0.87616E-02  -0.73010E-02  -0.62380E-01   0.39086E-03  -0.46871E-03   0.27812E-07
  0.130   0.385   -0.15800E-01   0.25180E-03  -0.78533E-01  -0.15565E-04  -0.84856E-03   0.13101E-06
  0.130   0.385   -0.15799E-01   0.28545E-03   0.77456E-01  -0.12955E-04  -0.85143E-03   0.41558E-06
  0.130   0.385   -0.88942E-02  -0.70102E-02   0.61983E-01   0.37587E-03  -0.47860E-03   0.18690E-06
  0.130   0.385   -0.15668E-02  -0.52663E-02   0.38146E-01   0.28222E-03  -0.83611E-04  -0.16910E-07
  0.130   0.385    0.66016E-03  -0.29080E-02   0.23330E-01   0.15592E-03   0.35426E-04  -0.10200E-07
  0.130   0.385    0.93266E-01   0.13760E-03  -0.33326E-03  -0.71801E-05   0.49590E-02  -0.74244E-07
  0.130   0.385    0.18338E+01   0.11143E-02  -0.66839E-03  -0.73620E-04   0.97971E-01  -0.50043E-05
  0.130   0.385    0.14235E-01   0.18813E-04  -0.20864E-03  -0.10904E-05   0.76261E-03  -0.73211E-07
  0.130   0.385    0.51653E-02   0.77876E-06  -0.20257E-03  -0.31089E-07   0.27653E-03  -0.32564E-09
  0.130   0.385   -0.15654E-01  -0.30350E-03  -0.77707E-01   0.13868E-04  -0.84070E-03   0.12984E-06
  0.130   0.385   -0.88003E-02   0.72348E-02  -0.62095E-01  -0.38924E-03  -0.47196E-03   0.56269E-07
  0.130   0.385   -0.15709E-02   0.54266E-02   0.38557E-01  -0.29087E-03  -0.83804E-04   0.60372E-08
  0.130   0.385   -0.89068E-02   0.70991E-02   0.62713E-01  -0.37968E-03  -0.47790E-03   0.16885E-06
  0.130   0.385   -0.16136E-01  -0.10919E-03   0.78806E-01   0.80220E-05  -0.86946E-03   0.42025E-06
  0.130   0.385   -0.88982E-02  -0.73475E-02   0.62475E-01   0.39379E-03  -0.47883E-03   0.18566E-06
  0.130   0.385    0.93450E-01   0.23073E-03   0.69921E-04  -0.14083E-04   0.49675E-02  -0.36661E-06
  0.130   0.385    0.14245E-01   0.43040E-04   0.30377E-05  -0.27184E-05   0.76285E-03  -0.76555E-07
  0.130   0.385    0.18361E+01   0.10977E-02  -0.37736E-03  -0.72725E-04   0.98093E-01  -0.50051E-05
  0.130   0.385    0.93226E-01   0.10696E-03  -0.11679E-03  -0.55251E-05   0.49570E-02  -0.72941E-07
  0.130   0.385   -0.15281E-02  -0.54309E-02  -0.38689E-01   0.29112E-03  -0.81533E-04   0.74451E-08
  0.130   0.385   -0.85760E-02  -0.71430E-02  -0.62960E-01   0.38251E-03  -0.45885E-03   0.27208E-07
  0.130   0.385    0.65722E-03   0.29127E-02   0.23429E-01  -0.15627E-03   0.35268E-04  -0.98632E-09
  0.130   0.385   -0.15718E-02   0.52714E-02   0.38260E-01  -0.28263E-03  -0.83862E-04   0.60171E-08
  0.130   0.385   -0.88520E-02   0.69729E-02   0.62092E-01  -0.37292E-03  -0.47497E-03   0.16828E-06
  0.130   0.385   -0.15811E-01  -0.44016E-03   0.77576E-01   0.25553E-04  -0.85209E-03   0.41462E-06
  0.130   0.385    0.14248E-01   0.47763E-04  -0.51989E-04  -0.29632E-05   0.76298E-03  -0.76359E-07
  0.130   0.385    0.51683E-02   0.97679E-05  -0.82145E-04  -0.54223E-06   0.27667E-03  -0.75236E-08
  0.130   0.385    0.93172E-01   0.25735E-03   0.46115E-04  -0.15592E-04   0.49526E-02  -0.36381E-06
  0.130   0.385    0.18337E+01   0.10923E-02  -0.36980E-03  -0.72379E-04   0.97968E-01  -0.49956E-05
  0.130   0.385    0.68431E-03  -0.29416E-02  -0.23738E-01   0.15782E-03   0.36701E-04   0.22167E-08
  0.130   0.385   -0.14246E-02  -0.55083E-02  -0.38939E-01   0.29516E-03  -0.76032E-04   0.68656E-08
  0.130   0.385   -0.21071E-02   0.21123E-04   0.32450E-01  -0.11834E-05  -0.11279E-03  -0.76348E-08
  0.130   0.385   -0.18223E-02  -0.79578E-03   0.30901E-01   0.42631E-04  -0.97532E-04  -0.90591E-08
  0.130   0.385   -0.11440E-02  -0.12059E-02   0.27015E-01   0.64653E-04  -0.61233E-04  -0.86120E-08
  0.130   0.385   -0.49929E-03  -0.12521E-02   0.22359E-01   0.67123E-04  -0.26724E-04  -0.74740E-08
  0.130   0.385   -0.88900E-02  -0.70242E-02   0.61960E-01   0.37663E-03  -0.47836E-03   0.18632E-06
  0.130   0.385   -0.15781E-01   0.26277E-03   0.77566E-01  -0.11742E-04  -0.85030E-03   0.41545E-06
  0.130   0.385   -0.15222E-02  -0.52877E-02   0.38058E-01   0.28337E-03  -0.81238E-04  -0.18274E-07
  0.130   0.385    0.69934E-03  -0.28907E-02   0.23166E-01   0.15499E-03   0.37570E-04  -0.10889E-07
  0.130   0.385    0.18337E+01   0.11195E-02  -0.33286E-03  -0.73884E-04   0.97965E-01  -0.50025E-05
  0.130   0.385    0.92926E-01   0.10680E-03  -0.34753E-04  -0.55447E-05   0.49410E-02  -0.71957E-07
  0.130   0.385   -0.18077E-02   0.82500E-03   0.30845E-01  -0.44297E-04  -0.96764E-04  -0.53706E-08
  0.130   0.385   -0.21321E-02  -0.91915E-05   0.32409E-01   0.42370E-06  -0.11411E-03  -0.78969E-08
  0.130   0.385   -0.18133E-02  -0.81105E-03   0.30797E-01   0.43451E-04  -0.97052E-04  -0.90775E-08
  0.130   0.385   -0.11187E-02  -0.12447E-02   0.26847E-01   0.66701E-04  -0.59884E-04  -0.86909E-08
  0.130   0.385   -0.15963E-01  -0.16966E-03   0.77854E-01   0.11239E-04  -0.86019E-03   0.41561E-06
  0.130   0.385   -0.88121E-02   0.72086E-02   0.61892E-01  -0.38542E-03  -0.47280E-03   0.16850E-06
  0.130   0.385   -0.87153E-02  -0.71265E-02   0.61538E-01   0.38213E-03  -0.46910E-03   0.17826E-06
  0.130   0.385   -0.14191E-02  -0.53252E-02   0.37475E-01   0.28532E-03  -0.75704E-04  -0.19406E-07
  0.130   0.385    0.92860E-01   0.21633E-03   0.30541E-03  -0.13183E-04   0.49361E-02  -0.36311E-06
  0.130   0.385    0.18337E+01   0.10968E-02  -0.13794E-03  -0.72614E-04   0.97966E-01  -0.49956E-05
