  0.000   0.000   -0.10907E-02   0.12698E-01   0.38226E+01  -0.66362E-03  -0.63983E-04  -0.17426E-05
  0.000   0.000   -0.80287E-03  -0.29278E+00   0.10516E+01   0.15625E-01  -0.45549E-04  -0.11629E-05
  0.000   0.000   -0.25915E-03  -0.68378E-01   0.52448E+00   0.36792E-02  -0.14121E-04  -0.11183E-06
  0.000   0.000   -0.53505E-04  -0.31196E-01   0.35179E+00   0.16719E-02  -0.25656E-05  -0.13380E-06
  0.000   0.000    0.48285E-01  -0.20551E-01   0.44028E+00   0.11006E-02   0.25833E-02  -0.16343E-06
  0.000   0.000    0.62740E-01   0.60681E-03   0.48302E+00  -0.31646E-04   0.33579E-02  -0.20703E-06
  0.000   0.000    0.26258E-01  -0.21805E-01   0.35732E+00   0.11684E-02   0.14055E-02  -0.12267E-06
  0.000   0.000    0.13329E-01  -0.16906E-01   0.28492E+00   0.90605E-03   0.71377E-03  -0.96382E-07
  0.000   0.000    0.15534E-01  -0.25358E-04   0.24065E+00   0.90344E-06   0.83185E-03  -0.70605E-07
  0.000   0.000    0.14386E-01  -0.32690E-02   0.23430E+00   0.17472E-03   0.77042E-03  -0.70412E-07
  0.000   0.000   -0.14300E-03   0.29848E+00   0.10521E+01  -0.15923E-01  -0.92280E-05   0.22102E-08
  0.000   0.000   -0.11909E-02   0.89815E-03   0.38403E+01  -0.41984E-04  -0.69370E-04  -0.17671E-05
  0.000   0.000   -0.83799E-03  -0.29408E+00   0.10554E+01   0.15695E-01  -0.47681E-04  -0.11511E-05
  0.000   0.000   -0.22347E-03  -0.69772E-01   0.52455E+00   0.37531E-02  -0.12207E-04  -0.11722E-06
  0.000   0.000    0.63892E-01   0.66460E-04   0.48487E+00  -0.32063E-05   0.34193E-02  -0.21023E-06
  0.000   0.000    0.48065E-01   0.21503E-01   0.44037E+00  -0.11526E-02   0.25714E-02  -0.13806E-06
  0.000   0.000    0.48701E-01  -0.20692E-01   0.44105E+00   0.11080E-02   0.26061E-02  -0.16506E-06
  0.000   0.000    0.26153E-01  -0.22414E-01   0.35722E+00   0.12006E-02   0.13999E-02  -0.12319E-06
  0.000   0.000    0.14444E-01   0.31677E-02   0.23458E+00  -0.17033E-03   0.77352E-03  -0.65933E-07
  0.000   0.000    0.15495E-01  -0.10452E-03   0.24041E+00   0.49878E-05   0.82978E-03  -0.70230E-07
  0.000   0.000   -0.92740E-04   0.70029E-01   0.52464E+00  -0.37657E-02  -0.38776E-05   0.86512E-06
  0.000   0.000   -0.20306E-03   0.29602E+00   0.10559E+01  -0.15793E-01  -0.12466E-04  -0.21372E-08
  0.000   0.000   -0.11719E-02   0.34039E-03   0.38403E+01  -0.12002E-04  -0.68437E-04  -0.17677E-05
  0.000   0.000   -0.77149E-03  -0.29656E+00   0.10516E+01   0.15826E-01  -0.44113E-04  -0.11554E-05
  0.000   0.000    0.48570E-01   0.20725E-01   0.44138E+00  -0.11115E-02   0.25982E-02  -0.14027E-06
  0.000   0.000    0.26055E-01   0.22526E-01   0.35759E+00  -0.12082E-02   0.13945E-02  -0.93215E-07
  0.000   0.000    0.64002E-01  -0.19152E-05   0.48450E+00  -0.47526E-06   0.34260E-02  -0.20953E-06
  0.000   0.000    0.48112E-01  -0.21447E-01   0.44017E+00   0.11481E-02   0.25741E-02  -0.16479E-06
  0.000   0.000    0.11800E-01   0.51425E-02   0.21910E+00  -0.27625E-03   0.63198E-03  -0.58400E-07
  0.000   0.000    0.14363E-01   0.30757E-02   0.23468E+00  -0.16553E-03   0.76918E-03  -0.65662E-07
  0.000   0.000   -0.61843E-04   0.31206E-01   0.35186E+00  -0.16740E-02  -0.31515E-05  -0.70084E-07
  0.000   0.000   -0.12918E-03   0.68645E-01   0.52458E+00  -0.36924E-02  -0.58375E-05   0.86465E-06
  0.000   0.000   -0.18846E-03   0.29471E+00   0.10521E+01  -0.15723E-01  -0.11546E-04  -0.12258E-07
  0.000   0.000   -0.11008E-02  -0.11448E-01   0.38227E+01   0.60902E-03  -0.64616E-04  -0.17805E-05
  0.000   0.000    0.26168E-01   0.21869E-01   0.35760E+00  -0.11734E-02   0.14004E-02  -0.94459E-07
  0.000   0.000    0.13272E-01   0.16955E-01   0.28517E+00  -0.90989E-03   0.71060E-03  -0.65876E-07
  0.000   0.000    0.48308E-01   0.20608E-01   0.44032E+00  -0.11052E-02   0.25844E-02  -0.13955E-06
  0.000   0.000    0.62776E-01  -0.59360E-03   0.48295E+00   0.31726E-04   0.33597E-02  -0.20874E-06
  0.000   0.000    0.88349E-02   0.57626E-02   0.19891E+00  -0.30951E-03   0.47320E-03  -0.50216E-07
  0.000   0.000    0.11681E-01   0.51165E-02   0.21932E+00  -0.27492E-03   0.62563E-03  -0.58128E-07
  0.000   0.000   -0.48197E-01   0.21494E-01   0.44059E+00  -0.11519E-02  -0.25783E-02  -0.80017E-09
  0.000   0.000   -0.64179E-01   0.59885E-04   0.48525E+00  -0.30924E-05  -0.34376E-02   0.26024E-06
  0.000   0.000   -0.48712E-01  -0.20772E-01   0.44162E+00   0.11123E-02  -0.26063E-02  -0.93183E-07
  0.000   0.000   -0.26134E-01  -0.22507E-01   0.35767E+00   0.12057E-02  -0.13984E-02  -0.12515E-06
  0.000   0.000   -0.61437E-03   0.85217E-03   0.38415E+01  -0.39484E-04  -0.38448E-04  -0.17717E-05
  0.000   0.000    0.20235E-03   0.29861E+00   0.10532E+01  -0.15930E-01   0.92661E-05   0.66341E-09
  0.000   0.000   -0.24353E-03  -0.29420E+00   0.10562E+01   0.15701E-01  -0.15791E-04  -0.11586E-05
  0.000   0.000    0.62638E-04  -0.69849E-01   0.52504E+00   0.37572E-02   0.31757E-05  -0.12165E-06
  0.000   0.000    0.48078E-01   0.21438E-01   0.44037E+00  -0.11491E-02   0.25722E-02  -0.13999E-06
  0.000   0.000    0.63165E-01  -0.63425E-03   0.48413E+00   0.33888E-04   0.33809E-02  -0.21019E-06
  0.000   0.000   -0.63023E-01   0.55290E-03   0.48332E+00  -0.28994E-04  -0.33760E-02   0.25769E-06
  0.000   0.000   -0.48401E-01  -0.20574E-01   0.44052E+00   0.11017E-02  -0.25897E-02  -0.92967E-07
  0.000   0.000   -0.26247E-01  -0.21873E-01   0.35761E+00   0.11721E-02  -0.14044E-02  -0.12302E-06
  0.000   0.000   -0.13325E-01  -0.16931E-01   0.28515E+00   0.90735E-03  -0.71321E-03  -0.94147E-07
  0.000   0.000   -0.38082E-03  -0.29292E+00   0.10525E+01   0.15633E-01  -0.22967E-04  -0.11662E-05
  0.000   0.000   -0.71865E-03   0.12745E-01   0.38237E+01  -0.66608E-03  -0.44041E-04  -0.17446E-05
  0.000   0.000    0.11532E-03  -0.68490E-01   0.52480E+00   0.36851E-02   0.66426E-05  -0.11974E-06
  0.000   0.000    0.57849E-04  -0.31236E-01   0.35200E+00   0.16740E-02   0.34237E-05  -0.13568E-06
  0.000   0.000    0.62814E-01   0.48198E-03   0.48303E+00  -0.24916E-04   0.33621E-02  -0.20971E-06
  0.000   0.000    0.47891E-01  -0.21347E-01   0.43925E+00   0.11428E-02   0.25624E-02  -0.16530E-06
  0.000   0.000   -0.26135E-01   0.22517E-01   0.35764E+00  -0.12076E-02  -0.13984E-02  -0.20999E-07
  0.000   0.000   -0.48689E-01   0.20771E-01   0.44158E+00  -0.11137E-02  -0.26044E-02  -0.11612E-08
  0.000   0.000   -0.64166E-01  -0.12925E-03   0.48517E+00   0.70715E-05  -0.34369E-02   0.25981E-06
  0.000   0.000   -0.48202E-01  -0.21490E-01   0.44047E+00   0.11502E-02  -0.25791E-02  -0.96180E-07
  0.000   0.000    0.30310E-03   0.29603E+00   0.10567E+01  -0.15794E-01   0.14681E-04  -0.61656E-08
  0.000   0.000    0.11683E-03   0.70122E-01   0.52524E+00  -0.37706E-02   0.73886E-05   0.86420E-06
  0.000   0.000   -0.46071E-03   0.26683E-03   0.38410E+01  -0.80512E-05  -0.30195E-04  -0.17791E-05
  0.000   0.000   -0.22880E-03  -0.29663E+00   0.10521E+01   0.15830E-01  -0.14927E-04  -0.11636E-05
  0.000   0.000    0.25991E-01   0.22530E-01   0.35774E+00  -0.12084E-02   0.13911E-02  -0.93921E-07
  0.000   0.000    0.47604E-01   0.20807E-01   0.44166E+00  -0.11158E-02   0.25470E-02  -0.13846E-06
  0.000   0.000   -0.13324E-01   0.16937E-01   0.28511E+00  -0.90886E-03  -0.71316E-03  -0.29102E-07
  0.000   0.000   -0.26244E-01   0.21880E-01   0.35757E+00  -0.11739E-02  -0.14042E-02  -0.21798E-07
  0.000   0.000   -0.48370E-01   0.20572E-01   0.44044E+00  -0.11030E-02  -0.25874E-02  -0.23655E-08
  0.000   0.000   -0.63008E-01  -0.62160E-03   0.48318E+00   0.32914E-04  -0.33753E-02   0.25344E-06
  0.000   0.000    0.15602E-03   0.68664E-01   0.52504E+00  -0.36933E-02   0.94693E-05   0.86238E-06
  0.000   0.000    0.11934E-05   0.31272E-01   0.35211E+00  -0.16775E-02   0.22690E-06  -0.70437E-07
  0.000   0.000    0.39430E-03   0.29469E+00   0.10525E+01  -0.15722E-01   0.19670E-04  -0.19414E-07
  0.000   0.000   -0.47610E-03  -0.11486E-01   0.38230E+01   0.61109E-03  -0.31032E-04  -0.17888E-05
  0.000   0.000    0.13203E-01   0.17036E-01   0.28554E+00  -0.91423E-03   0.70689E-03  -0.65298E-07
  0.000   0.000    0.25439E-01   0.22594E-01   0.35889E+00  -0.12118E-02   0.13617E-02  -0.92317E-07
  0.000   0.000   -0.15554E-01  -0.45418E-05   0.24064E+00  -0.17853E-06  -0.83272E-03  -0.53278E-07
  0.000   0.000   -0.14593E-01  -0.30857E-02   0.23464E+00   0.16506E-03  -0.78120E-03  -0.59369E-07
  0.000   0.000   -0.11930E-01  -0.49752E-02   0.21912E+00   0.26650E-03  -0.63867E-03  -0.59012E-07
  0.000   0.000   -0.88786E-02  -0.57185E-02   0.19883E+00   0.30631E-03  -0.47537E-03  -0.55522E-07
  0.000   0.000   -0.48123E-01  -0.20562E-01   0.43998E+00   0.11010E-02  -0.25746E-02  -0.94159E-07
  0.000   0.000   -0.62855E-01   0.53962E-03   0.48284E+00  -0.28277E-04  -0.33673E-02   0.25730E-06
  0.000   0.000   -0.26159E-01  -0.21668E-01   0.35728E+00   0.11610E-02  -0.13997E-02  -0.12378E-06
  0.000   0.000   -0.13332E-01  -0.16853E-01   0.28529E+00   0.90317E-03  -0.71350E-03  -0.93027E-07
  0.000   0.000   -0.41899E-03   0.12446E-01   0.38216E+01  -0.65006E-03  -0.27887E-04  -0.17541E-05
  0.000   0.000   -0.13843E-03  -0.29533E+00   0.10475E+01   0.15760E-01  -0.99755E-05  -0.11765E-05
  0.000   0.000   -0.14434E-01   0.31976E-02   0.23433E+00  -0.17190E-03  -0.77278E-03  -0.45011E-07
  0.000   0.000   -0.15724E-01   0.43804E-04   0.24052E+00  -0.28476E-05  -0.84171E-03  -0.54359E-07
  0.000   0.000   -0.14639E-01  -0.30055E-02   0.23476E+00   0.16077E-03  -0.78366E-03  -0.59366E-07
  0.000   0.000   -0.11873E-01  -0.50804E-02   0.21927E+00   0.27199E-03  -0.63565E-03  -0.59474E-07
  0.000   0.000   -0.63645E-01   0.21521E-03   0.48390E+00  -0.11405E-04  -0.34093E-02   0.25756E-06
  0.000   0.000   -0.47780E-01   0.21424E-01   0.43906E+00  -0.11481E-02  -0.25558E-02  -0.44195E-10
  0.000   0.000   -0.48517E-01  -0.20383E-01   0.44136E+00   0.10915E-02  -0.25958E-02  -0.96012E-07
  0.000   0.000   -0.26461E-01  -0.22207E-01   0.35847E+00   0.11894E-02  -0.14160E-02  -0.11951E-06
  0.000   0.000    0.46015E-03   0.29734E+00   0.10480E+01  -0.15862E-01   0.23284E-04  -0.15987E-07
  0.000   0.000   -0.32406E-03  -0.11082E-01   0.38221E+01   0.58934E-03  -0.22835E-04  -0.17922E-05
 -1.000  -1.000   -0.12096E-03   0.22507E-02   0.22797E+01  -0.12585E-03  -0.43850E-04  -0.34818E-05
 -1.000  -1.000   -0.58836E-03  -0.40615E-01   0.10886E+00   0.23838E-02  -0.37788E-04  -0.10879E-05
 -1.000  -1.000   -0.10955E-03  -0.35270E-02   0.14775E-01   0.22675E-03  -0.70861E-05   0.11991E-06
 -1.000  -1.000   -0.18548E-05  -0.55836E-03   0.42421E-02   0.33304E-04  -0.11134E-06  -0.47807E-08
 -1.000  -1.000    0.98180E-03  -0.47392E-03   0.75300E-02   0.29005E-04   0.58845E-04  -0.26236E-07
 -1.000  -1.000    0.16147E-02   0.22636E-04   0.96783E-02   0.66785E-06   0.98866E-04  -0.75397E-07
 -1.000  -1.000    0.34734E-03  -0.33881E-03   0.41661E-02   0.20126E-04   0.20543E-04  -0.40983E-08
 -1.000  -1.000    0.11520E-03  -0.18152E-03   0.21449E-02   0.10779E-04   0.68197E-05  -0.19334E-08
 -1.000  -1.000    0.94022E-04   0.92842E-05   0.12287E-02  -0.53759E-06   0.55746E-05  -0.89053E-09
 -1.000  -1.000    0.83743E-04  -0.26024E-04   0.11509E-02   0.15430E-05   0.49656E-05  -0.10182E-08
 -1.000  -1.000   -0.31620E-05   0.43106E-01   0.10893E+00  -0.25039E-02  -0.37245E-05  -0.74382E-07
 -1.000  -1.000   -0.12999E-03   0.10387E-02   0.22825E+01  -0.55311E-04  -0.44476E-04  -0.35073E-05
 -1.000  -1.000   -0.58982E-03  -0.40692E-01   0.10916E+00   0.23888E-02  -0.37967E-04  -0.10810E-05
 -1.000  -1.000   -0.10939E-03  -0.35731E-02   0.14772E-01   0.22944E-03  -0.70751E-05   0.11987E-06
 -1.000  -1.000    0.16265E-02  -0.37799E-04   0.99497E-02   0.42388E-05   0.99576E-04  -0.77213E-07
 -1.000  -1.000    0.96373E-03   0.50460E-03   0.75147E-02  -0.29795E-04   0.57347E-04  -0.76095E-08
 -1.000  -1.000    0.98353E-03  -0.48612E-03   0.76205E-02   0.29758E-04   0.58930E-04  -0.26701E-07
 -1.000  -1.000    0.34819E-03  -0.35917E-03   0.41642E-02   0.21312E-04   0.20594E-04  -0.41029E-08
 -1.000  -1.000    0.84204E-04   0.28320E-04   0.11658E-02  -0.16673E-05   0.49921E-05  -0.82060E-09
 -1.000  -1.000    0.95435E-04  -0.72071E-05   0.12555E-02   0.42659E-06   0.56591E-05  -0.10819E-08
 -1.000  -1.000    0.95455E-04   0.39290E-02   0.14738E-01  -0.24311E-03   0.59734E-05   0.13687E-05
 -1.000  -1.000    0.42858E-05   0.42994E-01   0.10927E+00  -0.24974E-02  -0.32548E-05  -0.76937E-07
 -1.000  -1.000   -0.12927E-03   0.10169E-02   0.22825E+01  -0.53958E-04  -0.44449E-04  -0.35104E-05
 -1.000  -1.000   -0.59158E-03  -0.40830E-01   0.10887E+00   0.23968E-02  -0.38063E-04  -0.10811E-05
 -1.000  -1.000    0.96353E-03   0.47047E-03   0.76094E-02  -0.27788E-04   0.57321E-04  -0.84082E-08
 -1.000  -1.000    0.34815E-03   0.36482E-03   0.41722E-02  -0.21575E-04   0.20608E-04  -0.90260E-09
 -1.000  -1.000    0.16206E-02  -0.45040E-04   0.99539E-02   0.47161E-05   0.99239E-04  -0.78192E-07
 -1.000  -1.000    0.98193E-03  -0.51942E-03   0.75320E-02   0.31691E-04   0.58837E-04  -0.26682E-07
 -1.000  -1.000    0.60428E-04   0.35511E-04   0.95780E-03  -0.20963E-05   0.35819E-05  -0.65078E-09
 -1.000  -1.000    0.84515E-04   0.12959E-04   0.11656E-02  -0.77026E-06   0.50112E-05  -0.97115E-09
 -1.000  -1.000    0.35094E-06   0.56702E-03   0.42422E-02  -0.33664E-04   0.77255E-09   0.16141E-07
 -1.000  -1.000    0.94992E-04   0.38855E-02   0.14744E-01  -0.24056E-03   0.59438E-05   0.13680E-05
 -1.000  -1.000    0.24906E-05   0.42883E-01   0.10898E+00  -0.24907E-02  -0.32768E-05  -0.10662E-06
 -1.000  -1.000   -0.12988E-03  -0.25509E-03   0.22797E+01   0.19472E-04  -0.44430E-04  -0.35122E-05
 -1.000  -1.000    0.34719E-03   0.34504E-03   0.41729E-02  -0.20413E-04   0.20550E-04  -0.12721E-08
 -1.000  -1.000    0.11552E-03   0.18435E-03   0.21496E-02  -0.10916E-04   0.68381E-05   0.18785E-09
 -1.000  -1.000    0.95950E-03   0.45869E-03   0.75201E-02  -0.27061E-04   0.57086E-04  -0.10158E-07
 -1.000  -1.000    0.16083E-02  -0.10769E-03   0.96834E-02   0.83592E-05   0.98506E-04  -0.78023E-07
 -1.000  -1.000    0.37444E-04   0.31600E-04   0.71247E-03  -0.18672E-05   0.22189E-05  -0.47164E-09
 -1.000  -1.000    0.60103E-04   0.22202E-04   0.93933E-03  -0.13191E-05   0.35632E-05  -0.75792E-09
 -1.000  -1.000   -0.99323E-03   0.49130E-03   0.75415E-02  -0.28847E-04  -0.59730E-04   0.72110E-07
 -1.000  -1.000   -0.18330E-02  -0.53803E-04   0.10026E-01   0.48172E-05  -0.11578E-03   0.53080E-06
 -1.000  -1.000   -0.10301E-02  -0.47259E-03   0.76391E-02   0.28337E-04  -0.62678E-04   0.11641E-06
 -1.000  -1.000   -0.35023E-03  -0.36073E-03   0.41705E-02   0.21395E-04  -0.20809E-04  -0.88534E-09
 -1.000  -1.000   -0.12552E-03   0.10355E-02   0.22825E+01  -0.55118E-04  -0.44199E-04  -0.35081E-05
 -1.000  -1.000    0.16396E-04   0.43100E-01   0.10899E+00  -0.25036E-02  -0.25257E-05  -0.74583E-07
 -1.000  -1.000   -0.57785E-03  -0.40719E-01   0.10910E+00   0.23902E-02  -0.37293E-04  -0.10824E-05
 -1.000  -1.000    0.10486E-03  -0.33428E-02   0.14225E-01   0.21532E-03   0.61719E-05   0.11972E-06
 -1.000  -1.000    0.96617E-03   0.49429E-03   0.75131E-02  -0.29171E-04   0.57493E-04  -0.93185E-08
 -1.000  -1.000    0.16222E-02  -0.10974E-03   0.98322E-02   0.84288E-05   0.99365E-04  -0.78453E-07
 -1.000  -1.000   -0.18185E-02   0.62344E-05   0.97535E-02   0.12831E-05  -0.11487E-03   0.52855E-06
 -1.000  -1.000   -0.10261E-02  -0.46080E-03   0.75531E-02   0.27611E-04  -0.62439E-04   0.11658E-06
 -1.000  -1.000   -0.34953E-03  -0.34034E-03   0.41724E-02   0.20206E-04  -0.20769E-04  -0.84729E-09
 -1.000  -1.000   -0.11627E-03  -0.18191E-03   0.21482E-02   0.10804E-04  -0.69185E-05  -0.10095E-08
 -1.000  -1.000   -0.58005E-03  -0.40626E-01   0.10886E+00   0.23844E-02  -0.37299E-04  -0.10881E-05
 -1.000  -1.000   -0.11156E-03   0.22569E-02   0.22797E+01  -0.12615E-03  -0.43343E-04  -0.34822E-05
 -1.000  -1.000    0.10300E-03  -0.33007E-02   0.14235E-01   0.21284E-03   0.60797E-05   0.11994E-06
 -1.000  -1.000    0.19170E-05  -0.55054E-03   0.42227E-02   0.32829E-04   0.11287E-06  -0.49345E-08
 -1.000  -1.000    0.16106E-02   0.60334E-05   0.96984E-02   0.16461E-05   0.98652E-04  -0.76707E-07
 -1.000  -1.000    0.97847E-03  -0.51088E-03   0.74615E-02   0.31165E-04   0.58687E-04  -0.26615E-07
 -1.000  -1.000   -0.34883E-03   0.36417E-03   0.41724E-02  -0.21539E-04  -0.20722E-04   0.19916E-08
 -1.000  -1.000   -0.99533E-03   0.45959E-03   0.76292E-02  -0.26987E-04  -0.59860E-04   0.71859E-07
 -1.000  -1.000   -0.18332E-02  -0.60175E-04   0.10025E-01   0.52147E-05  -0.11579E-03   0.53006E-06
 -1.000  -1.000   -0.10285E-02  -0.50581E-03   0.75510E-02   0.30266E-04  -0.62579E-04   0.11627E-06
 -1.000  -1.000   -0.37311E-05   0.42978E-01   0.10928E+00  -0.24965E-02  -0.36675E-05  -0.77038E-07
 -1.000  -1.000    0.93599E-04   0.39324E-02   0.14760E-01  -0.24331E-03   0.58662E-05   0.13683E-05
 -1.000  -1.000   -0.12374E-03   0.10171E-02   0.22825E+01  -0.53960E-04  -0.44088E-04  -0.35115E-05
 -1.000  -1.000   -0.57410E-03  -0.40826E-01   0.10882E+00   0.23966E-02  -0.36936E-04  -0.10826E-05
 -1.000  -1.000    0.34851E-03   0.35847E-03   0.41465E-02  -0.21181E-04   0.20627E-04  -0.31157E-08
 -1.000  -1.000    0.96609E-03   0.39643E-03   0.74349E-02  -0.23466E-04   0.57496E-04  -0.99407E-08
 -1.000  -1.000   -0.11556E-03   0.18403E-03   0.21481E-02  -0.10897E-04  -0.68757E-05   0.10104E-08
 -1.000  -1.000   -0.34818E-03   0.34452E-03   0.41719E-02  -0.20385E-04  -0.20685E-04   0.17619E-08
 -1.000  -1.000   -0.99156E-03   0.44742E-03   0.75404E-02  -0.26247E-04  -0.59636E-04   0.70317E-07
 -1.000  -1.000   -0.18201E-02  -0.12257E-03   0.97518E-02   0.88383E-05  -0.11498E-03   0.52814E-06
 -1.000  -1.000    0.98568E-04   0.38772E-02   0.14734E-01  -0.24007E-03   0.61603E-05   0.13678E-05
 -1.000  -1.000    0.17473E-05   0.56670E-03   0.42478E-02  -0.33643E-04   0.85567E-07   0.15900E-07
 -1.000  -1.000    0.63634E-04   0.42970E-01   0.10868E+00  -0.24953E-02   0.10097E-05  -0.10734E-06
 -1.000  -1.000   -0.12464E-03  -0.25130E-03   0.22797E+01   0.19247E-04  -0.44088E-04  -0.35135E-05
 -1.000  -1.000    0.11558E-03   0.17933E-03   0.21273E-02  -0.10606E-04   0.68419E-05  -0.14403E-08
 -1.000  -1.000    0.34658E-03   0.29313E-03   0.40304E-02  -0.17371E-04   0.20517E-04  -0.33473E-08
 -1.000  -1.000   -0.94246E-04   0.96875E-05   0.12292E-02  -0.56380E-06  -0.56097E-05   0.21295E-09
 -1.000  -1.000   -0.84156E-04  -0.19066E-04   0.11668E-02   0.11364E-05  -0.50104E-05  -0.17213E-10
 -1.000  -1.000   -0.60397E-04  -0.29587E-04   0.95850E-03   0.17638E-05  -0.35968E-05  -0.24298E-09
 -1.000  -1.000   -0.37526E-04  -0.31741E-04   0.71269E-03   0.18853E-05  -0.22355E-05  -0.26891E-09
 -1.000  -1.000   -0.10314E-02  -0.46014E-03   0.75211E-02   0.27574E-04  -0.62748E-04   0.11643E-06
 -1.000  -1.000   -0.18231E-02   0.58127E-05   0.97391E-02   0.13083E-05  -0.11515E-03   0.52854E-06
 -1.000  -1.000   -0.34659E-03  -0.34122E-03   0.41433E-02   0.20249E-04  -0.20581E-04  -0.21017E-08
 -1.000  -1.000   -0.11404E-03  -0.18066E-03   0.21277E-02   0.10728E-04  -0.67788E-05  -0.15198E-08
 -1.000  -1.000   -0.11097E-03   0.22392E-02   0.22797E+01  -0.12513E-03  -0.43270E-04  -0.34865E-05
 -1.000  -1.000   -0.58058E-03  -0.40731E-01   0.10849E+00   0.23902E-02  -0.37330E-04  -0.10907E-05
 -1.000  -1.000   -0.83758E-04   0.28356E-04   0.11513E-02  -0.16721E-05  -0.49857E-05   0.20181E-09
 -1.000  -1.000   -0.95076E-04   0.94502E-06   0.12565E-02  -0.49759E-07  -0.56603E-05   0.12093E-09
 -1.000  -1.000   -0.84035E-04  -0.21015E-04   0.11665E-02   0.12566E-05  -0.50034E-05  -0.14036E-09
 -1.000  -1.000   -0.59817E-04  -0.35173E-04   0.93970E-03   0.20886E-05  -0.35619E-05  -0.25476E-09
 -1.000  -1.000   -0.18258E-02  -0.61337E-04   0.98757E-02   0.52578E-05  -0.11533E-03   0.52883E-06
 -1.000  -1.000   -0.98603E-03   0.49246E-03   0.74302E-02  -0.28911E-04  -0.59248E-04   0.71835E-07
 -1.000  -1.000   -0.10109E-02  -0.47373E-03   0.74315E-02   0.28400E-04  -0.61382E-04   0.10544E-06
 -1.000  -1.000   -0.33868E-03  -0.35291E-03   0.40279E-02   0.20920E-04  -0.20102E-04  -0.27898E-08
 -1.000  -1.000    0.12514E-05   0.43005E-01   0.10863E+00  -0.24978E-02  -0.33561E-05  -0.10517E-06
 -1.000  -1.000   -0.12427E-03  -0.24135E-03   0.22797E+01   0.18617E-04  -0.44050E-04  -0.35142E-05
  0.067   0.200   -0.11236E-02   0.12853E-01   0.48121E+01  -0.67382E-03  -0.65395E-04  -0.19809E-05
  0.067   0.200   -0.86475E-03  -0.29988E+00   0.20287E+01   0.16005E-01  -0.48600E-04  -0.14078E-05
  0.067   0.200   -0.27586E-03  -0.80403E-01   0.14643E+01   0.43234E-02  -0.14611E-04  -0.35602E-06
  0.067   0.200   -0.24689E-04  -0.45913E-01   0.12405E+01   0.24602E-02  -0.66278E-06  -0.37044E-06
  0.067   0.200    0.61681E-01  -0.26065E-01   0.13590E+01   0.13951E-02   0.33025E-02  -0.40194E-06
  0.067   0.200    0.76545E-01   0.87511E-03   0.14125E+01  -0.47892E-04   0.40991E-02  -0.44189E-06
  0.067   0.200    0.37937E-01  -0.31303E-01   0.12472E+01   0.16767E-02   0.20319E-02  -0.35994E-06
  0.067   0.200    0.22870E-01  -0.29132E-01   0.11336E+01   0.15605E-02   0.12255E-02  -0.32614E-06
  0.067   0.200    0.31300E-01  -0.52384E-04   0.10509E+01   0.74127E-06   0.16770E-02  -0.28089E-06
  0.067   0.200    0.29696E-01  -0.67057E-02   0.10379E+01   0.35744E-03   0.15911E-02  -0.28199E-06
  0.067   0.200   -0.15807E-03   0.30600E+00   0.20291E+01  -0.16329E-01  -0.96435E-05  -0.22422E-06
  0.067   0.200   -0.12375E-02   0.95875E-03   0.48304E+01  -0.47256E-04  -0.71509E-04  -0.20051E-05
  0.067   0.200   -0.89197E-03  -0.30120E+00   0.20328E+01   0.16076E-01  -0.50258E-04  -0.13969E-05
  0.067   0.200   -0.21548E-03  -0.82194E-01   0.14645E+01   0.44182E-02  -0.11373E-04  -0.36239E-06
  0.067   0.200    0.77912E-01   0.31291E-03   0.14144E+01  -0.18396E-04   0.41719E-02  -0.44538E-06
  0.067   0.200    0.61143E-01   0.27292E-01   0.13594E+01  -0.14653E-02   0.32732E-02  -0.36434E-06
  0.067   0.200    0.62031E-01  -0.26116E-01   0.13602E+01   0.13975E-02   0.33213E-02  -0.40643E-06
  0.067   0.200    0.37720E-01  -0.32228E-01   0.12472E+01   0.17255E-02   0.20205E-02  -0.36097E-06
  0.067   0.200    0.29796E-01   0.65153E-02   0.10386E+01  -0.35160E-03   0.15964E-02  -0.27058E-06
  0.067   0.200    0.31250E-01  -0.17263E-03   0.10505E+01   0.68992E-05   0.16743E-02  -0.27992E-06
  0.067   0.200   -0.93489E-04   0.82522E-01   0.14650E+01  -0.44384E-02  -0.34994E-05   0.65329E-06
  0.067   0.200   -0.25258E-03   0.30322E+00   0.20337E+01  -0.16182E-01  -0.14787E-04  -0.22880E-06
  0.067   0.200   -0.12519E-02   0.34469E-03   0.48308E+01  -0.14260E-04  -0.72311E-04  -0.20056E-05
  0.067   0.200   -0.80261E-03  -0.30402E+00   0.20290E+01   0.16225E-01  -0.45411E-04  -0.14019E-05
  0.067   0.200    0.61833E-01   0.26353E-01   0.13612E+01  -0.14157E-02   0.33101E-02  -0.36739E-06
  0.067   0.200    0.37471E-01   0.32487E-01   0.12482E+01  -0.17447E-02   0.20065E-02  -0.30652E-06
  0.067   0.200    0.77837E-01  -0.18127E-03   0.14151E+01   0.84680E-05   0.41672E-02  -0.44871E-06
  0.067   0.200    0.61390E-01  -0.27008E-01   0.13593E+01   0.14443E-02   0.32873E-02  -0.40581E-06
  0.067   0.200    0.25996E-01   0.11325E-01   0.10059E+01  -0.60959E-03   0.13929E-02  -0.25468E-06
  0.067   0.200    0.29688E-01   0.63697E-02   0.10392E+01  -0.34403E-03   0.15907E-02  -0.26994E-06
  0.067   0.200   -0.48345E-04   0.45997E-01   0.12409E+01  -0.24699E-02  -0.20808E-05  -0.26690E-06
  0.067   0.200   -0.15533E-03   0.80727E-01   0.14647E+01  -0.43434E-02  -0.68244E-05   0.65245E-06
  0.067   0.200   -0.23478E-03   0.30188E+00   0.20294E+01  -0.16111E-01  -0.13702E-04  -0.23862E-06
  0.067   0.200   -0.11463E-02  -0.11524E-01   0.48126E+01   0.61100E-03  -0.66690E-04  -0.20198E-05
  0.067   0.200    0.37712E-01   0.31485E-01   0.12481E+01  -0.16918E-02   0.20193E-02  -0.30875E-06
  0.067   0.200    0.22735E-01   0.29293E-01   0.11343E+01  -0.15738E-02   0.12180E-02  -0.26510E-06
  0.067   0.200    0.61519E-01   0.26132E-01   0.13597E+01  -0.14040E-02   0.32928E-02  -0.36907E-06
  0.067   0.200    0.76627E-01  -0.42105E-03   0.14126E+01   0.18828E-04   0.41043E-02  -0.44507E-06
  0.067   0.200    0.21406E-01   0.13990E-01   0.95913E+00  -0.75255E-03   0.11470E-02  -0.23621E-06
  0.067   0.200    0.25797E-01   0.11287E-01   0.10064E+01  -0.60774E-03   0.13822E-02  -0.25400E-06
  0.067   0.200   -0.61314E-01   0.27259E-01   0.13606E+01  -0.14632E-02  -0.32811E-02  -0.20664E-06
  0.067   0.200   -0.78134E-01   0.97740E-04   0.14161E+01  -0.70074E-05  -0.41853E-02   0.43428E-07
  0.067   0.200   -0.62015E-01  -0.26242E-01   0.13618E+01   0.14043E-02  -0.33190E-02  -0.31679E-06
  0.067   0.200   -0.37642E-01  -0.32410E-01   0.12486E+01   0.17354E-02  -0.20149E-02  -0.35060E-06
  0.067   0.200   -0.60948E-03   0.90438E-03   0.48326E+01  -0.44307E-04  -0.37855E-04  -0.20109E-05
  0.067   0.200    0.17927E-03   0.30616E+00   0.20310E+01  -0.16338E-01   0.83537E-05  -0.22618E-06
  0.067   0.200   -0.22290E-03  -0.30137E+00   0.20344E+01   0.16085E-01  -0.14252E-04  -0.14061E-05
  0.067   0.200    0.15954E-03  -0.82376E-01   0.14654E+01   0.44287E-02   0.95222E-05  -0.36882E-06
  0.067   0.200    0.61116E-01   0.27202E-01   0.13606E+01  -0.14604E-02   0.32715E-02  -0.36807E-06
  0.067   0.200    0.76834E-01  -0.73878E-03   0.14150E+01   0.37469E-04   0.41141E-02  -0.44759E-06
  0.067   0.200   -0.76745E-01   0.63202E-03   0.14139E+01  -0.35009E-04  -0.41113E-02   0.40863E-07
  0.067   0.200   -0.61667E-01  -0.26073E-01   0.13604E+01   0.13952E-02  -0.33003E-02  -0.31621E-06
  0.067   0.200   -0.37880E-01  -0.31481E-01   0.12483E+01   0.16864E-02  -0.20274E-02  -0.34720E-06
  0.067   0.200   -0.22844E-01  -0.29195E-01   0.11344E+01   0.15639E-02  -0.12230E-02  -0.31432E-06
  0.067   0.200   -0.35594E-03  -0.30008E+00   0.20302E+01   0.16016E-01  -0.21259E-04  -0.14125E-05
  0.067   0.200   -0.72524E-03   0.12901E-01   0.48141E+01  -0.67635E-03  -0.44058E-04  -0.19834E-05
  0.067   0.200    0.18779E-03  -0.80556E-01   0.14650E+01   0.43315E-02   0.11209E-04  -0.36321E-06
  0.067   0.200    0.78537E-04  -0.45969E-01   0.12410E+01   0.24632E-02   0.51251E-05  -0.37376E-06
  0.067   0.200    0.76473E-01   0.53769E-03   0.14136E+01  -0.29703E-04   0.40947E-02  -0.44738E-06
  0.067   0.200    0.60912E-01  -0.27142E-01   0.13587E+01   0.14520E-02   0.32608E-02  -0.40604E-06
  0.067   0.200   -0.37646E-01   0.32486E-01   0.12485E+01  -0.17446E-02  -0.20151E-02  -0.21481E-06
  0.067   0.200   -0.61996E-01   0.26309E-01   0.13618E+01  -0.14131E-02  -0.33173E-02  -0.20731E-06
  0.067   0.200   -0.78126E-01  -0.99037E-04   0.14160E+01   0.35776E-05  -0.41849E-02   0.42904E-07
  0.067   0.200   -0.61323E-01  -0.27185E-01   0.13605E+01   0.14540E-02  -0.32822E-02  -0.32104E-06
  0.067   0.200    0.28023E-03   0.30325E+00   0.20351E+01  -0.16184E-01   0.13774E-04  -0.23367E-06
  0.067   0.200    0.82120E-04   0.82660E-01   0.14660E+01  -0.44458E-02   0.58573E-05   0.65225E-06
  0.067   0.200   -0.44131E-03   0.26633E-03   0.48321E+01  -0.10046E-04  -0.28799E-04  -0.20166E-05
  0.067   0.200   -0.22779E-03  -0.30410E+00   0.20299E+01   0.16229E-01  -0.14540E-04  -0.14115E-05
  0.067   0.200    0.37408E-01   0.32526E-01   0.12490E+01  -0.17468E-02   0.20033E-02  -0.30867E-06
  0.067   0.200    0.60601E-01   0.26398E-01   0.13624E+01  -0.14180E-02   0.32441E-02  -0.36646E-06
  0.067   0.200   -0.22851E-01   0.29263E-01   0.11344E+01  -0.15721E-02  -0.12233E-02  -0.21135E-06
  0.067   0.200   -0.37885E-01   0.31550E-01   0.12483E+01  -0.16951E-02  -0.20277E-02  -0.21602E-06
  0.067   0.200   -0.61644E-01   0.26132E-01   0.13604E+01  -0.14035E-02  -0.32985E-02  -0.20820E-06
  0.067   0.200   -0.76736E-01  -0.63632E-03   0.14139E+01   0.31709E-04  -0.41109E-02   0.35440E-07
  0.067   0.200    0.12456E-03   0.80775E-01   0.14656E+01  -0.43460E-02   0.81094E-05   0.64979E-06
  0.067   0.200   -0.39087E-04   0.46107E-01   0.12415E+01  -0.24758E-02  -0.16153E-05  -0.26744E-06
  0.067   0.200    0.40506E-03   0.30187E+00   0.20304E+01  -0.16110E-01   0.20673E-04  -0.24767E-06
  0.067   0.200   -0.45970E-03  -0.11576E-01   0.48134E+01   0.61380E-03  -0.29805E-04  -0.20296E-05
  0.067   0.200    0.22633E-01   0.29412E-01   0.11354E+01  -0.15803E-02   0.12126E-02  -0.26532E-06
  0.067   0.200    0.36781E-01   0.32509E-01   0.12506E+01  -0.17460E-02   0.19699E-02  -0.30698E-06
  0.067   0.200   -0.31387E-01   0.24861E-05   0.10513E+01  -0.21315E-05  -0.16808E-02  -0.24098E-06
  0.067   0.200   -0.30203E-01  -0.63194E-02   0.10388E+01   0.33706E-03  -0.16172E-02  -0.25128E-06
  0.067   0.200   -0.26362E-01  -0.10912E-01   0.10057E+01   0.58366E-03  -0.14115E-02  -0.25200E-06
  0.067   0.200   -0.21535E-01  -0.13839E-01   0.95899E+00   0.74052E-03  -0.11532E-02  -0.24704E-06
  0.067   0.200   -0.61204E-01  -0.25824E-01   0.13593E+01   0.13818E-02  -0.32752E-02  -0.31760E-06
  0.067   0.200   -0.76038E-01   0.31693E-03   0.14118E+01  -0.18231E-04  -0.40716E-02   0.36735E-07
  0.067   0.200   -0.37657E-01  -0.31284E-01   0.12481E+01   0.16758E-02  -0.20154E-02  -0.34829E-06
  0.067   0.200   -0.22920E-01  -0.29127E-01   0.11346E+01   0.15602E-02  -0.12271E-02  -0.31302E-06
  0.067   0.200   -0.41017E-03   0.12583E-01   0.48111E+01  -0.65927E-03  -0.27037E-04  -0.19946E-05
  0.067   0.200   -0.97155E-04  -0.30279E+00   0.20240E+01   0.16158E-01  -0.73822E-05  -0.14249E-05
  0.067   0.200   -0.29824E-01   0.65917E-02   0.10380E+01  -0.35562E-03  -0.15971E-02  -0.22594E-06
  0.067   0.200   -0.31771E-01   0.11739E-03   0.10504E+01  -0.84378E-05  -0.17011E-02  -0.24210E-06
  0.067   0.200   -0.30270E-01  -0.61305E-02   0.10387E+01   0.32694E-03  -0.16208E-02  -0.25131E-06
  0.067   0.200   -0.26154E-01  -0.11120E-01   0.10060E+01   0.59444E-03  -0.14005E-02  -0.25333E-06
  0.067   0.200   -0.77039E-01   0.47936E-04   0.14125E+01  -0.44440E-05  -0.41248E-02   0.37108E-07
  0.067   0.200   -0.60314E-01   0.27413E-01   0.13569E+01  -0.14711E-02  -0.32268E-02  -0.20220E-06
  0.067   0.200   -0.61698E-01  -0.25562E-01   0.13608E+01   0.13680E-02  -0.33020E-02  -0.31869E-06
  0.067   0.200   -0.37810E-01  -0.32051E-01   0.12492E+01   0.17159E-02  -0.20236E-02  -0.34295E-06
  0.067   0.200    0.43277E-03   0.30490E+00   0.20242E+01  -0.16270E-01   0.22262E-04  -0.24391E-06
  0.067   0.200   -0.32062E-03  -0.11105E-01   0.48114E+01   0.58845E-03  -0.22267E-04  -0.20332E-05
  0.130   0.385   -0.10973E-02   0.12731E-01   0.45114E+01  -0.66665E-03  -0.64076E-04  -0.19070E-05
  0.130   0.385   -0.81316E-03  -0.30092E+00   0.17253E+01   0.16060E-01  -0.45847E-04  -0.13346E-05
  0.130   0.385   -0.24168E-03  -0.81302E-01   0.11579E+01   0.43721E-02  -0.12909E-04  -0.28189E-06
  0.130   0.385    0.10492E-04  -0.46852E-01   0.93115E+00   0.25110E-02   0.11016E-05  -0.29573E-06
  0.130   0.385    0.62394E-01  -0.26509E-01   0.10519E+01   0.14194E-02   0.33394E-02  -0.32808E-06
  0.130   0.385    0.77356E-01   0.56282E-03   0.11061E+01  -0.30450E-04   0.41411E-02  -0.36822E-06
  0.130   0.385    0.38720E-01  -0.32042E-01   0.93772E+00   0.17169E-02   0.20736E-02  -0.28536E-06
  0.130   0.385    0.23520E-01  -0.29951E-01   0.82132E+00   0.16050E-02   0.12600E-02  -0.25097E-06
  0.130   0.385    0.32466E-01  -0.12689E-03   0.73627E+00   0.53683E-05   0.17392E-02  -0.20461E-06
  0.130   0.385    0.30831E-01  -0.69554E-02   0.72274E+00   0.37146E-03   0.16516E-02  -0.20568E-06
  0.130   0.385   -0.12667E-03   0.30689E+00   0.17259E+01  -0.16375E-01  -0.81093E-05  -0.14863E-06
  0.130   0.385   -0.11989E-02   0.92541E-03   0.45291E+01  -0.44873E-04  -0.69542E-04  -0.19308E-05
  0.130   0.385   -0.84784E-03  -0.30218E+00   0.17293E+01   0.16128E-01  -0.48066E-04  -0.13231E-05
  0.130   0.385   -0.17781E-03  -0.83046E-01   0.11580E+01   0.44643E-02  -0.94773E-05  -0.28827E-06
  0.130   0.385    0.78752E-01   0.16590E-04   0.11077E+01  -0.18121E-05   0.42154E-02  -0.37147E-06
  0.130   0.385    0.62071E-01   0.27576E-01   0.10519E+01  -0.14797E-02   0.33224E-02  -0.28912E-06
  0.130   0.385    0.62983E-01  -0.26528E-01   0.10525E+01   0.14201E-02   0.33721E-02  -0.33171E-06
  0.130   0.385    0.38495E-01  -0.32879E-01   0.93762E+00   0.17610E-02   0.20617E-02  -0.28629E-06
  0.130   0.385    0.30927E-01   0.66965E-02   0.72324E+00  -0.36067E-03   0.16568E-02  -0.19377E-06
  0.130   0.385    0.32394E-01  -0.16412E-03   0.73551E+00   0.70845E-05   0.17353E-02  -0.20338E-06
  0.130   0.385   -0.56961E-04   0.83345E-01   0.11584E+01  -0.44817E-02  -0.16950E-05   0.72917E-06
  0.130   0.385   -0.19255E-03   0.30417E+00   0.17302E+01  -0.16232E-01  -0.11722E-04  -0.15304E-06
  0.130   0.385   -0.11901E-02   0.35675E-03   0.45294E+01  -0.14305E-04  -0.69152E-04  -0.19314E-05
  0.130   0.385   -0.76507E-03  -0.30493E+00   0.17257E+01   0.16273E-01  -0.43504E-04  -0.13283E-05
  0.130   0.385    0.62753E-01   0.26662E-01   0.10535E+01  -0.14316E-02   0.33586E-02  -0.29185E-06
  0.130   0.385    0.38294E-01   0.33112E-01   0.93841E+00  -0.17775E-02   0.20505E-02  -0.23046E-06
  0.130   0.385    0.78800E-01  -0.86749E-04   0.11081E+01   0.37369E-05   0.42180E-02  -0.37360E-06
  0.130   0.385    0.62125E-01  -0.27500E-01   0.10521E+01   0.14717E-02   0.33252E-02  -0.33076E-06
  0.130   0.385    0.27061E-01   0.11739E-01   0.68914E+00  -0.63114E-03   0.14497E-02  -0.17717E-06
  0.130   0.385    0.30804E-01   0.66403E-02   0.72368E+00  -0.35788E-03   0.16502E-02  -0.19294E-06
  0.130   0.385   -0.70593E-05   0.46912E-01   0.93138E+00  -0.25182E-02   0.10250E-07  -0.18990E-06
  0.130   0.385   -0.11935E-03   0.81600E-01   0.11581E+01  -0.43894E-02  -0.50500E-05   0.72851E-06
  0.130   0.385   -0.21482E-03   0.30289E+00   0.17260E+01  -0.16163E-01  -0.12734E-04  -0.16237E-06
  0.130   0.385   -0.11122E-02  -0.11429E-01   0.45117E+01   0.60647E-03  -0.64975E-04  -0.19448E-05
  0.130   0.385    0.38522E-01   0.32178E-01   0.93838E+00  -0.17282E-02   0.20626E-02  -0.23233E-06
  0.130   0.385    0.23412E-01   0.30079E-01   0.82175E+00  -0.16153E-02   0.12541E-02  -0.18798E-06
  0.130   0.385    0.62430E-01   0.26524E-01   0.10521E+01  -0.14241E-02   0.33411E-02  -0.29277E-06
  0.130   0.385    0.77474E-01  -0.50501E-03   0.11064E+01   0.25529E-04   0.41476E-02  -0.37060E-06
  0.130   0.385    0.22395E-01   0.14600E-01   0.64035E+00  -0.78460E-03   0.11998E-02  -0.15790E-06
  0.130   0.385    0.26856E-01   0.11789E-01   0.68968E+00  -0.63397E-03   0.14388E-02  -0.17639E-06
  0.130   0.385   -0.62217E-01   0.27558E-01   0.10524E+01  -0.14785E-02  -0.33294E-02  -0.12991E-06
  0.130   0.385   -0.79125E-01   0.67193E-04   0.11085E+01  -0.47474E-05  -0.42382E-02   0.11942E-06
  0.130   0.385   -0.62924E-01  -0.26621E-01   0.10535E+01   0.14252E-02  -0.33676E-02  -0.24117E-06
  0.130   0.385   -0.38399E-01  -0.33010E-01   0.93843E+00   0.17681E-02  -0.20554E-02  -0.27499E-06
  0.130   0.385   -0.61075E-03   0.86259E-03   0.45305E+01  -0.41468E-04  -0.37983E-04  -0.19363E-05
  0.130   0.385    0.18650E-03   0.30703E+00   0.17272E+01  -0.16383E-01   0.87016E-05  -0.15045E-06
  0.130   0.385   -0.11784E-03  -0.30231E+00   0.17302E+01   0.16135E-01  -0.83963E-05  -0.13372E-05
  0.130   0.385    0.53155E-04  -0.83111E-01   0.11587E+01   0.44678E-02   0.29378E-05  -0.29401E-06
  0.130   0.385    0.62011E-01   0.27522E-01   0.10525E+01  -0.14768E-02   0.33191E-02  -0.29274E-06
  0.130   0.385    0.77800E-01  -0.70884E-03   0.11076E+01   0.36483E-04   0.41654E-02  -0.37268E-06
  0.130   0.385   -0.77739E-01   0.52203E-03   0.11068E+01  -0.28495E-04  -0.41644E-02   0.11651E-06
  0.130   0.385   -0.62586E-01  -0.26501E-01   0.10524E+01   0.14187E-02  -0.33495E-02  -0.24082E-06
  0.130   0.385   -0.38649E-01  -0.32135E-01   0.93837E+00   0.17220E-02  -0.20686E-02  -0.27163E-06
  0.130   0.385   -0.23483E-01  -0.29992E-01   0.82180E+00   0.16072E-02  -0.12572E-02  -0.23841E-06
  0.130   0.385   -0.36470E-03  -0.30106E+00   0.17265E+01   0.16068E-01  -0.21769E-04  -0.13388E-05
  0.130   0.385   -0.72382E-03   0.12785E-01   0.45128E+01  -0.66952E-03  -0.44045E-04  -0.19091E-05
  0.130   0.385    0.77834E-04  -0.81437E-01   0.11585E+01   0.43793E-02   0.42593E-05  -0.28783E-06
  0.130   0.385    0.36289E-04  -0.46926E-01   0.93114E+00   0.25150E-02   0.25316E-05  -0.29874E-06
  0.130   0.385    0.77463E-01   0.44336E-03   0.11066E+01  -0.24032E-04   0.41474E-02  -0.37283E-06
  0.130   0.385    0.61814E-01  -0.27528E-01   0.10509E+01   0.14732E-02   0.33088E-02  -0.33143E-06
  0.130   0.385   -0.38399E-01   0.33068E-01   0.93834E+00  -0.17751E-02  -0.20554E-02  -0.13733E-06
  0.130   0.385   -0.62906E-01   0.26669E-01   0.10534E+01  -0.14317E-02  -0.33660E-02  -0.13038E-06
  0.130   0.385   -0.79120E-01  -0.86127E-04   0.11084E+01   0.35036E-05  -0.42379E-02   0.11908E-06
  0.130   0.385   -0.62229E-01  -0.27506E-01   0.10523E+01   0.14718E-02  -0.33307E-02  -0.24548E-06
  0.130   0.385    0.27297E-03   0.30420E+00   0.17310E+01  -0.16233E-01   0.13329E-04  -0.15767E-06
  0.130   0.385    0.81424E-04   0.83483E-01   0.11589E+01  -0.44890E-02   0.57442E-05   0.72829E-06
  0.130   0.385   -0.46963E-03   0.28518E-03   0.45301E+01  -0.10462E-04  -0.30415E-04  -0.19414E-05
  0.130   0.385   -0.23873E-03  -0.30499E+00   0.17261E+01   0.16276E-01  -0.15180E-04  -0.13378E-05
  0.130   0.385    0.38152E-01   0.33131E-01   0.93903E+00  -0.17785E-02   0.20430E-02  -0.23237E-06
  0.130   0.385    0.61483E-01   0.26841E-01   0.10543E+01  -0.14411E-02   0.32910E-02  -0.29093E-06
  0.130   0.385   -0.23482E-01   0.30036E-01   0.82165E+00  -0.16129E-02  -0.12572E-02  -0.13311E-06
  0.130   0.385   -0.38647E-01   0.32183E-01   0.93822E+00  -0.17284E-02  -0.20685E-02  -0.13841E-06
  0.130   0.385   -0.62560E-01   0.26542E-01   0.10522E+01  -0.14249E-02  -0.33475E-02  -0.13109E-06
  0.130   0.385   -0.77731E-01  -0.54388E-03   0.11065E+01   0.27379E-04  -0.41640E-02   0.11151E-06
  0.130   0.385    0.11720E-03   0.81652E-01   0.11586E+01  -0.43922E-02   0.76508E-05   0.72590E-06
  0.130   0.385   -0.44723E-04   0.47021E-01   0.93148E+00  -0.25241E-02  -0.19938E-05  -0.19027E-06
  0.130   0.385    0.38534E-03   0.30288E+00   0.17265E+01  -0.16163E-01   0.19534E-04  -0.17119E-06
  0.130   0.385   -0.47602E-03  -0.11467E-01   0.45119E+01   0.60852E-03  -0.30749E-04  -0.19549E-05
  0.130   0.385    0.23255E-01   0.30211E-01   0.82281E+00  -0.16224E-02   0.12457E-02  -0.18800E-06
  0.130   0.385    0.37516E-01   0.33236E-01   0.94078E+00  -0.17842E-02   0.20091E-02  -0.23057E-06
  0.130   0.385   -0.32564E-01  -0.80406E-04   0.73645E+00   0.29465E-05  -0.17438E-02  -0.16330E-06
  0.130   0.385   -0.31366E-01  -0.65989E-02   0.72361E+00   0.35268E-03  -0.16795E-02  -0.17370E-06
  0.130   0.385   -0.27460E-01  -0.11379E-01   0.68919E+00   0.60933E-03  -0.14704E-02  -0.17432E-06
  0.130   0.385   -0.22542E-01  -0.14462E-01   0.64032E+00   0.77452E-03  -0.12071E-02  -0.16920E-06
  0.130   0.385   -0.62280E-01  -0.26418E-01   0.10524E+01   0.14143E-02  -0.33332E-02  -0.24269E-06
  0.130   0.385   -0.77533E-01   0.58486E-03   0.11064E+01  -0.31846E-04  -0.41537E-02   0.11585E-06
  0.130   0.385   -0.38487E-01  -0.31979E-01   0.93883E+00   0.17136E-02  -0.20599E-02  -0.27299E-06
  0.130   0.385   -0.23616E-01  -0.29950E-01   0.82269E+00   0.16050E-02  -0.12645E-02  -0.23720E-06
  0.130   0.385   -0.41634E-03   0.12486E-01   0.45107E+01  -0.65344E-03  -0.27467E-04  -0.19206E-05
  0.130   0.385   -0.11235E-03  -0.30377E+00   0.17213E+01   0.16211E-01  -0.82019E-05  -0.13514E-05
  0.130   0.385   -0.30989E-01   0.67736E-02   0.72298E+00  -0.36472E-03  -0.16595E-02  -0.14778E-06
  0.130   0.385   -0.32971E-01   0.91353E-04   0.73598E+00  -0.64030E-05  -0.17654E-02  -0.16430E-06
  0.130   0.385   -0.31443E-01  -0.63738E-02   0.72383E+00   0.34062E-03  -0.16836E-02  -0.17365E-06
  0.130   0.385   -0.27252E-01  -0.11550E-01   0.68969E+00   0.61813E-03  -0.14594E-02  -0.17578E-06
  0.130   0.385   -0.78509E-01   0.33798E-03   0.11076E+01  -0.19247E-04  -0.42052E-02   0.11634E-06
  0.130   0.385   -0.61786E-01   0.27619E-01   0.10509E+01  -0.14818E-02  -0.33065E-02  -0.13054E-06
  0.130   0.385   -0.62683E-01  -0.26086E-01   0.10541E+01   0.13964E-02  -0.33544E-02  -0.24281E-06
  0.130   0.385   -0.38740E-01  -0.32726E-01   0.94069E+00   0.17529E-02  -0.20736E-02  -0.26991E-06
  0.130   0.385    0.43748E-03   0.30583E+00   0.17218E+01  -0.16319E-01   0.22370E-04  -0.16831E-06
  0.130   0.385   -0.31635E-03  -0.11059E-01   0.45113E+01   0.58652E-03  -0.22145E-04  -0.19589E-05
