  0.000   0.000    0.97519E-01   0.42365E-04  -0.82564E-04  -0.30277E-05   0.53181E-02  -0.25029E-06
  0.000   0.000    0.47975E-02   0.13336E-04  -0.44373E-04  -0.70282E-06   0.25511E-03  -0.38351E-08
  0.000   0.000    0.65020E-03   0.45840E-05  -0.22538E-04  -0.25228E-06   0.34836E-04  -0.39726E-08
  0.000   0.000    0.19064E-03   0.20517E-05  -0.12207E-04  -0.10967E-06   0.10202E-04   0.27692E-10
  0.000   0.000   -0.52051E-03   0.35809E-03  -0.25871E-02  -0.19272E-04  -0.27903E-04   0.28011E-08
  0.000   0.000   -0.88272E-03  -0.14932E-04  -0.33766E-02   0.66217E-06  -0.47409E-04   0.66492E-08
  0.000   0.000   -0.13582E-03   0.25275E-03  -0.14024E-02  -0.13542E-04  -0.72627E-05   0.61968E-09
  0.000   0.000   -0.12520E-04   0.12634E-03  -0.71984E-03  -0.67735E-05  -0.66930E-06   0.32531E-09
  0.000   0.000   -0.10771E-03  -0.77266E-06  -0.83840E-03   0.42799E-07  -0.57648E-05   0.28220E-09
  0.000   0.000   -0.93389E-04   0.31411E-04  -0.77826E-03  -0.16814E-05  -0.49986E-05   0.27588E-09
  0.000   0.000    0.47943E-02   0.44848E-05  -0.32986E-04  -0.32902E-06   0.25487E-03  -0.19304E-07
  0.000   0.000    0.97639E-01   0.42196E-04  -0.84144E-04  -0.30190E-05   0.53244E-02  -0.25041E-06
  0.000   0.000    0.48105E-02   0.13898E-04  -0.45248E-04  -0.73416E-06   0.25580E-03  -0.38960E-08
  0.000   0.000    0.65007E-03   0.47589E-05  -0.24102E-04  -0.26151E-06   0.34830E-04  -0.39454E-08
  0.000   0.000   -0.90121E-03   0.26848E-05  -0.34310E-02  -0.27422E-06  -0.48396E-04   0.67474E-08
  0.000   0.000   -0.51932E-03  -0.37031E-03  -0.25985E-02   0.19820E-04  -0.27786E-04   0.13267E-08
  0.000   0.000   -0.52517E-03   0.36361E-03  -0.26081E-02  -0.19566E-04  -0.28156E-04   0.27897E-08
  0.000   0.000   -0.13586E-03   0.25950E-03  -0.14099E-02  -0.13900E-04  -0.72648E-05   0.62910E-09
  0.000   0.000   -0.94269E-04  -0.31771E-04  -0.78641E-03   0.17047E-05  -0.50457E-05   0.24341E-09
  0.000   0.000   -0.10870E-03   0.83473E-06  -0.84681E-03  -0.41742E-07  -0.58178E-05   0.28300E-09
  0.000   0.000    0.64928E-03  -0.16162E-05  -0.21277E-04   0.66097E-07   0.34766E-04  -0.40133E-08
  0.000   0.000    0.48074E-02   0.38950E-05  -0.33200E-04  -0.29710E-06   0.25557E-03  -0.19322E-07
  0.000   0.000    0.97637E-01   0.42185E-04  -0.86189E-04  -0.30194E-05   0.53243E-02  -0.25038E-06
  0.000   0.000    0.47972E-02   0.14115E-04  -0.47869E-04  -0.74507E-06   0.25510E-03  -0.38272E-08
  0.000   0.000   -0.52249E-03  -0.36155E-03  -0.26111E-02   0.19359E-04  -0.27953E-04   0.13558E-08
  0.000   0.000   -0.13435E-03  -0.26076E-03  -0.14126E-02   0.13973E-04  -0.71788E-05   0.31458E-09
  0.000   0.000   -0.89865E-03   0.68424E-05  -0.34363E-02  -0.51673E-06  -0.48232E-04   0.66888E-08
  0.000   0.000   -0.52117E-03   0.37380E-03  -0.25990E-02  -0.20107E-04  -0.27942E-04   0.27980E-08
  0.000   0.000   -0.62829E-04  -0.44899E-04  -0.64436E-03   0.24087E-05  -0.33632E-05   0.17510E-09
  0.000   0.000   -0.93816E-04  -0.30651E-04  -0.78971E-03   0.16457E-05  -0.50217E-05   0.24192E-09
  0.000   0.000    0.19067E-03  -0.16488E-05  -0.10509E-04   0.87555E-07   0.10202E-04  -0.32210E-09
  0.000   0.000    0.64939E-03  -0.13525E-05  -0.18309E-04   0.51910E-07   0.34770E-04  -0.40126E-08
  0.000   0.000    0.47947E-02   0.53154E-05  -0.29550E-04  -0.37317E-06   0.25489E-03  -0.19194E-07
  0.000   0.000    0.97519E-01   0.43444E-04  -0.79215E-04  -0.30826E-05   0.53181E-02  -0.24992E-06
  0.000   0.000   -0.13420E-03  -0.25454E-03  -0.14043E-02   0.13643E-04  -0.71710E-05   0.32554E-09
  0.000   0.000   -0.12050E-04  -0.12637E-03  -0.71978E-03   0.67773E-05  -0.64275E-06   0.83356E-10
  0.000   0.000   -0.51744E-03  -0.34973E-03  -0.25880E-02   0.18715E-04  -0.27668E-04   0.12945E-08
  0.000   0.000   -0.88253E-03   0.21650E-04  -0.33717E-02  -0.12801E-05  -0.47396E-04   0.66621E-08
  0.000   0.000   -0.33691E-04  -0.41213E-04  -0.48016E-03   0.22113E-05  -0.18036E-05   0.10999E-09
  0.000   0.000   -0.61518E-04  -0.44089E-04  -0.64093E-03   0.23656E-05  -0.32933E-05   0.17120E-09
  0.000   0.000   -0.51997E-03   0.36820E-03   0.25735E-02  -0.19683E-04  -0.27884E-04   0.83126E-08
  0.000   0.000   -0.90789E-03  -0.26780E-05   0.34037E-02   0.25916E-06  -0.48930E-04   0.24313E-07
  0.000   0.000   -0.52620E-03  -0.36047E-03   0.25853E-02   0.19325E-04  -0.28288E-04   0.93183E-08
  0.000   0.000   -0.13352E-03  -0.25905E-03   0.13927E-02   0.13876E-04  -0.71354E-05  -0.71362E-09
  0.000   0.000    0.97642E-01   0.43955E-04  -0.51173E-04  -0.31124E-05   0.53246E-02  -0.25042E-06
  0.000   0.000    0.47973E-02   0.74134E-05  -0.67229E-05  -0.48578E-06   0.25503E-03  -0.19313E-07
  0.000   0.000    0.48090E-02   0.81989E-05  -0.10948E-04  -0.41240E-06   0.25572E-03  -0.38335E-08
  0.000   0.000    0.64920E-03   0.94660E-06  -0.46571E-05  -0.56180E-07   0.34782E-04  -0.39799E-08
  0.000   0.000   -0.51705E-03  -0.36865E-03  -0.25800E-02   0.19731E-04  -0.27660E-04   0.13433E-08
  0.000   0.000   -0.89076E-03   0.13618E-04  -0.34013E-02  -0.85076E-06  -0.47838E-04   0.66906E-08
  0.000   0.000   -0.88914E-03   0.14132E-04   0.33462E-02  -0.63214E-06  -0.47926E-04   0.24061E-07
  0.000   0.000   -0.52239E-03  -0.35418E-03   0.25590E-02   0.18987E-04  -0.28084E-04   0.93147E-08
  0.000   0.000   -0.13342E-03  -0.25198E-03   0.13826E-02   0.13501E-04  -0.71297E-05  -0.68534E-09
  0.000   0.000   -0.11541E-04  -0.12509E-03   0.70385E-03   0.67056E-05  -0.61493E-06  -0.35455E-09
  0.000   0.000    0.48014E-02   0.12636E-04  -0.23276E-04  -0.66784E-06   0.25532E-03  -0.38519E-08
  0.000   0.000    0.97523E-01   0.43402E-04  -0.60715E-04  -0.30830E-05   0.53183E-02  -0.25032E-06
  0.000   0.000    0.65114E-03  -0.28032E-05  -0.11335E-04   0.18081E-06   0.34888E-04  -0.39760E-08
  0.000   0.000    0.19047E-03   0.78250E-06  -0.83508E-05  -0.41344E-07   0.10193E-04   0.22774E-10
  0.000   0.000   -0.88207E-03  -0.14730E-04  -0.33616E-02   0.65195E-06  -0.47371E-04   0.66318E-08
  0.000   0.000   -0.51792E-03   0.36588E-03  -0.25659E-02  -0.19682E-04  -0.27765E-04   0.27958E-08
  0.000   0.000   -0.13366E-03   0.25906E-03   0.13940E-02  -0.13881E-04  -0.71416E-05   0.46712E-09
  0.000   0.000   -0.52377E-03   0.35844E-03   0.25858E-02  -0.19167E-04  -0.28087E-04   0.83223E-08
  0.000   0.000   -0.90801E-03  -0.56272E-05   0.34042E-02   0.41753E-06  -0.48936E-04   0.24309E-07
  0.000   0.000   -0.52260E-03  -0.37038E-03   0.25741E-02   0.19848E-04  -0.28097E-04   0.92528E-08
  0.000   0.000    0.48092E-02   0.87858E-05  -0.39382E-05  -0.56202E-06   0.25566E-03  -0.19307E-07
  0.000   0.000    0.64978E-03   0.16981E-05  -0.25415E-05  -0.11212E-06   0.34793E-04  -0.40182E-08
  0.000   0.000    0.97640E-01   0.42667E-04  -0.46862E-04  -0.30430E-05   0.53245E-02  -0.25017E-06
  0.000   0.000    0.47978E-02   0.97518E-05  -0.14074E-04  -0.50976E-06   0.25513E-03  -0.37843E-08
  0.000   0.000   -0.13206E-03  -0.25956E-03  -0.14026E-02   0.13909E-04  -0.70566E-05   0.31826E-09
  0.000   0.000   -0.50709E-03  -0.36062E-03  -0.26001E-02   0.19307E-04  -0.27131E-04   0.13046E-08
  0.000   0.000   -0.11731E-04   0.12532E-03   0.70685E-03  -0.67207E-05  -0.62507E-06   0.69403E-10
  0.000   0.000   -0.13381E-03   0.25219E-03   0.13863E-02  -0.13517E-04  -0.71496E-05   0.46383E-09
  0.000   0.000   -0.52039E-03   0.35225E-03   0.25625E-02  -0.18836E-04  -0.27906E-04   0.82899E-08
  0.000   0.000   -0.88978E-03  -0.22570E-04   0.33501E-02   0.13149E-05  -0.47962E-04   0.24011E-07
  0.000   0.000    0.64971E-03   0.21981E-05  -0.25173E-05  -0.13842E-06   0.34788E-04  -0.40073E-08
  0.000   0.000    0.19044E-03   0.30287E-06  -0.32364E-05  -0.17059E-07   0.10190E-04  -0.32042E-09
  0.000   0.000    0.47943E-02   0.91926E-05  -0.27264E-06  -0.59156E-06   0.25486E-03  -0.19141E-07
  0.000   0.000    0.97519E-01   0.42034E-04  -0.44089E-04  -0.30061E-05   0.53181E-02  -0.24986E-06
  0.000   0.000   -0.10578E-04  -0.12696E-03  -0.71939E-03   0.68093E-05  -0.56391E-06   0.66047E-10
  0.000   0.000   -0.12577E-03  -0.26435E-03  -0.14177E-02   0.14160E-04  -0.67222E-05   0.28333E-09
  0.000   0.000   -0.10707E-03   0.81774E-06   0.82750E-03  -0.44943E-07  -0.57296E-05  -0.19683E-09
  0.000   0.000   -0.93740E-04  -0.29846E-04   0.76950E-03   0.15990E-05  -0.50159E-05  -0.25731E-09
  0.000   0.000   -0.62400E-04  -0.42786E-04   0.62805E-03   0.22938E-05  -0.33393E-05  -0.23094E-09
  0.000   0.000   -0.33360E-04  -0.40759E-04   0.46958E-03   0.21849E-05  -0.17855E-05  -0.18150E-09
  0.000   0.000   -0.52225E-03  -0.35408E-03   0.25651E-02   0.18982E-04  -0.28082E-04   0.92799E-08
  0.000   0.000   -0.88805E-03   0.13917E-04   0.33536E-02  -0.62094E-06  -0.47861E-04   0.24056E-07
  0.000   0.000   -0.13053E-03  -0.25407E-03   0.13858E-02   0.13615E-04  -0.69733E-05  -0.75598E-09
  0.000   0.000   -0.10236E-04  -0.12427E-03   0.70191E-03   0.66584E-05  -0.54369E-06  -0.37845E-09
  0.000   0.000    0.97518E-01   0.43805E-04  -0.43727E-04  -0.31039E-05   0.53180E-02  -0.25022E-06
  0.000   0.000    0.47836E-02   0.97504E-05  -0.10985E-04  -0.50707E-06   0.25437E-03  -0.37255E-08
  0.000   0.000   -0.92873E-04   0.30996E-04   0.76719E-03  -0.16628E-05  -0.49701E-05  -0.10206E-09
  0.000   0.000   -0.10820E-03  -0.30087E-06   0.82685E-03   0.14257E-07  -0.57892E-05  -0.21126E-09
  0.000   0.000   -0.93248E-04  -0.30387E-04   0.76620E-03   0.16280E-05  -0.49897E-05  -0.25760E-09
  0.000   0.000   -0.61083E-04  -0.44077E-04   0.62227E-03   0.23619E-05  -0.32691E-05  -0.23330E-09
  0.000   0.000   -0.89730E-03  -0.87515E-05   0.33717E-02   0.58378E-06  -0.48354E-04   0.24063E-07
  0.000   0.000   -0.51799E-03   0.36365E-03   0.25594E-02  -0.19440E-04  -0.27783E-04   0.83071E-08
  0.000   0.000   -0.51160E-03  -0.35950E-03   0.25413E-02   0.19271E-04  -0.27505E-04   0.88734E-08
  0.000   0.000   -0.12426E-03  -0.25492E-03   0.13594E-02   0.13657E-04  -0.66373E-05  -0.81034E-09
  0.000   0.000    0.47812E-02   0.94049E-05   0.74980E-05  -0.59174E-06   0.25417E-03  -0.19119E-07
  0.000   0.000    0.97519E-01   0.42717E-04  -0.34395E-04  -0.30426E-05   0.53180E-02  -0.24986E-06
 -1.000  -1.000    0.54682E-01   0.22210E-03   0.24638E-04  -0.11337E-04   0.31294E-02  -0.37908E-06
 -1.000  -1.000    0.29491E-03  -0.33599E-05   0.83650E-05   0.27934E-06   0.17282E-04  -0.14676E-07
 -1.000  -1.000    0.12042E-04  -0.16942E-05   0.34920E-06   0.13466E-06   0.79008E-06  -0.47500E-08
 -1.000  -1.000    0.10552E-05  -0.36167E-08  -0.13670E-07   0.24796E-09   0.62625E-07  -0.62523E-11
 -1.000  -1.000   -0.12584E-04   0.96071E-05  -0.59717E-04  -0.67935E-06  -0.84501E-06   0.18857E-08
 -1.000  -1.000   -0.27717E-04   0.40761E-05  -0.93377E-04  -0.38027E-06  -0.19047E-05   0.60172E-08
 -1.000  -1.000   -0.18400E-05   0.29044E-05  -0.21216E-04  -0.17227E-06  -0.10938E-06   0.24613E-10
 -1.000  -1.000   -0.25672E-06   0.95870E-06  -0.71306E-05  -0.57117E-07  -0.15304E-07   0.71295E-11
 -1.000  -1.000   -0.58039E-06  -0.41532E-07  -0.56690E-05   0.23967E-08  -0.34410E-07   0.46135E-11
 -1.000  -1.000   -0.48526E-06   0.17229E-06  -0.50593E-05  -0.10222E-07  -0.28773E-07   0.49414E-11
 -1.000  -1.000    0.29381E-03   0.12981E-04   0.47699E-05  -0.82586E-06   0.17170E-04  -0.77172E-08
 -1.000  -1.000    0.54683E-01   0.22219E-03   0.24245E-04  -0.11340E-04   0.31295E-02  -0.37912E-06
 -1.000  -1.000    0.29499E-03  -0.33483E-05   0.82117E-05   0.27798E-06   0.17287E-04  -0.14694E-07
 -1.000  -1.000    0.12043E-04  -0.16872E-05   0.32621E-06   0.13425E-06   0.79012E-06  -0.47497E-08
 -1.000  -1.000   -0.27747E-04   0.45421E-05  -0.94661E-04  -0.40786E-06  -0.19066E-05   0.60341E-08
 -1.000  -1.000   -0.11037E-04  -0.56261E-05  -0.59278E-04   0.33554E-06  -0.69584E-06   0.34957E-09
 -1.000  -1.000   -0.12676E-04   0.96340E-05  -0.59626E-04  -0.68101E-06  -0.85105E-06   0.18868E-08
 -1.000  -1.000   -0.18407E-05   0.29679E-05  -0.21114E-04  -0.17596E-06  -0.10943E-06   0.24642E-10
 -1.000  -1.000   -0.48645E-06  -0.18102E-06  -0.50875E-05   0.10674E-07  -0.28836E-07   0.39746E-11
 -1.000  -1.000   -0.58603E-06   0.32559E-07  -0.57442E-05  -0.19356E-08  -0.34749E-07   0.55090E-11
 -1.000  -1.000    0.11807E-04   0.24784E-05   0.39285E-06  -0.17399E-06   0.75855E-06  -0.13057E-08
 -1.000  -1.000    0.29467E-03   0.11373E-04   0.64742E-05  -0.74633E-06   0.17217E-04  -0.77323E-08
 -1.000  -1.000    0.54683E-01   0.22220E-03   0.24257E-04  -0.11341E-04   0.31295E-02  -0.37913E-06
 -1.000  -1.000    0.29498E-03  -0.33338E-05   0.81322E-05   0.27754E-06   0.17286E-04  -0.14693E-07
 -1.000  -1.000   -0.11145E-04  -0.56332E-05  -0.59157E-04   0.33613E-06  -0.70341E-06   0.35351E-09
 -1.000  -1.000   -0.19918E-05  -0.29518E-05  -0.21144E-04   0.17443E-06  -0.11729E-06  -0.23439E-11
 -1.000  -1.000   -0.27952E-04   0.45179E-05  -0.94351E-04  -0.40522E-06  -0.19187E-05   0.60389E-08
 -1.000  -1.000   -0.12673E-04   0.98070E-05  -0.59183E-04  -0.69103E-06  -0.85091E-06   0.18866E-08
 -1.000  -1.000   -0.29290E-06  -0.20900E-06  -0.36560E-05   0.12352E-07  -0.17359E-07   0.26738E-11
 -1.000  -1.000   -0.48732E-06  -0.11490E-06  -0.50690E-05   0.68155E-08  -0.28891E-07   0.45442E-11
 -1.000  -1.000    0.10532E-05   0.52238E-08  -0.42241E-07  -0.35809E-09   0.62447E-07   0.49564E-12
 -1.000  -1.000    0.11801E-04   0.23904E-05   0.23446E-06  -0.16899E-06   0.75820E-06  -0.13061E-08
 -1.000  -1.000    0.29405E-03   0.12994E-04   0.50175E-05  -0.82896E-06   0.17184E-04  -0.77128E-08
 -1.000  -1.000    0.54682E-01   0.22212E-03   0.24184E-04  -0.11336E-04   0.31295E-02  -0.37911E-06
 -1.000  -1.000   -0.19914E-05  -0.28905E-05  -0.21231E-04   0.17083E-06  -0.11726E-06  -0.11601E-11
 -1.000  -1.000   -0.30235E-06  -0.96032E-06  -0.70578E-05   0.56878E-07  -0.17757E-07  -0.80471E-11
 -1.000  -1.000   -0.11130E-04  -0.55576E-05  -0.58990E-04   0.33270E-06  -0.70251E-06   0.36746E-09
 -1.000  -1.000   -0.27919E-04   0.49865E-05  -0.93100E-04  -0.43243E-06  -0.19167E-05   0.60371E-08
 -1.000  -1.000   -0.14057E-06  -0.15726E-06  -0.22689E-05   0.93018E-08  -0.83283E-08   0.15611E-11
 -1.000  -1.000   -0.29241E-06  -0.15758E-06  -0.35985E-05   0.93519E-08  -0.17332E-07   0.30005E-11
 -1.000  -1.000   -0.14754E-04   0.53055E-05   0.58931E-04  -0.29113E-06  -0.99368E-06   0.97545E-08
 -1.000  -1.000   -0.39814E-04  -0.49039E-05   0.97492E-04   0.42352E-06  -0.28052E-05   0.29566E-07
 -1.000  -1.000   -0.17826E-04  -0.74331E-05   0.60362E-04   0.47795E-06  -0.12449E-05   0.13793E-07
 -1.000  -1.000   -0.18938E-05  -0.29789E-05   0.21117E-04   0.17656E-06  -0.11232E-06  -0.67767E-11
 -1.000  -1.000    0.54683E-01   0.22216E-03   0.24639E-04  -0.11339E-04   0.31295E-02  -0.37913E-06
 -1.000  -1.000    0.29401E-03   0.13522E-04   0.58658E-05  -0.86106E-06   0.17182E-04  -0.77237E-08
 -1.000  -1.000    0.29448E-03  -0.34085E-05   0.80284E-05   0.28551E-06   0.17259E-04  -0.14669E-07
 -1.000  -1.000    0.16301E-04   0.34928E-05  -0.11323E-04  -0.17877E-06   0.10543E-05  -0.47245E-08
 -1.000  -1.000   -0.10754E-04  -0.62053E-05  -0.57370E-04   0.36951E-06  -0.67820E-06   0.35010E-09
 -1.000  -1.000   -0.28206E-04   0.36943E-05  -0.94537E-04  -0.35764E-06  -0.19390E-05   0.60685E-08
 -1.000  -1.000   -0.39753E-04  -0.44722E-05   0.96239E-04   0.39814E-06  -0.28011E-05   0.29533E-07
 -1.000  -1.000   -0.17821E-04  -0.73902E-05   0.60163E-04   0.47521E-06  -0.12445E-05   0.13792E-07
 -1.000  -1.000   -0.18936E-05  -0.29128E-05   0.21198E-04   0.17272E-06  -0.11231E-06  -0.67390E-11
 -1.000  -1.000   -0.27613E-06  -0.96956E-06   0.70609E-05   0.57604E-07  -0.16409E-07  -0.51886E-11
 -1.000  -1.000    0.29512E-03  -0.37767E-05   0.76616E-05   0.30299E-06   0.17294E-04  -0.14685E-07
 -1.000  -1.000    0.54682E-01   0.22224E-03   0.24440E-04  -0.11343E-04   0.31295E-02  -0.37909E-06
 -1.000  -1.000    0.16467E-04   0.36861E-05  -0.11210E-04  -0.18692E-06   0.10615E-05  -0.47318E-08
 -1.000  -1.000    0.10394E-05   0.64841E-07  -0.33857E-06  -0.44478E-08   0.62298E-07  -0.19077E-11
 -1.000  -1.000   -0.28182E-04   0.28019E-05  -0.94427E-04  -0.30534E-06  -0.19373E-05   0.60528E-08
 -1.000  -1.000   -0.12725E-04   0.97187E-05  -0.58834E-04  -0.68635E-06  -0.85272E-06   0.18623E-08
 -1.000  -1.000   -0.18804E-05   0.30039E-05   0.21140E-04  -0.17762E-06  -0.11147E-06   0.18824E-10
 -1.000  -1.000   -0.14761E-04   0.51401E-05   0.59362E-04  -0.28144E-06  -0.99411E-06   0.97526E-08
 -1.000  -1.000   -0.39808E-04  -0.49407E-05   0.97541E-04   0.42582E-06  -0.28049E-05   0.29564E-07
 -1.000  -1.000   -0.17824E-04  -0.76074E-05   0.59994E-04   0.48805E-06  -0.12447E-05   0.13792E-07
 -1.000  -1.000    0.29394E-03   0.13022E-04   0.52481E-05  -0.83179E-06   0.17178E-04  -0.77233E-08
 -1.000  -1.000    0.11329E-04   0.25548E-05   0.71447E-06  -0.17866E-06   0.73066E-06  -0.13220E-08
 -1.000  -1.000    0.54683E-01   0.22223E-03   0.24777E-04  -0.11343E-04   0.31295E-02  -0.37911E-06
 -1.000  -1.000    0.29528E-03  -0.33893E-05   0.73251E-05   0.28362E-06   0.17305E-04  -0.14688E-07
 -1.000  -1.000   -0.18695E-05  -0.29373E-05  -0.20748E-04   0.17349E-06  -0.11043E-06   0.16704E-10
 -1.000  -1.000   -0.10732E-04  -0.54317E-05  -0.56246E-04   0.32447E-06  -0.67695E-06   0.35212E-09
 -1.000  -1.000   -0.27258E-06   0.98047E-06   0.70746E-05  -0.58087E-07  -0.16200E-07   0.93924E-11
 -1.000  -1.000   -0.18790E-05   0.29398E-05   0.21203E-04  -0.17386E-06  -0.11140E-06   0.18179E-10
 -1.000  -1.000   -0.14758E-04   0.50915E-05   0.59155E-04  -0.27844E-06  -0.99392E-06   0.97403E-08
 -1.000  -1.000   -0.39770E-04  -0.53955E-05   0.96258E-04   0.45215E-06  -0.28023E-05   0.29539E-07
 -1.000  -1.000    0.11827E-04   0.21177E-05  -0.18727E-06  -0.15321E-06   0.75981E-06  -0.13061E-08
 -1.000  -1.000    0.10569E-05  -0.55237E-08   0.46757E-07   0.32710E-09   0.62694E-07  -0.71242E-11
 -1.000  -1.000    0.29639E-03   0.16231E-04  -0.60094E-05  -0.10028E-05   0.17346E-04  -0.76843E-08
 -1.000  -1.000    0.54682E-01   0.22227E-03   0.24240E-04  -0.11345E-04   0.31295E-02  -0.37909E-06
 -1.000  -1.000   -0.27153E-06  -0.94002E-06  -0.68530E-05   0.55590E-07  -0.16022E-07   0.46715E-11
 -1.000  -1.000   -0.18638E-05  -0.25498E-05  -0.20039E-04   0.15093E-06  -0.11012E-06   0.16658E-10
 -1.000  -1.000   -0.58619E-06   0.43361E-07   0.57319E-05  -0.25150E-08  -0.34873E-07   0.32594E-11
 -1.000  -1.000   -0.49228E-06  -0.14580E-06   0.51822E-05   0.86736E-08  -0.29295E-07   0.18050E-11
 -1.000  -1.000   -0.29700E-06  -0.19141E-06   0.37336E-05   0.11387E-07  -0.17675E-07  -0.23430E-12
 -1.000  -1.000   -0.14281E-06  -0.15969E-06   0.23105E-05   0.94840E-08  -0.85005E-08  -0.81544E-12
 -1.000  -1.000   -0.17501E-04  -0.72575E-05   0.60848E-04   0.46728E-06  -0.12241E-05   0.13787E-07
 -1.000  -1.000   -0.39448E-04  -0.44808E-05   0.96763E-04   0.39857E-06  -0.27829E-05   0.29529E-07
 -1.000  -1.000   -0.18907E-05  -0.28000E-05   0.21703E-04   0.16697E-06  -0.11187E-06  -0.96473E-11
 -1.000  -1.000   -0.31395E-06  -0.95210E-06   0.71059E-05   0.56526E-07  -0.18342E-07  -0.58416E-11
 -1.000  -1.000    0.54682E-01   0.22222E-03   0.24729E-04  -0.11343E-04   0.31295E-02  -0.37906E-06
 -1.000  -1.000    0.29511E-03  -0.32462E-05   0.84855E-05   0.27060E-06   0.17291E-04  -0.14679E-07
 -1.000  -1.000   -0.49097E-06   0.18506E-06   0.51418E-05  -0.10925E-07  -0.29208E-07   0.26040E-11
 -1.000  -1.000   -0.59329E-06   0.49306E-08   0.58903E-05  -0.25577E-09  -0.35305E-07   0.32001E-11
 -1.000  -1.000   -0.49408E-06  -0.15373E-06   0.52222E-05   0.91628E-08  -0.29403E-07   0.14426E-11
 -1.000  -1.000   -0.29660E-06  -0.21112E-06   0.37032E-05   0.12534E-07  -0.17649E-07  -0.28209E-12
 -1.000  -1.000   -0.39475E-04  -0.49423E-05   0.97969E-04   0.42569E-06  -0.27847E-05   0.29536E-07
 -1.000  -1.000   -0.14894E-04   0.48761E-05   0.60704E-04  -0.26612E-06  -0.10042E-05   0.97065E-08
 -1.000  -1.000   -0.17527E-04  -0.71026E-05   0.61697E-04   0.45838E-06  -0.12275E-05   0.13716E-07
 -1.000  -1.000   -0.18768E-05  -0.28728E-05   0.21553E-04   0.17117E-06  -0.11094E-06  -0.17464E-10
 -1.000  -1.000    0.29388E-03   0.13101E-04   0.59992E-05  -0.83750E-06   0.17175E-04  -0.76899E-08
 -1.000  -1.000    0.54682E-01   0.22208E-03   0.24789E-04  -0.11334E-04   0.31295E-02  -0.37908E-06
  0.067   0.200    0.97537E-01   0.42659E-04  -0.11000E-03  -0.30435E-05   0.53191E-02  -0.24998E-06
  0.067   0.200    0.49175E-02   0.14038E-04  -0.71730E-04  -0.74240E-06   0.26155E-03  -0.38934E-08
  0.067   0.200    0.75146E-03   0.52075E-05  -0.47704E-04  -0.28555E-06   0.40264E-04  -0.40131E-08
  0.067   0.200    0.27057E-03   0.26879E-05  -0.34343E-04  -0.14377E-06   0.14486E-04   0.24609E-11
  0.067   0.200   -0.47234E-03   0.37709E-03  -0.33149E-02  -0.20294E-04  -0.25328E-04   0.29688E-08
  0.067   0.200   -0.83054E-03  -0.12183E-04  -0.41437E-02   0.51876E-06  -0.44594E-04   0.67657E-08
  0.067   0.200   -0.89752E-04   0.27867E-03  -0.20400E-02  -0.14932E-04  -0.47990E-05   0.78458E-09
  0.067   0.200    0.30891E-04   0.15541E-03  -0.12491E-02  -0.83344E-05   0.16558E-05   0.46794E-09
  0.067   0.200   -0.11485E-03  -0.12781E-05  -0.17106E-02   0.71400E-07  -0.61496E-05   0.49976E-09
  0.067   0.200   -0.98752E-04   0.44204E-04  -0.16268E-02  -0.23664E-05  -0.52880E-05   0.49985E-09
  0.067   0.200    0.49149E-02   0.41545E-05  -0.65297E-04  -0.31011E-06   0.26134E-03  -0.19386E-07
  0.067   0.200    0.97661E-01   0.42572E-04  -0.11759E-03  -0.30392E-05   0.53256E-02  -0.25011E-06
  0.067   0.200    0.49327E-02   0.14103E-04  -0.77115E-04  -0.74516E-06   0.26236E-03  -0.39589E-08
  0.067   0.200    0.75142E-03   0.53608E-05  -0.52705E-04  -0.29363E-06   0.40264E-04  -0.39788E-08
  0.067   0.200   -0.84774E-03   0.69865E-05  -0.42196E-02  -0.50087E-06  -0.45513E-04   0.68717E-08
  0.067   0.200   -0.46616E-03  -0.38430E-03  -0.33491E-02   0.20572E-04  -0.24895E-04   0.14392E-08
  0.067   0.200   -0.47668E-03   0.38262E-03  -0.33501E-02  -0.20585E-04  -0.25564E-04   0.29820E-08
  0.067   0.200   -0.89770E-04   0.28718E-03  -0.20532E-02  -0.15384E-04  -0.48000E-05   0.79176E-09
  0.067   0.200   -0.10004E-03  -0.44916E-04  -0.16513E-02   0.24120E-05  -0.53569E-05   0.44431E-09
  0.067   0.200   -0.11633E-03   0.12780E-05  -0.17359E-02  -0.63504E-07  -0.62292E-05   0.50478E-09
  0.067   0.200    0.75066E-03  -0.24821E-05  -0.48522E-04   0.11309E-06   0.40201E-04  -0.40967E-08
  0.067   0.200    0.49290E-02   0.41419E-05  -0.63985E-04  -0.31157E-06   0.26210E-03  -0.19408E-07
  0.067   0.200    0.97660E-01   0.42597E-04  -0.11585E-03  -0.30407E-05   0.53256E-02  -0.25010E-06
  0.067   0.200    0.49176E-02   0.14197E-04  -0.75673E-04  -0.74944E-06   0.26156E-03  -0.38828E-08
  0.067   0.200   -0.46923E-03  -0.37080E-03  -0.33638E-02   0.19856E-04  -0.25056E-04   0.14719E-08
  0.067   0.200   -0.87118E-04  -0.29124E-03  -0.20592E-02   0.15611E-04  -0.46490E-05   0.39448E-09
  0.067   0.200   -0.85077E-03   0.35936E-05  -0.42088E-02  -0.30832E-06  -0.45684E-04   0.68589E-08
  0.067   0.200   -0.47368E-03   0.39235E-03  -0.33282E-02  -0.21098E-04  -0.25405E-04   0.29651E-08
  0.067   0.200   -0.63700E-04  -0.66964E-04  -0.14416E-02   0.35949E-05  -0.34114E-05   0.34515E-09
  0.067   0.200   -0.99315E-04  -0.43111E-04  -0.16527E-02   0.23167E-05  -0.53185E-05   0.44215E-09
  0.067   0.200    0.26998E-03  -0.22811E-05  -0.18127E-04   0.12144E-06   0.14453E-04  -0.39812E-09
  0.067   0.200    0.75010E-03  -0.24551E-05  -0.29363E-04   0.11166E-06   0.40169E-04  -0.41010E-08
  0.067   0.200    0.49144E-02   0.53809E-05  -0.43459E-04  -0.38255E-06   0.26131E-03  -0.19278E-07
  0.067   0.200    0.97537E-01   0.42709E-04  -0.94753E-04  -0.30433E-05   0.53191E-02  -0.24963E-06
  0.067   0.200   -0.88541E-04  -0.28707E-03  -0.20221E-02   0.15390E-04  -0.47263E-05   0.38114E-09
  0.067   0.200    0.66537E-05  -0.14307E-03  -0.11996E-02   0.76832E-05   0.34101E-06   0.25500E-09
  0.067   0.200   -0.46869E-03  -0.36847E-03  -0.33061E-02   0.19721E-04  -0.25058E-04   0.14277E-08
  0.067   0.200   -0.83069E-03   0.25696E-04  -0.41317E-02  -0.15304E-05  -0.44583E-04   0.68035E-08
  0.067   0.200   -0.28024E-04  -0.66698E-04  -0.11626E-02   0.35808E-05  -0.15010E-05   0.24012E-09
  0.067   0.200   -0.61328E-04  -0.65979E-04  -0.14130E-02   0.35425E-05  -0.32847E-05   0.33459E-09
  0.067   0.200   -0.47098E-03   0.38668E-03   0.32538E-02  -0.20678E-04  -0.25261E-04   0.81479E-08
  0.067   0.200   -0.85822E-03  -0.26073E-05   0.41260E-02   0.25392E-06  -0.46271E-04   0.24119E-07
  0.067   0.200   -0.47652E-03  -0.37812E-03   0.32724E-02   0.20272E-04  -0.25629E-04   0.91126E-08
  0.067   0.200   -0.85696E-04  -0.28699E-03   0.19863E-02   0.15376E-04  -0.45736E-05  -0.91202E-09
  0.067   0.200    0.97664E-01   0.42772E-04  -0.75101E-04  -0.30493E-05   0.53258E-02  -0.25012E-06
  0.067   0.200    0.49168E-02   0.74097E-05  -0.29239E-04  -0.48628E-06   0.26144E-03  -0.19400E-07
  0.067   0.200    0.49336E-02   0.95790E-05  -0.41262E-04  -0.49872E-06   0.26241E-03  -0.39334E-08
  0.067   0.200    0.75295E-03  -0.78829E-06  -0.36030E-04   0.51204E-07   0.40359E-04  -0.40371E-08
  0.067   0.200   -0.46873E-03  -0.38766E-03  -0.33068E-02   0.20754E-04  -0.25074E-04   0.14548E-08
  0.067   0.200   -0.84268E-03   0.13465E-04  -0.41657E-02  -0.84016E-06  -0.45265E-04   0.68394E-08
  0.067   0.200   -0.84062E-03   0.15172E-04   0.40540E-02  -0.68949E-06  -0.45328E-04   0.23869E-07
  0.067   0.200   -0.47339E-03  -0.37111E-03   0.32369E-02   0.19897E-04  -0.25461E-04   0.91115E-08
  0.067   0.200   -0.85723E-04  -0.27845E-03   0.19748E-02   0.14923E-04  -0.45753E-05  -0.88139E-09
  0.067   0.200    0.32310E-04  -0.15330E-03   0.11887E-02   0.82199E-05   0.17342E-05  -0.52646E-09
  0.067   0.200    0.49209E-02   0.12297E-04  -0.47451E-04  -0.64825E-06   0.26173E-03  -0.39153E-08
  0.067   0.200    0.97541E-01   0.43168E-04  -0.83741E-04  -0.30707E-05   0.53193E-02  -0.25001E-06
  0.067   0.200    0.75264E-03  -0.39443E-05  -0.36393E-04   0.25709E-06   0.40331E-04  -0.40294E-08
  0.067   0.200    0.27103E-03   0.14135E-05  -0.35341E-04  -0.77627E-07   0.14521E-04  -0.22203E-10
  0.067   0.200   -0.83438E-03  -0.15951E-04  -0.41152E-02   0.71880E-06  -0.44819E-04   0.67748E-08
  0.067   0.200   -0.47048E-03   0.38363E-03  -0.32864E-02  -0.20634E-04  -0.25225E-04   0.29591E-08
  0.067   0.200   -0.86108E-04   0.28695E-03   0.19928E-02  -0.15382E-04  -0.45947E-05   0.33206E-09
  0.067   0.200   -0.47430E-03   0.37599E-03   0.32776E-02  -0.20113E-04  -0.25438E-04   0.81576E-08
  0.067   0.200   -0.85849E-03  -0.58990E-05   0.41307E-02   0.43070E-06  -0.46285E-04   0.24113E-07
  0.067   0.200   -0.47368E-03  -0.38903E-03   0.32575E-02   0.20849E-04  -0.25478E-04   0.90454E-08
  0.067   0.200    0.49303E-02   0.89113E-05  -0.21967E-04  -0.56915E-06   0.26216E-03  -0.19393E-07
  0.067   0.200    0.75061E-03   0.14111E-05  -0.20451E-04  -0.96622E-07   0.40198E-04  -0.41046E-08
  0.067   0.200    0.97661E-01   0.42504E-04  -0.65502E-04  -0.30345E-05   0.53257E-02  -0.25005E-06
  0.067   0.200    0.49178E-02   0.98311E-05  -0.34217E-04  -0.51410E-06   0.26157E-03  -0.38409E-08
  0.067   0.200   -0.84695E-04  -0.28790E-03  -0.20403E-02   0.15433E-04  -0.45199E-05   0.39542E-09
  0.067   0.200   -0.45861E-03  -0.37857E-03  -0.33279E-02   0.20274E-04  -0.24536E-04   0.14213E-08
  0.067   0.200    0.31961E-04   0.15359E-03   0.11970E-02  -0.82406E-05   0.17155E-05  -0.40996E-10
  0.067   0.200   -0.86204E-04   0.27870E-03   0.19841E-02  -0.14943E-04  -0.46002E-05   0.33043E-09
  0.067   0.200   -0.47144E-03   0.36919E-03   0.32459E-02  -0.19748E-04  -0.25285E-04   0.81271E-08
  0.067   0.200   -0.84132E-03  -0.23610E-04   0.40629E-02   0.13690E-05  -0.45368E-04   0.23817E-07
  0.067   0.200    0.75072E-03   0.19429E-05  -0.21001E-04  -0.12472E-06   0.40203E-04  -0.40939E-08
  0.067   0.200    0.27016E-03   0.41231E-07  -0.21216E-04  -0.32182E-08   0.14463E-04  -0.39197E-09
  0.067   0.200    0.49153E-02   0.88062E-05  -0.20805E-04  -0.56238E-06   0.26136E-03  -0.19229E-07
  0.067   0.200    0.97537E-01   0.42273E-04  -0.64424E-04  -0.30189E-05   0.53191E-02  -0.24956E-06
  0.067   0.200    0.32947E-04  -0.15570E-03  -0.12472E-02   0.83542E-05   0.17674E-05   0.11801E-09
  0.067   0.200   -0.79128E-04  -0.29176E-03  -0.20528E-02   0.15635E-04  -0.42242E-05   0.36463E-09
  0.067   0.200   -0.11384E-03   0.13499E-05   0.16687E-02  -0.74942E-07  -0.60938E-05  -0.39211E-09
  0.067   0.200   -0.98751E-04  -0.41947E-04   0.15881E-02   0.22474E-05  -0.52858E-05  -0.46749E-09
  0.067   0.200   -0.62692E-04  -0.63565E-04   0.13832E-02   0.34084E-05  -0.33560E-05  -0.44307E-09
  0.067   0.200   -0.28410E-04  -0.65888E-04   0.11369E-02   0.35324E-05  -0.15208E-05  -0.38300E-09
  0.067   0.200   -0.47608E-03  -0.37624E-03   0.32650E-02   0.20171E-04  -0.25619E-04   0.90569E-08
  0.067   0.200   -0.84909E-03   0.21509E-04   0.41025E-02  -0.10257E-05  -0.45825E-04   0.23748E-07
  0.067   0.200   -0.83459E-04  -0.28025E-03   0.19901E-02   0.15020E-04  -0.44525E-05  -0.95627E-09
  0.067   0.200    0.34315E-04  -0.15315E-03   0.11993E-02   0.82111E-05   0.18443E-05  -0.56718E-09
  0.067   0.200    0.97536E-01   0.43508E-04  -0.48004E-04  -0.30883E-05   0.53190E-02  -0.24992E-06
  0.067   0.200    0.49002E-02   0.81052E-05  -0.18387E-04  -0.41523E-06   0.26063E-03  -0.37783E-08
  0.067   0.200   -0.98604E-04   0.43734E-04   0.16001E-02  -0.23482E-05  -0.52784E-05  -0.27668E-09
  0.067   0.200   -0.11581E-03  -0.64591E-06   0.16837E-02   0.31045E-07  -0.61987E-05  -0.41034E-09
  0.067   0.200   -0.98672E-04  -0.43145E-04   0.15977E-02   0.23117E-05  -0.52816E-05  -0.47254E-09
  0.067   0.200   -0.61580E-04  -0.66010E-04   0.13872E-02   0.35377E-05  -0.32967E-05  -0.45116E-09
  0.067   0.200   -0.85823E-03  -0.50444E-05   0.41469E-02   0.38656E-06  -0.46311E-04   0.23743E-07
  0.067   0.200   -0.49099E-03   0.37490E-03   0.32996E-02  -0.20059E-04  -0.26367E-04   0.79938E-08
  0.067   0.200   -0.46465E-03  -0.38122E-03   0.32550E-02   0.20437E-04  -0.24995E-04   0.86473E-08
  0.067   0.200   -0.79478E-04  -0.28294E-03   0.19757E-02   0.15163E-04  -0.42432E-05  -0.10583E-08
  0.067   0.200    0.49008E-02   0.94511E-05   0.21739E-04  -0.59504E-06   0.26059E-03  -0.19218E-07
  0.067   0.200    0.97538E-01   0.42338E-04  -0.20055E-04  -0.30223E-05   0.53191E-02  -0.24956E-06
  0.130   0.385    0.97634E-01   0.42677E-04  -0.10217E-03  -0.30445E-05   0.53242E-02  -0.25011E-06
  0.130   0.385    0.49384E-02   0.13969E-04  -0.62254E-04  -0.73751E-06   0.26265E-03  -0.38854E-08
  0.130   0.385    0.76020E-03   0.53157E-05  -0.37835E-04  -0.29165E-06   0.40728E-04  -0.40161E-08
  0.130   0.385    0.27649E-03   0.26791E-05  -0.25099E-04  -0.14333E-06   0.14802E-04  -0.20284E-11
  0.130   0.385   -0.47204E-03   0.37867E-03  -0.33547E-02  -0.20377E-04  -0.25311E-04   0.29767E-08
  0.130   0.385   -0.83967E-03  -0.15534E-04  -0.41946E-02   0.69497E-06  -0.45138E-04   0.67858E-08
  0.130   0.385   -0.86692E-04   0.28091E-03  -0.20723E-02  -0.15052E-04  -0.46329E-05   0.79135E-09
  0.130   0.385    0.34350E-04   0.15701E-03  -0.12751E-02  -0.84194E-05   0.18412E-05   0.47399E-09
  0.130   0.385   -0.11373E-03  -0.11679E-05  -0.17634E-02   0.65634E-07  -0.60897E-05   0.51145E-09
  0.130   0.385   -0.97544E-04   0.44733E-04  -0.16785E-02  -0.23945E-05  -0.52230E-05   0.51206E-09
  0.130   0.385    0.49353E-02   0.36494E-05  -0.49697E-04  -0.28422E-06   0.26242E-03  -0.19433E-07
  0.130   0.385    0.97758E-01   0.42192E-04  -0.10224E-03  -0.30187E-05   0.53307E-02  -0.25024E-06
  0.130   0.385    0.49521E-02   0.13795E-04  -0.64164E-04  -0.72532E-06   0.26338E-03  -0.39471E-08
  0.130   0.385    0.76002E-03   0.54526E-05  -0.39953E-04  -0.29895E-06   0.40721E-04  -0.39822E-08
  0.130   0.385   -0.85704E-03   0.25978E-05  -0.42581E-02  -0.26882E-06  -0.46065E-04   0.68865E-08
  0.130   0.385   -0.46932E-03  -0.39295E-03  -0.33742E-02   0.21037E-04  -0.25103E-04   0.14466E-08
  0.130   0.385   -0.47532E-03   0.38437E-03  -0.33842E-02  -0.20676E-04  -0.25485E-04   0.29826E-08
  0.130   0.385   -0.86689E-04   0.28923E-03  -0.20812E-02  -0.15494E-04  -0.46326E-05   0.79778E-09
  0.130   0.385   -0.98369E-04  -0.45480E-04  -0.16968E-02   0.24422E-05  -0.52672E-05   0.45322E-09
  0.130   0.385   -0.11490E-03   0.10075E-05  -0.17829E-02  -0.48885E-07  -0.61523E-05   0.51502E-09
  0.130   0.385    0.75942E-03  -0.21626E-05  -0.33765E-04   0.95008E-07   0.40668E-04  -0.41140E-08
  0.130   0.385    0.49494E-02   0.39244E-05  -0.47736E-04  -0.29980E-06   0.26317E-03  -0.19468E-07
  0.130   0.385    0.97756E-01   0.41870E-04  -0.10163E-03  -0.30022E-05   0.53306E-02  -0.25020E-06
  0.130   0.385    0.49376E-02   0.14353E-04  -0.63227E-04  -0.75776E-06   0.26261E-03  -0.38712E-08
  0.130   0.385   -0.47210E-03  -0.38076E-03  -0.33804E-02   0.20392E-04  -0.25251E-04   0.14769E-08
  0.130   0.385   -0.84316E-04  -0.29118E-03  -0.20877E-02   0.15608E-04  -0.44994E-05   0.40001E-09
  0.130   0.385   -0.85255E-03   0.34755E-05  -0.42417E-02  -0.31214E-06  -0.45789E-04   0.68628E-08
  0.130   0.385   -0.47178E-03   0.39462E-03  -0.33642E-02  -0.21224E-04  -0.25298E-04   0.29737E-08
  0.130   0.385   -0.61844E-04  -0.67798E-04  -0.14847E-02   0.36395E-05  -0.33118E-05   0.35321E-09
  0.130   0.385   -0.97651E-04  -0.43879E-04  -0.16986E-02   0.23579E-05  -0.52290E-05   0.45151E-09
  0.130   0.385    0.27644E-03  -0.20891E-05  -0.17948E-04   0.11109E-06   0.14799E-04  -0.40236E-09
  0.130   0.385    0.75954E-03  -0.18660E-05  -0.27825E-04   0.79154E-07   0.40672E-04  -0.41128E-08
  0.130   0.385    0.49354E-02   0.51815E-05  -0.40776E-04  -0.36594E-06   0.26242E-03  -0.19341E-07
  0.130   0.385    0.97634E-01   0.42911E-04  -0.92599E-04  -0.30541E-05   0.53241E-02  -0.24973E-06
  0.130   0.385   -0.84215E-04  -0.28243E-03  -0.20688E-02   0.15144E-04  -0.44942E-05   0.41064E-09
  0.130   0.385    0.34727E-04  -0.15669E-03  -0.12727E-02   0.84064E-05   0.18626E-05   0.14122E-09
  0.130   0.385   -0.46932E-03  -0.37480E-03  -0.33438E-02   0.20074E-04  -0.25105E-04   0.14823E-08
  0.130   0.385   -0.83520E-03   0.21186E-04  -0.41687E-02  -0.12513E-05  -0.44864E-04   0.68059E-08
  0.130   0.385   -0.27237E-04  -0.67727E-04  -0.12193E-02   0.36359E-05  -0.14588E-05   0.25411E-09
  0.130   0.385   -0.60396E-04  -0.66514E-04  -0.14724E-02   0.35710E-05  -0.32347E-05   0.34780E-09
  0.130   0.385   -0.46998E-03   0.38903E-03   0.33251E-02  -0.20802E-04  -0.25205E-04   0.81403E-08
  0.130   0.385   -0.85882E-03  -0.24311E-05   0.41953E-02   0.24432E-06  -0.46300E-04   0.24105E-07
  0.130   0.385   -0.47574E-03  -0.38033E-03   0.33377E-02   0.20390E-04  -0.25585E-04   0.90904E-08
  0.130   0.385   -0.83208E-04  -0.28930E-03   0.20493E-02   0.15499E-04  -0.44400E-05  -0.93232E-09
  0.130   0.385    0.97761E-01   0.44486E-04  -0.56371E-04  -0.31411E-05   0.53309E-02  -0.25024E-06
  0.130   0.385    0.49370E-02   0.83361E-05  -0.13502E-04  -0.53831E-06   0.26251E-03  -0.19438E-07
  0.130   0.385    0.49393E-02   0.12721E-04  -0.35203E-05  -0.66963E-06   0.26267E-03  -0.32746E-08
  0.130   0.385    0.75852E-03  -0.55186E-06  -0.10712E-04   0.24130E-07   0.40641E-04  -0.40256E-08
  0.130   0.385   -0.46719E-03  -0.38963E-03  -0.33429E-02   0.20859E-04  -0.24989E-04   0.14616E-08
  0.130   0.385   -0.84230E-03   0.13711E-04  -0.42050E-02  -0.85329E-06  -0.45241E-04   0.68486E-08
  0.130   0.385   -0.84077E-03   0.15100E-04   0.41193E-02  -0.68575E-06  -0.45333E-04   0.23855E-07
  0.130   0.385   -0.47212E-03  -0.37332E-03   0.32945E-02   0.20014E-04  -0.25391E-04   0.90915E-08
  0.130   0.385   -0.82806E-04  -0.28058E-03   0.20247E-02   0.15036E-04  -0.44187E-05  -0.89902E-09
  0.130   0.385    0.35659E-04  -0.15487E-03   0.12354E-02   0.83035E-05   0.19135E-05  -0.54158E-09
  0.130   0.385    0.49405E-02   0.11443E-04  -0.41329E-04  -0.60133E-06   0.26276E-03  -0.39009E-08
  0.130   0.385    0.97637E-01   0.43159E-04  -0.76007E-04  -0.30701E-05   0.53243E-02  -0.25013E-06
  0.130   0.385    0.75912E-03   0.21862E-05  -0.26695E-04  -0.12275E-06   0.40671E-04  -0.40288E-08
  0.130   0.385    0.27580E-03   0.68094E-06  -0.23178E-04  -0.35922E-07   0.14765E-04  -0.13501E-10
  0.130   0.385   -0.83456E-03  -0.15856E-04  -0.41615E-02   0.71377E-06  -0.44825E-04   0.67864E-08
  0.130   0.385   -0.46925E-03   0.38589E-03  -0.33283E-02  -0.20754E-04  -0.25158E-04   0.29692E-08
  0.130   0.385   -0.83110E-04   0.28911E-03   0.20469E-02  -0.15497E-04  -0.44338E-05   0.32294E-09
  0.130   0.385   -0.47297E-03   0.37812E-03   0.33335E-02  -0.20226E-04  -0.25365E-04   0.81520E-08
  0.130   0.385   -0.85862E-03  -0.58807E-05   0.41909E-02   0.42951E-06  -0.46289E-04   0.24101E-07
  0.130   0.385   -0.47235E-03  -0.39125E-03   0.33204E-02   0.20967E-04  -0.25404E-04   0.90259E-08
  0.130   0.385    0.49507E-02   0.89425E-05  -0.17054E-04  -0.57107E-06   0.26324E-03  -0.19435E-07
  0.130   0.385    0.75945E-03   0.13213E-05  -0.14247E-04  -0.92092E-07   0.40669E-04  -0.41172E-08
  0.130   0.385    0.97759E-01   0.42448E-04  -0.60816E-04  -0.30315E-05   0.53308E-02  -0.25017E-06
  0.130   0.385    0.49384E-02   0.99983E-05  -0.29736E-04  -0.52338E-06   0.26265E-03  -0.38315E-08
  0.130   0.385   -0.81756E-04  -0.29022E-03  -0.20779E-02   0.15557E-04  -0.43623E-05   0.40004E-09
  0.130   0.385   -0.45731E-03  -0.38120E-03  -0.33740E-02   0.20413E-04  -0.24465E-04   0.14295E-08
  0.130   0.385    0.35462E-04   0.15514E-03   0.12410E-02  -0.83232E-05   0.19029E-05  -0.51209E-10
  0.130   0.385   -0.83154E-04   0.28086E-03   0.20312E-02  -0.15058E-04  -0.44365E-05   0.32190E-09
  0.130   0.385   -0.47007E-03   0.37145E-03   0.33007E-02  -0.19868E-04  -0.25210E-04   0.81217E-08
  0.130   0.385   -0.84139E-03  -0.23498E-04   0.41257E-02   0.13628E-05  -0.45369E-04   0.23804E-07
  0.130   0.385    0.75970E-03   0.15697E-05  -0.17267E-04  -0.10484E-06   0.40681E-04  -0.41068E-08
  0.130   0.385    0.27596E-03  -0.54138E-07  -0.16158E-04   0.19477E-08   0.14773E-04  -0.39955E-09
  0.130   0.385    0.49361E-02   0.10393E-04  -0.18312E-04  -0.65354E-06   0.26245E-03  -0.19286E-07
  0.130   0.385    0.97634E-01   0.42314E-04  -0.60173E-04  -0.30212E-05   0.53242E-02  -0.24967E-06
  0.130   0.385    0.36340E-04  -0.15745E-03  -0.12785E-02   0.84475E-05   0.19490E-05   0.12072E-09
  0.130   0.385   -0.76232E-04  -0.29436E-03  -0.20915E-02   0.15773E-04  -0.40688E-05   0.36920E-09
  0.130   0.385   -0.11211E-03   0.11125E-05   0.17241E-02  -0.62347E-07  -0.60007E-05  -0.40566E-09
  0.130   0.385   -0.96902E-04  -0.42436E-04   0.16415E-02   0.22734E-05  -0.51865E-05  -0.48159E-09
  0.130   0.385   -0.60730E-04  -0.64277E-04   0.14343E-02   0.34463E-05  -0.32506E-05  -0.45776E-09
  0.130   0.385   -0.26363E-04  -0.66707E-04   0.11862E-02   0.35761E-05  -0.14110E-05  -0.39708E-09
  0.130   0.385   -0.47197E-03  -0.37403E-03   0.32931E-02   0.20053E-04  -0.25383E-04   0.90610E-08
  0.130   0.385   -0.83984E-03   0.13885E-04   0.41250E-02  -0.62073E-06  -0.45276E-04   0.23847E-07
  0.130   0.385   -0.80429E-04  -0.28170E-03   0.20199E-02   0.15097E-04  -0.42923E-05  -0.97159E-09
  0.130   0.385    0.37746E-04  -0.15395E-03   0.12266E-02   0.82542E-05   0.20277E-05  -0.57836E-09
  0.130   0.385    0.97632E-01   0.43447E-04  -0.58136E-04  -0.30846E-05   0.53240E-02  -0.25004E-06
  0.130   0.385    0.49225E-02   0.10028E-04  -0.25195E-04  -0.52653E-06   0.26181E-03  -0.37791E-08
  0.130   0.385   -0.96137E-04   0.43972E-04   0.16384E-02  -0.23610E-05  -0.51460E-05  -0.28493E-09
  0.130   0.385   -0.11343E-03  -0.50126E-06   0.17218E-02   0.23205E-07  -0.60708E-05  -0.41953E-09
  0.130   0.385   -0.96421E-04  -0.43247E-04   0.16358E-02   0.23170E-05  -0.51607E-05  -0.48253E-09
  0.130   0.385   -0.59383E-04  -0.66343E-04   0.14252E-02   0.35553E-05  -0.31788E-05  -0.46193E-09
  0.130   0.385   -0.84950E-03  -0.90938E-05   0.41402E-02   0.60045E-06  -0.45800E-04   0.23856E-07
  0.130   0.385   -0.46798E-03   0.38400E-03   0.32898E-02  -0.20534E-04  -0.25096E-04   0.81334E-08
  0.130   0.385   -0.46268E-03  -0.37947E-03   0.32704E-02   0.20345E-04  -0.24890E-04   0.86351E-08
  0.130   0.385   -0.74959E-04  -0.28371E-03   0.19888E-02   0.15201E-04  -0.39986E-05  -0.10321E-08
  0.130   0.385    0.49195E-02   0.81864E-05  -0.48534E-05  -0.52321E-06   0.26157E-03  -0.19250E-07
  0.130   0.385    0.97633E-01   0.42560E-04  -0.48033E-04  -0.30341E-05   0.53241E-02  -0.24967E-06
