  0.000   0.000    0.93005E-03   0.18401E+01   0.11103E-01  -0.98413E-01   0.56683E-04   0.38547E-05
  0.000   0.000   -0.22489E-03  -0.18268E+00   0.29608E+00   0.96434E-02  -0.11870E-04  -0.50399E-06
  0.000   0.000   -0.27414E-03  -0.18386E-01   0.69327E-01   0.99218E-03  -0.18909E-04   0.23883E-06
  0.000   0.000   -0.23739E-04  -0.54420E-02   0.31213E-01   0.29129E-03  -0.11937E-05  -0.18201E-07
  0.000   0.000    0.69099E-02   0.25408E-02   0.21506E-01  -0.13562E-03   0.37012E-03  -0.21251E-07
  0.000   0.000    0.33040E-03   0.77855E-02   0.58557E-03  -0.41741E-03   0.17600E-04   0.15134E-07
  0.000   0.000    0.47902E-02  -0.13022E-02   0.22611E-01   0.69536E-04   0.25601E-03  -0.76928E-08
  0.000   0.000    0.23223E-02  -0.15452E-02   0.16953E-01   0.82728E-04   0.12422E-03  -0.62880E-08
  0.000   0.000    0.13370E-04   0.94648E-03  -0.48958E-04  -0.50757E-04   0.71216E-06   0.70925E-09
  0.000   0.000    0.58017E-03   0.73135E-03   0.31595E-02  -0.39241E-04   0.31058E-04  -0.55945E-09
  0.000   0.000   -0.21633E-03  -0.18394E+00  -0.29347E+00   0.97101E-02  -0.12451E-04  -0.18103E-06
  0.000   0.000    0.93293E-03   0.18484E+01  -0.70657E-03  -0.98849E-01   0.56829E-04   0.38718E-05
  0.000   0.000   -0.22071E-03  -0.18196E+00   0.29326E+00   0.96049E-02  -0.11521E-04  -0.51241E-06
  0.000   0.000   -0.27173E-03  -0.18373E-01   0.67957E-01   0.99141E-03  -0.18784E-04   0.23725E-06
  0.000   0.000    0.12183E-05   0.75947E-02   0.16111E-03  -0.40726E-03   0.31866E-07   0.15474E-07
  0.000   0.000   -0.66356E-02   0.25601E-02  -0.20608E-01  -0.13735E-03  -0.35498E-03   0.15225E-07
  0.000   0.000    0.66278E-02   0.24866E-02   0.21053E-01  -0.13264E-03   0.35449E-03  -0.20303E-07
  0.000   0.000    0.46505E-02  -0.13263E-02   0.21998E-01   0.70799E-04   0.24853E-03  -0.76054E-08
  0.000   0.000   -0.55914E-03   0.72216E-03  -0.31262E-02  -0.38730E-04  -0.29934E-04   0.17371E-08
  0.000   0.000   -0.33524E-05   0.91774E-03   0.13301E-04  -0.49214E-04  -0.17752E-06   0.69541E-09
  0.000   0.000    0.30672E-05  -0.18681E-01  -0.68368E-01   0.10061E-02   0.19958E-05  -0.32544E-06
  0.000   0.000   -0.20986E-03  -0.18332E+00  -0.29438E+00   0.96774E-02  -0.12103E-04  -0.17966E-06
  0.000   0.000    0.94189E-03   0.18484E+01  -0.13697E-02  -0.98849E-01   0.57318E-04   0.38702E-05
  0.000   0.000   -0.20662E-03  -0.18258E+00   0.29234E+00   0.96376E-02  -0.10747E-04  -0.51245E-06
  0.000   0.000   -0.67677E-02   0.26374E-02  -0.20681E-01  -0.14146E-03  -0.36202E-03   0.15379E-07
  0.000   0.000   -0.47374E-02  -0.12574E-02  -0.21939E-01   0.67211E-04  -0.25337E-03   0.98897E-08
  0.000   0.000   -0.22957E-03   0.74052E-02   0.46549E-03  -0.39546E-03  -0.14245E-04   0.16373E-07
  0.000   0.000    0.66258E-02   0.25034E-02   0.20588E-01  -0.13368E-03   0.35502E-03  -0.20631E-07
  0.000   0.000   -0.80009E-03   0.33146E-03  -0.50092E-02  -0.17780E-04  -0.42836E-04   0.21984E-08
  0.000   0.000   -0.56347E-03   0.73368E-03  -0.30248E-02  -0.39332E-04  -0.30161E-04   0.17764E-08
  0.000   0.000    0.20327E-04  -0.54615E-02  -0.31470E-01   0.29256E-03   0.10772E-05   0.22118E-07
  0.000   0.000    0.11512E-04  -0.18695E-01  -0.69777E-01   0.10069E-02   0.24488E-05  -0.32408E-06
  0.000   0.000   -0.19968E-03  -0.18404E+00  -0.29723E+00   0.97159E-02  -0.11427E-04  -0.18607E-06
  0.000   0.000    0.94790E-03   0.18402E+01  -0.13116E-01  -0.98415E-01   0.57606E-04   0.38581E-05
  0.000   0.000   -0.48763E-02  -0.12376E-02  -0.22602E-01   0.66217E-04  -0.26078E-03   0.10120E-07
  0.000   0.000   -0.23559E-02  -0.15389E-02  -0.17056E-01   0.82480E-04  -0.12607E-03   0.54482E-08
  0.000   0.000   -0.69906E-02   0.24143E-02  -0.21443E-01  -0.12926E-03  -0.37430E-03   0.16847E-07
  0.000   0.000   -0.36498E-03   0.77961E-02  -0.72979E-03  -0.41801E-03  -0.19546E-04   0.17296E-07
  0.000   0.000   -0.76549E-03   0.18149E-04  -0.58046E-02  -0.97287E-06  -0.40988E-04   0.21583E-08
  0.000   0.000   -0.82656E-03   0.34959E-03  -0.51670E-02  -0.18734E-04  -0.44252E-04   0.23053E-08
  0.000   0.000    0.66934E-02   0.25510E-02  -0.20836E-01  -0.13713E-03   0.35896E-03  -0.74743E-07
  0.000   0.000    0.26911E-04   0.75790E-02  -0.16673E-03  -0.40603E-03   0.18808E-05   0.46269E-08
  0.000   0.000   -0.67750E-02   0.25749E-02   0.20551E-01  -0.13791E-03  -0.36382E-03   0.10721E-06
  0.000   0.000   -0.47149E-02  -0.12518E-02   0.21698E-01   0.66816E-04  -0.25212E-03  -0.10900E-07
  0.000   0.000    0.95502E-03   0.18485E+01  -0.82549E-03  -0.98850E-01   0.58012E-04   0.38717E-05
  0.000   0.000   -0.23838E-03  -0.18394E+00  -0.29364E+00   0.97101E-02  -0.13633E-04  -0.18080E-06
  0.000   0.000   -0.16866E-03  -0.18194E+00   0.29323E+00   0.96037E-02  -0.86529E-05  -0.51236E-06
  0.000   0.000   -0.19252E-03  -0.18367E-01   0.67905E-01   0.99107E-03  -0.14497E-04   0.23664E-06
  0.000   0.000   -0.66654E-02   0.25553E-02  -0.20745E-01  -0.13708E-03  -0.35665E-03   0.15260E-07
  0.000   0.000   -0.10973E-03   0.76943E-02   0.30037E-04  -0.41255E-03  -0.59758E-05   0.17085E-07
  0.000   0.000   -0.30309E-03   0.77962E-02   0.41612E-03  -0.41759E-03  -0.15748E-04   0.64804E-08
  0.000   0.000   -0.69716E-02   0.25566E-02   0.21362E-01  -0.13694E-03  -0.37432E-03   0.10688E-06
  0.000   0.000   -0.48562E-02  -0.12560E-02   0.22418E-01   0.67082E-04  -0.25966E-03  -0.11167E-07
  0.000   0.000   -0.23525E-02  -0.15299E-02   0.16872E-01   0.81925E-04  -0.12588E-03  -0.67454E-08
  0.000   0.000   -0.16895E-03  -0.18266E+00   0.29620E+00   0.96426E-02  -0.88725E-05  -0.50444E-06
  0.000   0.000    0.95080E-03   0.18402E+01   0.11142E-01  -0.98414E-01   0.57791E-04   0.38547E-05
  0.000   0.000   -0.24259E-03  -0.18404E-01   0.69592E-01   0.99348E-03  -0.17712E-04   0.23737E-06
  0.000   0.000    0.14313E-04  -0.54629E-02   0.31287E-01   0.29241E-03   0.85222E-06  -0.18668E-07
  0.000   0.000    0.31633E-03   0.78067E-02   0.45307E-03  -0.41857E-03   0.16741E-04   0.16133E-07
  0.000   0.000    0.68487E-02   0.25029E-02   0.21335E-01  -0.13367E-03   0.36686E-03  -0.20855E-07
  0.000   0.000    0.47456E-02  -0.12795E-02  -0.22093E-01   0.68391E-04   0.25377E-03  -0.15417E-08
  0.000   0.000    0.68138E-02   0.25686E-02  -0.21039E-01  -0.13804E-03   0.36538E-03  -0.75004E-07
  0.000   0.000    0.83664E-04   0.75787E-02  -0.39250E-03  -0.40602E-03   0.49192E-05   0.43943E-08
  0.000   0.000   -0.66551E-02   0.25574E-02   0.20346E-01  -0.13701E-03  -0.35743E-03   0.10702E-06
  0.000   0.000   -0.25187E-03  -0.18331E+00  -0.29462E+00   0.96769E-02  -0.14367E-04  -0.17915E-06
  0.000   0.000   -0.33886E-04  -0.18702E-01  -0.68562E-01   0.10072E-02   0.34169E-07  -0.32544E-06
  0.000   0.000    0.95275E-03   0.18484E+01  -0.15372E-02  -0.98850E-01   0.57908E-04   0.38641E-05
  0.000   0.000   -0.14471E-03  -0.18257E+00   0.29222E+00   0.96369E-02  -0.74318E-05  -0.51367E-06
  0.000   0.000   -0.47470E-02  -0.12473E-02  -0.21967E-01   0.66672E-04  -0.25388E-03   0.10143E-07
  0.000   0.000   -0.67551E-02   0.28167E-02  -0.20565E-01  -0.15087E-03  -0.36143E-03   0.15975E-07
  0.000   0.000    0.23621E-02  -0.15463E-02  -0.17111E-01   0.82870E-04   0.12639E-03  -0.16706E-08
  0.000   0.000    0.48792E-02  -0.12800E-02  -0.22734E-01   0.68456E-04   0.26091E-03  -0.16221E-08
  0.000   0.000    0.70008E-02   0.25519E-02  -0.21761E-01  -0.13715E-03   0.37538E-03  -0.75119E-07
  0.000   0.000    0.40163E-03   0.77965E-02  -0.87959E-03  -0.41760E-03   0.21895E-04   0.38679E-08
  0.000   0.000   -0.47959E-04  -0.18708E-01  -0.69907E-01   0.10077E-02  -0.72048E-06  -0.32368E-06
  0.000   0.000   -0.85004E-05  -0.54720E-02  -0.31556E-01   0.29312E-03  -0.46507E-06   0.22208E-07
  0.000   0.000   -0.27168E-03  -0.18401E+00  -0.29737E+00   0.97145E-02  -0.15298E-04  -0.18467E-06
  0.000   0.000    0.92717E-03   0.18402E+01  -0.13185E-01  -0.98415E-01   0.56489E-04   0.38585E-05
  0.000   0.000   -0.23500E-02  -0.15301E-02  -0.17053E-01   0.82008E-04  -0.12576E-03   0.56212E-08
  0.000   0.000   -0.47684E-02  -0.11821E-02  -0.22516E-01   0.63269E-04  -0.25505E-03   0.10431E-07
  0.000   0.000   -0.90357E-05   0.94636E-03  -0.95483E-04  -0.50749E-04  -0.47881E-06   0.19249E-08
  0.000   0.000   -0.58979E-03   0.72293E-03   0.31074E-02  -0.38797E-04  -0.31563E-04   0.58708E-09
  0.000   0.000   -0.83523E-03   0.33061E-03   0.50942E-02  -0.17759E-04  -0.44705E-04  -0.69215E-09
  0.000   0.000   -0.76671E-03   0.20136E-04   0.57143E-02  -0.11047E-05  -0.41047E-04  -0.13199E-08
  0.000   0.000   -0.69075E-02   0.25644E-02   0.21370E-01  -0.13732E-03  -0.37090E-03   0.10661E-06
  0.000   0.000   -0.28735E-03   0.77916E-02   0.35060E-03  -0.41735E-03  -0.14901E-04   0.66009E-08
  0.000   0.000   -0.47958E-02  -0.12811E-02   0.22586E-01   0.68500E-04  -0.25640E-03  -0.11337E-07
  0.000   0.000   -0.23821E-02  -0.15357E-02   0.17024E-01   0.82295E-04  -0.12756E-03  -0.63666E-08
  0.000   0.000    0.96390E-03   0.18401E+01   0.10842E-01  -0.98409E-01   0.58502E-04   0.38536E-05
  0.000   0.000   -0.10887E-03  -0.18336E+00   0.29501E+00   0.96796E-02  -0.55313E-05  -0.50622E-06
  0.000   0.000    0.59307E-03   0.72883E-03  -0.33781E-02  -0.39088E-04   0.31745E-04   0.23424E-08
  0.000   0.000    0.22582E-04   0.91670E-03  -0.20622E-03  -0.49179E-04   0.12081E-05   0.21194E-08
  0.000   0.000   -0.56593E-03   0.73396E-03   0.29872E-02  -0.39387E-04  -0.30287E-04   0.66788E-09
  0.000   0.000   -0.81887E-03   0.35280E-03   0.50291E-02  -0.18947E-04  -0.43834E-04  -0.58896E-09
  0.000   0.000    0.24616E-03   0.76916E-02  -0.80430E-03  -0.41208E-03   0.13619E-04   0.41690E-08
  0.000   0.000    0.68523E-02   0.25061E-02  -0.21592E-01  -0.13471E-03   0.36742E-03  -0.75695E-07
  0.000   0.000   -0.67860E-02   0.28259E-02   0.20777E-01  -0.15117E-03  -0.36456E-03   0.10583E-06
  0.000   0.000   -0.48824E-02  -0.12255E-02   0.22592E-01   0.65481E-04  -0.26110E-03  -0.79230E-08
  0.000   0.000   -0.27078E-03  -0.18474E+00  -0.29602E+00   0.97529E-02  -0.15250E-04  -0.18619E-06
  0.000   0.000    0.94027E-03   0.18401E+01  -0.12732E-01  -0.98412E-01   0.57174E-04   0.38595E-05
 -1.000  -1.000    0.30546E-02   0.99178E+00   0.60624E-03  -0.55053E-01   0.15215E-03   0.15135E-05
 -1.000  -1.000   -0.10155E-03  -0.21591E-01   0.40269E-01   0.12419E-02  -0.58472E-05  -0.44241E-06
 -1.000  -1.000   -0.25499E-03  -0.12532E-02   0.29696E-02   0.80498E-04  -0.18721E-04   0.29676E-06
 -1.000  -1.000    0.11449E-06  -0.95012E-04   0.54908E-03   0.56946E-05   0.16796E-07  -0.11120E-08
 -1.000  -1.000    0.12236E-03  -0.19206E-04   0.52126E-03   0.18658E-05   0.81049E-05  -0.12752E-07
 -1.000  -1.000   -0.10741E-04   0.86288E-04   0.78340E-04  -0.56928E-05  -0.89230E-06   0.21799E-07
 -1.000  -1.000    0.46483E-04  -0.26731E-04   0.36191E-03   0.15841E-05   0.27721E-05  -0.38451E-09
 -1.000  -1.000    0.14843E-04  -0.16846E-04   0.18270E-03   0.10037E-05   0.88238E-06  -0.16134E-09
 -1.000  -1.000    0.37298E-06   0.26758E-05   0.86560E-05  -0.15858E-06   0.22183E-07  -0.20829E-11
 -1.000  -1.000    0.26876E-05   0.15502E-05   0.27243E-04  -0.91905E-07   0.15948E-06  -0.17738E-10
 -1.000  -1.000   -0.13072E-03  -0.22590E-01  -0.40335E-01   0.12959E-02  -0.73089E-05  -0.16432E-06
 -1.000  -1.000    0.30485E-02   0.99233E+00  -0.59700E-03  -0.55085E-01   0.15191E-03   0.15254E-05
 -1.000  -1.000   -0.10366E-03  -0.21561E-01   0.40141E-01   0.12400E-02  -0.59404E-05  -0.44721E-06
 -1.000  -1.000   -0.25499E-03  -0.12536E-02   0.29258E-02   0.80514E-04  -0.18721E-04   0.29675E-06
 -1.000  -1.000   -0.15210E-04   0.91233E-04   0.20019E-04  -0.59936E-05  -0.11648E-05   0.22058E-07
 -1.000  -1.000   -0.10681E-03  -0.48995E-05  -0.42121E-03   0.31341E-06  -0.67653E-05   0.40798E-08
 -1.000  -1.000    0.12310E-03  -0.16239E-04   0.48325E-03   0.16866E-05   0.81666E-05  -0.12800E-07
 -1.000  -1.000    0.45916E-04  -0.26791E-04   0.34218E-03   0.15856E-05   0.27385E-05  -0.38152E-09
 -1.000  -1.000   -0.23882E-05   0.17319E-05  -0.19706E-04  -0.10294E-06  -0.14165E-06   0.15626E-10
 -1.000  -1.000    0.16306E-07   0.27531E-05   0.11494E-06  -0.16333E-06   0.10160E-08   0.17828E-11
 -1.000  -1.000   -0.13223E-04  -0.15868E-02  -0.29730E-02   0.96535E-04   0.15808E-05  -0.40717E-06
 -1.000  -1.000   -0.12834E-03  -0.22573E-01  -0.40391E-01   0.12947E-02  -0.72818E-05  -0.16388E-06
 -1.000  -1.000    0.30483E-02   0.99233E+00  -0.61066E-03  -0.55085E-01   0.15191E-03   0.15248E-05
 -1.000  -1.000   -0.10158E-03  -0.21586E-01   0.40076E-01   0.12414E-02  -0.57934E-05  -0.44715E-06
 -1.000  -1.000   -0.10464E-03   0.13780E-05  -0.44337E-03  -0.59172E-07  -0.66111E-05   0.41646E-08
 -1.000  -1.000   -0.45195E-04  -0.27073E-04  -0.33887E-03   0.15982E-05  -0.26800E-05   0.27681E-09
 -1.000  -1.000   -0.85145E-05   0.92005E-04   0.60574E-05  -0.60790E-05  -0.77972E-06   0.21987E-07
 -1.000  -1.000    0.12279E-03  -0.18733E-04   0.47213E-03   0.18312E-05   0.81484E-05  -0.12790E-07
 -1.000  -1.000   -0.30511E-05   0.84238E-07  -0.29881E-04  -0.53459E-08  -0.18096E-06   0.21888E-10
 -1.000  -1.000   -0.24566E-05   0.19577E-05  -0.21446E-04  -0.11623E-06  -0.14574E-06   0.21453E-10
 -1.000  -1.000   -0.35760E-06  -0.97059E-04  -0.55153E-03   0.57763E-05  -0.22519E-07  -0.53695E-08
 -1.000  -1.000   -0.13198E-04  -0.15869E-02  -0.30175E-02   0.96550E-04   0.15826E-05  -0.40709E-06
 -1.000  -1.000   -0.13456E-03  -0.22606E-01  -0.40529E-01   0.12969E-02  -0.75364E-05  -0.17681E-06
 -1.000  -1.000    0.30474E-02   0.99175E+00  -0.18194E-02  -0.55052E-01   0.15187E-03   0.15234E-05
 -1.000  -1.000   -0.45753E-04  -0.27048E-04  -0.35822E-03   0.15975E-05  -0.27130E-05   0.30838E-09
 -1.000  -1.000   -0.14898E-04  -0.17398E-04  -0.18122E-03   0.10294E-05  -0.88331E-06   0.33412E-10
 -1.000  -1.000   -0.10636E-03  -0.16572E-05  -0.47376E-03   0.98443E-07  -0.67161E-05   0.40684E-08
 -1.000  -1.000   -0.12891E-04   0.86267E-04  -0.53086E-04  -0.57433E-05  -0.10425E-05   0.22030E-07
 -1.000  -1.000   -0.24551E-05  -0.96997E-06  -0.31677E-04   0.57201E-07  -0.14559E-06   0.19220E-10
 -1.000  -1.000   -0.32232E-05   0.27477E-06  -0.35100E-04  -0.16358E-07  -0.19118E-06   0.26447E-10
 -1.000  -1.000    0.15463E-03   0.16938E-04  -0.47012E-03  -0.12417E-05   0.10444E-04  -0.10336E-06
 -1.000  -1.000    0.17790E-04   0.95896E-04  -0.66659E-05  -0.58420E-05   0.14537E-05  -0.22567E-07
 -1.000  -1.000   -0.17454E-03  -0.23110E-05   0.48318E-03   0.47440E-06  -0.12081E-04   0.13089E-06
 -1.000  -1.000   -0.46954E-04  -0.26281E-04   0.33814E-03   0.15544E-05  -0.27865E-05   0.16750E-09
 -1.000  -1.000    0.30488E-02   0.99233E+00  -0.59854E-03  -0.55085E-01   0.15193E-03   0.15254E-05
 -1.000  -1.000   -0.13580E-03  -0.22591E-01  -0.40340E-01   0.12959E-02  -0.76344E-05  -0.16453E-06
 -1.000  -1.000   -0.10316E-03  -0.21560E-01   0.40136E-01   0.12399E-02  -0.58922E-05  -0.44730E-06
 -1.000  -1.000   -0.25676E-03  -0.12486E-02   0.29281E-02   0.80230E-04  -0.18835E-04   0.29668E-06
 -1.000  -1.000   -0.11236E-03   0.65710E-05  -0.45938E-03  -0.36143E-06  -0.71101E-05   0.39422E-08
 -1.000  -1.000   -0.91743E-05   0.10918E-03  -0.14032E-04  -0.70517E-05  -0.81253E-06   0.21945E-07
 -1.000  -1.000    0.12734E-04   0.90704E-04   0.52530E-04  -0.55312E-05   0.11345E-05  -0.21143E-07
 -1.000  -1.000   -0.17620E-03  -0.47885E-05   0.51442E-03   0.62244E-06  -0.12179E-04   0.13090E-06
 -1.000  -1.000   -0.47539E-04  -0.26190E-04   0.35766E-03   0.15510E-05  -0.28214E-05   0.17296E-09
 -1.000  -1.000   -0.15244E-04  -0.16929E-04   0.18017E-03   0.10043E-05  -0.90565E-06  -0.44271E-10
 -1.000  -1.000   -0.10373E-03  -0.21591E-01   0.40266E-01   0.12419E-02  -0.59803E-05  -0.44233E-06
 -1.000  -1.000    0.30416E-02   0.99178E+00   0.61482E-03  -0.55053E-01   0.15150E-03   0.15136E-05
 -1.000  -1.000   -0.25843E-03  -0.12499E-02   0.29698E-02   0.80282E-04  -0.18906E-04   0.29677E-06
 -1.000  -1.000   -0.26737E-06  -0.93443E-04   0.54691E-03   0.56018E-05  -0.50069E-08  -0.11427E-08
 -1.000  -1.000   -0.45229E-05   0.10662E-03   0.52608E-04  -0.68887E-05  -0.52912E-06   0.21657E-07
 -1.000  -1.000    0.12620E-03  -0.18151E-04   0.49735E-03   0.18041E-05   0.82994E-05  -0.12591E-07
 -1.000  -1.000    0.47026E-04  -0.26608E-04  -0.34069E-03   0.15692E-05   0.27898E-05  -0.19602E-09
 -1.000  -1.000    0.15499E-03   0.19390E-04  -0.48088E-03  -0.13857E-05   0.10466E-04  -0.10342E-06
 -1.000  -1.000    0.17960E-04   0.95978E-04  -0.12138E-04  -0.58474E-05   0.14638E-05  -0.22650E-07
 -1.000  -1.000   -0.17420E-03  -0.48406E-05   0.47259E-03   0.62115E-06  -0.12060E-04   0.13086E-06
 -1.000  -1.000   -0.12889E-03  -0.22563E-01  -0.40400E-01   0.12943E-02  -0.72353E-05  -0.16399E-06
 -1.000  -1.000   -0.72388E-05  -0.15909E-02  -0.29850E-02   0.96768E-04   0.19240E-05  -0.40730E-06
 -1.000  -1.000    0.30495E-02   0.99233E+00  -0.61262E-03  -0.55085E-01   0.15197E-03   0.15247E-05
 -1.000  -1.000   -0.10156E-03  -0.21588E-01   0.40061E-01   0.12415E-02  -0.57248E-05  -0.44718E-06
 -1.000  -1.000   -0.46936E-04  -0.26704E-04  -0.34084E-03   0.15746E-05  -0.27770E-05   0.29499E-09
 -1.000  -1.000   -0.11276E-03   0.98991E-05  -0.46801E-03  -0.55637E-06  -0.71340E-05   0.40212E-08
 -1.000  -1.000    0.15263E-04  -0.17213E-04  -0.18169E-03   0.10184E-05   0.90664E-06  -0.88031E-10
 -1.000  -1.000    0.47654E-04  -0.26604E-04  -0.36044E-03   0.15698E-05   0.28273E-05  -0.18306E-09
 -1.000  -1.000    0.15662E-03   0.16946E-04  -0.51237E-03  -0.12409E-05   0.10563E-04  -0.10356E-06
 -1.000  -1.000    0.22737E-04   0.90777E-04  -0.71146E-04  -0.55447E-05   0.17570E-05  -0.23505E-07
 -1.000  -1.000   -0.13013E-04  -0.15912E-02  -0.30280E-02   0.96793E-04   0.15937E-05  -0.40710E-06
 -1.000  -1.000   -0.42994E-06  -0.97404E-04  -0.55336E-03   0.57974E-05  -0.26607E-07  -0.54682E-08
 -1.000  -1.000   -0.95121E-04  -0.22562E-01  -0.40688E-01   0.12946E-02  -0.48540E-05  -0.17666E-06
 -1.000  -1.000    0.30480E-02   0.99175E+00  -0.18242E-02  -0.55052E-01   0.15190E-03   0.15234E-05
 -1.000  -1.000   -0.15259E-04  -0.16966E-04  -0.18067E-03   0.10027E-05  -0.90347E-06   0.12279E-09
 -1.000  -1.000   -0.47450E-04  -0.23420E-04  -0.35209E-03   0.13843E-05  -0.28078E-05   0.31617E-09
 -1.000  -1.000   -0.34318E-06   0.26796E-05   0.81653E-05  -0.15893E-06  -0.20355E-07   0.52859E-11
 -1.000  -1.000   -0.26630E-05   0.17711E-05   0.27211E-04  -0.10490E-06  -0.15839E-06   0.17503E-10
 -1.000  -1.000   -0.31850E-05   0.12620E-06   0.34531E-04  -0.72623E-08  -0.18947E-06   0.63737E-11
 -1.000  -1.000   -0.24229E-05  -0.94115E-06   0.30821E-04   0.55867E-07  -0.14416E-06  -0.21318E-11
 -1.000  -1.000   -0.17544E-03  -0.10470E-04   0.51469E-03   0.95958E-06  -0.12179E-04   0.13086E-06
 -1.000  -1.000    0.11378E-04   0.90426E-04   0.46058E-04  -0.55158E-05   0.10563E-05  -0.21140E-07
 -1.000  -1.000   -0.46953E-04  -0.27224E-04   0.34929E-03   0.16030E-05  -0.27852E-05  -0.52009E-10
 -1.000  -1.000   -0.14514E-04  -0.16971E-04   0.17664E-03   0.10070E-05  -0.86514E-06  -0.10997E-09
 -1.000  -1.000    0.30425E-02   0.99178E+00   0.60305E-03  -0.55053E-01   0.15154E-03   0.15130E-05
 -1.000  -1.000   -0.10507E-03  -0.21623E-01   0.40191E-01   0.12438E-02  -0.60755E-05  -0.44298E-06
 -1.000  -1.000    0.26686E-05   0.15326E-05  -0.26398E-04  -0.91171E-07   0.15873E-06  -0.88066E-11
 -1.000  -1.000    0.34663E-06   0.27627E-05  -0.76885E-05  -0.16389E-06   0.20634E-07   0.57942E-11
 -1.000  -1.000   -0.20572E-05   0.19745E-05   0.12488E-04  -0.11708E-06  -0.12242E-06   0.12463E-10
 -1.000  -1.000   -0.27151E-05   0.28741E-06   0.21798E-04  -0.17158E-07  -0.16154E-06   0.56102E-11
 -1.000  -1.000    0.21098E-04   0.92883E-04  -0.65497E-04  -0.56673E-05   0.16621E-05  -0.23408E-07
 -1.000  -1.000    0.15507E-03   0.14580E-04  -0.50251E-03  -0.10996E-05   0.10468E-04  -0.10287E-06
 -1.000  -1.000   -0.16781E-03  -0.42690E-05   0.41232E-03   0.53189E-06  -0.11612E-04   0.12627E-06
 -1.000  -1.000   -0.43265E-04  -0.24207E-04   0.28744E-03   0.14213E-05  -0.25647E-05  -0.18967E-09
 -1.000  -1.000   -0.13233E-03  -0.22632E-01  -0.40455E-01   0.12984E-02  -0.73733E-05  -0.17691E-06
 -1.000  -1.000    0.30476E-02   0.99175E+00  -0.18090E-02  -0.55052E-01   0.15188E-03   0.15234E-05
  0.067   0.200    0.90307E-03   0.18402E+01   0.11483E-01  -0.98420E-01   0.55239E-04   0.38491E-05
  0.067   0.200   -0.24612E-03  -0.18102E+00   0.30406E+00   0.95546E-02  -0.12924E-04  -0.50386E-06
  0.067   0.200   -0.30471E-03  -0.17446E-01   0.82170E-01   0.94171E-03  -0.20557E-04   0.23720E-06
  0.067   0.200   -0.45204E-04  -0.51245E-02   0.46203E-01   0.27426E-03  -0.23399E-05  -0.21262E-07
  0.067   0.200    0.70022E-02   0.39348E-02   0.28575E-01  -0.21062E-03   0.37402E-03  -0.22104E-07
  0.067   0.200    0.42637E-04   0.91633E-02   0.19829E-02  -0.49143E-03   0.85979E-06   0.16933E-07
  0.067   0.200    0.52454E-02  -0.56983E-03   0.33315E-01   0.30197E-04   0.28031E-03  -0.93531E-08
  0.067   0.200    0.28368E-02  -0.11703E-02   0.29756E-01   0.62582E-04   0.15181E-03  -0.88958E-08
  0.067   0.200    0.55381E-04   0.18979E-02   0.45712E-03  -0.10182E-03   0.29610E-05   0.15930E-08
  0.067   0.200    0.84798E-03   0.15868E-02   0.70655E-02  -0.85159E-04   0.45416E-04  -0.70892E-09
  0.067   0.200   -0.24121E-03  -0.18226E+00  -0.30007E+00   0.96200E-02  -0.13786E-04  -0.17750E-06
  0.067   0.200    0.90085E-03   0.18483E+01  -0.31243E-03  -0.98850E-01   0.55115E-04   0.38661E-05
  0.067   0.200   -0.25472E-03  -0.18032E+00   0.30087E+00   0.95172E-02  -0.13335E-04  -0.51182E-06
  0.067   0.200   -0.30000E-03  -0.17441E-01   0.80333E-01   0.94135E-03  -0.20309E-04   0.23577E-06
  0.067   0.200   -0.29364E-03   0.88227E-02   0.15473E-02  -0.47329E-03  -0.17055E-04   0.17042E-07
  0.067   0.200   -0.71080E-02   0.38455E-02  -0.25020E-01  -0.20622E-03  -0.38160E-03   0.18367E-07
  0.067   0.200    0.68536E-02   0.36834E-02   0.27387E-01  -0.19672E-03   0.36613E-03  -0.20491E-07
  0.067   0.200    0.50966E-02  -0.52972E-03   0.32217E-01   0.28037E-04   0.27237E-03  -0.90118E-08
  0.067   0.200   -0.75571E-03   0.15727E-02  -0.59267E-02  -0.84371E-04  -0.40476E-04   0.35229E-08
  0.067   0.200    0.24549E-04   0.18339E-02   0.54103E-03  -0.98385E-04   0.13181E-05   0.15919E-08
  0.067   0.200    0.19074E-05  -0.17747E-01  -0.80532E-01   0.95599E-03   0.19483E-05  -0.32151E-06
  0.067   0.200   -0.21737E-03  -0.18168E+00  -0.30173E+00   0.95894E-02  -0.12508E-04  -0.17607E-06
  0.067   0.200    0.92451E-03   0.18483E+01  -0.14626E-02  -0.98850E-01   0.56398E-04   0.38648E-05
  0.067   0.200   -0.22579E-03  -0.18090E+00   0.29920E+00   0.95475E-02  -0.11775E-04  -0.51165E-06
  0.067   0.200   -0.72255E-02   0.36747E-02  -0.25798E-01  -0.19709E-03  -0.38795E-03   0.18532E-07
  0.067   0.200   -0.52584E-02  -0.31783E-03  -0.31512E-01   0.16849E-04  -0.28128E-03   0.13569E-07
  0.067   0.200   -0.12718E-03   0.92595E-02   0.21326E-03  -0.49729E-03  -0.73522E-05   0.18395E-07
  0.067   0.200    0.67412E-02   0.37069E-02   0.26635E-01  -0.19809E-03   0.36021E-03  -0.19923E-07
  0.067   0.200   -0.11828E-02   0.98672E-03  -0.10974E-01  -0.52934E-04  -0.63356E-04   0.47279E-08
  0.067   0.200   -0.79049E-03   0.15822E-02  -0.61737E-02  -0.84859E-04  -0.42332E-04   0.36953E-08
  0.067   0.200    0.25904E-04  -0.51355E-02  -0.46383E-01   0.27513E-03   0.13706E-05   0.26086E-07
  0.067   0.200    0.13126E-04  -0.17750E-01  -0.82489E-01   0.95629E-03   0.25486E-05  -0.32001E-06
  0.067   0.200   -0.21418E-03  -0.18235E+00  -0.30505E+00   0.96253E-02  -0.12207E-04  -0.18212E-06
  0.067   0.200    0.92422E-03   0.18402E+01  -0.13368E-01  -0.98422E-01   0.56339E-04   0.38528E-05
  0.067   0.200   -0.53831E-02  -0.26308E-03  -0.32784E-01   0.13953E-04  -0.28790E-03   0.14478E-07
  0.067   0.200   -0.25549E-02  -0.12889E-02  -0.30044E-01   0.69012E-04  -0.13652E-03   0.77350E-08
  0.067   0.200   -0.73766E-02   0.38419E-02  -0.27074E-01  -0.20573E-03  -0.39512E-03   0.20507E-07
  0.067   0.200   -0.68361E-03   0.91418E-02   0.11938E-03  -0.48764E-03  -0.39572E-04   0.18885E-07
  0.067   0.200   -0.12479E-02   0.46462E-03  -0.14187E-01  -0.24915E-04  -0.66847E-04   0.51802E-08
  0.067   0.200   -0.12343E-02   0.10417E-02  -0.11437E-01  -0.55854E-04  -0.66113E-04   0.49672E-08
  0.067   0.200    0.70185E-02   0.39012E-02  -0.26766E-01  -0.20961E-03   0.37642E-03  -0.71484E-07
  0.067   0.200    0.27773E-04   0.91147E-02  -0.55320E-03  -0.48854E-03   0.19245E-05   0.71253E-08
  0.067   0.200   -0.71044E-02   0.38997E-02   0.25686E-01  -0.20908E-03  -0.38150E-03   0.10832E-06
  0.067   0.200   -0.52147E-02  -0.38003E-03   0.31010E-01   0.20011E-04  -0.27894E-03  -0.11414E-07
  0.067   0.200    0.94868E-03   0.18484E+01  -0.12002E-02  -0.98852E-01   0.57668E-04   0.38663E-05
  0.067   0.200   -0.24405E-03  -0.18226E+00  -0.30102E+00   0.96200E-02  -0.13951E-04  -0.17709E-06
  0.067   0.200   -0.14110E-03  -0.18029E+00   0.30012E+00   0.95152E-02  -0.72003E-05  -0.51255E-06
  0.067   0.200   -0.25485E-03  -0.17361E-01   0.79828E-01   0.93656E-03  -0.18398E-04   0.23566E-06
  0.067   0.200   -0.69960E-02   0.39118E-02  -0.26616E-01  -0.20990E-03  -0.37440E-03   0.18522E-07
  0.067   0.200   -0.12110E-03   0.92809E-02  -0.22736E-03  -0.49775E-03  -0.65796E-05   0.19017E-07
  0.067   0.200   -0.31972E-03   0.94193E-02   0.18671E-03  -0.50474E-03  -0.16644E-04   0.90849E-08
  0.067   0.200   -0.73220E-02   0.39124E-02   0.26886E-01  -0.20977E-03  -0.39313E-03   0.10786E-06
  0.067   0.200   -0.53843E-02  -0.38596E-03   0.32164E-01   0.20355E-04  -0.28800E-03  -0.11827E-07
  0.067   0.200   -0.28888E-02  -0.11147E-02   0.28997E-01   0.59634E-04  -0.15464E-03  -0.87109E-08
  0.067   0.200   -0.17792E-03  -0.18096E+00   0.30361E+00   0.95514E-02  -0.93826E-05  -0.50378E-06
  0.067   0.200    0.94573E-03   0.18402E+01   0.10879E-01  -0.98422E-01   0.57518E-04   0.38494E-05
  0.067   0.200   -0.28574E-03  -0.17447E-01   0.82006E-01   0.94211E-03  -0.20316E-04   0.23810E-06
  0.067   0.200    0.53905E-05  -0.51484E-02   0.45826E-01   0.27558E-03   0.27337E-06  -0.21443E-07
  0.067   0.200    0.32850E-03   0.94375E-02   0.32801E-03  -0.50615E-03   0.17395E-04   0.18037E-07
  0.067   0.200    0.71861E-02   0.38914E-02   0.26962E-01  -0.20823E-03   0.38497E-03  -0.20792E-07
  0.067   0.200    0.52515E-02  -0.42010E-03  -0.32229E-01   0.22286E-04   0.28091E-03   0.17127E-08
  0.067   0.200    0.71519E-02   0.38846E-02  -0.27034E-01  -0.20871E-03   0.38353E-03  -0.71796E-07
  0.067   0.200    0.93055E-04   0.91124E-02  -0.88479E-03  -0.48841E-03   0.54215E-05   0.69796E-08
  0.067   0.200   -0.69696E-02   0.39119E-02   0.25400E-01  -0.20974E-03  -0.37432E-03   0.10826E-06
  0.067   0.200   -0.25890E-03  -0.18167E+00  -0.30239E+00   0.95890E-02  -0.14747E-04  -0.17538E-06
  0.067   0.200   -0.36202E-04  -0.17771E-01  -0.81157E-01   0.95731E-03  -0.92333E-07  -0.32127E-06
  0.067   0.200    0.94806E-03   0.18484E+01  -0.20596E-02  -0.98851E-01   0.57664E-04   0.38648E-05
  0.067   0.200   -0.14359E-03  -0.18089E+00   0.29868E+00   0.95470E-02  -0.73636E-05  -0.51260E-06
  0.067   0.200   -0.52565E-02  -0.38061E-03  -0.32022E-01   0.20176E-04  -0.28122E-03   0.14057E-07
  0.067   0.200   -0.70969E-02   0.41883E-02  -0.26424E-01  -0.22448E-03  -0.37979E-03   0.19298E-07
  0.067   0.200    0.29015E-02  -0.11431E-02  -0.29879E-01   0.61272E-04   0.15532E-03   0.14520E-08
  0.067   0.200    0.54121E-02  -0.42109E-03  -0.33158E-01   0.22369E-04   0.28949E-03   0.16769E-08
  0.067   0.200    0.73579E-02   0.38987E-02  -0.27999E-01  -0.20948E-03   0.39454E-03  -0.71736E-07
  0.067   0.200    0.42681E-03   0.94172E-02  -0.13918E-02  -0.50463E-03   0.23242E-04   0.66542E-08
  0.067   0.200   -0.51395E-04  -0.17771E-01  -0.82874E-01   0.95741E-03  -0.90703E-06  -0.31942E-06
  0.067   0.200   -0.91527E-05  -0.51551E-02  -0.46692E-01   0.27618E-03  -0.49891E-06   0.26209E-07
  0.067   0.200   -0.27640E-03  -0.18235E+00  -0.30548E+00   0.96256E-02  -0.15556E-04  -0.18097E-06
  0.067   0.200    0.92862E-03   0.18402E+01  -0.13741E-01  -0.98422E-01   0.56565E-04   0.38534E-05
  0.067   0.200   -0.28880E-02  -0.11209E-02  -0.29796E-01   0.60090E-04  -0.15462E-03   0.97193E-08
  0.067   0.200   -0.52934E-02  -0.27581E-03  -0.32861E-01   0.14674E-04  -0.28322E-03   0.14485E-07
  0.067   0.200   -0.29176E-04   0.18914E-02  -0.97864E-04  -0.10147E-03  -0.15549E-05   0.33987E-08
  0.067   0.200   -0.84055E-03   0.15595E-02   0.64937E-02  -0.83721E-04  -0.45003E-04   0.12056E-08
  0.067   0.200   -0.12445E-02   0.97785E-03   0.11297E-01  -0.52519E-04  -0.66637E-04  -0.96343E-09
  0.067   0.200   -0.12370E-02   0.45834E-03   0.13958E-01  -0.24636E-04  -0.66251E-04  -0.23821E-08
  0.067   0.200   -0.73320E-02   0.35998E-02   0.27487E-01  -0.19298E-03  -0.39394E-03   0.10704E-06
  0.067   0.200   -0.54838E-03   0.96673E-02   0.10211E-02  -0.51788E-03  -0.30058E-04   0.14191E-07
  0.067   0.200   -0.53611E-02  -0.37656E-03   0.32474E-01   0.19874E-04  -0.28678E-03  -0.11881E-07
  0.067   0.200   -0.28745E-02  -0.10926E-02   0.29378E-01   0.58445E-04  -0.15383E-03  -0.84820E-08
  0.067   0.200    0.97951E-03   0.18401E+01   0.10976E-01  -0.98417E-01   0.59342E-04   0.38483E-05
  0.067   0.200   -0.79217E-04  -0.18164E+00   0.30272E+00   0.95872E-02  -0.39271E-05  -0.50552E-06
  0.067   0.200    0.81404E-03   0.15934E-02  -0.67189E-02  -0.85481E-04   0.43593E-04   0.43433E-08
  0.067   0.200    0.12087E-04   0.18330E-02  -0.15631E-03  -0.98380E-04   0.64790E-06   0.35426E-08
  0.067   0.200   -0.80827E-03   0.15743E-02   0.63887E-02  -0.84515E-04  -0.43275E-04   0.13438E-08
  0.067   0.200   -0.12176E-02   0.10234E-02   0.11291E-01  -0.54948E-04  -0.65205E-04  -0.82994E-09
  0.067   0.200   -0.56329E-05   0.94413E-02  -0.70904E-04  -0.50594E-03  -0.93814E-06   0.11524E-07
  0.067   0.200    0.68741E-02   0.38034E-02  -0.26723E-01  -0.20454E-03   0.36828E-03  -0.74815E-07
  0.067   0.200   -0.71419E-02   0.40657E-02   0.26693E-01  -0.21773E-03  -0.38373E-03   0.10654E-06
  0.067   0.200   -0.54851E-02  -0.30877E-03   0.32566E-01   0.16354E-04  -0.29363E-03  -0.96903E-08
  0.067   0.200   -0.24878E-03  -0.18301E+00  -0.30357E+00   0.96603E-02  -0.14085E-04  -0.18235E-06
  0.067   0.200    0.96857E-03   0.18401E+01  -0.12690E-01  -0.98419E-01   0.58690E-04   0.38542E-05
  0.130   0.385    0.92858E-03   0.18420E+01   0.11020E-01  -0.98516E-01   0.56605E-04   0.38542E-05
  0.130   0.385   -0.23279E-03  -0.18116E+00   0.30441E+00   0.95614E-02  -0.12290E-04  -0.50371E-06
  0.130   0.385   -0.28348E-03  -0.17431E-01   0.82509E-01   0.94084E-03  -0.19406E-04   0.23717E-06
  0.130   0.385   -0.31654E-04  -0.50866E-02   0.46853E-01   0.27220E-03  -0.16143E-05  -0.21315E-07
  0.130   0.385    0.73123E-02   0.39984E-02   0.27546E-01  -0.21392E-03   0.39171E-03  -0.21257E-07
  0.130   0.385    0.41884E-03   0.95466E-02   0.68073E-03  -0.51193E-03   0.22909E-04   0.17850E-07
  0.130   0.385    0.53023E-02  -0.40268E-03   0.33203E-01   0.21226E-04   0.28332E-03  -0.89565E-08
  0.130   0.385    0.28697E-02  -0.11002E-02   0.30040E-01   0.58818E-04   0.15357E-03  -0.88993E-08
  0.130   0.385    0.19076E-04   0.19645E-02  -0.16301E-03  -0.10538E-03   0.10164E-05   0.18874E-08
  0.130   0.385    0.82443E-03   0.16629E-02   0.67069E-02  -0.89236E-04   0.44153E-04  -0.51777E-09
  0.130   0.385   -0.21578E-03  -0.18242E+00  -0.30176E+00   0.96285E-02  -0.12421E-04  -0.17730E-06
  0.130   0.385    0.92295E-03   0.18502E+01  -0.73381E-03  -0.98946E-01   0.56294E-04   0.38711E-05
  0.130   0.385   -0.21308E-03  -0.18047E+00   0.30140E+00   0.95248E-02  -0.10973E-04  -0.51209E-06
  0.130   0.385   -0.28566E-03  -0.17425E-01   0.80923E-01   0.94046E-03  -0.19523E-04   0.23568E-06
  0.130   0.385    0.64597E-04   0.92893E-02   0.40149E-03  -0.49824E-03   0.40020E-05   0.18064E-07
  0.130   0.385   -0.70159E-02   0.40343E-02  -0.26568E-01  -0.21646E-03  -0.37550E-03   0.18523E-07
  0.130   0.385    0.69053E-02   0.38303E-02   0.27184E-01  -0.20466E-03   0.36884E-03  -0.20159E-07
  0.130   0.385    0.51325E-02  -0.44261E-03   0.32431E-01   0.23347E-04   0.27423E-03  -0.89057E-08
  0.130   0.385   -0.79562E-03   0.16340E-02  -0.66191E-02  -0.87656E-04  -0.42611E-04   0.38138E-08
  0.130   0.385   -0.32971E-05   0.19103E-02   0.10101E-03  -0.10248E-03  -0.17306E-06   0.18191E-08
  0.130   0.385    0.16858E-04  -0.17754E-01  -0.81721E-01   0.95638E-03   0.27521E-05  -0.32124E-06
  0.130   0.385   -0.20405E-03  -0.18185E+00  -0.30292E+00   0.95981E-02  -0.11791E-04  -0.17589E-06
  0.130   0.385    0.94301E-03   0.18502E+01  -0.17802E-02  -0.98946E-01   0.57365E-04   0.38696E-05
  0.130   0.385   -0.20804E-03  -0.18105E+00   0.30020E+00   0.95553E-02  -0.10824E-04  -0.51184E-06
  0.130   0.385   -0.71524E-02   0.39718E-02  -0.27100E-01  -0.21312E-03  -0.38279E-03   0.18624E-07
  0.130   0.385   -0.52815E-02  -0.35664E-03  -0.32621E-01   0.18892E-04  -0.28254E-03   0.13712E-07
  0.130   0.385   -0.47282E-04   0.92669E-02  -0.52993E-03  -0.49715E-03  -0.25067E-05   0.18687E-07
  0.130   0.385    0.69878E-02   0.39840E-02   0.26107E-01  -0.21315E-03   0.37444E-03  -0.20296E-07
  0.130   0.385   -0.12183E-02   0.10328E-02  -0.11727E-01  -0.55401E-04  -0.65251E-04   0.50049E-08
  0.130   0.385   -0.82415E-03   0.16415E-02  -0.67341E-02  -0.88035E-04  -0.44132E-04   0.39332E-08
  0.130   0.385    0.25201E-04  -0.51191E-02  -0.47492E-01   0.27424E-03   0.13326E-05   0.26377E-07
  0.130   0.385    0.20633E-04  -0.17762E-01  -0.83384E-01   0.95689E-03   0.29540E-05  -0.31984E-06
  0.130   0.385   -0.19874E-03  -0.18253E+00  -0.30602E+00   0.96343E-02  -0.11377E-04  -0.18198E-06
  0.130   0.385    0.94248E-03   0.18421E+01  -0.13498E-01  -0.98518E-01   0.57314E-04   0.38577E-05
  0.130   0.385   -0.54455E-02  -0.36014E-03  -0.33521E-01   0.19103E-04  -0.29130E-03   0.14149E-07
  0.130   0.385   -0.29231E-02  -0.10968E-02  -0.30453E-01   0.58798E-04  -0.15649E-03   0.95918E-08
  0.130   0.385   -0.73497E-02   0.40172E-02  -0.28020E-01  -0.21560E-03  -0.39322E-03   0.19294E-07
  0.130   0.385   -0.38660E-03   0.95731E-02  -0.98489E-03  -0.51342E-03  -0.20659E-04   0.19675E-07
  0.130   0.385   -0.12640E-02   0.50238E-03  -0.14808E-01  -0.26938E-04  -0.67705E-04   0.53711E-08
  0.130   0.385   -0.12574E-02   0.10821E-02  -0.11916E-01  -0.58019E-04  -0.67341E-04   0.51600E-08
  0.130   0.385    0.70599E-02   0.39974E-02  -0.27020E-01  -0.21476E-03   0.37861E-03  -0.71289E-07
  0.130   0.385    0.25198E-04   0.92355E-02  -0.40564E-03  -0.49499E-03   0.17862E-05   0.73446E-08
  0.130   0.385   -0.71501E-02   0.39896E-02   0.26220E-01  -0.21390E-03  -0.38392E-03   0.10833E-06
  0.130   0.385   -0.52574E-02  -0.32258E-03   0.31802E-01   0.16924E-04  -0.28121E-03  -0.11510E-07
  0.130   0.385    0.94282E-03   0.18502E+01  -0.10071E-02  -0.98948E-01   0.57364E-04   0.38710E-05
  0.130   0.385   -0.24610E-03  -0.18241E+00  -0.30214E+00   0.96278E-02  -0.14057E-04  -0.17693E-06
  0.130   0.385   -0.33204E-03  -0.18044E+00   0.30141E+00   0.95227E-02  -0.17788E-04  -0.50473E-06
  0.130   0.385   -0.19595E-03  -0.17438E-01   0.80682E-01   0.94112E-03  -0.14695E-04   0.23492E-06
  0.130   0.385   -0.70377E-02   0.40096E-02  -0.26849E-01  -0.21514E-03  -0.37661E-03   0.18728E-07
  0.130   0.385   -0.11914E-03   0.94075E-02  -0.50756E-04  -0.50451E-03  -0.64782E-05   0.19094E-07
  0.130   0.385   -0.31329E-03   0.95465E-02   0.12999E-03  -0.51153E-03  -0.16298E-04   0.93714E-08
  0.130   0.385   -0.73578E-02   0.40050E-02   0.27185E-01  -0.21474E-03  -0.39503E-03   0.10793E-06
  0.130   0.385   -0.54183E-02  -0.32661E-03   0.32736E-01   0.17166E-04  -0.28980E-03  -0.11861E-07
  0.130   0.385   -0.29127E-02  -0.10677E-02   0.29770E-01   0.57110E-04  -0.15591E-03  -0.88102E-08
  0.130   0.385   -0.16921E-03  -0.18115E+00   0.30434E+00   0.95610E-02  -0.88774E-05  -0.50409E-06
  0.130   0.385    0.94863E-03   0.18420E+01   0.10871E-01  -0.98517E-01   0.57676E-04   0.38541E-05
  0.130   0.385   -0.19279E-03  -0.17433E-01   0.82451E-01   0.94097E-03  -0.14534E-04   0.23651E-06
  0.130   0.385    0.17924E-04  -0.50920E-02   0.46614E-01   0.27249E-03   0.10509E-05  -0.21762E-07
  0.130   0.385    0.32134E-03   0.95651E-02   0.21479E-03  -0.51296E-03   0.17010E-04   0.18196E-07
  0.130   0.385    0.72193E-02   0.39882E-02   0.27256E-01  -0.21341E-03   0.38673E-03  -0.20773E-07
  0.130   0.385    0.52929E-02  -0.36144E-03  -0.32696E-01   0.19138E-04   0.28311E-03   0.18669E-08
  0.130   0.385    0.71949E-02   0.39755E-02  -0.27245E-01  -0.21359E-03   0.38581E-03  -0.71622E-07
  0.130   0.385    0.93013E-04   0.92326E-02  -0.71023E-03  -0.49484E-03   0.54196E-05   0.72027E-08
  0.130   0.385   -0.70124E-02   0.40065E-02   0.25975E-01  -0.21481E-03  -0.37659E-03   0.10829E-06
  0.130   0.385   -0.25784E-03  -0.18184E+00  -0.30309E+00   0.95975E-02  -0.14688E-04  -0.17538E-06
  0.130   0.385   -0.38274E-04  -0.17762E-01  -0.81878E-01   0.95676E-03  -0.20089E-06  -0.32112E-06
  0.130   0.385    0.95324E-03   0.18502E+01  -0.18872E-02  -0.98946E-01   0.57946E-04   0.38693E-05
  0.130   0.385   -0.14014E-03  -0.18104E+00   0.29972E+00   0.95549E-02  -0.71789E-05  -0.51297E-06
  0.130   0.385   -0.52982E-02  -0.32097E-03  -0.32502E-01   0.16975E-04  -0.28344E-03   0.14298E-07
  0.130   0.385   -0.71401E-02   0.42837E-02  -0.26627E-01  -0.22959E-03  -0.38207E-03   0.19492E-07
  0.130   0.385    0.29314E-02  -0.10992E-02  -0.30494E-01   0.58917E-04   0.15691E-03   0.16286E-08
  0.130   0.385    0.54533E-02  -0.36260E-03  -0.33585E-01   0.19228E-04   0.29168E-03   0.18117E-08
  0.130   0.385    0.73999E-02   0.39928E-02  -0.28152E-01  -0.21452E-03   0.39676E-03  -0.71557E-07
  0.130   0.385    0.42487E-03   0.95470E-02  -0.11746E-02  -0.51156E-03   0.23137E-04   0.68776E-08
  0.130   0.385   -0.51722E-04  -0.17766E-01  -0.83507E-01   0.95711E-03  -0.92737E-06  -0.31927E-06
  0.130   0.385   -0.10820E-04  -0.51294E-02  -0.47578E-01   0.27479E-03  -0.59512E-06   0.26488E-07
  0.130   0.385   -0.27449E-03  -0.18250E+00  -0.30614E+00   0.96331E-02  -0.15454E-04  -0.18097E-06
  0.130   0.385    0.92888E-03   0.18421E+01  -0.13540E-01  -0.98518E-01   0.56580E-04   0.38581E-05
  0.130   0.385   -0.29175E-02  -0.10770E-02  -0.30414E-01   0.57733E-04  -0.15619E-03   0.99611E-08
  0.130   0.385   -0.53332E-02  -0.21538E-03  -0.33286E-01   0.11432E-04  -0.28534E-03   0.14710E-07
  0.130   0.385   -0.83780E-05   0.19617E-02  -0.40860E-03  -0.10523E-03  -0.44246E-06   0.36185E-08
  0.130   0.385   -0.83363E-03   0.16306E-02   0.64250E-02  -0.87532E-04  -0.44631E-04   0.13399E-08
  0.130   0.385   -0.12514E-02   0.10431E-02   0.11481E-01  -0.56020E-04  -0.67004E-04  -0.90087E-09
  0.130   0.385   -0.12516E-02   0.51543E-03   0.14361E-01  -0.27698E-04  -0.67030E-04  -0.23849E-08
  0.130   0.385   -0.72821E-02   0.40024E-02   0.27162E-01  -0.21460E-03  -0.39088E-03   0.10760E-06
  0.130   0.385   -0.30243E-03   0.95424E-02   0.31283E-04  -0.51133E-03  -0.15701E-04   0.94412E-08
  0.130   0.385   -0.54010E-02  -0.29569E-03   0.32781E-01   0.15522E-04  -0.28888E-03  -0.11974E-07
  0.130   0.385   -0.29058E-02  -0.10355E-02   0.29942E-01   0.55380E-04  -0.15550E-03  -0.85121E-08
  0.130   0.385    0.95463E-03   0.18420E+01   0.10580E-01  -0.98513E-01   0.58003E-04   0.38532E-05
  0.130   0.385   -0.13405E-03  -0.18180E+00   0.30326E+00   0.95955E-02  -0.69978E-05  -0.50567E-06
  0.130   0.385    0.84823E-03   0.16559E-02  -0.73408E-02  -0.88827E-04   0.45420E-04   0.46011E-08
  0.130   0.385    0.35980E-04   0.19042E-02  -0.54861E-03  -0.10219E-03   0.19256E-05   0.37860E-08
  0.130   0.385   -0.80040E-03   0.16484E-02   0.62663E-02  -0.88484E-04  -0.42852E-04   0.15139E-08
  0.130   0.385   -0.12240E-02   0.10937E-02   0.11428E-01  -0.58717E-04  -0.65546E-04  -0.73666E-09
  0.130   0.385    0.26308E-03   0.94055E-02  -0.12416E-02  -0.50411E-03   0.14514E-04   0.69327E-08
  0.130   0.385    0.72266E-02   0.39930E-02  -0.28125E-01  -0.21453E-03   0.38750E-03  -0.71085E-07
  0.130   0.385   -0.71151E-02   0.42775E-02   0.26388E-01  -0.22931E-03  -0.38197E-03   0.10840E-06
  0.130   0.385   -0.54742E-02  -0.18746E-03   0.32767E-01   0.96984E-05  -0.29286E-03  -0.82950E-08
  0.130   0.385   -0.28004E-03  -0.18318E+00  -0.30492E+00   0.96687E-02  -0.15757E-04  -0.18206E-06
  0.130   0.385    0.93622E-03   0.18420E+01  -0.13089E-01  -0.98515E-01   0.56959E-04   0.38591E-05
