  0.000   0.000    0.12329E-05   0.59321E-05  -0.19273E-06  -0.30594E-06   0.77070E-07   0.40335E-07
  0.000   0.000   -0.20798E-06  -0.33689E-06   0.68936E-06   0.17812E-07  -0.11008E-07  -0.16894E-11
  0.000   0.000   -0.24716E-07  -0.49487E-07   0.19662E-06   0.27074E-08  -0.16064E-08   0.16063E-10
  0.000   0.000   -0.25835E-08  -0.15447E-07   0.89207E-07   0.82713E-09  -0.13794E-09  -0.50518E-13
  0.000   0.000    0.31613E-07   0.10041E-07   0.78336E-07  -0.54017E-09   0.16865E-08   0.25723E-13
  0.000   0.000   -0.37616E-08   0.40137E-07  -0.22621E-07  -0.21503E-08  -0.20025E-09  -0.72329E-13
  0.000   0.000    0.18277E-07  -0.65232E-08   0.77638E-07   0.34843E-09   0.97641E-09  -0.27105E-13
  0.000   0.000    0.77515E-08  -0.58568E-08   0.53761E-07   0.31355E-09   0.41453E-09  -0.20162E-13
  0.000   0.000   -0.80427E-09   0.37591E-08  -0.83144E-08  -0.20156E-09  -0.43070E-10   0.52766E-14
  0.000   0.000    0.16760E-08   0.30100E-08   0.46874E-08  -0.16147E-09   0.89708E-10   0.23330E-15
  0.000   0.000    0.24768E-06  -0.55202E-06  -0.90063E-06   0.29064E-07   0.13131E-07  -0.16060E-11
  0.000   0.000    0.12394E-05   0.59566E-05  -0.22792E-06  -0.30723E-06   0.77413E-07   0.40335E-07
  0.000   0.000   -0.20904E-06  -0.33567E-06   0.67831E-06   0.17750E-07  -0.11073E-07  -0.17124E-11
  0.000   0.000   -0.24589E-07  -0.49146E-07   0.19190E-06   0.26888E-08  -0.15996E-08   0.16061E-10
  0.000   0.000   -0.55682E-08   0.39879E-07  -0.25826E-07  -0.21368E-08  -0.29677E-09  -0.67710E-13
  0.000   0.000   -0.38309E-07   0.60559E-08  -0.11911E-06  -0.32667E-09  -0.20386E-08   0.27477E-13
  0.000   0.000    0.30236E-07   0.98315E-08   0.76557E-07  -0.52824E-09   0.16097E-08   0.29919E-13
  0.000   0.000    0.17784E-07  -0.65648E-08   0.75264E-07   0.35053E-09   0.95004E-09  -0.26838E-13
  0.000   0.000   -0.31743E-08   0.25467E-08  -0.20393E-07  -0.13656E-09  -0.16992E-09   0.91842E-14
  0.000   0.000   -0.90631E-09   0.36852E-08  -0.84151E-08  -0.19757E-09  -0.48510E-10   0.52752E-14
  0.000   0.000    0.23681E-07  -0.55547E-07  -0.21745E-06   0.29607E-08   0.12631E-08   0.15295E-11
  0.000   0.000    0.24847E-06  -0.55235E-06  -0.90108E-06   0.29085E-07   0.13172E-07  -0.15988E-11
  0.000   0.000    0.12392E-05   0.59567E-05  -0.22885E-06  -0.30723E-06   0.77402E-07   0.40335E-07
  0.000   0.000   -0.20692E-06  -0.33652E-06   0.67916E-06   0.17790E-07  -0.10951E-07  -0.17202E-11
  0.000   0.000   -0.38709E-07   0.65748E-08  -0.11883E-06  -0.35410E-09  -0.20597E-08   0.27009E-13
  0.000   0.000   -0.21284E-07  -0.10125E-07  -0.10388E-06   0.54163E-09  -0.11380E-08   0.44508E-13
  0.000   0.000   -0.64389E-08   0.38695E-07  -0.23152E-07  -0.20651E-08  -0.35155E-09  -0.66388E-13
  0.000   0.000    0.30396E-07   0.98738E-08   0.75154E-07  -0.53133E-09   0.16213E-08   0.28018E-13
  0.000   0.000   -0.38034E-08   0.74135E-09  -0.25807E-07  -0.39765E-10  -0.20361E-09   0.10239E-13
  0.000   0.000   -0.31653E-08   0.26122E-08  -0.19627E-07  -0.14000E-09  -0.16942E-09   0.91802E-14
  0.000   0.000    0.56498E-08  -0.17439E-07  -0.10140E-06   0.93410E-09   0.30216E-09   0.56261E-13
  0.000   0.000    0.23944E-07  -0.55854E-07  -0.22187E-06   0.29773E-08   0.12771E-08   0.15318E-11
  0.000   0.000    0.24876E-06  -0.55161E-06  -0.90898E-06   0.29046E-07   0.13188E-07  -0.16209E-11
  0.000   0.000    0.12452E-05   0.59430E-05  -0.24989E-06  -0.30651E-06   0.77720E-07   0.40335E-07
  0.000   0.000   -0.21710E-07  -0.10024E-07  -0.10641E-06   0.53652E-09  -0.11607E-08   0.45232E-13
  0.000   0.000   -0.87029E-08  -0.81342E-08  -0.71742E-07   0.43600E-09  -0.46565E-09   0.20443E-13
  0.000   0.000   -0.39414E-07   0.55832E-08  -0.12225E-06  -0.29995E-09  -0.20989E-08   0.31179E-13
  0.000   0.000   -0.68778E-08   0.40019E-07  -0.29443E-07  -0.21438E-08  -0.36574E-09  -0.61523E-13
  0.000   0.000   -0.32594E-08  -0.50757E-09  -0.26979E-07   0.27231E-10  -0.17451E-09   0.92394E-14
  0.000   0.000   -0.38950E-08   0.78222E-09  -0.26707E-07  -0.41879E-10  -0.20851E-09   0.10607E-13
  0.000   0.000    0.60688E-08   0.11605E-07  -0.17910E-07  -0.62066E-09   0.31957E-09   0.37449E-12
  0.000   0.000   -0.11609E-07   0.13309E-07   0.34709E-07  -0.71073E-09  -0.62289E-09  -0.51085E-12
  0.000   0.000   -0.16988E-07   0.16228E-08   0.62909E-07  -0.85514E-10  -0.92205E-09   0.88356E-12
  0.000   0.000   -0.10652E-07  -0.34843E-08   0.57653E-07   0.18620E-09  -0.56970E-09  -0.27424E-13
  0.000   0.000    0.12393E-05   0.59559E-05  -0.22889E-06  -0.30719E-06   0.77404E-07   0.40335E-07
  0.000   0.000    0.24792E-06  -0.55430E-06  -0.89875E-06   0.29188E-07   0.13143E-07  -0.16017E-11
  0.000   0.000   -0.21565E-06  -0.33122E-06   0.67745E-06   0.17497E-07  -0.11409E-07  -0.16452E-11
  0.000   0.000   -0.24935E-07  -0.49028E-07   0.19196E-06   0.26828E-08  -0.16182E-08   0.16057E-10
  0.000   0.000   -0.38306E-07   0.59547E-08  -0.11953E-06  -0.32095E-09  -0.20388E-08   0.26088E-13
  0.000   0.000   -0.59795E-08   0.39973E-07  -0.25976E-07  -0.21414E-08  -0.31877E-09  -0.60563E-13
  0.000   0.000   -0.11909E-07   0.14413E-07   0.34076E-07  -0.76960E-09  -0.63872E-09  -0.51770E-12
  0.000   0.000   -0.17498E-07   0.18302E-08   0.64368E-07  -0.96656E-10  -0.94929E-09   0.88324E-12
  0.000   0.000   -0.11100E-07  -0.34183E-08   0.59517E-07   0.18276E-09  -0.59362E-09  -0.28429E-13
  0.000   0.000   -0.58555E-08  -0.37911E-08   0.45450E-07   0.20304E-09  -0.31335E-09  -0.17881E-13
  0.000   0.000   -0.20970E-06  -0.33718E-06   0.68817E-06   0.17831E-07  -0.11109E-07  -0.16836E-11
  0.000   0.000    0.12330E-05   0.59322E-05  -0.19255E-06  -0.30595E-06   0.77074E-07   0.40335E-07
  0.000   0.000   -0.25457E-07  -0.51509E-07   0.20098E-06   0.28319E-08  -0.16583E-08   0.16083E-10
  0.000   0.000   -0.25177E-08  -0.15598E-07   0.89793E-07   0.83524E-09  -0.13441E-09  -0.52771E-13
  0.000   0.000   -0.37715E-08   0.39928E-07  -0.22856E-07  -0.21389E-08  -0.20095E-09  -0.67455E-13
  0.000   0.000    0.31301E-07   0.97918E-08   0.78345E-07  -0.52700E-09   0.16700E-08   0.27959E-13
  0.000   0.000    0.98667E-08   0.15135E-08  -0.41180E-07  -0.81361E-10   0.52783E-09   0.11458E-13
  0.000   0.000    0.63392E-08   0.11515E-07  -0.18206E-07  -0.61592E-09   0.33400E-09   0.37319E-12
  0.000   0.000   -0.11525E-07   0.13350E-07   0.34401E-07  -0.71292E-09  -0.61839E-09  -0.51034E-12
  0.000   0.000   -0.16825E-07   0.15791E-08   0.62698E-07  -0.83263E-10  -0.91342E-09   0.88535E-12
  0.000   0.000    0.24783E-06  -0.54906E-06  -0.90670E-06   0.28896E-07   0.13133E-07  -0.15963E-11
  0.000   0.000    0.23416E-07  -0.56546E-07  -0.21933E-06   0.30146E-08   0.12480E-08   0.15236E-11
  0.000   0.000    0.12397E-05   0.59570E-05  -0.23002E-06  -0.30725E-06   0.77427E-07   0.40335E-07
  0.000   0.000   -0.20668E-06  -0.33648E-06   0.67793E-06   0.17788E-07  -0.10939E-07  -0.17246E-11
  0.000   0.000   -0.21368E-07  -0.10111E-07  -0.10451E-06   0.54087E-09  -0.11425E-08   0.45805E-13
  0.000   0.000   -0.38757E-07   0.75245E-08  -0.11902E-06  -0.40354E-09  -0.20634E-08   0.28680E-13
  0.000   0.000    0.64700E-08  -0.19049E-08  -0.39802E-07   0.10205E-09   0.34627E-09  -0.10324E-14
  0.000   0.000    0.10136E-07   0.15693E-08  -0.41908E-07  -0.84315E-10   0.54216E-09   0.11419E-13
  0.000   0.000    0.65796E-08   0.11660E-07  -0.18573E-07  -0.62367E-09   0.34686E-09   0.37314E-12
  0.000   0.000   -0.11282E-07   0.13835E-07   0.35207E-07  -0.73862E-09  -0.60581E-09  -0.50356E-12
  0.000   0.000    0.23799E-07  -0.56320E-07  -0.22282E-06   0.30032E-08   0.12699E-08   0.15303E-11
  0.000   0.000    0.55563E-08  -0.17476E-07  -0.10183E-06   0.93610E-09   0.29716E-09   0.55978E-13
  0.000   0.000    0.24839E-06  -0.55014E-06  -0.91167E-06   0.28954E-07   0.13163E-07  -0.16110E-11
  0.000   0.000    0.12453E-05   0.59430E-05  -0.25001E-06  -0.30651E-06   0.77724E-07   0.40335E-07
  0.000   0.000   -0.86645E-08  -0.81129E-08  -0.71893E-07   0.43485E-09  -0.46359E-09   0.21059E-13
  0.000   0.000   -0.21136E-07  -0.99194E-08  -0.10649E-06   0.53091E-09  -0.11302E-08   0.45404E-13
  0.000   0.000   -0.96023E-09   0.22670E-08   0.50785E-08  -0.12158E-09  -0.51366E-10   0.30256E-14
  0.000   0.000   -0.20956E-08   0.14836E-08   0.12250E-07  -0.79648E-10  -0.11215E-09  -0.30992E-15
  0.000   0.000   -0.23974E-08   0.54296E-09   0.16029E-07  -0.29194E-10  -0.12832E-09  -0.28982E-14
  0.000   0.000   -0.20787E-08  -0.13505E-09   0.16674E-07   0.71776E-11  -0.11129E-09  -0.41078E-14
  0.000   0.000   -0.17177E-07   0.17133E-08   0.64090E-07  -0.90208E-10  -0.93198E-09   0.88299E-12
  0.000   0.000   -0.11862E-07   0.14356E-07   0.33533E-07  -0.76653E-09  -0.63621E-09  -0.51728E-12
  0.000   0.000   -0.10913E-07  -0.34423E-08   0.59425E-07   0.18425E-09  -0.58351E-09  -0.27423E-13
  0.000   0.000   -0.58976E-08  -0.37854E-08   0.45416E-07   0.20287E-09  -0.31584E-09  -0.16418E-13
  0.000   0.000    0.12331E-05   0.59318E-05  -0.19400E-06  -0.30592E-06   0.77080E-07   0.40335E-07
  0.000   0.000   -0.20899E-06  -0.33967E-06   0.68287E-06   0.17963E-07  -0.11071E-07  -0.16935E-11
  0.000   0.000    0.40360E-09   0.21566E-08  -0.20073E-08  -0.11566E-09   0.21634E-10   0.48023E-14
  0.000   0.000   -0.10539E-08   0.21658E-08   0.62797E-08  -0.11622E-09  -0.56380E-10   0.28420E-14
  0.000   0.000   -0.21703E-08   0.14506E-08   0.13228E-07  -0.77877E-10  -0.11614E-09  -0.53703E-15
  0.000   0.000   -0.24384E-08   0.51565E-09   0.16907E-07  -0.27734E-10  -0.13053E-09  -0.30552E-14
  0.000   0.000   -0.11701E-07   0.13773E-07   0.35634E-07  -0.73561E-09  -0.62789E-09  -0.50242E-12
  0.000   0.000    0.61892E-08   0.11701E-07  -0.18140E-07  -0.62572E-09   0.32582E-09   0.37144E-12
  0.000   0.000   -0.17461E-07   0.20112E-08   0.65984E-07  -0.10644E-09  -0.94704E-09   0.90458E-12
  0.000   0.000   -0.11306E-07  -0.37109E-08   0.61449E-07   0.19852E-09  -0.60469E-09  -0.20425E-13
  0.000   0.000    0.24798E-06  -0.55359E-06  -0.90478E-06   0.29148E-07   0.13146E-07  -0.16190E-11
  0.000   0.000    0.12452E-05   0.59427E-05  -0.24825E-06  -0.30650E-06   0.77718E-07   0.40335E-07
 -1.000  -1.000    0.11588E-05   0.62988E-05   0.36546E-06  -0.28532E-06   0.83525E-07   0.24923E-07
 -1.000  -1.000   -0.80681E-07  -0.16242E-06   0.25562E-06   0.11952E-07  -0.50036E-08  -0.74213E-10
 -1.000  -1.000   -0.30279E-07  -0.77866E-07   0.43774E-07   0.58174E-08  -0.21530E-08   0.36988E-10
 -1.000  -1.000   -0.13004E-10  -0.37128E-09   0.26830E-08   0.21916E-10  -0.69804E-12  -0.12279E-13
 -1.000  -1.000    0.38479E-08  -0.42129E-08   0.63085E-08   0.36569E-09   0.31089E-09  -0.51104E-11
 -1.000  -1.000    0.53895E-08  -0.86937E-09   0.18959E-08   0.29628E-10   0.45533E-09  -0.19409E-11
 -1.000  -1.000    0.25625E-09  -0.21171E-09   0.25716E-08   0.12524E-10   0.15226E-10  -0.35426E-14
 -1.000  -1.000    0.77739E-10  -0.11454E-09   0.12802E-08   0.68109E-11   0.46107E-11  -0.11774E-14
 -1.000  -1.000    0.40254E-10   0.89426E-11   0.54085E-09  -0.52415E-12   0.23878E-11  -0.40940E-15
 -1.000  -1.000    0.40960E-10  -0.77447E-11   0.54524E-09   0.45946E-12   0.24293E-11  -0.48755E-15
 -1.000  -1.000    0.67469E-08   0.10199E-06   0.83739E-07  -0.59309E-08   0.34751E-09  -0.68814E-11
 -1.000  -1.000    0.11590E-05   0.62986E-05   0.36584E-06  -0.28531E-06   0.83531E-07   0.24923E-07
 -1.000  -1.000   -0.80661E-07  -0.16236E-06   0.25563E-06   0.11950E-07  -0.50027E-08  -0.74209E-10
 -1.000  -1.000   -0.30279E-07  -0.77893E-07   0.43734E-07   0.58190E-08  -0.21530E-08   0.36987E-10
 -1.000  -1.000    0.53905E-08  -0.88533E-09   0.19496E-08   0.30553E-10   0.45538E-09  -0.19406E-11
 -1.000  -1.000    0.53557E-09   0.16651E-09   0.22552E-08  -0.10796E-10   0.42910E-10  -0.97805E-13
 -1.000  -1.000    0.38539E-08  -0.42142E-08   0.63004E-08   0.36577E-09   0.31129E-09  -0.51107E-11
 -1.000  -1.000    0.25614E-09  -0.22195E-09   0.25494E-08   0.13120E-10   0.15220E-10  -0.35584E-14
 -1.000  -1.000    0.31658E-10   0.14537E-10   0.47352E-09  -0.85732E-12   0.18769E-11  -0.33067E-15
 -1.000  -1.000    0.40517E-10   0.18325E-11   0.54392E-09  -0.10882E-12   0.24037E-11  -0.48634E-15
 -1.000  -1.000    0.29490E-08   0.27574E-08   0.57549E-08  -0.32084E-09   0.26818E-09   0.24114E-10
 -1.000  -1.000    0.10123E-07   0.97867E-07   0.88087E-07  -0.57096E-08   0.53873E-09  -0.68913E-11
 -1.000  -1.000    0.11590E-05   0.62985E-05   0.36593E-06  -0.28531E-06   0.83533E-07   0.24923E-07
 -1.000  -1.000   -0.80685E-07  -0.16252E-06   0.25553E-06   0.11959E-07  -0.50038E-08  -0.74210E-10
 -1.000  -1.000    0.53941E-09   0.16020E-09   0.22757E-08  -0.10425E-10   0.43186E-10  -0.98032E-13
 -1.000  -1.000    0.75263E-10   0.95958E-10   0.12572E-08  -0.56721E-11   0.44481E-11  -0.13275E-14
 -1.000  -1.000    0.54086E-08  -0.85500E-09   0.19650E-08   0.28698E-10   0.45654E-09  -0.19406E-11
 -1.000  -1.000    0.38528E-08  -0.42359E-08   0.62488E-08   0.36703E-09   0.31121E-09  -0.51107E-11
 -1.000  -1.000    0.21195E-10   0.14949E-10   0.37491E-09  -0.88292E-12   0.12563E-11  -0.24876E-15
 -1.000  -1.000    0.31774E-10   0.81927E-11   0.47308E-09  -0.48695E-12   0.18840E-11  -0.38720E-15
 -1.000  -1.000    0.19774E-10   0.16102E-09   0.13742E-08  -0.95419E-11   0.11766E-11   0.49005E-15
 -1.000  -1.000    0.29277E-08   0.25043E-08   0.52606E-08  -0.30635E-09   0.26695E-09   0.24115E-10
 -1.000  -1.000    0.82072E-08   0.10187E-06   0.85179E-07  -0.59273E-08   0.43486E-09  -0.69477E-11
 -1.000  -1.000    0.11591E-05   0.62966E-05   0.36179E-06  -0.28520E-06   0.83539E-07   0.24923E-07
 -1.000  -1.000    0.73020E-10   0.85876E-10   0.12094E-08  -0.50778E-11   0.43164E-11  -0.14678E-14
 -1.000  -1.000    0.30922E-10   0.51250E-10   0.68514E-09  -0.30352E-11   0.18306E-11   0.34932E-16
 -1.000  -1.000    0.53374E-09   0.14812E-09   0.21630E-08  -0.97291E-11   0.42830E-10  -0.99152E-13
 -1.000  -1.000    0.53906E-08  -0.89836E-09   0.16982E-08   0.31223E-10   0.45542E-09  -0.19400E-11
 -1.000  -1.000    0.12645E-10   0.11847E-10   0.26631E-09  -0.70009E-12   0.74919E-12  -0.17806E-15
 -1.000  -1.000    0.20633E-10   0.92758E-11   0.35452E-09  -0.55132E-12   0.12231E-11  -0.28898E-15
 -1.000  -1.000   -0.11512E-07  -0.13714E-08   0.74186E-08   0.12590E-09  -0.92820E-09   0.18753E-10
 -1.000  -1.000   -0.17213E-07  -0.65495E-08   0.11228E-07   0.56262E-09  -0.13111E-08   0.75708E-11
 -1.000  -1.000   -0.15720E-07  -0.28501E-08   0.88201E-08   0.23431E-09  -0.12677E-08   0.25204E-10
 -1.000  -1.000   -0.18721E-09  -0.18122E-09   0.21727E-08   0.10762E-10  -0.11086E-10  -0.35793E-14
 -1.000  -1.000    0.11590E-05   0.62985E-05   0.36583E-06  -0.28531E-06   0.83533E-07   0.24923E-07
 -1.000  -1.000    0.82829E-08   0.10221E-06   0.85445E-07  -0.59482E-08   0.43927E-09  -0.68644E-11
 -1.000  -1.000   -0.78648E-07  -0.16200E-06   0.25354E-06   0.11928E-07  -0.48920E-08  -0.74240E-10
 -1.000  -1.000   -0.30116E-07  -0.78444E-07   0.40893E-07   0.58338E-08  -0.21274E-08   0.36980E-10
 -1.000  -1.000    0.54312E-09   0.22939E-09   0.23683E-08  -0.14454E-10   0.43299E-10  -0.96863E-13
 -1.000  -1.000    0.59817E-08   0.10586E-08   0.66330E-08  -0.84402E-10   0.50362E-09  -0.19619E-11
 -1.000  -1.000   -0.17187E-07  -0.65302E-08   0.11139E-07   0.56149E-09  -0.13094E-08   0.75652E-11
 -1.000  -1.000   -0.15706E-07  -0.28358E-08   0.87415E-08   0.23343E-09  -0.12669E-08   0.25203E-10
 -1.000  -1.000   -0.18723E-09  -0.17119E-09   0.21862E-08   0.10178E-10  -0.11088E-10  -0.35365E-14
 -1.000  -1.000   -0.66220E-10  -0.96045E-10   0.11447E-08   0.57107E-11  -0.39381E-11  -0.53998E-15
 -1.000  -1.000   -0.80727E-07  -0.16235E-06   0.25589E-06   0.11950E-07  -0.50069E-08  -0.74215E-10
 -1.000  -1.000    0.11590E-05   0.62987E-05   0.36552E-06  -0.28532E-06   0.83532E-07   0.24923E-07
 -1.000  -1.000   -0.30981E-07  -0.79462E-07   0.39800E-07   0.58755E-08  -0.21632E-08   0.37014E-10
 -1.000  -1.000   -0.10474E-10  -0.31800E-09   0.25225E-08   0.18785E-10  -0.54014E-12  -0.11942E-13
 -1.000  -1.000    0.59823E-08   0.10916E-08   0.67334E-08  -0.86295E-10   0.50382E-09  -0.19624E-11
 -1.000  -1.000    0.38483E-08  -0.43408E-08   0.64504E-08   0.37302E-09   0.31066E-09  -0.51171E-11
 -1.000  -1.000   -0.15118E-09   0.18650E-09   0.18805E-08  -0.11036E-10  -0.89770E-11   0.16955E-14
 -1.000  -1.000   -0.11512E-07  -0.13845E-08   0.74597E-08   0.12667E-09  -0.92813E-09   0.18752E-10
 -1.000  -1.000   -0.17203E-07  -0.65621E-08   0.11244E-07   0.56338E-09  -0.13104E-08   0.75705E-11
 -1.000  -1.000   -0.15721E-07  -0.28676E-08   0.87969E-08   0.23532E-09  -0.12678E-08   0.25203E-10
 -1.000  -1.000    0.69491E-08   0.10162E-06   0.83817E-07  -0.59120E-08   0.35823E-09  -0.68635E-11
 -1.000  -1.000    0.29426E-08   0.24950E-08   0.55573E-08  -0.30659E-09   0.26746E-09   0.24089E-10
 -1.000  -1.000    0.11590E-05   0.62986E-05   0.36602E-06  -0.28532E-06   0.83535E-07   0.24923E-07
 -1.000  -1.000   -0.80702E-07  -0.16297E-06   0.26122E-06   0.12011E-07  -0.50307E-08  -0.74226E-10
 -1.000  -1.000    0.73773E-10   0.96935E-10   0.12607E-08  -0.57345E-11   0.43658E-11  -0.81280E-15
 -1.000  -1.000    0.54432E-09   0.19526E-09   0.23082E-08  -0.12464E-10   0.43359E-10  -0.97012E-13
 -1.000  -1.000   -0.42649E-10   0.80810E-10   0.88293E-09  -0.47888E-11  -0.25379E-11   0.87124E-15
 -1.000  -1.000   -0.14948E-09   0.17516E-09   0.18371E-08  -0.10367E-10  -0.88856E-11   0.22966E-14
 -1.000  -1.000   -0.11508E-07  -0.13917E-08   0.73451E-08   0.12710E-09  -0.92789E-09   0.18751E-10
 -1.000  -1.000   -0.17205E-07  -0.65975E-08   0.11036E-07   0.56545E-09  -0.13106E-08   0.75673E-11
 -1.000  -1.000    0.29209E-08   0.23753E-08   0.50290E-08  -0.29887E-09   0.26662E-09   0.24114E-10
 -1.000  -1.000    0.20145E-10   0.15239E-09   0.13552E-08  -0.90079E-11   0.12113E-11  -0.32542E-14
 -1.000  -1.000    0.77433E-08   0.10272E-06   0.81413E-07  -0.59933E-08   0.39725E-09  -0.69142E-11
 -1.000  -1.000    0.11591E-05   0.62966E-05   0.36173E-06  -0.28520E-06   0.83537E-07   0.24923E-07
 -1.000  -1.000    0.30616E-10   0.50058E-10   0.67916E-09  -0.29615E-11   0.18128E-11  -0.45390E-15
 -1.000  -1.000    0.71161E-10   0.73908E-10   0.11771E-08  -0.43876E-11   0.42113E-11  -0.89652E-15
 -1.000  -1.000   -0.46447E-10   0.60332E-11   0.60036E-09  -0.35265E-12  -0.27644E-11   0.12541E-15
 -1.000  -1.000   -0.42222E-10  -0.84284E-11   0.57907E-09   0.50264E-12  -0.25136E-11   0.11137E-16
 -1.000  -1.000   -0.30810E-10  -0.14162E-10   0.48197E-09   0.84442E-12  -0.18346E-11  -0.11069E-15
 -1.000  -1.000   -0.19477E-10  -0.15725E-10   0.36199E-09   0.93407E-12  -0.11601E-11  -0.12701E-15
 -1.000  -1.000   -0.15723E-07  -0.27766E-08   0.87175E-08   0.22994E-09  -0.12675E-08   0.25203E-10
 -1.000  -1.000   -0.17144E-07  -0.65537E-08   0.11062E-07   0.56284E-09  -0.13071E-08   0.75655E-11
 -1.000  -1.000   -0.18686E-09  -0.17369E-09   0.21908E-08   0.10311E-10  -0.11047E-10  -0.52568E-14
 -1.000  -1.000   -0.65461E-10  -0.96838E-10   0.11488E-08   0.57577E-11  -0.38943E-11  -0.79984E-15
 -1.000  -1.000    0.11589E-05   0.62989E-05   0.36569E-06  -0.28533E-06   0.83529E-07   0.24923E-07
 -1.000  -1.000   -0.80626E-07  -0.16314E-06   0.26127E-06   0.12022E-07  -0.50266E-08  -0.74228E-10
 -1.000  -1.000   -0.39385E-10   0.14671E-10   0.53042E-09  -0.86567E-12  -0.23443E-11   0.11223E-15
 -1.000  -1.000   -0.45954E-10   0.17139E-11   0.59114E-09  -0.98671E-13  -0.27358E-11   0.86694E-16
 -1.000  -1.000   -0.41253E-10  -0.91992E-11   0.55669E-09   0.55036E-12  -0.24561E-11  -0.50545E-16
 -1.000  -1.000   -0.29777E-10  -0.16460E-10   0.45326E-09   0.97732E-12  -0.17730E-11  -0.11647E-15
 -1.000  -1.000   -0.17135E-07  -0.65916E-08   0.10993E-07   0.56507E-09  -0.13066E-08   0.75671E-11
 -1.000  -1.000   -0.11510E-07  -0.13988E-08   0.74166E-08   0.12728E-09  -0.92684E-09   0.18666E-10
 -1.000  -1.000   -0.15665E-07  -0.28285E-08   0.85337E-08   0.23351E-09  -0.12644E-08   0.25201E-10
 -1.000  -1.000   -0.17867E-09  -0.17256E-09   0.20312E-08   0.10242E-10  -0.10609E-10  -0.16389E-14
 -1.000  -1.000    0.69519E-08   0.10154E-06   0.83217E-07  -0.59074E-08   0.35797E-09  -0.69673E-11
 -1.000  -1.000    0.11590E-05   0.62966E-05   0.36180E-06  -0.28520E-06   0.83535E-07   0.24923E-07
  0.067   0.200    0.12448E-05   0.59338E-05  -0.20162E-06  -0.30611E-06   0.77650E-07   0.39741E-07
  0.067   0.200   -0.20751E-06  -0.33189E-06   0.70523E-06   0.17544E-07  -0.10983E-07  -0.16866E-11
  0.067   0.200   -0.24851E-07  -0.46525E-07   0.22769E-06   0.25483E-08  -0.16161E-08   0.16062E-10
  0.067   0.200   -0.24569E-08  -0.14337E-07   0.12741E-06   0.76760E-09  -0.13116E-09  -0.57956E-13
  0.067   0.200    0.31594E-07   0.14926E-07   0.89684E-07  -0.80307E-09   0.16800E-08   0.25163E-13
  0.067   0.200   -0.49694E-08   0.44476E-07  -0.30991E-07  -0.23835E-08  -0.27130E-09  -0.63102E-13
  0.067   0.200    0.19773E-07  -0.40984E-08   0.10069E-06   0.21813E-09   0.10562E-08  -0.30308E-13
  0.067   0.200    0.94343E-08  -0.44836E-08   0.84037E-07   0.23981E-09   0.50474E-09  -0.25570E-13
  0.067   0.200   -0.81844E-09   0.69953E-08  -0.19934E-07  -0.37522E-09  -0.43856E-10   0.11617E-13
  0.067   0.200    0.24477E-08   0.60001E-08   0.48016E-08  -0.32195E-09   0.13107E-09   0.31373E-14
  0.067   0.200    0.24876E-06  -0.54678E-06  -0.93314E-06   0.28782E-07   0.13188E-07  -0.15928E-11
  0.067   0.200    0.12514E-05   0.59573E-05  -0.23986E-06  -0.30734E-06   0.78003E-07   0.39741E-07
  0.067   0.200   -0.21024E-06  -0.32838E-06   0.68748E-06   0.17361E-07  -0.11137E-07  -0.17034E-11
  0.067   0.200   -0.24696E-07  -0.45963E-07   0.21902E-06   0.25180E-08  -0.16078E-08   0.16061E-10
  0.067   0.200   -0.68188E-08   0.43612E-07  -0.36496E-07  -0.23376E-08  -0.37002E-09  -0.58763E-13
  0.067   0.200   -0.39512E-07   0.98945E-08  -0.14887E-06  -0.53200E-09  -0.21067E-08   0.40731E-13
  0.067   0.200    0.30997E-07   0.13916E-07   0.82192E-07  -0.74689E-09   0.16486E-08   0.32449E-13
  0.067   0.200    0.19237E-07  -0.37521E-08   0.94276E-07   0.19959E-09   0.10276E-08  -0.27626E-13
  0.067   0.200   -0.40445E-08   0.52921E-08  -0.45102E-07  -0.28385E-09  -0.21660E-09   0.18950E-13
  0.067   0.200   -0.10253E-08   0.68007E-08  -0.22067E-07  -0.36475E-09  -0.54904E-10   0.12175E-13
  0.067   0.200    0.25048E-07  -0.53460E-07  -0.26474E-06   0.28490E-08   0.13371E-08   0.15409E-11
  0.067   0.200    0.24961E-06  -0.54493E-06  -0.93505E-06   0.28685E-07   0.13235E-07  -0.16007E-11
  0.067   0.200    0.12519E-05   0.59582E-05  -0.23915E-06  -0.30740E-06   0.78025E-07   0.39741E-07
  0.067   0.200   -0.20623E-06  -0.33139E-06   0.69181E-06   0.17515E-07  -0.10914E-07  -0.17160E-11
  0.067   0.200   -0.40031E-07   0.96173E-08  -0.15048E-06  -0.51720E-09  -0.21356E-08   0.41421E-13
  0.067   0.200   -0.22584E-07  -0.74504E-08  -0.14890E-06   0.39835E-09  -0.12076E-08   0.58526E-13
  0.067   0.200   -0.58453E-08   0.45642E-07  -0.39616E-07  -0.24490E-08  -0.31429E-09  -0.54409E-13
  0.067   0.200    0.30709E-07   0.13931E-07   0.81704E-07  -0.74795E-09   0.16334E-08   0.34486E-13
  0.067   0.200   -0.52480E-08   0.26821E-08  -0.59282E-07  -0.14385E-09  -0.28108E-09   0.21854E-13
  0.067   0.200   -0.41413E-08   0.53651E-08  -0.44318E-07  -0.28768E-09  -0.22176E-09   0.19040E-13
  0.067   0.200    0.68040E-08  -0.16557E-07  -0.15434E-06   0.88702E-09   0.36403E-09   0.69042E-13
  0.067   0.200    0.25407E-07  -0.53363E-07  -0.26867E-06   0.28442E-08   0.13562E-08   0.15430E-11
  0.067   0.200    0.25111E-06  -0.54486E-06  -0.94139E-06   0.28669E-07   0.13316E-07  -0.16011E-11
  0.067   0.200    0.12573E-05   0.59445E-05  -0.25977E-06  -0.30667E-06   0.78314E-07   0.39741E-07
  0.067   0.200   -0.22900E-07  -0.72046E-08  -0.15199E-06   0.38538E-09  -0.12242E-08   0.61638E-13
  0.067   0.200   -0.92362E-08  -0.75786E-08  -0.12457E-06   0.40617E-09  -0.49381E-09   0.31614E-13
  0.067   0.200   -0.40173E-07   0.99360E-08  -0.15366E-06  -0.53299E-09  -0.21385E-08   0.46804E-13
  0.067   0.200   -0.81533E-08   0.44362E-07  -0.39596E-07  -0.23657E-08  -0.44879E-09  -0.53061E-13
  0.067   0.200   -0.48860E-08   0.62038E-09  -0.66614E-07  -0.33211E-10  -0.26172E-09   0.21730E-13
  0.067   0.200   -0.53513E-08   0.28209E-08  -0.60488E-07  -0.15118E-09  -0.28661E-09   0.22397E-13
  0.067   0.200    0.77730E-08   0.15612E-07  -0.39477E-07  -0.83582E-09   0.41099E-09   0.38394E-12
  0.067   0.200   -0.10919E-07   0.17674E-07   0.29252E-07  -0.94516E-09  -0.58593E-09  -0.50243E-12
  0.067   0.200   -0.17355E-07   0.53080E-08   0.72926E-07  -0.28346E-09  -0.94179E-09   0.88834E-12
  0.067   0.200   -0.11618E-07  -0.10545E-08   0.79404E-07   0.55774E-10  -0.62156E-09  -0.27410E-13
  0.067   0.200    0.12516E-05   0.59573E-05  -0.24417E-06  -0.30735E-06   0.78013E-07   0.39741E-07
  0.067   0.200    0.24888E-06  -0.54688E-06  -0.93703E-06   0.28787E-07   0.13194E-07  -0.15922E-11
  0.067   0.200   -0.20682E-06  -0.32565E-06   0.68418E-06   0.17193E-07  -0.10937E-07  -0.17050E-11
  0.067   0.200   -0.24104E-07  -0.45937E-07   0.21691E-06   0.25147E-08  -0.15761E-08   0.16055E-10
  0.067   0.200   -0.39177E-07   0.10217E-07  -0.15607E-06  -0.54973E-09  -0.20857E-08   0.40630E-13
  0.067   0.200   -0.59308E-08   0.45252E-07  -0.44259E-07  -0.24248E-08  -0.31619E-09  -0.50076E-13
  0.067   0.200   -0.11405E-07   0.19027E-07   0.31202E-07  -0.10172E-08  -0.61175E-09  -0.51001E-12
  0.067   0.200   -0.18029E-07   0.56226E-08   0.77420E-07  -0.30043E-09  -0.97797E-09   0.88627E-12
  0.067   0.200   -0.12222E-07  -0.98573E-09   0.84322E-07   0.52137E-10  -0.65384E-09  -0.30014E-13
  0.067   0.200   -0.71013E-08  -0.25973E-08   0.77010E-07   0.13896E-09  -0.38016E-09  -0.22887E-13
  0.067   0.200   -0.20963E-06  -0.33261E-06   0.70169E-06   0.17589E-07  -0.11108E-07  -0.16773E-11
  0.067   0.200    0.12448E-05   0.59340E-05  -0.20345E-06  -0.30612E-06   0.77653E-07   0.39741E-07
  0.067   0.200   -0.25495E-07  -0.48733E-07   0.23114E-06   0.26871E-08  -0.16643E-08   0.16094E-10
  0.067   0.200   -0.23005E-08  -0.14502E-07   0.12613E-06   0.77643E-09  -0.12264E-09  -0.60365E-13
  0.067   0.200   -0.35394E-08   0.45369E-07  -0.37345E-07  -0.24312E-08  -0.18862E-09  -0.59814E-13
  0.067   0.200    0.32548E-07   0.14557E-07   0.83372E-07  -0.78289E-09   0.17369E-08   0.31638E-13
  0.067   0.200    0.12024E-07   0.42694E-08  -0.73119E-07  -0.22923E-09   0.64351E-09   0.21497E-13
  0.067   0.200    0.79768E-08   0.15425E-07  -0.37296E-07  -0.82592E-09   0.42182E-09   0.38287E-12
  0.067   0.200   -0.10898E-07   0.17683E-07   0.31197E-07  -0.94565E-09  -0.58482E-09  -0.50252E-12
  0.067   0.200   -0.17206E-07   0.53019E-08   0.74975E-07  -0.28316E-09  -0.93389E-09   0.88910E-12
  0.067   0.200    0.24921E-06  -0.54406E-06  -0.93956E-06   0.28628E-07   0.13207E-07  -0.15826E-11
  0.067   0.200    0.24666E-07  -0.53672E-07  -0.26683E-06   0.28607E-08   0.13146E-08   0.15380E-11
  0.067   0.200    0.12520E-05   0.59585E-05  -0.24199E-06  -0.30741E-06   0.78034E-07   0.39741E-07
  0.067   0.200   -0.20588E-06  -0.33138E-06   0.68915E-06   0.17515E-07  -0.10896E-07  -0.17198E-11
  0.067   0.200   -0.22607E-07  -0.76342E-08  -0.15108E-06   0.40806E-09  -0.12090E-08   0.61139E-13
  0.067   0.200   -0.39387E-07   0.11846E-07  -0.15276E-06  -0.63570E-09  -0.20968E-08   0.41961E-13
  0.067   0.200    0.87322E-08  -0.43511E-09  -0.79910E-07   0.23271E-10   0.46754E-09   0.87313E-14
  0.067   0.200    0.12402E-07   0.43129E-08  -0.74018E-07  -0.23156E-09   0.66371E-09   0.21469E-13
  0.067   0.200    0.82989E-08   0.15641E-07  -0.37873E-07  -0.83749E-09   0.43906E-09   0.38307E-12
  0.067   0.200   -0.10559E-07   0.18395E-07   0.32132E-07  -0.98359E-09  -0.56687E-09  -0.49556E-12
  0.067   0.200    0.25184E-07  -0.53510E-07  -0.27122E-06   0.28524E-08   0.13441E-08   0.15448E-11
  0.067   0.200    0.67030E-08  -0.16619E-07  -0.15655E-06   0.89036E-09   0.35862E-09   0.69078E-13
  0.067   0.200    0.24978E-06  -0.54517E-06  -0.94553E-06   0.28688E-07   0.13238E-07  -0.15967E-11
  0.067   0.200    0.12574E-05   0.59448E-05  -0.26209E-06  -0.30669E-06   0.78321E-07   0.39741E-07
  0.067   0.200   -0.99209E-08  -0.72575E-08  -0.12572E-06   0.38913E-09  -0.53103E-09   0.36374E-13
  0.067   0.200   -0.22379E-07  -0.73474E-08  -0.15415E-06   0.39307E-09  -0.11969E-08   0.61228E-13
  0.067   0.200   -0.93667E-09   0.49382E-08   0.50974E-08  -0.26493E-09  -0.50112E-10   0.72071E-14
  0.067   0.200   -0.27044E-08   0.37764E-08   0.21621E-07  -0.20276E-09  -0.14479E-09   0.14643E-14
  0.067   0.200   -0.34322E-08   0.22837E-08   0.33034E-07  -0.12267E-09  -0.18379E-09  -0.37016E-14
  0.067   0.200   -0.32761E-08   0.10311E-08   0.39158E-07  -0.55439E-10  -0.17546E-09  -0.71162E-14
  0.067   0.200   -0.17691E-07   0.53121E-08   0.78884E-07  -0.28363E-09  -0.95912E-09   0.88550E-12
  0.067   0.200   -0.12022E-07   0.19350E-07   0.33293E-07  -0.10341E-08  -0.64833E-09  -0.49333E-12
  0.067   0.200   -0.12238E-07  -0.10168E-08   0.85358E-07   0.53926E-10  -0.65492E-09  -0.28304E-13
  0.067   0.200   -0.70940E-08  -0.25856E-08   0.78096E-07   0.13833E-09  -0.37968E-09  -0.21978E-13
  0.067   0.200    0.12456E-05   0.59337E-05  -0.20325E-06  -0.30611E-06   0.77693E-07   0.39741E-07
  0.067   0.200   -0.20156E-06  -0.32991E-06   0.70351E-06   0.17418E-07  -0.10681E-07  -0.17486E-11
  0.067   0.200    0.11063E-08   0.46893E-08  -0.10798E-07  -0.25157E-09   0.59285E-10   0.10418E-13
  0.067   0.200   -0.10022E-08   0.47063E-08   0.71888E-08  -0.25263E-09  -0.53629E-10   0.66195E-14
  0.067   0.200   -0.27352E-08   0.36915E-08   0.23246E-07  -0.19821E-09  -0.14644E-09   0.10778E-14
  0.067   0.200   -0.34061E-08   0.22570E-08   0.34421E-07  -0.12122E-09  -0.18240E-09  -0.39684E-14
  0.067   0.200   -0.11699E-07   0.18308E-07   0.36007E-07  -0.97880E-09  -0.63057E-09  -0.47915E-12
  0.067   0.200    0.65586E-08   0.15393E-07  -0.34121E-07  -0.82471E-09   0.34412E-09   0.37069E-12
  0.067   0.200   -0.17762E-07   0.54405E-08   0.80599E-07  -0.29084E-09  -0.96282E-09   0.90709E-12
  0.067   0.200   -0.12471E-07  -0.12687E-08   0.87086E-07   0.67551E-10  -0.66777E-09  -0.23667E-13
  0.067   0.200    0.24943E-06  -0.54710E-06  -0.93921E-06   0.28789E-07   0.13220E-07  -0.16002E-11
  0.067   0.200    0.12574E-05   0.59444E-05  -0.25898E-06  -0.30667E-06   0.78317E-07   0.39741E-07
  0.130   0.385    0.12418E-05   0.59404E-05  -0.20020E-06  -0.30643E-06   0.77509E-07   0.39949E-07
  0.130   0.385   -0.20780E-06  -0.33232E-06   0.70876E-06   0.17565E-07  -0.10998E-07  -0.16879E-11
  0.130   0.385   -0.24706E-07  -0.46343E-07   0.23102E-06   0.25377E-08  -0.16078E-08   0.16060E-10
  0.130   0.385   -0.23783E-08  -0.14208E-07   0.13161E-06   0.76065E-09  -0.12694E-09  -0.58688E-13
  0.130   0.385    0.33036E-07   0.15034E-07   0.87037E-07  -0.80827E-09   0.17626E-08   0.28039E-13
  0.130   0.385   -0.35437E-08   0.46111E-07  -0.35042E-07  -0.24714E-08  -0.18887E-09  -0.59261E-13
  0.130   0.385    0.20040E-07  -0.33680E-08   0.10204E-06   0.17899E-09   0.10705E-08  -0.28994E-13
  0.130   0.385    0.95699E-08  -0.42215E-08   0.86947E-07   0.22572E-09   0.51205E-09  -0.26105E-13
  0.130   0.385   -0.98999E-09   0.72131E-08  -0.20367E-07  -0.38689E-09  -0.53038E-10   0.12253E-13
  0.130   0.385    0.23258E-08   0.62712E-08   0.52651E-08  -0.33648E-09   0.12454E-09   0.33747E-14
  0.130   0.385    0.25144E-06  -0.55033E-06  -0.92625E-06   0.28975E-07   0.13338E-07  -0.15980E-11
  0.130   0.385    0.12495E-05   0.59644E-05  -0.23340E-06  -0.30768E-06   0.77912E-07   0.39949E-07
  0.130   0.385   -0.20898E-06  -0.33061E-06   0.69716E-06   0.17478E-07  -0.11070E-07  -0.17073E-11
  0.130   0.385   -0.24545E-07  -0.45993E-07   0.22646E-06   0.25187E-08  -0.15992E-08   0.16058E-10
  0.130   0.385   -0.53302E-08   0.45614E-07  -0.37003E-07  -0.24452E-08  -0.28431E-09  -0.55227E-13
  0.130   0.385   -0.39122E-07   0.10495E-07  -0.15012E-06  -0.56480E-09  -0.20828E-08   0.39221E-13
  0.130   0.385    0.31411E-07   0.14491E-07   0.86319E-07  -0.77794E-09   0.16711E-08   0.33516E-13
  0.130   0.385    0.19501E-07  -0.34868E-08   0.99694E-07   0.18526E-09   0.10417E-08  -0.28450E-13
  0.130   0.385   -0.41401E-08   0.54847E-08  -0.43289E-07  -0.29418E-09  -0.22171E-09   0.18877E-13
  0.130   0.385   -0.10809E-08   0.70528E-08  -0.19444E-07  -0.37827E-09  -0.57871E-10   0.11930E-13
  0.130   0.385    0.25290E-07  -0.53568E-07  -0.26626E-06   0.28550E-08   0.13500E-08   0.15411E-11
  0.130   0.385    0.25051E-06  -0.54579E-06  -0.93716E-06   0.28729E-07   0.13282E-07  -0.16069E-11
  0.130   0.385    0.12494E-05   0.59655E-05  -0.23790E-06  -0.30774E-06   0.77909E-07   0.39949E-07
  0.130   0.385   -0.20656E-06  -0.33179E-06   0.69692E-06   0.17536E-07  -0.10931E-07  -0.17183E-11
  0.130   0.385   -0.39811E-07   0.10641E-07  -0.15342E-06  -0.57241E-09  -0.21199E-08   0.40528E-13
  0.130   0.385   -0.22705E-07  -0.76527E-08  -0.15091E-06   0.40904E-09  -0.12141E-08   0.58647E-13
  0.130   0.385   -0.55662E-08   0.45548E-07  -0.40594E-07  -0.24417E-08  -0.29675E-09  -0.53976E-13
  0.130   0.385    0.31832E-07   0.15081E-07   0.81326E-07  -0.81088E-09   0.16983E-08   0.32294E-13
  0.130   0.385   -0.53773E-08   0.28100E-08  -0.59930E-07  -0.15070E-09  -0.28799E-09   0.22299E-13
  0.130   0.385   -0.42719E-08   0.55471E-08  -0.44404E-07  -0.29742E-09  -0.22874E-09   0.19388E-13
  0.130   0.385    0.69165E-08  -0.16482E-07  -0.15518E-06   0.88295E-09   0.37003E-09   0.69846E-13
  0.130   0.385    0.25651E-07  -0.53222E-07  -0.26868E-06   0.28368E-08   0.13692E-08   0.15428E-11
  0.130   0.385    0.25193E-06  -0.54653E-06  -0.94042E-06   0.28767E-07   0.13363E-07  -0.16107E-11
  0.130   0.385    0.12540E-05   0.59514E-05  -0.25751E-06  -0.30700E-06   0.78154E-07   0.39949E-07
  0.130   0.385   -0.23070E-07  -0.75196E-08  -0.15276E-06   0.40212E-09  -0.12336E-08   0.59938E-13
  0.130   0.385   -0.10019E-07  -0.71960E-08  -0.12446E-06   0.38582E-09  -0.53624E-09   0.35219E-13
  0.130   0.385   -0.40099E-07   0.10404E-07  -0.15529E-06  -0.55968E-09  -0.21331E-08   0.42400E-13
  0.130   0.385   -0.68646E-08   0.46128E-07  -0.42475E-07  -0.24723E-08  -0.36621E-09  -0.50211E-13
  0.130   0.385   -0.49483E-08   0.71378E-09  -0.66791E-07  -0.38219E-10  -0.26504E-09   0.21904E-13
  0.130   0.385   -0.54419E-08   0.29313E-08  -0.60298E-07  -0.15709E-09  -0.29144E-09   0.22592E-13
  0.130   0.385    0.73496E-08   0.16373E-07  -0.22234E-07  -0.87657E-09   0.38830E-09   0.38085E-12
  0.130   0.385   -0.11752E-07   0.18356E-07   0.48745E-07  -0.98172E-09  -0.63050E-09  -0.50578E-12
  0.130   0.385   -0.18450E-07   0.55943E-08   0.94205E-07  -0.29886E-09  -0.10003E-08   0.88145E-12
  0.130   0.385   -0.12572E-07  -0.11784E-08   0.10124E-06   0.62349E-10  -0.67255E-09  -0.33774E-13
  0.130   0.385    0.12466E-05   0.59684E-05  -0.21504E-06  -0.30790E-06   0.77763E-07   0.39949E-07
  0.130   0.385    0.24930E-06  -0.54559E-06  -0.92126E-06   0.28710E-07   0.13212E-07  -0.15798E-11
  0.130   0.385   -0.24570E-06  -0.32038E-06   0.75745E-06   0.16897E-07  -0.13050E-07   0.38463E-13
  0.130   0.385   -0.25879E-07  -0.50837E-07   0.24995E-06   0.27780E-08  -0.16683E-08   0.16034E-10
  0.130   0.385   -0.38794E-07   0.11203E-07  -0.13839E-06  -0.60264E-09  -0.20650E-08   0.36955E-13
  0.130   0.385   -0.47883E-08   0.46422E-07  -0.22548E-07  -0.24874E-08  -0.25497E-09  -0.54843E-13
  0.130   0.385   -0.11416E-07   0.19372E-07   0.34095E-07  -0.10357E-08  -0.61233E-09  -0.51007E-12
  0.130   0.385   -0.18119E-07   0.58495E-08   0.81487E-07  -0.31259E-09  -0.98272E-09   0.88655E-12
  0.130   0.385   -0.12273E-07  -0.83627E-09   0.89074E-07   0.44099E-10  -0.65653E-09  -0.29921E-13
  0.130   0.385   -0.71200E-08  -0.24586E-08   0.82219E-07   0.13150E-09  -0.38114E-09  -0.23884E-13
  0.130   0.385   -0.20766E-06  -0.33236E-06   0.70895E-06   0.17568E-07  -0.10991E-07  -0.16893E-11
  0.130   0.385    0.12415E-05   0.59406E-05  -0.19999E-06  -0.30644E-06   0.77492E-07   0.39949E-07
  0.130   0.385   -0.24284E-07  -0.46525E-07   0.23106E-06   0.25483E-08  -0.15835E-08   0.16055E-10
  0.130   0.385   -0.22533E-08  -0.14207E-07   0.13113E-06   0.76062E-09  -0.12024E-09  -0.60314E-13
  0.130   0.385   -0.35519E-08   0.45845E-07  -0.35439E-07  -0.24566E-08  -0.18925E-09  -0.59877E-13
  0.130   0.385    0.32705E-07   0.14862E-07   0.86688E-07  -0.79925E-09   0.17451E-08   0.31085E-13
  0.130   0.385    0.12187E-07   0.44694E-08  -0.71377E-07  -0.23995E-09   0.65218E-09   0.21289E-13
  0.130   0.385    0.81141E-08   0.15710E-07  -0.34870E-07  -0.84112E-09   0.42915E-09   0.38249E-12
  0.130   0.385   -0.10878E-07   0.18010E-07   0.34744E-07  -0.96313E-09  -0.58372E-09  -0.50275E-12
  0.130   0.385   -0.17273E-07   0.55663E-08   0.79567E-07  -0.29734E-09  -0.93745E-09   0.88814E-12
  0.130   0.385    0.24991E-06  -0.54496E-06  -0.93999E-06   0.28674E-07   0.13244E-07  -0.15850E-11
  0.130   0.385    0.24847E-07  -0.53707E-07  -0.26660E-06   0.28624E-08   0.13243E-08   0.15369E-11
  0.130   0.385    0.12479E-05   0.59656E-05  -0.23917E-06  -0.30775E-06   0.77835E-07   0.39949E-07
  0.130   0.385   -0.20651E-06  -0.33190E-06   0.69513E-06   0.17541E-07  -0.10928E-07  -0.17226E-11
  0.130   0.385   -0.22765E-07  -0.74930E-08  -0.15056E-06   0.40046E-09  -0.12174E-08   0.61402E-13
  0.130   0.385   -0.39604E-07   0.12149E-07  -0.15146E-06  -0.65196E-09  -0.21083E-08   0.42168E-13
  0.130   0.385    0.88589E-08  -0.27540E-09  -0.78115E-07   0.14698E-10   0.47429E-09   0.84342E-14
  0.130   0.385    0.12542E-07   0.45282E-08  -0.71687E-07  -0.24311E-09   0.67114E-09   0.21100E-13
  0.130   0.385    0.83960E-08   0.15948E-07  -0.34602E-07  -0.85391E-09   0.44423E-09   0.38274E-12
  0.130   0.385   -0.10590E-07   0.18739E-07   0.36731E-07  -0.10020E-08  -0.56849E-09  -0.49591E-12
  0.130   0.385    0.25362E-07  -0.53477E-07  -0.27010E-06   0.28505E-08   0.13536E-08   0.15445E-11
  0.130   0.385    0.67905E-08  -0.16541E-07  -0.15616E-06   0.88613E-09   0.36328E-09   0.69120E-13
  0.130   0.385    0.25043E-06  -0.54578E-06  -0.94446E-06   0.28719E-07   0.13272E-07  -0.16033E-11
  0.130   0.385    0.12538E-05   0.59510E-05  -0.25743E-06  -0.30698E-06   0.78147E-07   0.39949E-07
  0.130   0.385   -0.99860E-08  -0.71506E-08  -0.12500E-06   0.38337E-09  -0.53448E-09   0.36426E-13
  0.130   0.385   -0.22501E-07  -0.71985E-08  -0.15295E-06   0.38506E-09  -0.12034E-08   0.61289E-13
  0.130   0.385   -0.81839E-09   0.51324E-08   0.64247E-08  -0.27534E-09  -0.43777E-10   0.72210E-14
  0.130   0.385   -0.26186E-08   0.39761E-08   0.23733E-07  -0.21348E-09  -0.14019E-09   0.11649E-14
  0.130   0.385   -0.33807E-08   0.24768E-08   0.35877E-07  -0.13304E-09  -0.18102E-09  -0.41060E-14
  0.130   0.385   -0.32506E-08   0.12137E-08   0.42609E-07  -0.65242E-10  -0.17408E-09  -0.76823E-14
  0.130   0.385   -0.17617E-07   0.57592E-08   0.80137E-07  -0.30771E-09  -0.95512E-09   0.88489E-12
  0.130   0.385   -0.11320E-07   0.19304E-07   0.32294E-07  -0.10321E-08  -0.60714E-09  -0.50923E-12
  0.130   0.385   -0.12154E-07  -0.73311E-09   0.87770E-07   0.38673E-10  -0.65022E-09  -0.29248E-13
  0.130   0.385   -0.70665E-08  -0.23540E-08   0.81458E-07   0.12590E-09  -0.37821E-09  -0.22426E-13
  0.130   0.385    0.12413E-05   0.59408E-05  -0.20391E-06  -0.30645E-06   0.77485E-07   0.39949E-07
  0.130   0.385   -0.20929E-06  -0.33502E-06   0.70017E-06   0.17713E-07  -0.11089E-07  -0.16884E-11
  0.130   0.385    0.11573E-08   0.48845E-08  -0.73226E-08  -0.26204E-09   0.62009E-10   0.99729E-14
  0.130   0.385   -0.98615E-09   0.49080E-08   0.11229E-07  -0.26344E-09  -0.52767E-10   0.60761E-14
  0.130   0.385   -0.27592E-08   0.38824E-08   0.28015E-07  -0.20846E-09  -0.14771E-09   0.27721E-15
  0.130   0.385   -0.34568E-08   0.24254E-08   0.39925E-07  -0.13026E-09  -0.18511E-09  -0.49977E-14
  0.130   0.385   -0.11120E-07   0.18599E-07   0.38641E-07  -0.99463E-09  -0.59675E-09  -0.49580E-12
  0.130   0.385    0.77979E-08   0.16192E-07  -0.32648E-07  -0.86685E-09   0.41202E-09   0.38568E-12
  0.130   0.385   -0.17940E-07   0.58168E-08   0.85725E-07  -0.31062E-09  -0.97276E-09   0.90529E-12
  0.130   0.385   -0.12510E-07  -0.10309E-08   0.93006E-07   0.54551E-10  -0.66940E-09  -0.22771E-13
  0.130   0.385    0.25076E-06  -0.55205E-06  -0.93263E-06   0.29069E-07   0.13295E-07  -0.16057E-11
  0.130   0.385    0.12556E-05   0.59511E-05  -0.25315E-06  -0.30699E-06   0.78235E-07   0.39949E-07
