  0.000   0.000    0.00000E+00   0.00000E+00   0.00000E+00   0.00000E+00   0.00000E+00   0.00000E+00
  0.000   0.000    0.00000E+00   0.00000E+00   0.00000E+00   0.00000E+00   0.00000E+00   0.00000E+00
  0.000   0.000    0.00000E+00   0.00000E+00   0.00000E+00   0.00000E+00   0.00000E+00   0.00000E+00
  0.000   0.000    0.00000E+00   0.00000E+00   0.00000E+00   0.00000E+00   0.00000E+00   0.00000E+00
  0.000   0.000    0.00000E+00   0.00000E+00   0.00000E+00   0.00000E+00   0.00000E+00   0.00000E+00
  0.000   0.000    0.00000E+00   0.00000E+00   0.00000E+00   0.00000E+00   0.00000E+00   0.00000E+00
  0.000   0.000    0.00000E+00   0.00000E+00   0.00000E+00   0.00000E+00   0.00000E+00   0.00000E+00
  0.000   0.000    0.00000E+00   0.00000E+00   0.00000E+00   0.00000E+00   0.00000E+00   0.00000E+00
  0.000   0.000    0.00000E+00   0.00000E+00   0.00000E+00   0.00000E+00   0.00000E+00   0.00000E+00
  0.000   0.000    0.00000E+00   0.00000E+00   0.00000E+00   0.00000E+00   0.00000E+00   0.00000E+00
  0.000   0.000    0.00000E+00   0.00000E+00   0.00000E+00   0.00000E+00   0.00000E+00   0.00000E+00
  0.000   0.000    0.00000E+00   0.00000E+00   0.00000E+00   0.00000E+00   0.00000E+00   0.00000E+00
  0.000   0.000    0.00000E+00   0.00000E+00   0.00000E+00   0.00000E+00   0.00000E+00   0.00000E+00
  0.000   0.000    0.00000E+00   0.00000E+00   0.00000E+00   0.00000E+00   0.00000E+00   0.00000E+00
  0.000   0.000    0.00000E+00   0.00000E+00   0.00000E+00   0.00000E+00   0.00000E+00   0.00000E+00
  0.000   0.000    0.00000E+00   0.00000E+00   0.00000E+00   0.00000E+00   0.00000E+00   0.00000E+00
  0.000   0.000    0.00000E+00   0.00000E+00   0.00000E+00   0.00000E+00   0.00000E+00   0.00000E+00
  0.000   0.000    0.00000E+00   0.00000E+00   0.00000E+00   0.00000E+00   0.00000E+00   0.00000E+00
  0.000   0.000    0.00000E+00   0.00000E+00   0.00000E+00   0.00000E+00   0.00000E+00   0.00000E+00
  0.000   0.000    0.00000E+00   0.00000E+00   0.00000E+00   0.00000E+00   0.00000E+00   0.00000E+00
  0.000   0.000    0.00000E+00   0.00000E+00   0.00000E+00   0.00000E+00   0.00000E+00   0.00000E+00
  0.000   0.000    0.00000E+00   0.00000E+00   0.00000E+00   0.00000E+00   0.00000E+00   0.00000E+00
  0.000   0.000    0.00000E+00   0.00000E+00   0.00000E+00   0.00000E+00   0.00000E+00   0.00000E+00
  0.000   0.000    0.00000E+00   0.00000E+00   0.00000E+00   0.00000E+00   0.00000E+00   0.00000E+00
  0.000   0.000    0.00000E+00   0.00000E+00   0.00000E+00   0.00000E+00   0.00000E+00   0.00000E+00
  0.000   0.000    0.00000E+00   0.00000E+00   0.00000E+00   0.00000E+00   0.00000E+00   0.00000E+00
  0.000   0.000    0.00000E+00   0.00000E+00   0.00000E+00   0.00000E+00   0.00000E+00   0.00000E+00
  0.000   0.000    0.00000E+00   0.00000E+00   0.00000E+00   0.00000E+00   0.00000E+00   0.00000E+00
  0.000   0.000    0.00000E+00   0.00000E+00   0.00000E+00   0.00000E+00   0.00000E+00   0.00000E+00
  0.000   0.000    0.00000E+00   0.00000E+00   0.00000E+00   0.00000E+00   0.00000E+00   0.00000E+00
  0.000   0.000    0.00000E+00   0.00000E+00   0.00000E+00   0.00000E+00   0.00000E+00   0.00000E+00
  0.000   0.000    0.00000E+00   0.00000E+00   0.00000E+00   0.00000E+00   0.00000E+00   0.00000E+00
  0.000   0.000    0.00000E+00   0.00000E+00   0.00000E+00   0.00000E+00   0.00000E+00   0.00000E+00
  0.000   0.000    0.00000E+00   0.00000E+00   0.00000E+00   0.00000E+00   0.00000E+00   0.00000E+00
  0.000   0.000    0.00000E+00   0.00000E+00   0.00000E+00   0.00000E+00   0.00000E+00   0.00000E+00
  0.000   0.000    0.00000E+00   0.00000E+00   0.00000E+00   0.00000E+00   0.00000E+00   0.00000E+00
  0.000   0.000    0.00000E+00   0.00000E+00   0.00000E+00   0.00000E+00   0.00000E+00   0.00000E+00
  0.000   0.000    0.00000E+00   0.00000E+00   0.00000E+00   0.00000E+00   0.00000E+00   0.00000E+00
  0.000   0.000    0.00000E+00   0.00000E+00   0.00000E+00   0.00000E+00   0.00000E+00   0.00000E+00
  0.000   0.000    0.00000E+00   0.00000E+00   0.00000E+00   0.00000E+00   0.00000E+00   0.00000E+00
  0.000   0.000    0.00000E+00   0.00000E+00   0.00000E+00   0.00000E+00   0.00000E+00   0.00000E+00
  0.000   0.000    0.00000E+00   0.00000E+00   0.00000E+00   0.00000E+00   0.00000E+00   0.00000E+00
  0.000   0.000    0.00000E+00   0.00000E+00   0.00000E+00   0.00000E+00   0.00000E+00   0.00000E+00
  0.000   0.000    0.00000E+00   0.00000E+00   0.00000E+00   0.00000E+00   0.00000E+00   0.00000E+00
  0.000   0.000    0.00000E+00   0.00000E+00   0.00000E+00   0.00000E+00   0.00000E+00   0.00000E+00
  0.000   0.000    0.00000E+00   0.00000E+00   0.00000E+00   0.00000E+00   0.00000E+00   0.00000E+00
  0.000   0.000    0.00000E+00   0.00000E+00   0.00000E+00   0.00000E+00   0.00000E+00   0.00000E+00
  0.000   0.000    0.00000E+00   0.00000E+00   0.00000E+00   0.00000E+00   0.00000E+00   0.00000E+00
  0.000   0.000    0.00000E+00   0.00000E+00   0.00000E+00   0.00000E+00   0.00000E+00   0.00000E+00
  0.000   0.000    0.00000E+00   0.00000E+00   0.00000E+00   0.00000E+00   0.00000E+00   0.00000E+00
  0.000   0.000    0.00000E+00   0.00000E+00   0.00000E+00   0.00000E+00   0.00000E+00   0.00000E+00
  0.000   0.000    0.00000E+00   0.00000E+00   0.00000E+00   0.00000E+00   0.00000E+00   0.00000E+00
  0.000   0.000    0.00000E+00   0.00000E+00   0.00000E+00   0.00000E+00   0.00000E+00   0.00000E+00
  0.000   0.000    0.00000E+00   0.00000E+00   0.00000E+00   0.00000E+00   0.00000E+00   0.00000E+00
  0.000   0.000    0.00000E+00   0.00000E+00   0.00000E+00   0.00000E+00   0.00000E+00   0.00000E+00
  0.000   0.000    0.00000E+00   0.00000E+00   0.00000E+00   0.00000E+00   0.00000E+00   0.00000E+00
  0.000   0.000    0.00000E+00   0.00000E+00   0.00000E+00   0.00000E+00   0.00000E+00   0.00000E+00
  0.000   0.000    0.00000E+00   0.00000E+00   0.00000E+00   0.00000E+00   0.00000E+00   0.00000E+00
  0.000   0.000    0.00000E+00   0.00000E+00   0.00000E+00   0.00000E+00   0.00000E+00   0.00000E+00
  0.000   0.000    0.00000E+00   0.00000E+00   0.00000E+00   0.00000E+00   0.00000E+00   0.00000E+00
  0.000   0.000    0.00000E+00   0.00000E+00   0.00000E+00   0.00000E+00   0.00000E+00   0.00000E+00
  0.000   0.000    0.00000E+00   0.00000E+00   0.00000E+00   0.00000E+00   0.00000E+00   0.00000E+00
  0.000   0.000    0.00000E+00   0.00000E+00   0.00000E+00   0.00000E+00   0.00000E+00   0.00000E+00
  0.000   0.000    0.00000E+00   0.00000E+00   0.00000E+00   0.00000E+00   0.00000E+00   0.00000E+00
  0.000   0.000    0.00000E+00   0.00000E+00   0.00000E+00   0.00000E+00   0.00000E+00   0.00000E+00
  0.000   0.000    0.00000E+00   0.00000E+00   0.00000E+00   0.00000E+00   0.00000E+00   0.00000E+00
  0.000   0.000    0.00000E+00   0.00000E+00   0.00000E+00   0.00000E+00   0.00000E+00   0.00000E+00
  0.000   0.000    0.00000E+00   0.00000E+00   0.00000E+00   0.00000E+00   0.00000E+00   0.00000E+00
  0.000   0.000    0.00000E+00   0.00000E+00   0.00000E+00   0.00000E+00   0.00000E+00   0.00000E+00
  0.000   0.000    0.00000E+00   0.00000E+00   0.00000E+00   0.00000E+00   0.00000E+00   0.00000E+00
  0.000   0.000    0.00000E+00   0.00000E+00   0.00000E+00   0.00000E+00   0.00000E+00   0.00000E+00
  0.000   0.000    0.00000E+00   0.00000E+00   0.00000E+00   0.00000E+00   0.00000E+00   0.00000E+00
  0.000   0.000    0.00000E+00   0.00000E+00   0.00000E+00   0.00000E+00   0.00000E+00   0.00000E+00
  0.000   0.000    0.00000E+00   0.00000E+00   0.00000E+00   0.00000E+00   0.00000E+00   0.00000E+00
  0.000   0.000    0.00000E+00   0.00000E+00   0.00000E+00   0.00000E+00   0.00000E+00   0.00000E+00
  0.000   0.000    0.00000E+00   0.00000E+00   0.00000E+00   0.00000E+00   0.00000E+00   0.00000E+00
  0.000   0.000    0.00000E+00   0.00000E+00   0.00000E+00   0.00000E+00   0.00000E+00   0.00000E+00
  0.000   0.000    0.00000E+00   0.00000E+00   0.00000E+00   0.00000E+00   0.00000E+00   0.00000E+00
  0.000   0.000    0.00000E+00   0.00000E+00   0.00000E+00   0.00000E+00   0.00000E+00   0.00000E+00
  0.000   0.000    0.00000E+00   0.00000E+00   0.00000E+00   0.00000E+00   0.00000E+00   0.00000E+00
  0.000   0.000    0.00000E+00   0.00000E+00   0.00000E+00   0.00000E+00   0.00000E+00   0.00000E+00
  0.000   0.000    0.00000E+00   0.00000E+00   0.00000E+00   0.00000E+00   0.00000E+00   0.00000E+00
  0.000   0.000    0.00000E+00   0.00000E+00   0.00000E+00   0.00000E+00   0.00000E+00   0.00000E+00
  0.000   0.000    0.00000E+00   0.00000E+00   0.00000E+00   0.00000E+00   0.00000E+00   0.00000E+00
  0.000   0.000    0.00000E+00   0.00000E+00   0.00000E+00   0.00000E+00   0.00000E+00   0.00000E+00
  0.000   0.000    0.00000E+00   0.00000E+00   0.00000E+00   0.00000E+00   0.00000E+00   0.00000E+00
  0.000   0.000    0.00000E+00   0.00000E+00   0.00000E+00   0.00000E+00   0.00000E+00   0.00000E+00
  0.000   0.000    0.00000E+00   0.00000E+00   0.00000E+00   0.00000E+00   0.00000E+00   0.00000E+00
  0.000   0.000    0.00000E+00   0.00000E+00   0.00000E+00   0.00000E+00   0.00000E+00   0.00000E+00
  0.000   0.000    0.00000E+00   0.00000E+00   0.00000E+00   0.00000E+00   0.00000E+00   0.00000E+00
  0.000   0.000    0.00000E+00   0.00000E+00   0.00000E+00   0.00000E+00   0.00000E+00   0.00000E+00
  0.000   0.000    0.00000E+00   0.00000E+00   0.00000E+00   0.00000E+00   0.00000E+00   0.00000E+00
  0.000   0.000    0.00000E+00   0.00000E+00   0.00000E+00   0.00000E+00   0.00000E+00   0.00000E+00
  0.000   0.000    0.00000E+00   0.00000E+00   0.00000E+00   0.00000E+00   0.00000E+00   0.00000E+00
  0.000   0.000    0.00000E+00   0.00000E+00   0.00000E+00   0.00000E+00   0.00000E+00   0.00000E+00
  0.000   0.000    0.00000E+00   0.00000E+00   0.00000E+00   0.00000E+00   0.00000E+00   0.00000E+00
  0.000   0.000    0.00000E+00   0.00000E+00   0.00000E+00   0.00000E+00   0.00000E+00   0.00000E+00
  0.000   0.000    0.00000E+00   0.00000E+00   0.00000E+00   0.00000E+00   0.00000E+00   0.00000E+00
  0.000   0.000    0.00000E+00   0.00000E+00   0.00000E+00   0.00000E+00   0.00000E+00   0.00000E+00
  0.000   0.000    0.00000E+00   0.00000E+00   0.00000E+00   0.00000E+00   0.00000E+00   0.00000E+00
 -1.000  -1.000    0.00000E+00   0.00000E+00   0.00000E+00   0.00000E+00   0.00000E+00   0.00000E+00
 -1.000  -1.000    0.00000E+00   0.00000E+00   0.00000E+00   0.00000E+00   0.00000E+00   0.00000E+00
 -1.000  -1.000    0.00000E+00   0.00000E+00   0.00000E+00   0.00000E+00   0.00000E+00   0.00000E+00
 -1.000  -1.000    0.00000E+00   0.00000E+00   0.00000E+00   0.00000E+00   0.00000E+00   0.00000E+00
 -1.000  -1.000    0.00000E+00   0.00000E+00   0.00000E+00   0.00000E+00   0.00000E+00   0.00000E+00
 -1.000  -1.000    0.00000E+00   0.00000E+00   0.00000E+00   0.00000E+00   0.00000E+00   0.00000E+00
 -1.000  -1.000    0.00000E+00   0.00000E+00   0.00000E+00   0.00000E+00   0.00000E+00   0.00000E+00
 -1.000  -1.000    0.00000E+00   0.00000E+00   0.00000E+00   0.00000E+00   0.00000E+00   0.00000E+00
 -1.000  -1.000    0.00000E+00   0.00000E+00   0.00000E+00   0.00000E+00   0.00000E+00   0.00000E+00
 -1.000  -1.000    0.00000E+00   0.00000E+00   0.00000E+00   0.00000E+00   0.00000E+00   0.00000E+00
 -1.000  -1.000    0.00000E+00   0.00000E+00   0.00000E+00   0.00000E+00   0.00000E+00   0.00000E+00
 -1.000  -1.000    0.00000E+00   0.00000E+00   0.00000E+00   0.00000E+00   0.00000E+00   0.00000E+00
 -1.000  -1.000    0.00000E+00   0.00000E+00   0.00000E+00   0.00000E+00   0.00000E+00   0.00000E+00
 -1.000  -1.000    0.00000E+00   0.00000E+00   0.00000E+00   0.00000E+00   0.00000E+00   0.00000E+00
 -1.000  -1.000    0.00000E+00   0.00000E+00   0.00000E+00   0.00000E+00   0.00000E+00   0.00000E+00
 -1.000  -1.000    0.00000E+00   0.00000E+00   0.00000E+00   0.00000E+00   0.00000E+00   0.00000E+00
 -1.000  -1.000    0.00000E+00   0.00000E+00   0.00000E+00   0.00000E+00   0.00000E+00   0.00000E+00
 -1.000  -1.000    0.00000E+00   0.00000E+00   0.00000E+00   0.00000E+00   0.00000E+00   0.00000E+00
 -1.000  -1.000    0.00000E+00   0.00000E+00   0.00000E+00   0.00000E+00   0.00000E+00   0.00000E+00
 -1.000  -1.000    0.00000E+00   0.00000E+00   0.00000E+00   0.00000E+00   0.00000E+00   0.00000E+00
 -1.000  -1.000    0.00000E+00   0.00000E+00   0.00000E+00   0.00000E+00   0.00000E+00   0.00000E+00
 -1.000  -1.000    0.00000E+00   0.00000E+00   0.00000E+00   0.00000E+00   0.00000E+00   0.00000E+00
 -1.000  -1.000    0.00000E+00   0.00000E+00   0.00000E+00   0.00000E+00   0.00000E+00   0.00000E+00
 -1.000  -1.000    0.00000E+00   0.00000E+00   0.00000E+00   0.00000E+00   0.00000E+00   0.00000E+00
 -1.000  -1.000    0.00000E+00   0.00000E+00   0.00000E+00   0.00000E+00   0.00000E+00   0.00000E+00
 -1.000  -1.000    0.00000E+00   0.00000E+00   0.00000E+00   0.00000E+00   0.00000E+00   0.00000E+00
 -1.000  -1.000    0.00000E+00   0.00000E+00   0.00000E+00   0.00000E+00   0.00000E+00   0.00000E+00
 -1.000  -1.000    0.00000E+00   0.00000E+00   0.00000E+00   0.00000E+00   0.00000E+00   0.00000E+00
 -1.000  -1.000    0.00000E+00   0.00000E+00   0.00000E+00   0.00000E+00   0.00000E+00   0.00000E+00
 -1.000  -1.000    0.00000E+00   0.00000E+00   0.00000E+00   0.00000E+00   0.00000E+00   0.00000E+00
 -1.000  -1.000    0.00000E+00   0.00000E+00   0.00000E+00   0.00000E+00   0.00000E+00   0.00000E+00
 -1.000  -1.000    0.00000E+00   0.00000E+00   0.00000E+00   0.00000E+00   0.00000E+00   0.00000E+00
 -1.000  -1.000    0.00000E+00   0.00000E+00   0.00000E+00   0.00000E+00   0.00000E+00   0.00000E+00
 -1.000  -1.000    0.00000E+00   0.00000E+00   0.00000E+00   0.00000E+00   0.00000E+00   0.00000E+00
 -1.000  -1.000    0.00000E+00   0.00000E+00   0.00000E+00   0.00000E+00   0.00000E+00   0.00000E+00
 -1.000  -1.000    0.00000E+00   0.00000E+00   0.00000E+00   0.00000E+00   0.00000E+00   0.00000E+00
 -1.000  -1.000    0.00000E+00   0.00000E+00   0.00000E+00   0.00000E+00   0.00000E+00   0.00000E+00
 -1.000  -1.000    0.00000E+00   0.00000E+00   0.00000E+00   0.00000E+00   0.00000E+00   0.00000E+00
 -1.000  -1.000    0.00000E+00   0.00000E+00   0.00000E+00   0.00000E+00   0.00000E+00   0.00000E+00
 -1.000  -1.000    0.00000E+00   0.00000E+00   0.00000E+00   0.00000E+00   0.00000E+00   0.00000E+00
 -1.000  -1.000    0.00000E+00   0.00000E+00   0.00000E+00   0.00000E+00   0.00000E+00   0.00000E+00
 -1.000  -1.000    0.00000E+00   0.00000E+00   0.00000E+00   0.00000E+00   0.00000E+00   0.00000E+00
 -1.000  -1.000    0.00000E+00   0.00000E+00   0.00000E+00   0.00000E+00   0.00000E+00   0.00000E+00
 -1.000  -1.000    0.00000E+00   0.00000E+00   0.00000E+00   0.00000E+00   0.00000E+00   0.00000E+00
 -1.000  -1.000    0.00000E+00   0.00000E+00   0.00000E+00   0.00000E+00   0.00000E+00   0.00000E+00
 -1.000  -1.000    0.00000E+00   0.00000E+00   0.00000E+00   0.00000E+00   0.00000E+00   0.00000E+00
 -1.000  -1.000    0.00000E+00   0.00000E+00   0.00000E+00   0.00000E+00   0.00000E+00   0.00000E+00
 -1.000  -1.000    0.00000E+00   0.00000E+00   0.00000E+00   0.00000E+00   0.00000E+00   0.00000E+00
 -1.000  -1.000    0.00000E+00   0.00000E+00   0.00000E+00   0.00000E+00   0.00000E+00   0.00000E+00
 -1.000  -1.000    0.00000E+00   0.00000E+00   0.00000E+00   0.00000E+00   0.00000E+00   0.00000E+00
 -1.000  -1.000    0.00000E+00   0.00000E+00   0.00000E+00   0.00000E+00   0.00000E+00   0.00000E+00
 -1.000  -1.000    0.00000E+00   0.00000E+00   0.00000E+00   0.00000E+00   0.00000E+00   0.00000E+00
 -1.000  -1.000    0.00000E+00   0.00000E+00   0.00000E+00   0.00000E+00   0.00000E+00   0.00000E+00
 -1.000  -1.000    0.00000E+00   0.00000E+00   0.00000E+00   0.00000E+00   0.00000E+00   0.00000E+00
 -1.000  -1.000    0.00000E+00   0.00000E+00   0.00000E+00   0.00000E+00   0.00000E+00   0.00000E+00
 -1.000  -1.000    0.00000E+00   0.00000E+00   0.00000E+00   0.00000E+00   0.00000E+00   0.00000E+00
 -1.000  -1.000    0.00000E+00   0.00000E+00   0.00000E+00   0.00000E+00   0.00000E+00   0.00000E+00
 -1.000  -1.000    0.00000E+00   0.00000E+00   0.00000E+00   0.00000E+00   0.00000E+00   0.00000E+00
 -1.000  -1.000    0.00000E+00   0.00000E+00   0.00000E+00   0.00000E+00   0.00000E+00   0.00000E+00
 -1.000  -1.000    0.00000E+00   0.00000E+00   0.00000E+00   0.00000E+00   0.00000E+00   0.00000E+00
 -1.000  -1.000    0.00000E+00   0.00000E+00   0.00000E+00   0.00000E+00   0.00000E+00   0.00000E+00
 -1.000  -1.000    0.00000E+00   0.00000E+00   0.00000E+00   0.00000E+00   0.00000E+00   0.00000E+00
 -1.000  -1.000    0.00000E+00   0.00000E+00   0.00000E+00   0.00000E+00   0.00000E+00   0.00000E+00
 -1.000  -1.000    0.00000E+00   0.00000E+00   0.00000E+00   0.00000E+00   0.00000E+00   0.00000E+00
 -1.000  -1.000    0.00000E+00   0.00000E+00   0.00000E+00   0.00000E+00   0.00000E+00   0.00000E+00
 -1.000  -1.000    0.00000E+00   0.00000E+00   0.00000E+00   0.00000E+00   0.00000E+00   0.00000E+00
 -1.000  -1.000    0.00000E+00   0.00000E+00   0.00000E+00   0.00000E+00   0.00000E+00   0.00000E+00
 -1.000  -1.000    0.00000E+00   0.00000E+00   0.00000E+00   0.00000E+00   0.00000E+00   0.00000E+00
 -1.000  -1.000    0.00000E+00   0.00000E+00   0.00000E+00   0.00000E+00   0.00000E+00   0.00000E+00
 -1.000  -1.000    0.00000E+00   0.00000E+00   0.00000E+00   0.00000E+00   0.00000E+00   0.00000E+00
 -1.000  -1.000    0.00000E+00   0.00000E+00   0.00000E+00   0.00000E+00   0.00000E+00   0.00000E+00
 -1.000  -1.000    0.00000E+00   0.00000E+00   0.00000E+00   0.00000E+00   0.00000E+00   0.00000E+00
 -1.000  -1.000    0.00000E+00   0.00000E+00   0.00000E+00   0.00000E+00   0.00000E+00   0.00000E+00
 -1.000  -1.000    0.00000E+00   0.00000E+00   0.00000E+00   0.00000E+00   0.00000E+00   0.00000E+00
 -1.000  -1.000    0.00000E+00   0.00000E+00   0.00000E+00   0.00000E+00   0.00000E+00   0.00000E+00
 -1.000  -1.000    0.00000E+00   0.00000E+00   0.00000E+00   0.00000E+00   0.00000E+00   0.00000E+00
 -1.000  -1.000    0.00000E+00   0.00000E+00   0.00000E+00   0.00000E+00   0.00000E+00   0.00000E+00
 -1.000  -1.000    0.00000E+00   0.00000E+00   0.00000E+00   0.00000E+00   0.00000E+00   0.00000E+00
 -1.000  -1.000    0.00000E+00   0.00000E+00   0.00000E+00   0.00000E+00   0.00000E+00   0.00000E+00
 -1.000  -1.000    0.00000E+00   0.00000E+00   0.00000E+00   0.00000E+00   0.00000E+00   0.00000E+00
 -1.000  -1.000    0.00000E+00   0.00000E+00   0.00000E+00   0.00000E+00   0.00000E+00   0.00000E+00
 -1.000  -1.000    0.00000E+00   0.00000E+00   0.00000E+00   0.00000E+00   0.00000E+00   0.00000E+00
 -1.000  -1.000    0.00000E+00   0.00000E+00   0.00000E+00   0.00000E+00   0.00000E+00   0.00000E+00
 -1.000  -1.000    0.00000E+00   0.00000E+00   0.00000E+00   0.00000E+00   0.00000E+00   0.00000E+00
 -1.000  -1.000    0.00000E+00   0.00000E+00   0.00000E+00   0.00000E+00   0.00000E+00   0.00000E+00
 -1.000  -1.000    0.00000E+00   0.00000E+00   0.00000E+00   0.00000E+00   0.00000E+00   0.00000E+00
 -1.000  -1.000    0.00000E+00   0.00000E+00   0.00000E+00   0.00000E+00   0.00000E+00   0.00000E+00
 -1.000  -1.000    0.00000E+00   0.00000E+00   0.00000E+00   0.00000E+00   0.00000E+00   0.00000E+00
 -1.000  -1.000    0.00000E+00   0.00000E+00   0.00000E+00   0.00000E+00   0.00000E+00   0.00000E+00
 -1.000  -1.000    0.00000E+00   0.00000E+00   0.00000E+00   0.00000E+00   0.00000E+00   0.00000E+00
 -1.000  -1.000    0.00000E+00   0.00000E+00   0.00000E+00   0.00000E+00   0.00000E+00   0.00000E+00
 -1.000  -1.000    0.00000E+00   0.00000E+00   0.00000E+00   0.00000E+00   0.00000E+00   0.00000E+00
 -1.000  -1.000    0.00000E+00   0.00000E+00   0.00000E+00   0.00000E+00   0.00000E+00   0.00000E+00
 -1.000  -1.000    0.00000E+00   0.00000E+00   0.00000E+00   0.00000E+00   0.00000E+00   0.00000E+00
 -1.000  -1.000    0.00000E+00   0.00000E+00   0.00000E+00   0.00000E+00   0.00000E+00   0.00000E+00
 -1.000  -1.000    0.00000E+00   0.00000E+00   0.00000E+00   0.00000E+00   0.00000E+00   0.00000E+00
 -1.000  -1.000    0.00000E+00   0.00000E+00   0.00000E+00   0.00000E+00   0.00000E+00   0.00000E+00
 -1.000  -1.000    0.00000E+00   0.00000E+00   0.00000E+00   0.00000E+00   0.00000E+00   0.00000E+00
 -1.000  -1.000    0.00000E+00   0.00000E+00   0.00000E+00   0.00000E+00   0.00000E+00   0.00000E+00
 -1.000  -1.000    0.00000E+00   0.00000E+00   0.00000E+00   0.00000E+00   0.00000E+00   0.00000E+00
  0.067   0.200    0.22708E-06   0.13311E-08  -0.36155E-05  -0.64064E-10   0.12165E-07   0.72763E-12
  0.067   0.200    0.22846E-06   0.42451E-09  -0.36234E-05  -0.11374E-10   0.12220E-07   0.75345E-12
  0.067   0.200    0.23138E-06   0.72829E-10  -0.36183E-05   0.35233E-11   0.12389E-07   0.74977E-12
  0.067   0.200    0.22857E-06   0.93147E-10  -0.36053E-05   0.18455E-11   0.12242E-07   0.75162E-12
  0.067   0.200    0.23664E-06  -0.17933E-08  -0.53778E-05   0.10354E-09   0.12707E-07   0.11618E-11
  0.067   0.200    0.22066E-06   0.42208E-08  -0.53322E-05  -0.21408E-09   0.11738E-07   0.11688E-11
  0.067   0.200    0.24328E-06   0.61125E-08  -0.53974E-05  -0.39287E-09   0.13140E-07   0.11369E-11
  0.067   0.200    0.23061E-06  -0.33570E-08  -0.53582E-05   0.22744E-09   0.12362E-07   0.11631E-11
  0.067   0.200    0.22798E-06   0.83511E-09  -0.71493E-05  -0.30520E-10   0.12210E-07   0.15857E-11
  0.067   0.200    0.22721E-06  -0.49685E-09  -0.71496E-05   0.41145E-10   0.12169E-07   0.15965E-11
  0.067   0.200    0.22632E-06   0.13500E-08  -0.39153E-05  -0.66042E-10   0.12110E-07   0.89782E-12
  0.067   0.200    0.23126E-06  -0.86563E-09  -0.39374E-05   0.54274E-10   0.12388E-07   0.82469E-12
  0.067   0.200    0.23038E-06  -0.12230E-08  -0.39447E-05   0.68190E-10   0.12316E-07   0.83240E-12
  0.067   0.200    0.23193E-06  -0.17140E-08  -0.39313E-05   0.10030E-09   0.12420E-07   0.83038E-12
  0.067   0.200    0.22541E-06  -0.10278E-07  -0.57173E-05   0.56080E-09   0.11988E-07   0.12122E-11
  0.067   0.200    0.20259E-06   0.11174E-07  -0.56130E-05  -0.58579E-09   0.10592E-07   0.12245E-11
  0.067   0.200    0.24334E-06  -0.22106E-08  -0.57488E-05   0.87028E-10   0.13105E-07   0.12083E-11
  0.067   0.200    0.24344E-06   0.37753E-08  -0.57355E-05  -0.26022E-09   0.13149E-07   0.12269E-11
  0.067   0.200    0.23365E-06   0.55488E-09  -0.75319E-05  -0.13796E-10   0.12514E-07   0.16720E-11
  0.067   0.200    0.23291E-06  -0.21073E-08  -0.75398E-05   0.12765E-09   0.12474E-07   0.16850E-11
  0.067   0.200    0.23140E-06   0.15189E-09  -0.37623E-05   0.57396E-11   0.12392E-07   0.78025E-12
  0.067   0.200    0.22997E-06   0.90363E-09  -0.37683E-05  -0.39168E-10   0.12299E-07   0.81518E-12
  0.067   0.200    0.23194E-06  -0.89481E-09  -0.37773E-05   0.55467E-10   0.12424E-07   0.78517E-12
  0.067   0.200    0.22724E-06  -0.20715E-08  -0.37726E-05   0.11942E-09   0.12158E-07   0.77818E-12
  0.067   0.200    0.19966E-06   0.12231E-07  -0.55004E-05  -0.64950E-09   0.10382E-07   0.11856E-11
  0.067   0.200    0.23066E-06   0.84960E-08  -0.55418E-05  -0.43674E-09   0.12364E-07   0.12320E-11
  0.067   0.200    0.23144E-06  -0.35718E-08  -0.55675E-05   0.12982E-09   0.12371E-07   0.11491E-11
  0.067   0.200    0.24011E-06   0.11080E-08  -0.55597E-05  -0.82875E-10   0.12937E-07   0.11652E-11
  0.067   0.200    0.23154E-06  -0.37110E-09  -0.73517E-05   0.35969E-10   0.12400E-07   0.16310E-11
  0.067   0.200    0.23232E-06  -0.89148E-09  -0.73592E-05   0.61957E-10   0.12442E-07   0.16433E-11
  0.067   0.200    0.23546E-06  -0.66226E-09  -0.22188E-05   0.39076E-10   0.12612E-07   0.40420E-12
  0.067   0.200    0.23655E-06   0.13382E-08  -0.22065E-05  -0.61085E-10   0.12666E-07   0.41312E-12
  0.067   0.200    0.23055E-06   0.25084E-08  -0.21927E-05  -0.12816E-09   0.12328E-07   0.41562E-12
  0.067   0.200    0.22845E-06   0.95151E-09  -0.22099E-05  -0.46759E-10   0.12239E-07   0.38845E-12
  0.067   0.200    0.24335E-06   0.40538E-07  -0.40240E-05  -0.21577E-08   0.13065E-07   0.96477E-12
  0.067   0.200    0.37369E-06  -0.28415E-07  -0.43143E-05   0.15266E-08   0.20849E-07   0.47224E-12
  0.067   0.200    0.23718E-06   0.20413E-07  -0.39668E-05  -0.10846E-08   0.12717E-07   0.96048E-12
  0.067   0.200    0.20641E-06  -0.26953E-07  -0.38923E-05   0.17130E-08   0.10838E-07   0.77399E-12
  0.067   0.200    0.21744E-06  -0.15671E-08  -0.57231E-05   0.96301E-10   0.11646E-07   0.12543E-11
  0.067   0.200    0.22006E-06   0.21630E-08  -0.57238E-05  -0.10547E-09   0.11786E-07   0.12405E-11
  0.067   0.200    0.23087E-06   0.60515E-09  -0.14142E-05  -0.37779E-10   0.12368E-07   0.19069E-12
  0.067   0.200    0.23444E-06   0.30516E-09  -0.13671E-05  -0.14425E-10   0.12558E-07   0.19939E-12
  0.067   0.200    0.23432E-06  -0.42140E-09  -0.13668E-05   0.24614E-10   0.12552E-07   0.20140E-12
  0.067   0.200    0.23089E-06  -0.10317E-08  -0.14042E-05   0.51437E-10   0.12369E-07   0.21007E-12
  0.067   0.200    0.23378E-06  -0.28827E-09  -0.32115E-05   0.21626E-10   0.12519E-07   0.65770E-12
  0.067   0.200    0.22996E-06  -0.67495E-09  -0.32081E-05   0.43721E-10   0.12322E-07   0.67783E-12
  0.067   0.200    0.23272E-06   0.11911E-08  -0.32120E-05  -0.55483E-10   0.12469E-07   0.63884E-12
  0.067   0.200    0.22011E-06   0.55254E-08  -0.31914E-05  -0.34655E-09   0.11694E-07   0.54937E-12
  0.067   0.200    0.22940E-06  -0.14667E-08  -0.50224E-05   0.95967E-10   0.12285E-07   0.10592E-11
  0.067   0.200    0.22915E-06  -0.61345E-09  -0.50394E-05   0.41340E-10   0.12269E-07   0.10455E-11
  0.067   0.200    0.22828E-06   0.86380E-09  -0.16204E-05  -0.44255E-10   0.12230E-07   0.24316E-12
  0.067   0.200    0.23129E-06   0.64992E-09  -0.15945E-05  -0.30438E-10   0.12390E-07   0.25412E-12
  0.067   0.200    0.23079E-06   0.38282E-09  -0.16005E-05  -0.18378E-10   0.12361E-07   0.25367E-12
  0.067   0.200    0.22746E-06  -0.50778E-09  -0.16147E-05   0.26699E-10   0.12184E-07   0.25578E-12
  0.067   0.200    0.22890E-06  -0.22685E-09  -0.33863E-05   0.18674E-10   0.12259E-07   0.70388E-12
  0.067   0.200    0.22749E-06  -0.16311E-09  -0.33814E-05   0.15464E-10   0.12184E-07   0.68810E-12
  0.067   0.200    0.22661E-06   0.21626E-07  -0.33701E-05  -0.13141E-08   0.12102E-07   0.67392E-12
  0.067   0.200    0.21214E-06  -0.43227E-08  -0.33365E-05   0.26131E-09   0.11223E-07   0.61411E-12
  0.067   0.200    0.22700E-06  -0.68706E-09  -0.51684E-05   0.47067E-10   0.12155E-07   0.10988E-11
  0.067   0.200    0.22675E-06  -0.10094E-09  -0.51713E-05   0.20798E-10   0.12145E-07   0.10930E-11
  0.067   0.200    0.23186E-06  -0.21054E-09  -0.12834E-05   0.70881E-11   0.12420E-07   0.15825E-12
  0.067   0.200    0.23536E-06  -0.87363E-09  -0.12429E-05   0.48340E-10   0.12608E-07   0.15665E-12
  0.067   0.200    0.23565E-06  -0.43268E-09  -0.12156E-05   0.24770E-10   0.12625E-07   0.16117E-12
  0.067   0.200    0.23162E-06  -0.67888E-09  -0.12443E-05   0.27794E-10   0.12407E-07   0.18629E-12
  0.067   0.200    0.23354E-06  -0.64892E-09  -0.30753E-05   0.38351E-10   0.12513E-07   0.60414E-12
  0.067   0.200    0.23029E-06  -0.10402E-08  -0.30785E-05   0.59766E-10   0.12329E-07   0.60943E-12
  0.067   0.200    0.23502E-06  -0.58463E-09  -0.30767E-05   0.37066E-10   0.12586E-07   0.59177E-12
  0.067   0.200    0.23031E-06  -0.28590E-09  -0.30820E-05   0.21184E-10   0.12342E-07   0.62141E-12
  0.067   0.200    0.22985E-06  -0.20654E-08  -0.48705E-05   0.12646E-09   0.12311E-07   0.10222E-11
  0.067   0.200    0.22953E-06  -0.10342E-08  -0.48955E-05   0.59770E-10   0.12292E-07   0.10272E-11
  0.067   0.200    0.22921E-06   0.31477E-09  -0.12713E-05  -0.18162E-10   0.12278E-07   0.15588E-12
  0.067   0.200    0.23251E-06  -0.24603E-09  -0.12495E-05   0.14455E-10   0.12453E-07   0.15856E-12
  0.067   0.200    0.23261E-06  -0.57141E-09  -0.12260E-05   0.35563E-10   0.12460E-07   0.15379E-12
  0.067   0.200    0.22979E-06  -0.77325E-09  -0.12416E-05   0.42933E-10   0.12312E-07   0.18850E-12
  0.067   0.200    0.23109E-06  -0.92072E-09  -0.30348E-05   0.53714E-10   0.12373E-07   0.59703E-12
  0.067   0.200    0.22791E-06  -0.10345E-08  -0.30358E-05   0.61565E-10   0.12206E-07   0.59658E-12
  0.067   0.200    0.23126E-06  -0.21737E-09  -0.30294E-05   0.16298E-10   0.12394E-07   0.55987E-12
  0.067   0.200    0.22948E-06   0.29682E-09  -0.30297E-05  -0.11222E-10   0.12292E-07   0.59100E-12
  0.067   0.200    0.22737E-06  -0.16160E-08  -0.47968E-05   0.99011E-10   0.12178E-07   0.10071E-11
  0.067   0.200    0.22700E-06  -0.10674E-08  -0.48142E-05   0.62767E-10   0.12158E-07   0.10216E-11
  0.067   0.200    0.23304E-06  -0.13079E-08   0.15169E-05   0.66415E-10   0.12485E-07  -0.55868E-12
  0.067   0.200    0.23602E-06   0.70425E-10   0.15496E-05  -0.74529E-11   0.12643E-07  -0.54753E-12
  0.067   0.200    0.23526E-06   0.57804E-09   0.15503E-05  -0.36112E-10   0.12603E-07  -0.54441E-12
  0.067   0.200    0.23097E-06   0.22559E-08   0.15250E-05  -0.12649E-09   0.12373E-07  -0.52601E-12
  0.067   0.200    0.24334E-06   0.65066E-08  -0.27310E-06  -0.34376E-09   0.13126E-07  -0.59722E-13
  0.067   0.200    0.25631E-06  -0.70340E-08  -0.35600E-06   0.37536E-09   0.13956E-07  -0.10283E-12
  0.067   0.200    0.23440E-06   0.84907E-08  -0.24274E-06  -0.47716E-09   0.12568E-07  -0.11310E-12
  0.067   0.200    0.22225E-06   0.70443E-08  -0.27423E-06  -0.38477E-09   0.11832E-07  -0.96165E-13
  0.067   0.200    0.22245E-06  -0.23896E-08  -0.18993E-05   0.13158E-09   0.11916E-07   0.30543E-12
  0.067   0.200    0.21919E-06  -0.31256E-09  -0.19019E-05   0.22562E-10   0.11764E-07   0.36659E-12
  0.067   0.200    0.23361E-06  -0.13684E-08   0.33864E-05   0.64906E-10   0.12515E-07  -0.10301E-11
  0.067   0.200    0.23732E-06   0.52627E-10   0.34598E-05  -0.10244E-10   0.12713E-07  -0.10225E-11
  0.067   0.200    0.23639E-06   0.12875E-08   0.34666E-05  -0.77125E-10   0.12663E-07  -0.10197E-11
  0.067   0.200    0.23155E-06   0.21866E-08   0.34077E-05  -0.12646E-09   0.12405E-07  -0.10044E-11
  0.067   0.200    0.25959E-06   0.61683E-08   0.15800E-05  -0.33354E-09   0.14121E-07  -0.53319E-12
  0.067   0.200    0.26525E-06  -0.12590E-08   0.15188E-05   0.49460E-10   0.14484E-07  -0.62471E-12
  0.067   0.200    0.23962E-06   0.12924E-07   0.16269E-05  -0.69790E-09   0.12896E-07  -0.53544E-12
  0.067   0.200    0.23761E-06   0.13971E-07   0.15833E-05  -0.79788E-09   0.12799E-07  -0.58874E-12
  0.067   0.200    0.21770E-06  -0.29244E-08   0.42085E-07   0.15285E-09   0.11677E-07  -0.17054E-12
  0.067   0.200    0.21940E-06  -0.19367E-09   0.41526E-07   0.98042E-11   0.11753E-07  -0.15911E-12
  0.130   0.385    0.16352E-05   0.11117E-07  -0.59885E-05  -0.58510E-09   0.87596E-07   0.34442E-12
  0.130   0.385    0.16439E-05   0.35843E-08  -0.60154E-05  -0.18576E-09   0.87996E-07   0.46846E-12
  0.130   0.385    0.16665E-05  -0.56367E-09  -0.59857E-05   0.40233E-10   0.89248E-07   0.42241E-12
  0.130   0.385    0.16444E-05   0.50375E-10  -0.59498E-05   0.55726E-11   0.88078E-07   0.47254E-12
  0.130   0.385    0.16924E-05  -0.29278E-07  -0.18523E-04   0.15801E-08   0.90921E-07   0.33372E-11
  0.130   0.385    0.16856E-05   0.21395E-07  -0.18292E-04  -0.11073E-08   0.90757E-07   0.34040E-11
  0.130   0.385    0.17100E-05   0.27265E-07  -0.18811E-04  -0.19330E-08   0.92105E-07   0.32810E-11
  0.130   0.385    0.16324E-05  -0.40998E-08  -0.18614E-04   0.48711E-09   0.87364E-07   0.34901E-11
  0.130   0.385    0.16158E-05   0.33266E-08  -0.31190E-04  -0.11438E-09   0.86540E-07   0.64617E-11
  0.130   0.385    0.16097E-05  -0.21157E-08  -0.31184E-04   0.17588E-09   0.86211E-07   0.65218E-11
  0.130   0.385    0.16431E-05   0.11986E-07  -0.52887E-05  -0.67526E-09   0.87974E-07   0.35781E-12
  0.130   0.385    0.16822E-05  -0.94696E-09  -0.53625E-05   0.60133E-10   0.90105E-07   0.29820E-12
  0.130   0.385    0.16668E-05  -0.44990E-08  -0.53815E-05   0.21687E-09   0.89185E-07   0.23992E-12
  0.130   0.385    0.16787E-05  -0.43678E-08  -0.52951E-05   0.24406E-09   0.89913E-07   0.30283E-12
  0.130   0.385    0.17295E-05  -0.20290E-07  -0.18100E-04   0.11180E-08   0.93100E-07   0.32099E-11
  0.130   0.385    0.16383E-05   0.25246E-07  -0.18001E-04  -0.12755E-08   0.87613E-07   0.33246E-11
  0.130   0.385    0.16946E-05  -0.18188E-07  -0.18391E-04   0.72428E-09   0.90810E-07   0.30641E-11
  0.130   0.385    0.17098E-05   0.45342E-07  -0.18444E-04  -0.28746E-08   0.92106E-07   0.32326E-11
  0.130   0.385    0.16346E-05  -0.64773E-08  -0.30841E-04   0.41195E-09   0.87548E-07   0.63431E-11
  0.130   0.385    0.16316E-05  -0.10071E-07  -0.30882E-04   0.60067E-09   0.87387E-07   0.64320E-11
  0.130   0.385    0.16755E-05   0.45745E-08  -0.47671E-05  -0.24079E-09   0.89741E-07   0.33645E-13
  0.130   0.385    0.16691E-05   0.45274E-11  -0.48428E-05   0.11195E-10   0.89366E-07   0.28389E-12
  0.130   0.385    0.16820E-05  -0.32429E-08  -0.48732E-05   0.18203E-09   0.90092E-07   0.19007E-12
  0.130   0.385    0.16436E-05  -0.10556E-07  -0.47913E-05   0.57690E-09   0.88016E-07   0.15076E-12
  0.130   0.385    0.16509E-05   0.11415E-07  -0.17777E-04  -0.57785E-09   0.88184E-07   0.32965E-11
  0.130   0.385    0.16495E-05   0.21737E-08  -0.17605E-04  -0.67090E-10   0.88347E-07   0.32982E-11
  0.130   0.385    0.17178E-05  -0.40167E-08  -0.17763E-04   0.24362E-09   0.92327E-07   0.30470E-11
  0.130   0.385    0.17067E-05   0.89552E-08  -0.17705E-04  -0.45855E-09   0.91830E-07   0.28010E-11
  0.130   0.385    0.16296E-05  -0.14529E-07  -0.30319E-04   0.84197E-09   0.87276E-07   0.62121E-11
  0.130   0.385    0.16306E-05  -0.11652E-07  -0.30385E-04   0.68293E-09   0.87332E-07   0.63116E-11
  0.130   0.385    0.16440E-05  -0.93418E-09  -0.44219E-05   0.52987E-10   0.88063E-07  -0.19864E-13
  0.130   0.385    0.16660E-05  -0.29448E-08  -0.44969E-05   0.16194E-09   0.89222E-07   0.51508E-13
  0.130   0.385    0.16435E-05  -0.10558E-07  -0.45309E-05   0.59204E-09   0.87967E-07   0.11462E-12
  0.130   0.385    0.16398E-05  -0.14002E-07  -0.45022E-05   0.75955E-09   0.87843E-07   0.13558E-12
  0.130   0.385    0.16535E-05   0.50209E-08  -0.17166E-04  -0.22946E-09   0.88543E-07   0.31568E-11
  0.130   0.385    0.16160E-05  -0.97115E-08  -0.17013E-04   0.55572E-09   0.86466E-07   0.31876E-11
  0.130   0.385    0.16937E-05  -0.27131E-08  -0.17082E-04   0.55249E-10   0.90955E-07   0.28743E-11
  0.130   0.385    0.16773E-05  -0.31879E-07  -0.17172E-04   0.17375E-08   0.90179E-07   0.26878E-11
  0.130   0.385    0.16059E-05  -0.23047E-07  -0.29574E-04   0.12975E-08   0.86010E-07   0.60379E-11
  0.130   0.385    0.16074E-05  -0.21847E-07  -0.29669E-04   0.12283E-08   0.86090E-07   0.61374E-11
  0.130   0.385    0.16561E-05   0.50740E-08   0.88100E-05  -0.30059E-09   0.88731E-07  -0.32783E-11
  0.130   0.385    0.16821E-05   0.41661E-08   0.89959E-05  -0.24743E-09   0.90092E-07  -0.32189E-11
  0.130   0.385    0.16817E-05  -0.39165E-08   0.89472E-05   0.19305E-09   0.90074E-07  -0.32356E-11
  0.130   0.385    0.16559E-05  -0.89603E-08   0.87914E-05   0.45026E-09   0.88708E-07  -0.31487E-11
  0.130   0.385    0.16816E-05  -0.13621E-07  -0.40547E-05   0.73419E-09   0.90059E-07  -0.45297E-13
  0.130   0.385    0.16531E-05  -0.62661E-08  -0.40273E-05   0.33642E-09   0.88558E-07  -0.58570E-13
  0.130   0.385    0.17287E-05   0.15697E-08  -0.41118E-05  -0.13419E-09   0.92915E-07   0.19283E-12
  0.130   0.385    0.16443E-05   0.55552E-10  -0.40645E-05   0.66040E-10   0.88002E-07  -0.33243E-12
  0.130   0.385    0.16420E-05  -0.64005E-08  -0.16861E-04   0.38908E-09   0.87947E-07   0.29014E-11
  0.130   0.385    0.16406E-05  -0.52403E-08  -0.16891E-04   0.26896E-09   0.87891E-07   0.26963E-11
  0.130   0.385    0.16382E-05   0.33026E-08   0.63825E-05  -0.19559E-09   0.87752E-07  -0.26464E-11
  0.130   0.385    0.16604E-05   0.62901E-09   0.63597E-05  -0.47707E-10   0.88936E-07  -0.26016E-11
  0.130   0.385    0.16584E-05  -0.13202E-08   0.63158E-05   0.54929E-10   0.88822E-07  -0.26096E-11
  0.130   0.385    0.16338E-05  -0.72563E-08   0.63024E-05   0.36823E-09   0.87515E-07  -0.25311E-11
  0.130   0.385    0.16534E-05   0.11096E-08  -0.63954E-05  -0.45078E-10   0.88560E-07   0.51764E-12
  0.130   0.385    0.16366E-05  -0.24436E-08  -0.63434E-05   0.14229E-09   0.87663E-07   0.50695E-12
  0.130   0.385    0.16290E-05  -0.12284E-07  -0.63593E-05   0.74724E-09   0.87153E-07  -0.15269E-13
  0.130   0.385    0.16298E-05  -0.16814E-09  -0.63936E-05   0.50058E-10   0.87274E-07   0.40977E-12
  0.130   0.385    0.16245E-05  -0.60573E-08  -0.19008E-04   0.36030E-09   0.87003E-07   0.34501E-11
  0.130   0.385    0.16196E-05  -0.21397E-08  -0.19025E-04   0.15892E-09   0.86752E-07   0.33719E-11
  0.130   0.385    0.16608E-05  -0.28167E-08   0.65152E-05   0.12375E-09   0.88963E-07  -0.26944E-11
  0.130   0.385    0.16889E-05  -0.30907E-08   0.66069E-05   0.15252E-09   0.90471E-07  -0.27018E-11
  0.130   0.385    0.16895E-05   0.88143E-09   0.66812E-05  -0.69907E-10   0.90499E-07  -0.26637E-11
  0.130   0.385    0.16603E-05  -0.56821E-08   0.64931E-05   0.26300E-09   0.88932E-07  -0.25320E-11
  0.130   0.385    0.16797E-05  -0.38736E-08  -0.63724E-05   0.19650E-09   0.89965E-07   0.47252E-12
  0.130   0.385    0.16588E-05  -0.91904E-08  -0.63754E-05   0.49932E-09   0.88834E-07   0.48936E-12
  0.130   0.385    0.16900E-05  -0.48773E-08  -0.63939E-05   0.27008E-09   0.90512E-07   0.39092E-12
  0.130   0.385    0.16602E-05   0.15189E-08  -0.63997E-05  -0.72896E-10   0.88948E-07   0.65361E-12
  0.130   0.385    0.16456E-05  -0.16803E-07  -0.19216E-04   0.95092E-09   0.88136E-07   0.34712E-11
  0.130   0.385    0.16439E-05  -0.10649E-07  -0.19353E-04   0.59626E-09   0.88047E-07   0.34681E-11
  0.130   0.385    0.16406E-05   0.60603E-08   0.62906E-05  -0.34631E-09   0.87881E-07  -0.26313E-11
  0.130   0.385    0.16662E-05   0.13303E-08   0.63623E-05  -0.86776E-10   0.89239E-07  -0.26043E-11
  0.130   0.385    0.16678E-05  -0.13001E-08   0.64167E-05   0.62169E-10   0.89329E-07  -0.26311E-11
  0.130   0.385    0.16476E-05  -0.40848E-08   0.63389E-05   0.20235E-09   0.88265E-07  -0.24569E-11
  0.130   0.385    0.16607E-05  -0.22845E-08  -0.64078E-05   0.12528E-09   0.88913E-07   0.52336E-12
  0.130   0.385    0.16379E-05  -0.72657E-08  -0.64122E-05   0.40081E-09   0.87725E-07   0.51241E-12
  0.130   0.385    0.16630E-05  -0.13251E-07  -0.63865E-05   0.80447E-09   0.89052E-07   0.33753E-12
  0.130   0.385    0.16504E-05   0.17099E-08  -0.63745E-05  -0.81337E-10   0.88403E-07   0.48190E-12
  0.130   0.385    0.16262E-05  -0.15653E-07  -0.19070E-04   0.88309E-09   0.87103E-07   0.34551E-11
  0.130   0.385    0.16254E-05  -0.10968E-07  -0.19169E-04   0.61737E-09   0.87060E-07   0.35655E-11
  0.130   0.385    0.16330E-05  -0.64411E-08   0.17845E-04   0.30784E-09   0.87477E-07  -0.55288E-11
  0.130   0.385    0.16559E-05  -0.62916E-08   0.17828E-04   0.30178E-09   0.88694E-07  -0.54460E-11
  0.130   0.385    0.16535E-05  -0.82775E-08   0.17794E-04   0.40697E-09   0.88563E-07  -0.54043E-11
  0.130   0.385    0.16272E-05  -0.97004E-08   0.17739E-04   0.48008E-09   0.87166E-07  -0.53722E-11
  0.130   0.385    0.16187E-05   0.26777E-08   0.51449E-05  -0.15264E-09   0.86427E-07  -0.22385E-11
  0.130   0.385    0.15704E-05  -0.22591E-07   0.50290E-05   0.11920E-08   0.83546E-07  -0.22479E-11
  0.130   0.385    0.16777E-05   0.99123E-08   0.50833E-05  -0.76286E-09   0.90046E-07  -0.22774E-11
  0.130   0.385    0.15937E-05   0.31303E-07   0.49801E-05  -0.17892E-08   0.84886E-07  -0.22870E-11
  0.130   0.385    0.16273E-05  -0.14335E-07  -0.74294E-05   0.78024E-09   0.87171E-07   0.62923E-12
  0.130   0.385    0.16119E-05  -0.99669E-08  -0.74726E-05   0.55696E-09   0.86341E-07   0.90329E-12
  0.130   0.385    0.16274E-05  -0.15827E-08   0.18118E-04   0.44593E-10   0.87180E-07  -0.55672E-11
  0.130   0.385    0.16527E-05  -0.29606E-08   0.18130E-04   0.12103E-09   0.88520E-07  -0.54899E-11
  0.130   0.385    0.16532E-05  -0.40523E-08   0.18106E-04   0.17918E-09   0.88549E-07  -0.54901E-11
  0.130   0.385    0.16273E-05  -0.42610E-08   0.18060E-04   0.18769E-09   0.87175E-07  -0.54037E-11
  0.130   0.385    0.16530E-05  -0.30388E-07   0.55595E-05   0.16115E-08   0.88519E-07  -0.24008E-11
  0.130   0.385    0.15924E-05  -0.17721E-07   0.54097E-05   0.92278E-09   0.84947E-07  -0.24764E-11
  0.130   0.385    0.17086E-05   0.84077E-08   0.51450E-05  -0.55424E-09   0.92013E-07  -0.23925E-11
  0.130   0.385    0.16573E-05   0.53467E-07   0.53217E-05  -0.30704E-08   0.88952E-07  -0.23355E-11
  0.130   0.385    0.16105E-05  -0.74551E-08  -0.70994E-05   0.34782E-09   0.86268E-07   0.52996E-12
  0.130   0.385    0.16187E-05  -0.78100E-08  -0.71239E-05   0.43042E-09   0.86712E-07   0.67494E-12
