  0.000   0.000    0.00000E+00   0.00000E+00   0.00000E+00   0.00000E+00   0.00000E+00   0.00000E+00
  0.000   0.000    0.00000E+00   0.00000E+00   0.00000E+00   0.00000E+00   0.00000E+00   0.00000E+00
  0.000   0.000    0.00000E+00   0.00000E+00   0.00000E+00   0.00000E+00   0.00000E+00   0.00000E+00
  0.000   0.000    0.00000E+00   0.00000E+00   0.00000E+00   0.00000E+00   0.00000E+00   0.00000E+00
  0.000   0.000    0.00000E+00   0.00000E+00   0.00000E+00   0.00000E+00   0.00000E+00   0.00000E+00
  0.000   0.000    0.00000E+00   0.00000E+00   0.00000E+00   0.00000E+00   0.00000E+00   0.00000E+00
  0.000   0.000    0.00000E+00   0.00000E+00   0.00000E+00   0.00000E+00   0.00000E+00   0.00000E+00
  0.000   0.000    0.00000E+00   0.00000E+00   0.00000E+00   0.00000E+00   0.00000E+00   0.00000E+00
  0.000   0.000    0.00000E+00   0.00000E+00   0.00000E+00   0.00000E+00   0.00000E+00   0.00000E+00
  0.000   0.000    0.00000E+00   0.00000E+00   0.00000E+00   0.00000E+00   0.00000E+00   0.00000E+00
  0.000   0.000    0.00000E+00   0.00000E+00   0.00000E+00   0.00000E+00   0.00000E+00   0.00000E+00
  0.000   0.000    0.00000E+00   0.00000E+00   0.00000E+00   0.00000E+00   0.00000E+00   0.00000E+00
  0.000   0.000    0.00000E+00   0.00000E+00   0.00000E+00   0.00000E+00   0.00000E+00   0.00000E+00
  0.000   0.000    0.00000E+00   0.00000E+00   0.00000E+00   0.00000E+00   0.00000E+00   0.00000E+00
  0.000   0.000    0.00000E+00   0.00000E+00   0.00000E+00   0.00000E+00   0.00000E+00   0.00000E+00
  0.000   0.000    0.00000E+00   0.00000E+00   0.00000E+00   0.00000E+00   0.00000E+00   0.00000E+00
  0.000   0.000    0.00000E+00   0.00000E+00   0.00000E+00   0.00000E+00   0.00000E+00   0.00000E+00
  0.000   0.000    0.00000E+00   0.00000E+00   0.00000E+00   0.00000E+00   0.00000E+00   0.00000E+00
  0.000   0.000    0.00000E+00   0.00000E+00   0.00000E+00   0.00000E+00   0.00000E+00   0.00000E+00
  0.000   0.000    0.00000E+00   0.00000E+00   0.00000E+00   0.00000E+00   0.00000E+00   0.00000E+00
  0.000   0.000    0.00000E+00   0.00000E+00   0.00000E+00   0.00000E+00   0.00000E+00   0.00000E+00
  0.000   0.000    0.00000E+00   0.00000E+00   0.00000E+00   0.00000E+00   0.00000E+00   0.00000E+00
  0.000   0.000    0.00000E+00   0.00000E+00   0.00000E+00   0.00000E+00   0.00000E+00   0.00000E+00
  0.000   0.000    0.00000E+00   0.00000E+00   0.00000E+00   0.00000E+00   0.00000E+00   0.00000E+00
  0.000   0.000    0.00000E+00   0.00000E+00   0.00000E+00   0.00000E+00   0.00000E+00   0.00000E+00
  0.000   0.000    0.00000E+00   0.00000E+00   0.00000E+00   0.00000E+00   0.00000E+00   0.00000E+00
  0.000   0.000    0.00000E+00   0.00000E+00   0.00000E+00   0.00000E+00   0.00000E+00   0.00000E+00
  0.000   0.000    0.00000E+00   0.00000E+00   0.00000E+00   0.00000E+00   0.00000E+00   0.00000E+00
  0.000   0.000    0.00000E+00   0.00000E+00   0.00000E+00   0.00000E+00   0.00000E+00   0.00000E+00
  0.000   0.000    0.00000E+00   0.00000E+00   0.00000E+00   0.00000E+00   0.00000E+00   0.00000E+00
  0.000   0.000    0.00000E+00   0.00000E+00   0.00000E+00   0.00000E+00   0.00000E+00   0.00000E+00
  0.000   0.000    0.00000E+00   0.00000E+00   0.00000E+00   0.00000E+00   0.00000E+00   0.00000E+00
  0.000   0.000    0.00000E+00   0.00000E+00   0.00000E+00   0.00000E+00   0.00000E+00   0.00000E+00
  0.000   0.000    0.00000E+00   0.00000E+00   0.00000E+00   0.00000E+00   0.00000E+00   0.00000E+00
  0.000   0.000    0.00000E+00   0.00000E+00   0.00000E+00   0.00000E+00   0.00000E+00   0.00000E+00
  0.000   0.000    0.00000E+00   0.00000E+00   0.00000E+00   0.00000E+00   0.00000E+00   0.00000E+00
  0.000   0.000    0.00000E+00   0.00000E+00   0.00000E+00   0.00000E+00   0.00000E+00   0.00000E+00
  0.000   0.000    0.00000E+00   0.00000E+00   0.00000E+00   0.00000E+00   0.00000E+00   0.00000E+00
  0.000   0.000    0.00000E+00   0.00000E+00   0.00000E+00   0.00000E+00   0.00000E+00   0.00000E+00
  0.000   0.000    0.00000E+00   0.00000E+00   0.00000E+00   0.00000E+00   0.00000E+00   0.00000E+00
  0.000   0.000    0.00000E+00   0.00000E+00   0.00000E+00   0.00000E+00   0.00000E+00   0.00000E+00
  0.000   0.000    0.00000E+00   0.00000E+00   0.00000E+00   0.00000E+00   0.00000E+00   0.00000E+00
  0.000   0.000    0.00000E+00   0.00000E+00   0.00000E+00   0.00000E+00   0.00000E+00   0.00000E+00
  0.000   0.000    0.00000E+00   0.00000E+00   0.00000E+00   0.00000E+00   0.00000E+00   0.00000E+00
  0.000   0.000    0.00000E+00   0.00000E+00   0.00000E+00   0.00000E+00   0.00000E+00   0.00000E+00
  0.000   0.000    0.00000E+00   0.00000E+00   0.00000E+00   0.00000E+00   0.00000E+00   0.00000E+00
  0.000   0.000    0.00000E+00   0.00000E+00   0.00000E+00   0.00000E+00   0.00000E+00   0.00000E+00
  0.000   0.000    0.00000E+00   0.00000E+00   0.00000E+00   0.00000E+00   0.00000E+00   0.00000E+00
  0.000   0.000    0.00000E+00   0.00000E+00   0.00000E+00   0.00000E+00   0.00000E+00   0.00000E+00
  0.000   0.000    0.00000E+00   0.00000E+00   0.00000E+00   0.00000E+00   0.00000E+00   0.00000E+00
  0.000   0.000    0.00000E+00   0.00000E+00   0.00000E+00   0.00000E+00   0.00000E+00   0.00000E+00
  0.000   0.000    0.00000E+00   0.00000E+00   0.00000E+00   0.00000E+00   0.00000E+00   0.00000E+00
  0.000   0.000    0.00000E+00   0.00000E+00   0.00000E+00   0.00000E+00   0.00000E+00   0.00000E+00
  0.000   0.000    0.00000E+00   0.00000E+00   0.00000E+00   0.00000E+00   0.00000E+00   0.00000E+00
  0.000   0.000    0.00000E+00   0.00000E+00   0.00000E+00   0.00000E+00   0.00000E+00   0.00000E+00
  0.000   0.000    0.00000E+00   0.00000E+00   0.00000E+00   0.00000E+00   0.00000E+00   0.00000E+00
  0.000   0.000    0.00000E+00   0.00000E+00   0.00000E+00   0.00000E+00   0.00000E+00   0.00000E+00
  0.000   0.000    0.00000E+00   0.00000E+00   0.00000E+00   0.00000E+00   0.00000E+00   0.00000E+00
  0.000   0.000    0.00000E+00   0.00000E+00   0.00000E+00   0.00000E+00   0.00000E+00   0.00000E+00
  0.000   0.000    0.00000E+00   0.00000E+00   0.00000E+00   0.00000E+00   0.00000E+00   0.00000E+00
  0.000   0.000    0.00000E+00   0.00000E+00   0.00000E+00   0.00000E+00   0.00000E+00   0.00000E+00
  0.000   0.000    0.00000E+00   0.00000E+00   0.00000E+00   0.00000E+00   0.00000E+00   0.00000E+00
  0.000   0.000    0.00000E+00   0.00000E+00   0.00000E+00   0.00000E+00   0.00000E+00   0.00000E+00
  0.000   0.000    0.00000E+00   0.00000E+00   0.00000E+00   0.00000E+00   0.00000E+00   0.00000E+00
  0.000   0.000    0.00000E+00   0.00000E+00   0.00000E+00   0.00000E+00   0.00000E+00   0.00000E+00
  0.000   0.000    0.00000E+00   0.00000E+00   0.00000E+00   0.00000E+00   0.00000E+00   0.00000E+00
  0.000   0.000    0.00000E+00   0.00000E+00   0.00000E+00   0.00000E+00   0.00000E+00   0.00000E+00
  0.000   0.000    0.00000E+00   0.00000E+00   0.00000E+00   0.00000E+00   0.00000E+00   0.00000E+00
  0.000   0.000    0.00000E+00   0.00000E+00   0.00000E+00   0.00000E+00   0.00000E+00   0.00000E+00
  0.000   0.000    0.00000E+00   0.00000E+00   0.00000E+00   0.00000E+00   0.00000E+00   0.00000E+00
  0.000   0.000    0.00000E+00   0.00000E+00   0.00000E+00   0.00000E+00   0.00000E+00   0.00000E+00
  0.000   0.000    0.00000E+00   0.00000E+00   0.00000E+00   0.00000E+00   0.00000E+00   0.00000E+00
  0.000   0.000    0.00000E+00   0.00000E+00   0.00000E+00   0.00000E+00   0.00000E+00   0.00000E+00
  0.000   0.000    0.00000E+00   0.00000E+00   0.00000E+00   0.00000E+00   0.00000E+00   0.00000E+00
  0.000   0.000    0.00000E+00   0.00000E+00   0.00000E+00   0.00000E+00   0.00000E+00   0.00000E+00
  0.000   0.000    0.00000E+00   0.00000E+00   0.00000E+00   0.00000E+00   0.00000E+00   0.00000E+00
  0.000   0.000    0.00000E+00   0.00000E+00   0.00000E+00   0.00000E+00   0.00000E+00   0.00000E+00
  0.000   0.000    0.00000E+00   0.00000E+00   0.00000E+00   0.00000E+00   0.00000E+00   0.00000E+00
  0.000   0.000    0.00000E+00   0.00000E+00   0.00000E+00   0.00000E+00   0.00000E+00   0.00000E+00
  0.000   0.000    0.00000E+00   0.00000E+00   0.00000E+00   0.00000E+00   0.00000E+00   0.00000E+00
  0.000   0.000    0.00000E+00   0.00000E+00   0.00000E+00   0.00000E+00   0.00000E+00   0.00000E+00
  0.000   0.000    0.00000E+00   0.00000E+00   0.00000E+00   0.00000E+00   0.00000E+00   0.00000E+00
  0.000   0.000    0.00000E+00   0.00000E+00   0.00000E+00   0.00000E+00   0.00000E+00   0.00000E+00
  0.000   0.000    0.00000E+00   0.00000E+00   0.00000E+00   0.00000E+00   0.00000E+00   0.00000E+00
  0.000   0.000    0.00000E+00   0.00000E+00   0.00000E+00   0.00000E+00   0.00000E+00   0.00000E+00
  0.000   0.000    0.00000E+00   0.00000E+00   0.00000E+00   0.00000E+00   0.00000E+00   0.00000E+00
  0.000   0.000    0.00000E+00   0.00000E+00   0.00000E+00   0.00000E+00   0.00000E+00   0.00000E+00
  0.000   0.000    0.00000E+00   0.00000E+00   0.00000E+00   0.00000E+00   0.00000E+00   0.00000E+00
  0.000   0.000    0.00000E+00   0.00000E+00   0.00000E+00   0.00000E+00   0.00000E+00   0.00000E+00
  0.000   0.000    0.00000E+00   0.00000E+00   0.00000E+00   0.00000E+00   0.00000E+00   0.00000E+00
  0.000   0.000    0.00000E+00   0.00000E+00   0.00000E+00   0.00000E+00   0.00000E+00   0.00000E+00
  0.000   0.000    0.00000E+00   0.00000E+00   0.00000E+00   0.00000E+00   0.00000E+00   0.00000E+00
  0.000   0.000    0.00000E+00   0.00000E+00   0.00000E+00   0.00000E+00   0.00000E+00   0.00000E+00
  0.000   0.000    0.00000E+00   0.00000E+00   0.00000E+00   0.00000E+00   0.00000E+00   0.00000E+00
  0.000   0.000    0.00000E+00   0.00000E+00   0.00000E+00   0.00000E+00   0.00000E+00   0.00000E+00
  0.000   0.000    0.00000E+00   0.00000E+00   0.00000E+00   0.00000E+00   0.00000E+00   0.00000E+00
  0.000   0.000    0.00000E+00   0.00000E+00   0.00000E+00   0.00000E+00   0.00000E+00   0.00000E+00
  0.000   0.000    0.00000E+00   0.00000E+00   0.00000E+00   0.00000E+00   0.00000E+00   0.00000E+00
  0.000   0.000    0.00000E+00   0.00000E+00   0.00000E+00   0.00000E+00   0.00000E+00   0.00000E+00
  0.000   0.000    0.00000E+00   0.00000E+00   0.00000E+00   0.00000E+00   0.00000E+00   0.00000E+00
 -1.000  -1.000    0.00000E+00   0.00000E+00   0.00000E+00   0.00000E+00   0.00000E+00   0.00000E+00
 -1.000  -1.000    0.00000E+00   0.00000E+00   0.00000E+00   0.00000E+00   0.00000E+00   0.00000E+00
 -1.000  -1.000    0.00000E+00   0.00000E+00   0.00000E+00   0.00000E+00   0.00000E+00   0.00000E+00
 -1.000  -1.000    0.00000E+00   0.00000E+00   0.00000E+00   0.00000E+00   0.00000E+00   0.00000E+00
 -1.000  -1.000    0.00000E+00   0.00000E+00   0.00000E+00   0.00000E+00   0.00000E+00   0.00000E+00
 -1.000  -1.000    0.00000E+00   0.00000E+00   0.00000E+00   0.00000E+00   0.00000E+00   0.00000E+00
 -1.000  -1.000    0.00000E+00   0.00000E+00   0.00000E+00   0.00000E+00   0.00000E+00   0.00000E+00
 -1.000  -1.000    0.00000E+00   0.00000E+00   0.00000E+00   0.00000E+00   0.00000E+00   0.00000E+00
 -1.000  -1.000    0.00000E+00   0.00000E+00   0.00000E+00   0.00000E+00   0.00000E+00   0.00000E+00
 -1.000  -1.000    0.00000E+00   0.00000E+00   0.00000E+00   0.00000E+00   0.00000E+00   0.00000E+00
 -1.000  -1.000    0.00000E+00   0.00000E+00   0.00000E+00   0.00000E+00   0.00000E+00   0.00000E+00
 -1.000  -1.000    0.00000E+00   0.00000E+00   0.00000E+00   0.00000E+00   0.00000E+00   0.00000E+00
 -1.000  -1.000    0.00000E+00   0.00000E+00   0.00000E+00   0.00000E+00   0.00000E+00   0.00000E+00
 -1.000  -1.000    0.00000E+00   0.00000E+00   0.00000E+00   0.00000E+00   0.00000E+00   0.00000E+00
 -1.000  -1.000    0.00000E+00   0.00000E+00   0.00000E+00   0.00000E+00   0.00000E+00   0.00000E+00
 -1.000  -1.000    0.00000E+00   0.00000E+00   0.00000E+00   0.00000E+00   0.00000E+00   0.00000E+00
 -1.000  -1.000    0.00000E+00   0.00000E+00   0.00000E+00   0.00000E+00   0.00000E+00   0.00000E+00
 -1.000  -1.000    0.00000E+00   0.00000E+00   0.00000E+00   0.00000E+00   0.00000E+00   0.00000E+00
 -1.000  -1.000    0.00000E+00   0.00000E+00   0.00000E+00   0.00000E+00   0.00000E+00   0.00000E+00
 -1.000  -1.000    0.00000E+00   0.00000E+00   0.00000E+00   0.00000E+00   0.00000E+00   0.00000E+00
 -1.000  -1.000    0.00000E+00   0.00000E+00   0.00000E+00   0.00000E+00   0.00000E+00   0.00000E+00
 -1.000  -1.000    0.00000E+00   0.00000E+00   0.00000E+00   0.00000E+00   0.00000E+00   0.00000E+00
 -1.000  -1.000    0.00000E+00   0.00000E+00   0.00000E+00   0.00000E+00   0.00000E+00   0.00000E+00
 -1.000  -1.000    0.00000E+00   0.00000E+00   0.00000E+00   0.00000E+00   0.00000E+00   0.00000E+00
 -1.000  -1.000    0.00000E+00   0.00000E+00   0.00000E+00   0.00000E+00   0.00000E+00   0.00000E+00
 -1.000  -1.000    0.00000E+00   0.00000E+00   0.00000E+00   0.00000E+00   0.00000E+00   0.00000E+00
 -1.000  -1.000    0.00000E+00   0.00000E+00   0.00000E+00   0.00000E+00   0.00000E+00   0.00000E+00
 -1.000  -1.000    0.00000E+00   0.00000E+00   0.00000E+00   0.00000E+00   0.00000E+00   0.00000E+00
 -1.000  -1.000    0.00000E+00   0.00000E+00   0.00000E+00   0.00000E+00   0.00000E+00   0.00000E+00
 -1.000  -1.000    0.00000E+00   0.00000E+00   0.00000E+00   0.00000E+00   0.00000E+00   0.00000E+00
 -1.000  -1.000    0.00000E+00   0.00000E+00   0.00000E+00   0.00000E+00   0.00000E+00   0.00000E+00
 -1.000  -1.000    0.00000E+00   0.00000E+00   0.00000E+00   0.00000E+00   0.00000E+00   0.00000E+00
 -1.000  -1.000    0.00000E+00   0.00000E+00   0.00000E+00   0.00000E+00   0.00000E+00   0.00000E+00
 -1.000  -1.000    0.00000E+00   0.00000E+00   0.00000E+00   0.00000E+00   0.00000E+00   0.00000E+00
 -1.000  -1.000    0.00000E+00   0.00000E+00   0.00000E+00   0.00000E+00   0.00000E+00   0.00000E+00
 -1.000  -1.000    0.00000E+00   0.00000E+00   0.00000E+00   0.00000E+00   0.00000E+00   0.00000E+00
 -1.000  -1.000    0.00000E+00   0.00000E+00   0.00000E+00   0.00000E+00   0.00000E+00   0.00000E+00
 -1.000  -1.000    0.00000E+00   0.00000E+00   0.00000E+00   0.00000E+00   0.00000E+00   0.00000E+00
 -1.000  -1.000    0.00000E+00   0.00000E+00   0.00000E+00   0.00000E+00   0.00000E+00   0.00000E+00
 -1.000  -1.000    0.00000E+00   0.00000E+00   0.00000E+00   0.00000E+00   0.00000E+00   0.00000E+00
 -1.000  -1.000    0.00000E+00   0.00000E+00   0.00000E+00   0.00000E+00   0.00000E+00   0.00000E+00
 -1.000  -1.000    0.00000E+00   0.00000E+00   0.00000E+00   0.00000E+00   0.00000E+00   0.00000E+00
 -1.000  -1.000    0.00000E+00   0.00000E+00   0.00000E+00   0.00000E+00   0.00000E+00   0.00000E+00
 -1.000  -1.000    0.00000E+00   0.00000E+00   0.00000E+00   0.00000E+00   0.00000E+00   0.00000E+00
 -1.000  -1.000    0.00000E+00   0.00000E+00   0.00000E+00   0.00000E+00   0.00000E+00   0.00000E+00
 -1.000  -1.000    0.00000E+00   0.00000E+00   0.00000E+00   0.00000E+00   0.00000E+00   0.00000E+00
 -1.000  -1.000    0.00000E+00   0.00000E+00   0.00000E+00   0.00000E+00   0.00000E+00   0.00000E+00
 -1.000  -1.000    0.00000E+00   0.00000E+00   0.00000E+00   0.00000E+00   0.00000E+00   0.00000E+00
 -1.000  -1.000    0.00000E+00   0.00000E+00   0.00000E+00   0.00000E+00   0.00000E+00   0.00000E+00
 -1.000  -1.000    0.00000E+00   0.00000E+00   0.00000E+00   0.00000E+00   0.00000E+00   0.00000E+00
 -1.000  -1.000    0.00000E+00   0.00000E+00   0.00000E+00   0.00000E+00   0.00000E+00   0.00000E+00
 -1.000  -1.000    0.00000E+00   0.00000E+00   0.00000E+00   0.00000E+00   0.00000E+00   0.00000E+00
 -1.000  -1.000    0.00000E+00   0.00000E+00   0.00000E+00   0.00000E+00   0.00000E+00   0.00000E+00
 -1.000  -1.000    0.00000E+00   0.00000E+00   0.00000E+00   0.00000E+00   0.00000E+00   0.00000E+00
 -1.000  -1.000    0.00000E+00   0.00000E+00   0.00000E+00   0.00000E+00   0.00000E+00   0.00000E+00
 -1.000  -1.000    0.00000E+00   0.00000E+00   0.00000E+00   0.00000E+00   0.00000E+00   0.00000E+00
 -1.000  -1.000    0.00000E+00   0.00000E+00   0.00000E+00   0.00000E+00   0.00000E+00   0.00000E+00
 -1.000  -1.000    0.00000E+00   0.00000E+00   0.00000E+00   0.00000E+00   0.00000E+00   0.00000E+00
 -1.000  -1.000    0.00000E+00   0.00000E+00   0.00000E+00   0.00000E+00   0.00000E+00   0.00000E+00
 -1.000  -1.000    0.00000E+00   0.00000E+00   0.00000E+00   0.00000E+00   0.00000E+00   0.00000E+00
 -1.000  -1.000    0.00000E+00   0.00000E+00   0.00000E+00   0.00000E+00   0.00000E+00   0.00000E+00
 -1.000  -1.000    0.00000E+00   0.00000E+00   0.00000E+00   0.00000E+00   0.00000E+00   0.00000E+00
 -1.000  -1.000    0.00000E+00   0.00000E+00   0.00000E+00   0.00000E+00   0.00000E+00   0.00000E+00
 -1.000  -1.000    0.00000E+00   0.00000E+00   0.00000E+00   0.00000E+00   0.00000E+00   0.00000E+00
 -1.000  -1.000    0.00000E+00   0.00000E+00   0.00000E+00   0.00000E+00   0.00000E+00   0.00000E+00
 -1.000  -1.000    0.00000E+00   0.00000E+00   0.00000E+00   0.00000E+00   0.00000E+00   0.00000E+00
 -1.000  -1.000    0.00000E+00   0.00000E+00   0.00000E+00   0.00000E+00   0.00000E+00   0.00000E+00
 -1.000  -1.000    0.00000E+00   0.00000E+00   0.00000E+00   0.00000E+00   0.00000E+00   0.00000E+00
 -1.000  -1.000    0.00000E+00   0.00000E+00   0.00000E+00   0.00000E+00   0.00000E+00   0.00000E+00
 -1.000  -1.000    0.00000E+00   0.00000E+00   0.00000E+00   0.00000E+00   0.00000E+00   0.00000E+00
 -1.000  -1.000    0.00000E+00   0.00000E+00   0.00000E+00   0.00000E+00   0.00000E+00   0.00000E+00
 -1.000  -1.000    0.00000E+00   0.00000E+00   0.00000E+00   0.00000E+00   0.00000E+00   0.00000E+00
 -1.000  -1.000    0.00000E+00   0.00000E+00   0.00000E+00   0.00000E+00   0.00000E+00   0.00000E+00
 -1.000  -1.000    0.00000E+00   0.00000E+00   0.00000E+00   0.00000E+00   0.00000E+00   0.00000E+00
 -1.000  -1.000    0.00000E+00   0.00000E+00   0.00000E+00   0.00000E+00   0.00000E+00   0.00000E+00
 -1.000  -1.000    0.00000E+00   0.00000E+00   0.00000E+00   0.00000E+00   0.00000E+00   0.00000E+00
 -1.000  -1.000    0.00000E+00   0.00000E+00   0.00000E+00   0.00000E+00   0.00000E+00   0.00000E+00
 -1.000  -1.000    0.00000E+00   0.00000E+00   0.00000E+00   0.00000E+00   0.00000E+00   0.00000E+00
 -1.000  -1.000    0.00000E+00   0.00000E+00   0.00000E+00   0.00000E+00   0.00000E+00   0.00000E+00
 -1.000  -1.000    0.00000E+00   0.00000E+00   0.00000E+00   0.00000E+00   0.00000E+00   0.00000E+00
 -1.000  -1.000    0.00000E+00   0.00000E+00   0.00000E+00   0.00000E+00   0.00000E+00   0.00000E+00
 -1.000  -1.000    0.00000E+00   0.00000E+00   0.00000E+00   0.00000E+00   0.00000E+00   0.00000E+00
 -1.000  -1.000    0.00000E+00   0.00000E+00   0.00000E+00   0.00000E+00   0.00000E+00   0.00000E+00
 -1.000  -1.000    0.00000E+00   0.00000E+00   0.00000E+00   0.00000E+00   0.00000E+00   0.00000E+00
 -1.000  -1.000    0.00000E+00   0.00000E+00   0.00000E+00   0.00000E+00   0.00000E+00   0.00000E+00
 -1.000  -1.000    0.00000E+00   0.00000E+00   0.00000E+00   0.00000E+00   0.00000E+00   0.00000E+00
 -1.000  -1.000    0.00000E+00   0.00000E+00   0.00000E+00   0.00000E+00   0.00000E+00   0.00000E+00
 -1.000  -1.000    0.00000E+00   0.00000E+00   0.00000E+00   0.00000E+00   0.00000E+00   0.00000E+00
 -1.000  -1.000    0.00000E+00   0.00000E+00   0.00000E+00   0.00000E+00   0.00000E+00   0.00000E+00
 -1.000  -1.000    0.00000E+00   0.00000E+00   0.00000E+00   0.00000E+00   0.00000E+00   0.00000E+00
 -1.000  -1.000    0.00000E+00   0.00000E+00   0.00000E+00   0.00000E+00   0.00000E+00   0.00000E+00
 -1.000  -1.000    0.00000E+00   0.00000E+00   0.00000E+00   0.00000E+00   0.00000E+00   0.00000E+00
 -1.000  -1.000    0.00000E+00   0.00000E+00   0.00000E+00   0.00000E+00   0.00000E+00   0.00000E+00
 -1.000  -1.000    0.00000E+00   0.00000E+00   0.00000E+00   0.00000E+00   0.00000E+00   0.00000E+00
 -1.000  -1.000    0.00000E+00   0.00000E+00   0.00000E+00   0.00000E+00   0.00000E+00   0.00000E+00
 -1.000  -1.000    0.00000E+00   0.00000E+00   0.00000E+00   0.00000E+00   0.00000E+00   0.00000E+00
 -1.000  -1.000    0.00000E+00   0.00000E+00   0.00000E+00   0.00000E+00   0.00000E+00   0.00000E+00
 -1.000  -1.000    0.00000E+00   0.00000E+00   0.00000E+00   0.00000E+00   0.00000E+00   0.00000E+00
 -1.000  -1.000    0.00000E+00   0.00000E+00   0.00000E+00   0.00000E+00   0.00000E+00   0.00000E+00
 -1.000  -1.000    0.00000E+00   0.00000E+00   0.00000E+00   0.00000E+00   0.00000E+00   0.00000E+00
  0.067   0.200   -0.73008E-08  -0.20358E-06   0.11426E-05   0.10848E-07  -0.39035E-09  -0.63031E-12
  0.067   0.200   -0.56134E-08  -0.20947E-06   0.89853E-06   0.11226E-07  -0.28248E-09  -0.44199E-12
  0.067   0.200   -0.66773E-08  -0.20155E-06   0.16136E-06   0.10827E-07  -0.35703E-09  -0.24238E-12
  0.067   0.200   -0.39585E-08  -0.21296E-06  -0.67350E-06   0.11437E-07  -0.21170E-09  -0.51497E-13
  0.067   0.200   -0.40575E-07  -0.18479E-06   0.78620E-06   0.99238E-08  -0.25866E-08  -0.37692E-12
  0.067   0.200   -0.33345E-07  -0.19083E-06   0.15633E-05   0.10250E-07  -0.21148E-08  -0.56530E-12
  0.067   0.200   -0.23623E-07  -0.22114E-06   0.24497E-07   0.11964E-07  -0.15061E-08  -0.35514E-12
  0.067   0.200   -0.11592E-07  -0.22264E-06  -0.71876E-06   0.11947E-07  -0.74580E-09  -0.10791E-12
  0.067   0.200    0.99660E-08  -0.20633E-06   0.13603E-05   0.11070E-07   0.53411E-09  -0.63433E-12
  0.067   0.200    0.10796E-07  -0.20942E-06   0.58506E-06   0.11234E-07   0.57808E-09  -0.39585E-12
  0.067   0.200   -0.85054E-08  -0.19024E-06   0.17735E-05   0.99919E-08  -0.45589E-09  -0.85683E-12
  0.067   0.200   -0.92777E-08  -0.19816E-06   0.13595E-05   0.10605E-07  -0.49619E-09  -0.61047E-12
  0.067   0.200   -0.88637E-08  -0.20292E-06   0.10827E-05   0.10929E-07  -0.47684E-09  -0.47203E-12
  0.067   0.200   -0.59522E-08  -0.20998E-06   0.42696E-06   0.11286E-07  -0.31828E-09  -0.24736E-12
  0.067   0.200   -0.34324E-07  -0.19624E-06   0.15335E-05   0.10533E-07  -0.21518E-08  -0.63190E-12
  0.067   0.200   -0.48071E-07  -0.17397E-06   0.23366E-05   0.93236E-08  -0.30139E-08  -0.80247E-12
  0.067   0.200   -0.41767E-07  -0.21747E-06   0.85103E-06   0.11861E-07  -0.26339E-08  -0.52253E-12
  0.067   0.200   -0.21749E-07  -0.22349E-06   0.16130E-06   0.12082E-07  -0.13979E-08  -0.32689E-12
  0.067   0.200    0.12471E-07  -0.19833E-06   0.21750E-05   0.10639E-07   0.66923E-09  -0.82895E-12
  0.067   0.200    0.13512E-07  -0.20281E-06   0.14265E-05   0.10877E-07   0.72470E-09  -0.57514E-12
  0.067   0.200   -0.42212E-08  -0.20216E-06   0.48118E-05   0.10824E-07  -0.22427E-09  -0.15515E-11
  0.067   0.200   -0.57002E-08  -0.19548E-06   0.39389E-05   0.10440E-07  -0.30537E-09  -0.13860E-11
  0.067   0.200   -0.58011E-08  -0.19909E-06   0.36173E-05   0.10698E-07  -0.30885E-09  -0.11798E-11
  0.067   0.200   -0.45711E-08  -0.20480E-06   0.35449E-05   0.11228E-07  -0.24304E-09  -0.94076E-12
  0.067   0.200   -0.51763E-07  -0.17393E-06   0.44724E-05   0.93174E-08  -0.32535E-08  -0.13567E-11
  0.067   0.200   -0.40180E-08  -0.18374E-06   0.50510E-05   0.98504E-08  -0.22686E-09  -0.14940E-11
  0.067   0.200   -0.13260E-07  -0.18123E-06   0.37248E-05   0.95435E-08  -0.80850E-09  -0.12711E-11
  0.067   0.200   -0.37663E-07  -0.22466E-06   0.31019E-05   0.12201E-07  -0.23936E-08  -0.10354E-11
  0.067   0.200    0.83787E-08  -0.19851E-06   0.51686E-05   0.10642E-07   0.45060E-09  -0.15557E-11
  0.067   0.200    0.10164E-07  -0.20016E-06   0.44253E-05   0.10730E-07   0.54598E-09  -0.13182E-11
  0.067   0.200    0.31235E-08  -0.20538E-06   0.68954E-05   0.10999E-07   0.16971E-09  -0.19825E-11
  0.067   0.200    0.94539E-09  -0.19709E-06   0.59421E-05   0.10573E-07   0.52812E-10  -0.17972E-11
  0.067   0.200   -0.23724E-08  -0.20065E-06   0.51474E-05   0.10798E-07  -0.12541E-09  -0.16588E-11
  0.067   0.200   -0.37742E-08  -0.20668E-06   0.53343E-05   0.11169E-07  -0.19926E-09  -0.14822E-11
  0.067   0.200    0.13115E-07  -0.16310E-06   0.61621E-05   0.87496E-08   0.74550E-09  -0.16123E-11
  0.067   0.200    0.11056E-06  -0.22308E-06   0.66874E-05   0.11947E-07   0.65403E-08  -0.22639E-11
  0.067   0.200    0.33413E-08  -0.15407E-06   0.55573E-05   0.82988E-08   0.19029E-09  -0.13664E-11
  0.067   0.200   -0.10019E-06  -0.31420E-06   0.50917E-05   0.17830E-07  -0.63293E-08  -0.14288E-11
  0.067   0.200   -0.42047E-09  -0.20354E-06   0.70159E-05   0.10907E-07  -0.18776E-10  -0.19972E-11
  0.067   0.200    0.24658E-08  -0.20209E-06   0.62608E-05   0.10830E-07   0.13566E-09  -0.17890E-11
  0.067   0.200   -0.12044E-08  -0.20245E-06   0.67674E-05   0.10854E-07  -0.61243E-10  -0.19267E-11
  0.067   0.200   -0.80796E-09  -0.19627E-06   0.60463E-05   0.10526E-07  -0.37761E-10  -0.17269E-11
  0.067   0.200   -0.12620E-08  -0.19634E-06   0.53410E-05   0.10528E-07  -0.67524E-10  -0.15678E-11
  0.067   0.200   -0.13119E-08  -0.20297E-06   0.46420E-05   0.10881E-07  -0.70086E-10  -0.14206E-11
  0.067   0.200    0.47464E-09  -0.19879E-06   0.60494E-05   0.10634E-07   0.25632E-10  -0.17196E-11
  0.067   0.200    0.44371E-09  -0.19359E-06   0.61103E-05   0.10155E-07   0.24049E-10  -0.19568E-11
  0.067   0.200    0.26514E-09  -0.19838E-06   0.58607E-05   0.10689E-07   0.22855E-10  -0.15679E-11
  0.067   0.200   -0.15517E-07  -0.19813E-06   0.50707E-05   0.10558E-07  -0.95553E-09  -0.15057E-11
  0.067   0.200    0.21848E-08  -0.20281E-06   0.67525E-05   0.10872E-07   0.12053E-09  -0.19420E-11
  0.067   0.200    0.24959E-08  -0.20329E-06   0.59996E-05   0.10890E-07   0.13634E-09  -0.17627E-11
  0.067   0.200   -0.13321E-08  -0.20834E-06   0.52323E-05   0.11179E-07  -0.66094E-10  -0.15335E-11
  0.067   0.200   -0.24799E-08  -0.20201E-06   0.44632E-05   0.10836E-07  -0.13213E-09  -0.13361E-11
  0.067   0.200   -0.25802E-08  -0.20307E-06   0.37339E-05   0.10894E-07  -0.13821E-09  -0.11813E-11
  0.067   0.200   -0.19743E-08  -0.21017E-06   0.30029E-05   0.11272E-07  -0.10483E-09  -0.10237E-11
  0.067   0.200   -0.17645E-08  -0.19921E-06   0.49117E-05   0.10651E-07  -0.94951E-10  -0.13261E-11
  0.067   0.200   -0.12840E-10  -0.20367E-06   0.46929E-05   0.10841E-07  -0.59083E-12  -0.15247E-11
  0.067   0.200   -0.29202E-07  -0.20553E-06   0.41455E-05   0.11086E-07  -0.17851E-08  -0.14334E-11
  0.067   0.200   -0.14704E-07  -0.21966E-06   0.31683E-05   0.11812E-07  -0.90111E-09  -0.11208E-11
  0.067   0.200    0.26587E-08  -0.20908E-06   0.51620E-05   0.11219E-07   0.14394E-09  -0.15596E-11
  0.067   0.200    0.37079E-08  -0.20931E-06   0.43836E-05   0.11219E-07   0.19963E-09  -0.13855E-11
  0.067   0.200   -0.12100E-08  -0.20085E-06   0.78779E-05   0.10760E-07  -0.60628E-10  -0.22119E-11
  0.067   0.200   -0.10147E-08  -0.19571E-06   0.71760E-05   0.10493E-07  -0.50086E-10  -0.20164E-11
  0.067   0.200   -0.65011E-09  -0.19606E-06   0.64677E-05   0.10509E-07  -0.31700E-10  -0.18529E-11
  0.067   0.200   -0.85814E-09  -0.20201E-06   0.57504E-05   0.10822E-07  -0.45106E-10  -0.17090E-11
  0.067   0.200    0.55724E-09  -0.19869E-06   0.66467E-05   0.10613E-07   0.31663E-10  -0.20164E-11
  0.067   0.200    0.11687E-08  -0.20387E-06   0.74404E-05   0.10900E-07   0.70214E-10  -0.22183E-11
  0.067   0.200    0.57177E-09  -0.19946E-06   0.64872E-05   0.10723E-07   0.33720E-10  -0.18564E-11
  0.067   0.200    0.26491E-10  -0.20273E-06   0.63544E-05   0.11128E-07   0.45882E-11  -0.17785E-11
  0.067   0.200    0.18033E-08  -0.20181E-06   0.78978E-05   0.10811E-07   0.10003E-09  -0.22232E-11
  0.067   0.200    0.15381E-08  -0.20246E-06   0.71484E-05   0.10846E-07   0.86419E-10  -0.20370E-11
  0.067   0.200   -0.21786E-08  -0.20599E-06   0.86931E-05   0.11033E-07  -0.11265E-09  -0.24202E-11
  0.067   0.200   -0.17101E-08  -0.20063E-06   0.79594E-05   0.10754E-07  -0.87122E-10  -0.22210E-11
  0.067   0.200   -0.12637E-08  -0.20121E-06   0.72405E-05   0.10786E-07  -0.63034E-10  -0.20569E-11
  0.067   0.200   -0.14156E-08  -0.20746E-06   0.64860E-05   0.11105E-07  -0.72668E-10  -0.18973E-11
  0.067   0.200   -0.49530E-10  -0.20007E-06   0.76138E-05   0.10719E-07  -0.14369E-11  -0.22226E-11
  0.067   0.200   -0.34454E-10  -0.20714E-06   0.85587E-05   0.11090E-07   0.83521E-12  -0.24179E-11
  0.067   0.200   -0.68263E-10  -0.20579E-06   0.68377E-05   0.11085E-07  -0.13481E-12  -0.20404E-11
  0.067   0.200   -0.69389E-09  -0.20794E-06   0.70187E-05   0.11243E-07  -0.35757E-10  -0.18668E-11
  0.067   0.200    0.16107E-08  -0.20699E-06   0.87371E-05   0.11087E-07   0.90011E-10  -0.24344E-11
  0.067   0.200    0.95094E-09  -0.20769E-06   0.79674E-05   0.11128E-07   0.54694E-10  -0.22395E-11
  0.067   0.200   -0.54568E-08  -0.20806E-06   0.36689E-05   0.11159E-07  -0.29144E-09  -0.11727E-11
  0.067   0.200   -0.50038E-08  -0.20383E-06   0.28529E-05   0.10937E-07  -0.26715E-09  -0.96819E-12
  0.067   0.200   -0.39081E-08  -0.20463E-06   0.20872E-05   0.10981E-07  -0.20912E-09  -0.80331E-12
  0.067   0.200   -0.25944E-08  -0.21202E-06   0.13580E-05   0.11373E-07  -0.13863E-09  -0.60215E-12
  0.067   0.200   -0.24015E-07  -0.20218E-06   0.29301E-05   0.10843E-07  -0.14246E-08  -0.10040E-11
  0.067   0.200   -0.42590E-07  -0.20093E-06   0.37255E-05   0.10786E-07  -0.26216E-08  -0.11538E-11
  0.067   0.200   -0.26407E-08  -0.21294E-06   0.21417E-05   0.11438E-07  -0.15516E-09  -0.83124E-12
  0.067   0.200    0.65260E-08  -0.21545E-06   0.14301E-05   0.11560E-07   0.44740E-09  -0.60237E-12
  0.067   0.200    0.52364E-08  -0.20726E-06   0.34912E-05   0.11058E-07   0.28175E-09  -0.11884E-11
  0.067   0.200    0.12374E-08  -0.21522E-06   0.30137E-05   0.11668E-07   0.81323E-10  -0.95503E-12
  0.067   0.200   -0.62038E-08  -0.20772E-06   0.39007E-05   0.11139E-07  -0.32994E-09  -0.12161E-11
  0.067   0.200   -0.64008E-08  -0.20265E-06   0.30773E-05   0.10873E-07  -0.34108E-09  -0.10199E-11
  0.067   0.200   -0.54485E-08  -0.20433E-06   0.23115E-05   0.10964E-07  -0.29083E-09  -0.85248E-12
  0.067   0.200   -0.38640E-08  -0.21156E-06   0.15888E-05   0.11347E-07  -0.20628E-09  -0.66334E-12
  0.067   0.200   -0.37853E-07  -0.20028E-06   0.32252E-05   0.10747E-07  -0.23193E-08  -0.10373E-11
  0.067   0.200   -0.26528E-07  -0.20562E-06   0.39710E-05   0.11033E-07  -0.15996E-08  -0.11973E-11
  0.067   0.200   -0.16338E-07  -0.22045E-06   0.24078E-05   0.11918E-07  -0.95520E-09  -0.89518E-12
  0.067   0.200   -0.13555E-07  -0.22482E-06   0.16639E-05   0.12131E-07  -0.83230E-09  -0.64828E-12
  0.067   0.200    0.48535E-08  -0.20335E-06   0.37370E-05   0.10719E-07   0.26089E-09  -0.12408E-11
  0.067   0.200    0.52981E-08  -0.21187E-06   0.32779E-05   0.11400E-07   0.28484E-09  -0.99708E-12
  0.130   0.385   -0.27137E-07  -0.14782E-05   0.10133E-04   0.79181E-07  -0.14501E-08  -0.46683E-11
  0.130   0.385   -0.30988E-07  -0.14742E-05   0.64203E-05   0.78999E-07  -0.16590E-08  -0.31468E-11
  0.130   0.385   -0.23529E-07  -0.14550E-05   0.93676E-06   0.78161E-07  -0.12464E-08  -0.20155E-11
  0.130   0.385   -0.13858E-07  -0.15194E-05  -0.54221E-05   0.81555E-07  -0.74005E-09  -0.82058E-12
  0.130   0.385    0.21910E-07  -0.14161E-05   0.55983E-05   0.76006E-07   0.13454E-08  -0.32262E-11
  0.130   0.385    0.55151E-07  -0.14637E-05   0.11198E-04   0.78532E-07   0.33771E-08  -0.44870E-11
  0.130   0.385   -0.17960E-06  -0.14995E-05   0.64037E-06   0.81138E-07  -0.11563E-07  -0.23741E-11
  0.130   0.385   -0.92833E-07  -0.15360E-05  -0.50800E-05   0.82417E-07  -0.59325E-08  -0.11819E-11
  0.130   0.385    0.40373E-07  -0.14881E-05   0.10657E-04   0.79824E-07   0.21672E-08  -0.47066E-11
  0.130   0.385    0.38981E-07  -0.14972E-05   0.51237E-05   0.80314E-07   0.20893E-08  -0.33156E-11
  0.130   0.385   -0.23898E-07  -0.13998E-05   0.12937E-04   0.74749E-07  -0.12720E-08  -0.53760E-11
  0.130   0.385   -0.30840E-07  -0.14210E-05   0.83864E-05   0.76164E-07  -0.16483E-08  -0.37749E-11
  0.130   0.385   -0.33270E-07  -0.14387E-05   0.47196E-05   0.77255E-07  -0.17698E-08  -0.28197E-11
  0.130   0.385   -0.22843E-07  -0.14983E-05  -0.17318E-05   0.80460E-07  -0.12097E-08  -0.16792E-11
  0.130   0.385    0.40343E-07  -0.13108E-05   0.89151E-05   0.70369E-07   0.25802E-08  -0.36976E-11
  0.130   0.385   -0.56893E-08  -0.13862E-05   0.13812E-04   0.74372E-07  -0.46116E-09  -0.49670E-11
  0.130   0.385   -0.30927E-06  -0.14928E-05   0.43724E-05   0.81369E-07  -0.19616E-07  -0.29955E-11
  0.130   0.385   -0.19874E-06  -0.15829E-05  -0.11308E-05   0.85608E-07  -0.12649E-07  -0.21556E-11
  0.130   0.385    0.48501E-07  -0.14328E-05   0.13462E-04   0.76852E-07   0.26028E-08  -0.53357E-11
  0.130   0.385    0.53944E-07  -0.14419E-05   0.81336E-05   0.77344E-07   0.28913E-08  -0.40064E-11
  0.130   0.385   -0.38164E-08  -0.14598E-05   0.22086E-04   0.78227E-07  -0.19596E-09  -0.75234E-11
  0.130   0.385   -0.32950E-08  -0.14290E-05   0.15671E-04   0.76546E-07  -0.18280E-09  -0.61701E-11
  0.130   0.385   -0.12455E-08  -0.14303E-05   0.11981E-04   0.76742E-07  -0.61805E-10  -0.47971E-11
  0.130   0.385    0.24669E-08  -0.14340E-05   0.74011E-05   0.77476E-07   0.13720E-09  -0.34827E-11
  0.130   0.385   -0.51174E-08  -0.13908E-05   0.17110E-04   0.74629E-07  -0.48461E-09  -0.60412E-11
  0.130   0.385    0.18045E-07  -0.14333E-05   0.22479E-04   0.76853E-07   0.97641E-09  -0.74071E-11
  0.130   0.385    0.65010E-07  -0.14068E-05   0.12040E-04   0.75447E-07   0.39473E-08  -0.50108E-11
  0.130   0.385    0.53525E-07  -0.14449E-05   0.68435E-05   0.77448E-07   0.32479E-08  -0.39924E-11
  0.130   0.385    0.37329E-07  -0.14392E-05   0.22304E-04   0.77175E-07   0.20068E-08  -0.74981E-11
  0.130   0.385    0.32233E-07  -0.14455E-05   0.16955E-04   0.77516E-07   0.17320E-08  -0.61481E-11
  0.130   0.385   -0.30579E-09  -0.14788E-05   0.26763E-04   0.79274E-07  -0.58601E-11  -0.85693E-11
  0.130   0.385    0.12078E-08  -0.14346E-05   0.20470E-04   0.76962E-07   0.74022E-10  -0.71670E-11
  0.130   0.385    0.28554E-08  -0.14769E-05   0.14934E-04   0.79280E-07   0.14976E-09  -0.59782E-11
  0.130   0.385    0.53954E-08  -0.14907E-05   0.11250E-04   0.80176E-07   0.29583E-09  -0.47765E-11
  0.130   0.385    0.24638E-07  -0.14239E-05   0.21348E-04   0.76395E-07   0.13350E-08  -0.71232E-11
  0.130   0.385    0.15303E-07  -0.14719E-05   0.26846E-04   0.78911E-07   0.76622E-09  -0.84999E-11
  0.130   0.385    0.49984E-07  -0.14404E-05   0.16246E-04   0.77192E-07   0.29053E-08  -0.60951E-11
  0.130   0.385    0.52928E-07  -0.15172E-05   0.10825E-04   0.81342E-07   0.31847E-08  -0.47708E-11
  0.130   0.385    0.42832E-07  -0.14700E-05   0.26625E-04   0.78814E-07   0.23098E-08  -0.85978E-11
  0.130   0.385    0.36652E-07  -0.14844E-05   0.21147E-04   0.79596E-07   0.19761E-08  -0.72221E-11
  0.130   0.385   -0.78625E-08  -0.14551E-05   0.16552E-04   0.78047E-07  -0.41152E-09  -0.59732E-11
  0.130   0.385   -0.38025E-08  -0.14113E-05   0.11297E-04   0.75737E-07  -0.17821E-09  -0.45611E-11
  0.130   0.385   -0.42339E-08  -0.14124E-05   0.61200E-05   0.75799E-07  -0.23181E-09  -0.34202E-11
  0.130   0.385   -0.16865E-08  -0.14565E-05   0.63449E-06   0.78142E-07  -0.97057E-10  -0.22956E-11
  0.130   0.385    0.41455E-08  -0.14315E-05   0.11327E-04   0.76726E-07   0.22702E-09  -0.45685E-11
  0.130   0.385    0.47721E-08  -0.14173E-05   0.15739E-04   0.75662E-07   0.25737E-09  -0.60283E-11
  0.130   0.385   -0.31294E-07  -0.14503E-05   0.79806E-05   0.77985E-07  -0.19000E-08  -0.36920E-11
  0.130   0.385   -0.22103E-07  -0.14974E-05   0.27080E-05   0.80413E-07  -0.11870E-08  -0.23837E-11
  0.130   0.385    0.17210E-07  -0.14562E-05   0.16468E-04   0.78104E-07   0.92825E-09  -0.60840E-11
  0.130   0.385    0.17312E-07  -0.14618E-05   0.11091E-04   0.78371E-07   0.94181E-09  -0.47589E-11
  0.130   0.385   -0.48173E-08  -0.15016E-05   0.13074E-04   0.80555E-07  -0.23182E-09  -0.51667E-11
  0.130   0.385   -0.75917E-08  -0.14564E-05   0.75945E-05   0.78164E-07  -0.40522E-09  -0.37273E-11
  0.130   0.385   -0.36156E-08  -0.14586E-05   0.22442E-05   0.78290E-07  -0.19940E-09  -0.25620E-11
  0.130   0.385    0.12784E-08  -0.15010E-05  -0.33450E-05   0.80538E-07   0.66807E-10  -0.13596E-11
  0.130   0.385    0.27552E-08  -0.14875E-05   0.91894E-05   0.79730E-07   0.14239E-09  -0.37667E-11
  0.130   0.385    0.39654E-08  -0.14905E-05   0.12368E-04   0.79833E-07   0.21832E-09  -0.52167E-11
  0.130   0.385   -0.22695E-07  -0.14645E-05   0.34852E-05   0.78683E-07  -0.12305E-08  -0.27830E-11
  0.130   0.385   -0.11051E-07  -0.15145E-05  -0.26558E-05   0.81310E-07  -0.64952E-09  -0.15941E-11
  0.130   0.385    0.14817E-07  -0.15080E-05   0.13042E-04   0.80898E-07   0.79730E-09  -0.53048E-11
  0.130   0.385    0.14579E-07  -0.15119E-05   0.74465E-05   0.81096E-07   0.78438E-09  -0.40218E-11
  0.130   0.385   -0.10876E-07  -0.14419E-05   0.22424E-04   0.77316E-07  -0.57043E-09  -0.74179E-11
  0.130   0.385   -0.74013E-08  -0.14055E-05   0.17078E-04   0.75414E-07  -0.38235E-09  -0.60339E-11
  0.130   0.385   -0.44779E-08  -0.14082E-05   0.11906E-04   0.75557E-07  -0.23512E-09  -0.48763E-11
  0.130   0.385   -0.41296E-08  -0.14523E-05   0.65723E-05   0.77895E-07  -0.22317E-09  -0.37684E-11
  0.130   0.385    0.52667E-08  -0.14331E-05   0.15195E-04   0.76764E-07   0.28453E-09  -0.60390E-11
  0.130   0.385    0.81515E-08  -0.14681E-05   0.21850E-04   0.78677E-07   0.48109E-09  -0.74594E-11
  0.130   0.385    0.53018E-08  -0.14320E-05   0.11975E-04   0.76860E-07   0.29557E-09  -0.48941E-11
  0.130   0.385    0.46401E-09  -0.14239E-05   0.92757E-05   0.76982E-07   0.29053E-10  -0.45977E-11
  0.130   0.385    0.16723E-07  -0.14478E-05   0.22326E-04   0.77632E-07   0.90347E-09  -0.75169E-11
  0.130   0.385    0.13217E-07  -0.14555E-05   0.16960E-04   0.78050E-07   0.71558E-09  -0.60803E-11
  0.130   0.385   -0.18148E-07  -0.14746E-05   0.26911E-04   0.79058E-07  -0.95942E-09  -0.85568E-11
  0.130   0.385   -0.13196E-07  -0.14396E-05   0.21453E-04   0.77234E-07  -0.69480E-09  -0.71412E-11
  0.130   0.385   -0.80424E-08  -0.14462E-05   0.16156E-04   0.77598E-07  -0.41778E-09  -0.59741E-11
  0.130   0.385   -0.84375E-08  -0.14930E-05   0.10636E-04   0.80053E-07  -0.44468E-09  -0.47978E-11
  0.130   0.385   -0.10420E-08  -0.14407E-05   0.20230E-04   0.77279E-07  -0.70790E-10  -0.71652E-11
  0.130   0.385   -0.48118E-09  -0.14851E-05   0.26761E-04   0.79610E-07  -0.20228E-10  -0.85852E-11
  0.130   0.385    0.25158E-08  -0.14702E-05   0.14717E-04   0.78933E-07   0.17683E-09  -0.59348E-11
  0.130   0.385   -0.35173E-08  -0.14836E-05   0.13050E-04   0.79821E-07  -0.18213E-09  -0.44995E-11
  0.130   0.385    0.15162E-07  -0.14817E-05   0.26888E-04   0.79440E-07   0.82302E-09  -0.86723E-11
  0.130   0.385    0.88088E-08  -0.14902E-05   0.21384E-04   0.79908E-07   0.47982E-09  -0.72287E-11
  0.130   0.385   -0.20993E-07  -0.14954E-05   0.12432E-04   0.80208E-07  -0.11183E-08  -0.49948E-11
  0.130   0.385   -0.15733E-07  -0.14539E-05   0.69523E-05   0.78031E-07  -0.84090E-09  -0.35540E-11
  0.130   0.385   -0.93477E-08  -0.14551E-05   0.15023E-05   0.78106E-07  -0.49934E-09  -0.23985E-11
  0.130   0.385   -0.28431E-08  -0.14991E-05  -0.40484E-05   0.80433E-07  -0.15442E-09  -0.11251E-11
  0.130   0.385    0.31766E-08  -0.14427E-05   0.70309E-05   0.77449E-07   0.40867E-09  -0.35243E-11
  0.130   0.385    0.88906E-08  -0.14970E-05   0.12525E-04   0.80320E-07   0.52422E-09  -0.50790E-11
  0.130   0.385   -0.51688E-08  -0.14602E-05   0.16779E-05   0.78481E-07  -0.37923E-09  -0.24505E-11
  0.130   0.385    0.40725E-07  -0.15147E-05  -0.36438E-05   0.81230E-07   0.27620E-08  -0.11509E-11
  0.130   0.385    0.13463E-07  -0.15055E-05   0.11756E-04   0.80662E-07   0.72531E-09  -0.51381E-11
  0.130   0.385    0.10456E-07  -0.15363E-05   0.74942E-05   0.82630E-07   0.56020E-09  -0.45159E-11
  0.130   0.385   -0.24780E-07  -0.14950E-05   0.16893E-04   0.80177E-07  -0.13205E-08  -0.61001E-11
  0.130   0.385   -0.18397E-07  -0.14543E-05   0.11436E-04   0.78045E-07  -0.98003E-09  -0.46653E-11
  0.130   0.385   -0.11867E-07  -0.14568E-05   0.59785E-05   0.78185E-07  -0.63242E-09  -0.34744E-11
  0.130   0.385   -0.50228E-08  -0.15019E-05   0.39591E-06   0.80572E-07  -0.26814E-09  -0.22711E-11
  0.130   0.385   -0.60006E-08  -0.14532E-05   0.11622E-04   0.77986E-07  -0.32132E-09  -0.46994E-11
  0.130   0.385   -0.16515E-07  -0.15008E-05   0.16988E-04   0.80499E-07  -0.10106E-08  -0.61309E-11
  0.130   0.385   -0.20539E-07  -0.14435E-05   0.62023E-05   0.77487E-07  -0.10187E-08  -0.35245E-11
  0.130   0.385   -0.18769E-07  -0.15270E-05   0.64762E-06   0.82023E-07  -0.11268E-08  -0.22452E-11
  0.130   0.385    0.93380E-08  -0.14970E-05   0.16435E-04   0.79952E-07   0.50549E-09  -0.62583E-11
  0.130   0.385    0.48087E-08  -0.15192E-05   0.12235E-04   0.81554E-07   0.26259E-09  -0.46324E-11
