  0.000   0.000    0.00000E+00   0.00000E+00   0.00000E+00   0.00000E+00   0.00000E+00   0.00000E+00
  0.000   0.000    0.00000E+00   0.00000E+00   0.00000E+00   0.00000E+00   0.00000E+00   0.00000E+00
  0.000   0.000    0.00000E+00   0.00000E+00   0.00000E+00   0.00000E+00   0.00000E+00   0.00000E+00
  0.000   0.000    0.00000E+00   0.00000E+00   0.00000E+00   0.00000E+00   0.00000E+00   0.00000E+00
  0.000   0.000    0.00000E+00   0.00000E+00   0.00000E+00   0.00000E+00   0.00000E+00   0.00000E+00
  0.000   0.000    0.00000E+00   0.00000E+00   0.00000E+00   0.00000E+00   0.00000E+00   0.00000E+00
  0.000   0.000    0.00000E+00   0.00000E+00   0.00000E+00   0.00000E+00   0.00000E+00   0.00000E+00
  0.000   0.000    0.00000E+00   0.00000E+00   0.00000E+00   0.00000E+00   0.00000E+00   0.00000E+00
  0.000   0.000    0.00000E+00   0.00000E+00   0.00000E+00   0.00000E+00   0.00000E+00   0.00000E+00
  0.000   0.000    0.00000E+00   0.00000E+00   0.00000E+00   0.00000E+00   0.00000E+00   0.00000E+00
  0.000   0.000    0.00000E+00   0.00000E+00   0.00000E+00   0.00000E+00   0.00000E+00   0.00000E+00
  0.000   0.000    0.00000E+00   0.00000E+00   0.00000E+00   0.00000E+00   0.00000E+00   0.00000E+00
  0.000   0.000    0.00000E+00   0.00000E+00   0.00000E+00   0.00000E+00   0.00000E+00   0.00000E+00
  0.000   0.000    0.00000E+00   0.00000E+00   0.00000E+00   0.00000E+00   0.00000E+00   0.00000E+00
  0.000   0.000    0.00000E+00   0.00000E+00   0.00000E+00   0.00000E+00   0.00000E+00   0.00000E+00
  0.000   0.000    0.00000E+00   0.00000E+00   0.00000E+00   0.00000E+00   0.00000E+00   0.00000E+00
  0.000   0.000    0.00000E+00   0.00000E+00   0.00000E+00   0.00000E+00   0.00000E+00   0.00000E+00
  0.000   0.000    0.00000E+00   0.00000E+00   0.00000E+00   0.00000E+00   0.00000E+00   0.00000E+00
  0.000   0.000    0.00000E+00   0.00000E+00   0.00000E+00   0.00000E+00   0.00000E+00   0.00000E+00
  0.000   0.000    0.00000E+00   0.00000E+00   0.00000E+00   0.00000E+00   0.00000E+00   0.00000E+00
  0.000   0.000    0.00000E+00   0.00000E+00   0.00000E+00   0.00000E+00   0.00000E+00   0.00000E+00
  0.000   0.000    0.00000E+00   0.00000E+00   0.00000E+00   0.00000E+00   0.00000E+00   0.00000E+00
  0.000   0.000    0.00000E+00   0.00000E+00   0.00000E+00   0.00000E+00   0.00000E+00   0.00000E+00
  0.000   0.000    0.00000E+00   0.00000E+00   0.00000E+00   0.00000E+00   0.00000E+00   0.00000E+00
  0.000   0.000    0.00000E+00   0.00000E+00   0.00000E+00   0.00000E+00   0.00000E+00   0.00000E+00
  0.000   0.000    0.00000E+00   0.00000E+00   0.00000E+00   0.00000E+00   0.00000E+00   0.00000E+00
  0.000   0.000    0.00000E+00   0.00000E+00   0.00000E+00   0.00000E+00   0.00000E+00   0.00000E+00
  0.000   0.000    0.00000E+00   0.00000E+00   0.00000E+00   0.00000E+00   0.00000E+00   0.00000E+00
  0.000   0.000    0.00000E+00   0.00000E+00   0.00000E+00   0.00000E+00   0.00000E+00   0.00000E+00
  0.000   0.000    0.00000E+00   0.00000E+00   0.00000E+00   0.00000E+00   0.00000E+00   0.00000E+00
  0.000   0.000    0.00000E+00   0.00000E+00   0.00000E+00   0.00000E+00   0.00000E+00   0.00000E+00
  0.000   0.000    0.00000E+00   0.00000E+00   0.00000E+00   0.00000E+00   0.00000E+00   0.00000E+00
  0.000   0.000    0.00000E+00   0.00000E+00   0.00000E+00   0.00000E+00   0.00000E+00   0.00000E+00
  0.000   0.000    0.00000E+00   0.00000E+00   0.00000E+00   0.00000E+00   0.00000E+00   0.00000E+00
  0.000   0.000    0.00000E+00   0.00000E+00   0.00000E+00   0.00000E+00   0.00000E+00   0.00000E+00
  0.000   0.000    0.00000E+00   0.00000E+00   0.00000E+00   0.00000E+00   0.00000E+00   0.00000E+00
  0.000   0.000    0.00000E+00   0.00000E+00   0.00000E+00   0.00000E+00   0.00000E+00   0.00000E+00
  0.000   0.000    0.00000E+00   0.00000E+00   0.00000E+00   0.00000E+00   0.00000E+00   0.00000E+00
  0.000   0.000    0.00000E+00   0.00000E+00   0.00000E+00   0.00000E+00   0.00000E+00   0.00000E+00
  0.000   0.000    0.00000E+00   0.00000E+00   0.00000E+00   0.00000E+00   0.00000E+00   0.00000E+00
  0.000   0.000    0.00000E+00   0.00000E+00   0.00000E+00   0.00000E+00   0.00000E+00   0.00000E+00
  0.000   0.000    0.00000E+00   0.00000E+00   0.00000E+00   0.00000E+00   0.00000E+00   0.00000E+00
  0.000   0.000    0.00000E+00   0.00000E+00   0.00000E+00   0.00000E+00   0.00000E+00   0.00000E+00
  0.000   0.000    0.00000E+00   0.00000E+00   0.00000E+00   0.00000E+00   0.00000E+00   0.00000E+00
  0.000   0.000    0.00000E+00   0.00000E+00   0.00000E+00   0.00000E+00   0.00000E+00   0.00000E+00
  0.000   0.000    0.00000E+00   0.00000E+00   0.00000E+00   0.00000E+00   0.00000E+00   0.00000E+00
  0.000   0.000    0.00000E+00   0.00000E+00   0.00000E+00   0.00000E+00   0.00000E+00   0.00000E+00
  0.000   0.000    0.00000E+00   0.00000E+00   0.00000E+00   0.00000E+00   0.00000E+00   0.00000E+00
  0.000   0.000    0.00000E+00   0.00000E+00   0.00000E+00   0.00000E+00   0.00000E+00   0.00000E+00
  0.000   0.000    0.00000E+00   0.00000E+00   0.00000E+00   0.00000E+00   0.00000E+00   0.00000E+00
  0.000   0.000    0.00000E+00   0.00000E+00   0.00000E+00   0.00000E+00   0.00000E+00   0.00000E+00
  0.000   0.000    0.00000E+00   0.00000E+00   0.00000E+00   0.00000E+00   0.00000E+00   0.00000E+00
  0.000   0.000    0.00000E+00   0.00000E+00   0.00000E+00   0.00000E+00   0.00000E+00   0.00000E+00
  0.000   0.000    0.00000E+00   0.00000E+00   0.00000E+00   0.00000E+00   0.00000E+00   0.00000E+00
  0.000   0.000    0.00000E+00   0.00000E+00   0.00000E+00   0.00000E+00   0.00000E+00   0.00000E+00
  0.000   0.000    0.00000E+00   0.00000E+00   0.00000E+00   0.00000E+00   0.00000E+00   0.00000E+00
  0.000   0.000    0.00000E+00   0.00000E+00   0.00000E+00   0.00000E+00   0.00000E+00   0.00000E+00
  0.000   0.000    0.00000E+00   0.00000E+00   0.00000E+00   0.00000E+00   0.00000E+00   0.00000E+00
  0.000   0.000    0.00000E+00   0.00000E+00   0.00000E+00   0.00000E+00   0.00000E+00   0.00000E+00
  0.000   0.000    0.00000E+00   0.00000E+00   0.00000E+00   0.00000E+00   0.00000E+00   0.00000E+00
  0.000   0.000    0.00000E+00   0.00000E+00   0.00000E+00   0.00000E+00   0.00000E+00   0.00000E+00
  0.000   0.000    0.00000E+00   0.00000E+00   0.00000E+00   0.00000E+00   0.00000E+00   0.00000E+00
  0.000   0.000    0.00000E+00   0.00000E+00   0.00000E+00   0.00000E+00   0.00000E+00   0.00000E+00
  0.000   0.000    0.00000E+00   0.00000E+00   0.00000E+00   0.00000E+00   0.00000E+00   0.00000E+00
  0.000   0.000    0.00000E+00   0.00000E+00   0.00000E+00   0.00000E+00   0.00000E+00   0.00000E+00
  0.000   0.000    0.00000E+00   0.00000E+00   0.00000E+00   0.00000E+00   0.00000E+00   0.00000E+00
  0.000   0.000    0.00000E+00   0.00000E+00   0.00000E+00   0.00000E+00   0.00000E+00   0.00000E+00
  0.000   0.000    0.00000E+00   0.00000E+00   0.00000E+00   0.00000E+00   0.00000E+00   0.00000E+00
  0.000   0.000    0.00000E+00   0.00000E+00   0.00000E+00   0.00000E+00   0.00000E+00   0.00000E+00
  0.000   0.000    0.00000E+00   0.00000E+00   0.00000E+00   0.00000E+00   0.00000E+00   0.00000E+00
  0.000   0.000    0.00000E+00   0.00000E+00   0.00000E+00   0.00000E+00   0.00000E+00   0.00000E+00
  0.000   0.000    0.00000E+00   0.00000E+00   0.00000E+00   0.00000E+00   0.00000E+00   0.00000E+00
  0.000   0.000    0.00000E+00   0.00000E+00   0.00000E+00   0.00000E+00   0.00000E+00   0.00000E+00
  0.000   0.000    0.00000E+00   0.00000E+00   0.00000E+00   0.00000E+00   0.00000E+00   0.00000E+00
  0.000   0.000    0.00000E+00   0.00000E+00   0.00000E+00   0.00000E+00   0.00000E+00   0.00000E+00
  0.000   0.000    0.00000E+00   0.00000E+00   0.00000E+00   0.00000E+00   0.00000E+00   0.00000E+00
  0.000   0.000    0.00000E+00   0.00000E+00   0.00000E+00   0.00000E+00   0.00000E+00   0.00000E+00
  0.000   0.000    0.00000E+00   0.00000E+00   0.00000E+00   0.00000E+00   0.00000E+00   0.00000E+00
  0.000   0.000    0.00000E+00   0.00000E+00   0.00000E+00   0.00000E+00   0.00000E+00   0.00000E+00
  0.000   0.000    0.00000E+00   0.00000E+00   0.00000E+00   0.00000E+00   0.00000E+00   0.00000E+00
  0.000   0.000    0.00000E+00   0.00000E+00   0.00000E+00   0.00000E+00   0.00000E+00   0.00000E+00
  0.000   0.000    0.00000E+00   0.00000E+00   0.00000E+00   0.00000E+00   0.00000E+00   0.00000E+00
  0.000   0.000    0.00000E+00   0.00000E+00   0.00000E+00   0.00000E+00   0.00000E+00   0.00000E+00
  0.000   0.000    0.00000E+00   0.00000E+00   0.00000E+00   0.00000E+00   0.00000E+00   0.00000E+00
  0.000   0.000    0.00000E+00   0.00000E+00   0.00000E+00   0.00000E+00   0.00000E+00   0.00000E+00
  0.000   0.000    0.00000E+00   0.00000E+00   0.00000E+00   0.00000E+00   0.00000E+00   0.00000E+00
  0.000   0.000    0.00000E+00   0.00000E+00   0.00000E+00   0.00000E+00   0.00000E+00   0.00000E+00
  0.000   0.000    0.00000E+00   0.00000E+00   0.00000E+00   0.00000E+00   0.00000E+00   0.00000E+00
  0.000   0.000    0.00000E+00   0.00000E+00   0.00000E+00   0.00000E+00   0.00000E+00   0.00000E+00
  0.000   0.000    0.00000E+00   0.00000E+00   0.00000E+00   0.00000E+00   0.00000E+00   0.00000E+00
  0.000   0.000    0.00000E+00   0.00000E+00   0.00000E+00   0.00000E+00   0.00000E+00   0.00000E+00
  0.000   0.000    0.00000E+00   0.00000E+00   0.00000E+00   0.00000E+00   0.00000E+00   0.00000E+00
  0.000   0.000    0.00000E+00   0.00000E+00   0.00000E+00   0.00000E+00   0.00000E+00   0.00000E+00
  0.000   0.000    0.00000E+00   0.00000E+00   0.00000E+00   0.00000E+00   0.00000E+00   0.00000E+00
  0.000   0.000    0.00000E+00   0.00000E+00   0.00000E+00   0.00000E+00   0.00000E+00   0.00000E+00
  0.000   0.000    0.00000E+00   0.00000E+00   0.00000E+00   0.00000E+00   0.00000E+00   0.00000E+00
  0.000   0.000    0.00000E+00   0.00000E+00   0.00000E+00   0.00000E+00   0.00000E+00   0.00000E+00
  0.000   0.000    0.00000E+00   0.00000E+00   0.00000E+00   0.00000E+00   0.00000E+00   0.00000E+00
  0.000   0.000    0.00000E+00   0.00000E+00   0.00000E+00   0.00000E+00   0.00000E+00   0.00000E+00
  0.000   0.000    0.00000E+00   0.00000E+00   0.00000E+00   0.00000E+00   0.00000E+00   0.00000E+00
 -1.000  -1.000    0.00000E+00   0.00000E+00   0.00000E+00   0.00000E+00   0.00000E+00   0.00000E+00
 -1.000  -1.000    0.00000E+00   0.00000E+00   0.00000E+00   0.00000E+00   0.00000E+00   0.00000E+00
 -1.000  -1.000    0.00000E+00   0.00000E+00   0.00000E+00   0.00000E+00   0.00000E+00   0.00000E+00
 -1.000  -1.000    0.00000E+00   0.00000E+00   0.00000E+00   0.00000E+00   0.00000E+00   0.00000E+00
 -1.000  -1.000    0.00000E+00   0.00000E+00   0.00000E+00   0.00000E+00   0.00000E+00   0.00000E+00
 -1.000  -1.000    0.00000E+00   0.00000E+00   0.00000E+00   0.00000E+00   0.00000E+00   0.00000E+00
 -1.000  -1.000    0.00000E+00   0.00000E+00   0.00000E+00   0.00000E+00   0.00000E+00   0.00000E+00
 -1.000  -1.000    0.00000E+00   0.00000E+00   0.00000E+00   0.00000E+00   0.00000E+00   0.00000E+00
 -1.000  -1.000    0.00000E+00   0.00000E+00   0.00000E+00   0.00000E+00   0.00000E+00   0.00000E+00
 -1.000  -1.000    0.00000E+00   0.00000E+00   0.00000E+00   0.00000E+00   0.00000E+00   0.00000E+00
 -1.000  -1.000    0.00000E+00   0.00000E+00   0.00000E+00   0.00000E+00   0.00000E+00   0.00000E+00
 -1.000  -1.000    0.00000E+00   0.00000E+00   0.00000E+00   0.00000E+00   0.00000E+00   0.00000E+00
 -1.000  -1.000    0.00000E+00   0.00000E+00   0.00000E+00   0.00000E+00   0.00000E+00   0.00000E+00
 -1.000  -1.000    0.00000E+00   0.00000E+00   0.00000E+00   0.00000E+00   0.00000E+00   0.00000E+00
 -1.000  -1.000    0.00000E+00   0.00000E+00   0.00000E+00   0.00000E+00   0.00000E+00   0.00000E+00
 -1.000  -1.000    0.00000E+00   0.00000E+00   0.00000E+00   0.00000E+00   0.00000E+00   0.00000E+00
 -1.000  -1.000    0.00000E+00   0.00000E+00   0.00000E+00   0.00000E+00   0.00000E+00   0.00000E+00
 -1.000  -1.000    0.00000E+00   0.00000E+00   0.00000E+00   0.00000E+00   0.00000E+00   0.00000E+00
 -1.000  -1.000    0.00000E+00   0.00000E+00   0.00000E+00   0.00000E+00   0.00000E+00   0.00000E+00
 -1.000  -1.000    0.00000E+00   0.00000E+00   0.00000E+00   0.00000E+00   0.00000E+00   0.00000E+00
 -1.000  -1.000    0.00000E+00   0.00000E+00   0.00000E+00   0.00000E+00   0.00000E+00   0.00000E+00
 -1.000  -1.000    0.00000E+00   0.00000E+00   0.00000E+00   0.00000E+00   0.00000E+00   0.00000E+00
 -1.000  -1.000    0.00000E+00   0.00000E+00   0.00000E+00   0.00000E+00   0.00000E+00   0.00000E+00
 -1.000  -1.000    0.00000E+00   0.00000E+00   0.00000E+00   0.00000E+00   0.00000E+00   0.00000E+00
 -1.000  -1.000    0.00000E+00   0.00000E+00   0.00000E+00   0.00000E+00   0.00000E+00   0.00000E+00
 -1.000  -1.000    0.00000E+00   0.00000E+00   0.00000E+00   0.00000E+00   0.00000E+00   0.00000E+00
 -1.000  -1.000    0.00000E+00   0.00000E+00   0.00000E+00   0.00000E+00   0.00000E+00   0.00000E+00
 -1.000  -1.000    0.00000E+00   0.00000E+00   0.00000E+00   0.00000E+00   0.00000E+00   0.00000E+00
 -1.000  -1.000    0.00000E+00   0.00000E+00   0.00000E+00   0.00000E+00   0.00000E+00   0.00000E+00
 -1.000  -1.000    0.00000E+00   0.00000E+00   0.00000E+00   0.00000E+00   0.00000E+00   0.00000E+00
 -1.000  -1.000    0.00000E+00   0.00000E+00   0.00000E+00   0.00000E+00   0.00000E+00   0.00000E+00
 -1.000  -1.000    0.00000E+00   0.00000E+00   0.00000E+00   0.00000E+00   0.00000E+00   0.00000E+00
 -1.000  -1.000    0.00000E+00   0.00000E+00   0.00000E+00   0.00000E+00   0.00000E+00   0.00000E+00
 -1.000  -1.000    0.00000E+00   0.00000E+00   0.00000E+00   0.00000E+00   0.00000E+00   0.00000E+00
 -1.000  -1.000    0.00000E+00   0.00000E+00   0.00000E+00   0.00000E+00   0.00000E+00   0.00000E+00
 -1.000  -1.000    0.00000E+00   0.00000E+00   0.00000E+00   0.00000E+00   0.00000E+00   0.00000E+00
 -1.000  -1.000    0.00000E+00   0.00000E+00   0.00000E+00   0.00000E+00   0.00000E+00   0.00000E+00
 -1.000  -1.000    0.00000E+00   0.00000E+00   0.00000E+00   0.00000E+00   0.00000E+00   0.00000E+00
 -1.000  -1.000    0.00000E+00   0.00000E+00   0.00000E+00   0.00000E+00   0.00000E+00   0.00000E+00
 -1.000  -1.000    0.00000E+00   0.00000E+00   0.00000E+00   0.00000E+00   0.00000E+00   0.00000E+00
 -1.000  -1.000    0.00000E+00   0.00000E+00   0.00000E+00   0.00000E+00   0.00000E+00   0.00000E+00
 -1.000  -1.000    0.00000E+00   0.00000E+00   0.00000E+00   0.00000E+00   0.00000E+00   0.00000E+00
 -1.000  -1.000    0.00000E+00   0.00000E+00   0.00000E+00   0.00000E+00   0.00000E+00   0.00000E+00
 -1.000  -1.000    0.00000E+00   0.00000E+00   0.00000E+00   0.00000E+00   0.00000E+00   0.00000E+00
 -1.000  -1.000    0.00000E+00   0.00000E+00   0.00000E+00   0.00000E+00   0.00000E+00   0.00000E+00
 -1.000  -1.000    0.00000E+00   0.00000E+00   0.00000E+00   0.00000E+00   0.00000E+00   0.00000E+00
 -1.000  -1.000    0.00000E+00   0.00000E+00   0.00000E+00   0.00000E+00   0.00000E+00   0.00000E+00
 -1.000  -1.000    0.00000E+00   0.00000E+00   0.00000E+00   0.00000E+00   0.00000E+00   0.00000E+00
 -1.000  -1.000    0.00000E+00   0.00000E+00   0.00000E+00   0.00000E+00   0.00000E+00   0.00000E+00
 -1.000  -1.000    0.00000E+00   0.00000E+00   0.00000E+00   0.00000E+00   0.00000E+00   0.00000E+00
 -1.000  -1.000    0.00000E+00   0.00000E+00   0.00000E+00   0.00000E+00   0.00000E+00   0.00000E+00
 -1.000  -1.000    0.00000E+00   0.00000E+00   0.00000E+00   0.00000E+00   0.00000E+00   0.00000E+00
 -1.000  -1.000    0.00000E+00   0.00000E+00   0.00000E+00   0.00000E+00   0.00000E+00   0.00000E+00
 -1.000  -1.000    0.00000E+00   0.00000E+00   0.00000E+00   0.00000E+00   0.00000E+00   0.00000E+00
 -1.000  -1.000    0.00000E+00   0.00000E+00   0.00000E+00   0.00000E+00   0.00000E+00   0.00000E+00
 -1.000  -1.000    0.00000E+00   0.00000E+00   0.00000E+00   0.00000E+00   0.00000E+00   0.00000E+00
 -1.000  -1.000    0.00000E+00   0.00000E+00   0.00000E+00   0.00000E+00   0.00000E+00   0.00000E+00
 -1.000  -1.000    0.00000E+00   0.00000E+00   0.00000E+00   0.00000E+00   0.00000E+00   0.00000E+00
 -1.000  -1.000    0.00000E+00   0.00000E+00   0.00000E+00   0.00000E+00   0.00000E+00   0.00000E+00
 -1.000  -1.000    0.00000E+00   0.00000E+00   0.00000E+00   0.00000E+00   0.00000E+00   0.00000E+00
 -1.000  -1.000    0.00000E+00   0.00000E+00   0.00000E+00   0.00000E+00   0.00000E+00   0.00000E+00
 -1.000  -1.000    0.00000E+00   0.00000E+00   0.00000E+00   0.00000E+00   0.00000E+00   0.00000E+00
 -1.000  -1.000    0.00000E+00   0.00000E+00   0.00000E+00   0.00000E+00   0.00000E+00   0.00000E+00
 -1.000  -1.000    0.00000E+00   0.00000E+00   0.00000E+00   0.00000E+00   0.00000E+00   0.00000E+00
 -1.000  -1.000    0.00000E+00   0.00000E+00   0.00000E+00   0.00000E+00   0.00000E+00   0.00000E+00
 -1.000  -1.000    0.00000E+00   0.00000E+00   0.00000E+00   0.00000E+00   0.00000E+00   0.00000E+00
 -1.000  -1.000    0.00000E+00   0.00000E+00   0.00000E+00   0.00000E+00   0.00000E+00   0.00000E+00
 -1.000  -1.000    0.00000E+00   0.00000E+00   0.00000E+00   0.00000E+00   0.00000E+00   0.00000E+00
 -1.000  -1.000    0.00000E+00   0.00000E+00   0.00000E+00   0.00000E+00   0.00000E+00   0.00000E+00
 -1.000  -1.000    0.00000E+00   0.00000E+00   0.00000E+00   0.00000E+00   0.00000E+00   0.00000E+00
 -1.000  -1.000    0.00000E+00   0.00000E+00   0.00000E+00   0.00000E+00   0.00000E+00   0.00000E+00
 -1.000  -1.000    0.00000E+00   0.00000E+00   0.00000E+00   0.00000E+00   0.00000E+00   0.00000E+00
 -1.000  -1.000    0.00000E+00   0.00000E+00   0.00000E+00   0.00000E+00   0.00000E+00   0.00000E+00
 -1.000  -1.000    0.00000E+00   0.00000E+00   0.00000E+00   0.00000E+00   0.00000E+00   0.00000E+00
 -1.000  -1.000    0.00000E+00   0.00000E+00   0.00000E+00   0.00000E+00   0.00000E+00   0.00000E+00
 -1.000  -1.000    0.00000E+00   0.00000E+00   0.00000E+00   0.00000E+00   0.00000E+00   0.00000E+00
 -1.000  -1.000    0.00000E+00   0.00000E+00   0.00000E+00   0.00000E+00   0.00000E+00   0.00000E+00
 -1.000  -1.000    0.00000E+00   0.00000E+00   0.00000E+00   0.00000E+00   0.00000E+00   0.00000E+00
 -1.000  -1.000    0.00000E+00   0.00000E+00   0.00000E+00   0.00000E+00   0.00000E+00   0.00000E+00
 -1.000  -1.000    0.00000E+00   0.00000E+00   0.00000E+00   0.00000E+00   0.00000E+00   0.00000E+00
 -1.000  -1.000    0.00000E+00   0.00000E+00   0.00000E+00   0.00000E+00   0.00000E+00   0.00000E+00
 -1.000  -1.000    0.00000E+00   0.00000E+00   0.00000E+00   0.00000E+00   0.00000E+00   0.00000E+00
 -1.000  -1.000    0.00000E+00   0.00000E+00   0.00000E+00   0.00000E+00   0.00000E+00   0.00000E+00
 -1.000  -1.000    0.00000E+00   0.00000E+00   0.00000E+00   0.00000E+00   0.00000E+00   0.00000E+00
 -1.000  -1.000    0.00000E+00   0.00000E+00   0.00000E+00   0.00000E+00   0.00000E+00   0.00000E+00
 -1.000  -1.000    0.00000E+00   0.00000E+00   0.00000E+00   0.00000E+00   0.00000E+00   0.00000E+00
 -1.000  -1.000    0.00000E+00   0.00000E+00   0.00000E+00   0.00000E+00   0.00000E+00   0.00000E+00
 -1.000  -1.000    0.00000E+00   0.00000E+00   0.00000E+00   0.00000E+00   0.00000E+00   0.00000E+00
 -1.000  -1.000    0.00000E+00   0.00000E+00   0.00000E+00   0.00000E+00   0.00000E+00   0.00000E+00
 -1.000  -1.000    0.00000E+00   0.00000E+00   0.00000E+00   0.00000E+00   0.00000E+00   0.00000E+00
 -1.000  -1.000    0.00000E+00   0.00000E+00   0.00000E+00   0.00000E+00   0.00000E+00   0.00000E+00
 -1.000  -1.000    0.00000E+00   0.00000E+00   0.00000E+00   0.00000E+00   0.00000E+00   0.00000E+00
 -1.000  -1.000    0.00000E+00   0.00000E+00   0.00000E+00   0.00000E+00   0.00000E+00   0.00000E+00
 -1.000  -1.000    0.00000E+00   0.00000E+00   0.00000E+00   0.00000E+00   0.00000E+00   0.00000E+00
 -1.000  -1.000    0.00000E+00   0.00000E+00   0.00000E+00   0.00000E+00   0.00000E+00   0.00000E+00
 -1.000  -1.000    0.00000E+00   0.00000E+00   0.00000E+00   0.00000E+00   0.00000E+00   0.00000E+00
 -1.000  -1.000    0.00000E+00   0.00000E+00   0.00000E+00   0.00000E+00   0.00000E+00   0.00000E+00
 -1.000  -1.000    0.00000E+00   0.00000E+00   0.00000E+00   0.00000E+00   0.00000E+00   0.00000E+00
 -1.000  -1.000    0.00000E+00   0.00000E+00   0.00000E+00   0.00000E+00   0.00000E+00   0.00000E+00
 -1.000  -1.000    0.00000E+00   0.00000E+00   0.00000E+00   0.00000E+00   0.00000E+00   0.00000E+00
  0.067   0.200    0.42505E-05   0.26477E-07  -0.33357E-04  -0.13529E-08   0.22781E-06   0.52149E-11
  0.067   0.200    0.42653E-05   0.20297E-07  -0.33520E-04  -0.10305E-08   0.22808E-06   0.57371E-11
  0.067   0.200    0.43303E-05  -0.66750E-08  -0.33455E-04   0.42559E-09   0.23188E-06   0.56174E-11
  0.067   0.200    0.42783E-05  -0.62136E-08  -0.33223E-04   0.39182E-09   0.22915E-06   0.56687E-11
  0.067   0.200    0.44323E-05  -0.38417E-07  -0.66430E-04   0.21302E-08   0.23799E-06   0.13338E-10
  0.067   0.200    0.41400E-05   0.79599E-07  -0.65525E-04  -0.41118E-08   0.22027E-06   0.13469E-10
  0.067   0.200    0.45609E-05   0.11136E-06  -0.66799E-04  -0.72594E-08   0.24634E-06   0.12881E-10
  0.067   0.200    0.43230E-05  -0.69711E-07  -0.66066E-04   0.45561E-08   0.23175E-06   0.13371E-10
  0.067   0.200    0.42814E-05   0.16306E-07  -0.99671E-04  -0.67740E-09   0.22931E-06   0.21292E-10
  0.067   0.200    0.42667E-05  -0.10447E-07  -0.99683E-04   0.76213E-09   0.22853E-06   0.21499E-10
  0.067   0.200    0.42366E-05   0.25776E-07  -0.38589E-04  -0.13059E-08   0.22671E-06   0.83145E-11
  0.067   0.200    0.43295E-05  -0.13466E-07  -0.39009E-04   0.79881E-09   0.23200E-06   0.69397E-11
  0.067   0.200    0.43095E-05  -0.25784E-07  -0.39156E-04   0.13654E-08   0.23038E-06   0.70663E-11
  0.067   0.200    0.43419E-05  -0.35485E-07  -0.38903E-04   0.19886E-08   0.23253E-06   0.70377E-11
  0.067   0.200    0.42291E-05  -0.19102E-06  -0.72373E-04   0.10351E-07   0.22496E-06   0.14186E-10
  0.067   0.200    0.37996E-05   0.21485E-06  -0.70414E-04  -0.11341E-07   0.19868E-06   0.14415E-10
  0.067   0.200    0.45578E-05  -0.45712E-07  -0.72984E-04   0.17919E-08   0.24544E-06   0.14112E-10
  0.067   0.200    0.45639E-05   0.68907E-07  -0.72718E-04  -0.48467E-08   0.24652E-06   0.14468E-10
  0.067   0.200    0.43880E-05   0.14099E-07  -0.10645E-03  -0.52818E-09   0.23503E-06   0.22816E-10
  0.067   0.200    0.43739E-05  -0.36953E-07  -0.10659E-03   0.21854E-08   0.23427E-06   0.23061E-10
  0.067   0.200    0.43321E-05   0.10269E-07  -0.35589E-04  -0.36418E-09   0.23200E-06   0.60682E-11
  0.067   0.200    0.43067E-05   0.23325E-07  -0.35698E-04  -0.11465E-08   0.23034E-06   0.67809E-11
  0.067   0.200    0.43428E-05  -0.15316E-07  -0.35859E-04   0.88993E-09   0.23270E-06   0.61582E-11
  0.067   0.200    0.42562E-05  -0.38604E-07  -0.35770E-04   0.21622E-08   0.22774E-06   0.60140E-11
  0.067   0.200    0.37455E-05   0.23479E-06  -0.68164E-04  -0.12540E-07   0.19479E-06   0.13649E-10
  0.067   0.200    0.43229E-05   0.16635E-06  -0.68950E-04  -0.86379E-08   0.23171E-06   0.14539E-10
  0.067   0.200    0.43426E-05  -0.64217E-07  -0.69413E-04   0.22084E-08   0.23216E-06   0.12966E-10
  0.067   0.200    0.44971E-05   0.17397E-07  -0.69274E-04  -0.14413E-08   0.24226E-06   0.13267E-10
  0.067   0.200    0.43483E-05   0.37548E-09  -0.10293E-03   0.20935E-09   0.23289E-06   0.22020E-10
  0.067   0.200    0.43629E-05  -0.10782E-07  -0.10305E-03   0.77222E-09   0.23367E-06   0.22246E-10
  0.067   0.200    0.44073E-05  -0.14292E-08  -0.72967E-05   0.73298E-10   0.23609E-06  -0.80670E-12
  0.067   0.200    0.44277E-05   0.33831E-07  -0.70607E-05  -0.16862E-08   0.23710E-06  -0.65178E-12
  0.067   0.200    0.43155E-05   0.58258E-07  -0.67884E-05  -0.30823E-08   0.23076E-06  -0.53294E-12
  0.067   0.200    0.42762E-05   0.19697E-07  -0.70781E-05  -0.10473E-08   0.22919E-06  -0.11318E-11
  0.067   0.200    0.45611E-05   0.76763E-06  -0.41125E-04  -0.40931E-07   0.24488E-06   0.96863E-11
  0.067   0.200    0.70018E-05  -0.52178E-06  -0.46563E-04   0.27964E-07   0.39064E-06   0.46702E-12
  0.067   0.200    0.44484E-05   0.39002E-06  -0.40033E-04  -0.20792E-07   0.23855E-06   0.95774E-11
  0.067   0.200    0.38724E-05  -0.50149E-06  -0.38592E-04   0.31849E-07   0.20337E-06   0.60904E-11
  0.067   0.200    0.40837E-05  -0.18788E-07  -0.73065E-04   0.11670E-08   0.21874E-06   0.15125E-10
  0.067   0.200    0.41327E-05   0.50164E-07  -0.73047E-04  -0.25630E-08   0.22136E-06   0.14863E-10
  0.067   0.200    0.43132E-05   0.13332E-07   0.93147E-05  -0.88912E-09   0.23108E-06  -0.52097E-11
  0.067   0.200    0.43816E-05   0.53845E-08   0.10190E-04  -0.32395E-09   0.23474E-06  -0.50490E-11
  0.067   0.200    0.43777E-05  -0.70669E-08   0.10199E-04   0.33424E-09   0.23451E-06  -0.49993E-11
  0.067   0.200    0.43137E-05  -0.21510E-07   0.94811E-05   0.10050E-08   0.23110E-06  -0.48395E-11
  0.067   0.200    0.43747E-05  -0.48132E-08  -0.24292E-04   0.30049E-09   0.23428E-06   0.35170E-11
  0.067   0.200    0.43039E-05  -0.10274E-07  -0.24240E-04   0.61461E-09   0.23064E-06   0.39010E-11
  0.067   0.200    0.43552E-05   0.19652E-07  -0.24318E-04  -0.97267E-09   0.23338E-06   0.31529E-11
  0.067   0.200    0.41265E-05   0.89820E-07  -0.23969E-04  -0.57267E-08   0.21934E-06   0.15000E-11
  0.067   0.200    0.42997E-05  -0.23586E-07  -0.58214E-04   0.15141E-08   0.23027E-06   0.11044E-10
  0.067   0.200    0.42956E-05  -0.93429E-08  -0.58528E-04   0.58670E-09   0.23001E-06   0.10781E-10
  0.067   0.200    0.42656E-05   0.17425E-07   0.48579E-05  -0.96703E-09   0.22855E-06  -0.40712E-11
  0.067   0.200    0.43203E-05   0.10531E-07   0.53542E-05  -0.55162E-09   0.23144E-06  -0.38755E-11
  0.067   0.200    0.43122E-05   0.11795E-08   0.52096E-05  -0.95261E-10   0.23098E-06  -0.38849E-11
  0.067   0.200    0.42500E-05  -0.16620E-07   0.49187E-05   0.80911E-09   0.22766E-06  -0.38308E-11
  0.067   0.200    0.42844E-05  -0.23042E-08  -0.28163E-04   0.18680E-09   0.22948E-06   0.45144E-11
  0.067   0.200    0.42569E-05  -0.17090E-08  -0.28061E-04   0.14555E-09   0.22800E-06   0.42514E-11
  0.067   0.200    0.42241E-05   0.34456E-06  -0.27866E-04  -0.20999E-07   0.22550E-06   0.36674E-11
  0.067   0.200    0.39964E-05  -0.81754E-07  -0.27353E-04   0.48222E-08   0.21169E-06   0.29559E-11
  0.067   0.200    0.42549E-05  -0.12442E-07  -0.61543E-04   0.78402E-09   0.22786E-06   0.11926E-10
  0.067   0.200    0.42475E-05  -0.39847E-08  -0.61611E-04   0.42918E-09   0.22750E-06   0.11816E-10
  0.067   0.200    0.43321E-05   0.41491E-08   0.11457E-04  -0.37415E-09   0.23207E-06  -0.57262E-11
  0.067   0.200    0.43974E-05  -0.10679E-07   0.12244E-04   0.52482E-09   0.23557E-06  -0.57670E-11
  0.067   0.200    0.44025E-05  -0.71257E-08   0.12764E-04   0.34135E-09   0.23588E-06  -0.56938E-11
  0.067   0.200    0.43277E-05  -0.13820E-07   0.12221E-04   0.50848E-09   0.23184E-06  -0.52178E-11
  0.067   0.200    0.43721E-05  -0.90477E-08  -0.22035E-04   0.47994E-09   0.23428E-06   0.25973E-11
  0.067   0.200    0.43104E-05  -0.12154E-07  -0.22119E-04   0.65670E-09   0.23078E-06   0.27030E-11
  0.067   0.200    0.43987E-05  -0.97472E-08  -0.22056E-04   0.55684E-09   0.23558E-06   0.23612E-11
  0.067   0.200    0.43113E-05  -0.27719E-08  -0.22169E-04   0.17576E-09   0.23106E-06   0.29372E-11
  0.067   0.200    0.43091E-05  -0.30837E-07  -0.55690E-04   0.18746E-08   0.23080E-06   0.10436E-10
  0.067   0.200    0.43029E-05  -0.13061E-07  -0.56136E-04   0.70663E-09   0.23044E-06   0.10521E-10
  0.067   0.200    0.42823E-05   0.16743E-07   0.11628E-04  -0.99454E-09   0.22939E-06  -0.57554E-11
  0.067   0.200    0.43438E-05   0.44978E-08   0.12072E-04  -0.29023E-09   0.23266E-06  -0.57157E-11
  0.067   0.200    0.43454E-05  -0.46146E-08   0.12544E-04   0.26402E-09   0.23278E-06  -0.58125E-11
  0.067   0.200    0.42914E-05  -0.11836E-07   0.12255E-04   0.59084E-09   0.22994E-06  -0.51679E-11
  0.067   0.200    0.43251E-05  -0.82801E-08  -0.21314E-04   0.45481E-09   0.23161E-06   0.24784E-11
  0.067   0.200    0.42643E-05  -0.84522E-08  -0.21373E-04   0.49317E-09   0.22839E-06   0.24829E-11
  0.067   0.200    0.43276E-05   0.69630E-09  -0.21188E-04  -0.18517E-10   0.23195E-06   0.17719E-11
  0.067   0.200    0.42944E-05   0.88350E-08  -0.21185E-04  -0.45893E-09   0.23009E-06   0.23539E-11
  0.067   0.200    0.42619E-05  -0.19407E-07  -0.54351E-04   0.11995E-08   0.22829E-06   0.10168E-10
  0.067   0.200    0.42547E-05  -0.10311E-07  -0.54644E-04   0.58460E-09   0.22789E-06   0.10429E-10
  0.067   0.200    0.43443E-05  -0.23173E-07   0.63900E-04   0.11007E-08   0.23276E-06  -0.19161E-10
  0.067   0.200    0.43999E-05  -0.11082E-08   0.64509E-04  -0.81123E-10   0.23570E-06  -0.18959E-10
  0.067   0.200    0.43858E-05   0.56967E-08   0.64503E-04  -0.47309E-09   0.23496E-06  -0.18894E-10
  0.067   0.200    0.43060E-05   0.34177E-07   0.63998E-04  -0.20079E-08   0.23069E-06  -0.18547E-10
  0.067   0.200    0.45247E-05   0.12620E-06   0.30550E-04  -0.67473E-08   0.24393E-06  -0.98609E-11
  0.067   0.200    0.47906E-05  -0.12566E-06   0.28945E-04   0.66322E-08   0.26089E-06  -0.10652E-10
  0.067   0.200    0.43773E-05   0.14990E-06   0.31059E-04  -0.85295E-08   0.23473E-06  -0.10862E-10
  0.067   0.200    0.41506E-05   0.12232E-06   0.30421E-04  -0.67634E-08   0.22098E-06  -0.10528E-10
  0.067   0.200    0.41637E-05  -0.42971E-07   0.10284E-06   0.22957E-08   0.22313E-06  -0.30281E-11
  0.067   0.200    0.40994E-05  -0.52547E-08   0.52935E-07   0.32282E-09   0.22004E-06  -0.17888E-11
  0.067   0.200    0.43560E-05  -0.21444E-07   0.99447E-04   0.91713E-09   0.23338E-06  -0.28124E-10
  0.067   0.200    0.44248E-05   0.32565E-08   0.10084E-03  -0.38758E-09   0.23704E-06  -0.27985E-10
  0.067   0.200    0.44071E-05   0.23196E-07   0.10097E-03  -0.14691E-08   0.23610E-06  -0.27937E-10
  0.067   0.200    0.43168E-05   0.37393E-07   0.99843E-04  -0.22511E-08   0.23128E-06  -0.27648E-10
  0.067   0.200    0.48516E-05   0.12397E-06   0.65773E-04  -0.67719E-08   0.26397E-06  -0.18846E-10
  0.067   0.200    0.49582E-05  -0.17972E-07   0.64599E-04   0.55078E-09   0.27079E-06  -0.20546E-10
  0.067   0.200    0.44569E-05   0.22508E-06   0.66692E-04  -0.12082E-07   0.23972E-06  -0.18918E-10
  0.067   0.200    0.44381E-05   0.25733E-06   0.65806E-04  -0.14797E-07   0.23909E-06  -0.19902E-10
  0.067   0.200    0.40741E-05  -0.53604E-07   0.37021E-04   0.27571E-08   0.21854E-06  -0.12089E-10
  0.067   0.200    0.41061E-05   0.37300E-09   0.37027E-04  -0.10480E-09   0.22005E-06  -0.11863E-10
  0.130   0.385    0.30622E-04   0.19966E-06  -0.42961E-04  -0.10644E-07   0.16411E-05  -0.10639E-10
  0.130   0.385    0.30771E-04   0.50837E-07  -0.43563E-04  -0.27598E-08   0.16471E-05  -0.81717E-11
  0.130   0.385    0.31200E-04  -0.42800E-07  -0.43107E-04   0.23342E-08   0.16709E-05  -0.90392E-11
  0.130   0.385    0.30785E-04  -0.52213E-07  -0.42577E-04   0.28178E-08   0.16489E-05  -0.81013E-11
  0.130   0.385    0.31700E-04  -0.55498E-06  -0.27805E-03   0.29831E-07   0.17028E-05   0.45620E-10
  0.130   0.385    0.31518E-04   0.38560E-06  -0.27381E-03  -0.20067E-07   0.16963E-05   0.46846E-10
  0.130   0.385    0.32057E-04   0.49362E-06  -0.28341E-03  -0.35430E-07   0.17266E-05   0.44516E-10
  0.130   0.385    0.30605E-04  -0.12700E-06  -0.27988E-03   0.11673E-07   0.16379E-05   0.48393E-10
  0.130   0.385    0.30341E-04   0.58914E-07  -0.51548E-03  -0.21018E-08   0.16251E-05   0.10411E-09
  0.130   0.385    0.30226E-04  -0.53506E-07  -0.51542E-03   0.38999E-08   0.16189E-05   0.10523E-09
  0.130   0.385    0.30768E-04   0.23600E-06  -0.29598E-04  -0.13396E-07   0.16473E-05  -0.10425E-10
  0.130   0.385    0.31506E-04  -0.84252E-08  -0.30940E-04   0.48815E-09   0.16881E-05  -0.11537E-10
  0.130   0.385    0.31225E-04  -0.10144E-06  -0.31310E-04   0.48680E-08   0.16709E-05  -0.12583E-10
  0.130   0.385    0.31432E-04  -0.11276E-06  -0.29804E-04   0.60812E-08   0.16836E-05  -0.11377E-10
  0.130   0.385    0.32347E-04  -0.37522E-06  -0.26990E-03   0.20546E-07   0.17405E-05   0.43162E-10
  0.130   0.385    0.30728E-04   0.46356E-06  -0.26783E-03  -0.23526E-07   0.16434E-05   0.45209E-10
  0.130   0.385    0.31769E-04  -0.32624E-06  -0.27517E-03   0.12657E-07   0.17024E-05   0.40433E-10
  0.130   0.385    0.32059E-04   0.82467E-06  -0.27622E-03  -0.52668E-07   0.17270E-05   0.43484E-10
  0.130   0.385    0.30701E-04  -0.10106E-06  -0.50877E-03   0.64858E-08   0.16443E-05   0.10188E-09
  0.130   0.385    0.30643E-04  -0.17743E-06  -0.50949E-03   0.10509E-07   0.16412E-05   0.10352E-09
  0.130   0.385    0.31371E-04   0.12855E-06  -0.21570E-04  -0.69309E-08   0.16803E-05  -0.15944E-10
  0.130   0.385    0.31264E-04   0.37490E-07  -0.22857E-04  -0.19200E-08   0.16739E-05  -0.11362E-10
  0.130   0.385    0.31496E-04  -0.58199E-07  -0.23371E-04   0.31302E-08   0.16876E-05  -0.13048E-10
  0.130   0.385    0.30775E-04  -0.20019E-06  -0.21897E-04   0.10764E-07   0.16481E-05  -0.13862E-10
  0.130   0.385    0.30963E-04   0.24429E-06  -0.26528E-03  -0.12594E-07   0.16539E-05   0.45108E-10
  0.130   0.385    0.30934E-04   0.84610E-07  -0.26217E-03  -0.37517E-08   0.16568E-05   0.45225E-10
  0.130   0.385    0.32239E-04  -0.64287E-07  -0.26492E-03   0.38211E-08   0.17331E-05   0.40402E-10
  0.130   0.385    0.31978E-04   0.13904E-06  -0.26401E-03  -0.71825E-08   0.17205E-05   0.35846E-10
  0.130   0.385    0.30610E-04  -0.22643E-06  -0.50078E-03   0.13179E-07   0.16394E-05   0.99892E-10
  0.130   0.385    0.30629E-04  -0.18360E-06  -0.50189E-03   0.10796E-07   0.16404E-05   0.10172E-09
  0.130   0.385    0.30775E-04   0.53684E-07  -0.16079E-04  -0.29623E-08   0.16485E-05  -0.16661E-10
  0.130   0.385    0.31187E-04  -0.57557E-08  -0.17238E-04   0.26337E-09   0.16703E-05  -0.15398E-10
  0.130   0.385    0.30762E-04  -0.15538E-06  -0.17735E-04   0.86350E-08   0.16466E-05  -0.13719E-10
  0.130   0.385    0.30698E-04  -0.24727E-06  -0.17122E-04   0.13285E-07   0.16452E-05  -0.13882E-10
  0.130   0.385    0.31003E-04   0.15050E-06  -0.25463E-03  -0.74656E-08   0.16602E-05   0.42781E-10
  0.130   0.385    0.30302E-04  -0.11262E-06  -0.25203E-03   0.65589E-08   0.16213E-05   0.43417E-10
  0.130   0.385    0.31771E-04  -0.91561E-08  -0.25290E-03  -0.13100E-08   0.17063E-05   0.37413E-10
  0.130   0.385    0.31478E-04  -0.56739E-06  -0.25443E-03   0.30800E-07   0.16927E-05   0.33802E-10
  0.130   0.385    0.30162E-04  -0.36079E-06  -0.48771E-03   0.20362E-07   0.16154E-05   0.96886E-10
  0.130   0.385    0.30190E-04  -0.34786E-06  -0.48926E-03   0.19579E-07   0.16169E-05   0.98690E-10
  0.130   0.385    0.30935E-04   0.10118E-06   0.23256E-03  -0.61066E-08   0.16574E-05  -0.77826E-10
  0.130   0.385    0.31436E-04   0.59612E-07   0.23584E-03  -0.37753E-08   0.16838E-05  -0.76850E-10
  0.130   0.385    0.31418E-04  -0.80307E-07   0.23491E-03   0.37988E-08   0.16828E-05  -0.77045E-10
  0.130   0.385    0.30938E-04  -0.19610E-06   0.23188E-03   0.97993E-08   0.16574E-05  -0.75446E-10
  0.130   0.385    0.31471E-04  -0.23835E-06  -0.81320E-05   0.12717E-07   0.16854E-05  -0.17421E-10
  0.130   0.385    0.30939E-04  -0.96394E-07  -0.76743E-05   0.50369E-08   0.16574E-05  -0.17546E-10
  0.130   0.385    0.32345E-04  -0.64718E-07  -0.92212E-05   0.30532E-08   0.17385E-05  -0.13741E-10
  0.130   0.385    0.30760E-04  -0.40775E-07  -0.85159E-05   0.33565E-08   0.16463E-05  -0.22661E-10
  0.130   0.385    0.30785E-04  -0.88897E-07  -0.24812E-03   0.54788E-08   0.16488E-05   0.37751E-10
  0.130   0.385    0.30763E-04  -0.78409E-07  -0.24855E-03   0.37327E-08   0.16481E-05   0.33834E-10
  0.130   0.385    0.30614E-04   0.65318E-07   0.18747E-03  -0.39841E-08   0.16400E-05  -0.66173E-10
  0.130   0.385    0.31020E-04  -0.44964E-08   0.18716E-03  -0.13790E-09   0.16616E-05  -0.65404E-10
  0.130   0.385    0.30986E-04  -0.74689E-07   0.18613E-03   0.35725E-08   0.16596E-05  -0.65524E-10
  0.130   0.385    0.30524E-04  -0.19162E-06   0.18568E-03   0.97458E-08   0.16351E-05  -0.64028E-10
  0.130   0.385    0.30945E-04  -0.85092E-08  -0.51478E-04   0.69876E-09   0.16575E-05  -0.71089E-11
  0.130   0.385    0.30630E-04  -0.50354E-07  -0.50422E-04   0.27705E-08   0.16407E-05  -0.73097E-11
  0.130   0.385    0.30497E-04  -0.26335E-06  -0.50941E-04   0.15548E-07   0.16318E-05  -0.16464E-10
  0.130   0.385    0.30492E-04  -0.59516E-07  -0.51713E-04   0.38339E-08   0.16327E-05  -0.94279E-11
  0.130   0.385    0.30453E-04  -0.11674E-06  -0.28766E-03   0.67579E-08   0.16310E-05   0.47825E-10
  0.130   0.385    0.30350E-04  -0.58274E-07  -0.28808E-03   0.38143E-08   0.16257E-05   0.46364E-10
  0.130   0.385    0.31033E-04   0.11076E-07   0.19023E-03  -0.12436E-08   0.16624E-05  -0.67065E-10
  0.130   0.385    0.31551E-04  -0.29417E-07   0.19227E-03   0.11698E-08   0.16901E-05  -0.67220E-10
  0.130   0.385    0.31567E-04   0.46808E-08   0.19358E-03  -0.79603E-09   0.16909E-05  -0.66690E-10
  0.130   0.385    0.31025E-04  -0.12429E-06   0.18996E-03   0.57538E-08   0.16619E-05  -0.64153E-10
  0.130   0.385    0.31442E-04  -0.58021E-07  -0.50692E-04   0.27701E-08   0.16840E-05  -0.78758E-11
  0.130   0.385    0.31050E-04  -0.12328E-06  -0.50892E-04   0.66000E-08   0.16629E-05  -0.75753E-11
  0.130   0.385    0.31635E-04  -0.85368E-07  -0.51053E-04   0.45981E-08   0.16944E-05  -0.94907E-11
  0.130   0.385    0.31076E-04   0.19669E-07  -0.51211E-04  -0.10645E-08   0.16650E-05  -0.44654E-11
  0.130   0.385    0.30855E-04  -0.26500E-06  -0.29149E-03   0.14998E-07   0.16526E-05   0.48274E-10
  0.130   0.385    0.30823E-04  -0.16226E-06  -0.29391E-03   0.90217E-08   0.16509E-05   0.48153E-10
  0.130   0.385    0.30654E-04   0.18399E-06   0.18569E-03  -0.10407E-07   0.16420E-05  -0.65790E-10
  0.130   0.385    0.31130E-04   0.82330E-07   0.18728E-03  -0.48466E-08   0.16673E-05  -0.65367E-10
  0.130   0.385    0.31160E-04   0.12229E-07   0.18850E-03  -0.96118E-09   0.16690E-05  -0.65916E-10
  0.130   0.385    0.30776E-04  -0.63790E-07   0.18707E-03   0.29740E-08   0.16487E-05  -0.62696E-10
  0.130   0.385    0.31084E-04   0.10562E-07  -0.51520E-04  -0.63714E-09   0.16643E-05  -0.69174E-11
  0.130   0.385    0.30658E-04  -0.63556E-07  -0.51853E-04   0.34709E-08   0.16421E-05  -0.70457E-11
  0.130   0.385    0.31123E-04  -0.21966E-06  -0.50950E-04   0.13409E-07   0.16667E-05  -0.10337E-10
  0.130   0.385    0.30888E-04   0.47354E-07  -0.50665E-04  -0.24870E-08   0.16548E-05  -0.77881E-11
  0.130   0.385    0.30486E-04  -0.22155E-06  -0.28894E-03   0.12552E-07   0.16329E-05   0.48057E-10
  0.130   0.385    0.30471E-04  -0.14553E-06  -0.29057E-03   0.82134E-08   0.16321E-05   0.50054E-10
  0.130   0.385    0.30454E-04  -0.12455E-06   0.40158E-03   0.58361E-08   0.16314E-05  -0.12000E-09
  0.130   0.385    0.30881E-04  -0.13783E-06   0.40121E-03   0.65867E-08   0.16541E-05  -0.11846E-09
  0.130   0.385    0.30836E-04  -0.19394E-06   0.40044E-03   0.95729E-08   0.16517E-05  -0.11766E-09
  0.130   0.385    0.30344E-04  -0.23828E-06   0.39923E-03   0.11892E-07   0.16256E-05  -0.11704E-09
  0.130   0.385    0.30234E-04   0.29134E-07   0.16449E-03  -0.18695E-08   0.16143E-05  -0.58603E-10
  0.130   0.385    0.29331E-04  -0.42763E-06   0.16235E-03   0.22426E-07   0.15604E-05  -0.58787E-10
  0.130   0.385    0.31338E-04   0.14883E-06   0.16321E-03  -0.12436E-07   0.16820E-05  -0.59364E-10
  0.130   0.385    0.29763E-04   0.52682E-06   0.16110E-03  -0.30440E-07   0.15852E-05  -0.59483E-10
  0.130   0.385    0.30455E-04  -0.26976E-06  -0.70566E-04   0.14540E-07   0.16320E-05  -0.50193E-11
  0.130   0.385    0.30178E-04  -0.19798E-06  -0.71412E-04   0.10901E-07   0.16165E-05   0.12201E-12
  0.130   0.385    0.30348E-04  -0.89544E-08   0.40769E-03  -0.41587E-09   0.16257E-05  -0.12094E-09
  0.130   0.385    0.30819E-04  -0.51294E-07   0.40795E-03   0.19044E-08   0.16508E-05  -0.11951E-09
  0.130   0.385    0.30829E-04  -0.91004E-07   0.40747E-03   0.40272E-08   0.16513E-05  -0.11952E-09
  0.130   0.385    0.30346E-04  -0.11235E-06   0.40652E-03   0.51231E-08   0.16256E-05  -0.11792E-09
  0.130   0.385    0.30882E-04  -0.55589E-06   0.17337E-03   0.29332E-07   0.16538E-05  -0.61884E-10
  0.130   0.385    0.29743E-04  -0.31014E-06   0.17050E-03   0.15968E-07   0.15867E-05  -0.63287E-10
  0.130   0.385    0.31907E-04   0.14033E-06   0.16559E-03  -0.95966E-08   0.17183E-05  -0.61744E-10
  0.130   0.385    0.30956E-04   0.96835E-06   0.16876E-03  -0.55871E-07   0.16615E-05  -0.60728E-10
  0.130   0.385    0.30119E-04  -0.10498E-06  -0.63424E-04   0.46675E-08   0.16134E-05  -0.71248E-11
  0.130   0.385    0.30292E-04  -0.13036E-06  -0.63774E-04   0.70662E-08   0.16232E-05  -0.43809E-11
