  0.000   0.000    0.00000E+00   0.00000E+00   0.00000E+00   0.00000E+00   0.00000E+00   0.00000E+00
  0.000   0.000    0.00000E+00   0.00000E+00   0.00000E+00   0.00000E+00   0.00000E+00   0.00000E+00
  0.000   0.000    0.00000E+00   0.00000E+00   0.00000E+00   0.00000E+00   0.00000E+00   0.00000E+00
  0.000   0.000    0.00000E+00   0.00000E+00   0.00000E+00   0.00000E+00   0.00000E+00   0.00000E+00
  0.000   0.000    0.00000E+00   0.00000E+00   0.00000E+00   0.00000E+00   0.00000E+00   0.00000E+00
  0.000   0.000    0.00000E+00   0.00000E+00   0.00000E+00   0.00000E+00   0.00000E+00   0.00000E+00
  0.000   0.000    0.00000E+00   0.00000E+00   0.00000E+00   0.00000E+00   0.00000E+00   0.00000E+00
  0.000   0.000    0.00000E+00   0.00000E+00   0.00000E+00   0.00000E+00   0.00000E+00   0.00000E+00
  0.000   0.000    0.00000E+00   0.00000E+00   0.00000E+00   0.00000E+00   0.00000E+00   0.00000E+00
  0.000   0.000    0.00000E+00   0.00000E+00   0.00000E+00   0.00000E+00   0.00000E+00   0.00000E+00
  0.000   0.000    0.00000E+00   0.00000E+00   0.00000E+00   0.00000E+00   0.00000E+00   0.00000E+00
  0.000   0.000    0.00000E+00   0.00000E+00   0.00000E+00   0.00000E+00   0.00000E+00   0.00000E+00
  0.000   0.000    0.00000E+00   0.00000E+00   0.00000E+00   0.00000E+00   0.00000E+00   0.00000E+00
  0.000   0.000    0.00000E+00   0.00000E+00   0.00000E+00   0.00000E+00   0.00000E+00   0.00000E+00
  0.000   0.000    0.00000E+00   0.00000E+00   0.00000E+00   0.00000E+00   0.00000E+00   0.00000E+00
  0.000   0.000    0.00000E+00   0.00000E+00   0.00000E+00   0.00000E+00   0.00000E+00   0.00000E+00
  0.000   0.000    0.00000E+00   0.00000E+00   0.00000E+00   0.00000E+00   0.00000E+00   0.00000E+00
  0.000   0.000    0.00000E+00   0.00000E+00   0.00000E+00   0.00000E+00   0.00000E+00   0.00000E+00
  0.000   0.000    0.00000E+00   0.00000E+00   0.00000E+00   0.00000E+00   0.00000E+00   0.00000E+00
  0.000   0.000    0.00000E+00   0.00000E+00   0.00000E+00   0.00000E+00   0.00000E+00   0.00000E+00
  0.000   0.000    0.00000E+00   0.00000E+00   0.00000E+00   0.00000E+00   0.00000E+00   0.00000E+00
  0.000   0.000    0.00000E+00   0.00000E+00   0.00000E+00   0.00000E+00   0.00000E+00   0.00000E+00
  0.000   0.000    0.00000E+00   0.00000E+00   0.00000E+00   0.00000E+00   0.00000E+00   0.00000E+00
  0.000   0.000    0.00000E+00   0.00000E+00   0.00000E+00   0.00000E+00   0.00000E+00   0.00000E+00
  0.000   0.000    0.00000E+00   0.00000E+00   0.00000E+00   0.00000E+00   0.00000E+00   0.00000E+00
  0.000   0.000    0.00000E+00   0.00000E+00   0.00000E+00   0.00000E+00   0.00000E+00   0.00000E+00
  0.000   0.000    0.00000E+00   0.00000E+00   0.00000E+00   0.00000E+00   0.00000E+00   0.00000E+00
  0.000   0.000    0.00000E+00   0.00000E+00   0.00000E+00   0.00000E+00   0.00000E+00   0.00000E+00
  0.000   0.000    0.00000E+00   0.00000E+00   0.00000E+00   0.00000E+00   0.00000E+00   0.00000E+00
  0.000   0.000    0.00000E+00   0.00000E+00   0.00000E+00   0.00000E+00   0.00000E+00   0.00000E+00
  0.000   0.000    0.00000E+00   0.00000E+00   0.00000E+00   0.00000E+00   0.00000E+00   0.00000E+00
  0.000   0.000    0.00000E+00   0.00000E+00   0.00000E+00   0.00000E+00   0.00000E+00   0.00000E+00
  0.000   0.000    0.00000E+00   0.00000E+00   0.00000E+00   0.00000E+00   0.00000E+00   0.00000E+00
  0.000   0.000    0.00000E+00   0.00000E+00   0.00000E+00   0.00000E+00   0.00000E+00   0.00000E+00
  0.000   0.000    0.00000E+00   0.00000E+00   0.00000E+00   0.00000E+00   0.00000E+00   0.00000E+00
  0.000   0.000    0.00000E+00   0.00000E+00   0.00000E+00   0.00000E+00   0.00000E+00   0.00000E+00
  0.000   0.000    0.00000E+00   0.00000E+00   0.00000E+00   0.00000E+00   0.00000E+00   0.00000E+00
  0.000   0.000    0.00000E+00   0.00000E+00   0.00000E+00   0.00000E+00   0.00000E+00   0.00000E+00
  0.000   0.000    0.00000E+00   0.00000E+00   0.00000E+00   0.00000E+00   0.00000E+00   0.00000E+00
  0.000   0.000    0.00000E+00   0.00000E+00   0.00000E+00   0.00000E+00   0.00000E+00   0.00000E+00
  0.000   0.000    0.00000E+00   0.00000E+00   0.00000E+00   0.00000E+00   0.00000E+00   0.00000E+00
  0.000   0.000    0.00000E+00   0.00000E+00   0.00000E+00   0.00000E+00   0.00000E+00   0.00000E+00
  0.000   0.000    0.00000E+00   0.00000E+00   0.00000E+00   0.00000E+00   0.00000E+00   0.00000E+00
  0.000   0.000    0.00000E+00   0.00000E+00   0.00000E+00   0.00000E+00   0.00000E+00   0.00000E+00
  0.000   0.000    0.00000E+00   0.00000E+00   0.00000E+00   0.00000E+00   0.00000E+00   0.00000E+00
  0.000   0.000    0.00000E+00   0.00000E+00   0.00000E+00   0.00000E+00   0.00000E+00   0.00000E+00
  0.000   0.000    0.00000E+00   0.00000E+00   0.00000E+00   0.00000E+00   0.00000E+00   0.00000E+00
  0.000   0.000    0.00000E+00   0.00000E+00   0.00000E+00   0.00000E+00   0.00000E+00   0.00000E+00
  0.000   0.000    0.00000E+00   0.00000E+00   0.00000E+00   0.00000E+00   0.00000E+00   0.00000E+00
  0.000   0.000    0.00000E+00   0.00000E+00   0.00000E+00   0.00000E+00   0.00000E+00   0.00000E+00
  0.000   0.000    0.00000E+00   0.00000E+00   0.00000E+00   0.00000E+00   0.00000E+00   0.00000E+00
  0.000   0.000    0.00000E+00   0.00000E+00   0.00000E+00   0.00000E+00   0.00000E+00   0.00000E+00
  0.000   0.000    0.00000E+00   0.00000E+00   0.00000E+00   0.00000E+00   0.00000E+00   0.00000E+00
  0.000   0.000    0.00000E+00   0.00000E+00   0.00000E+00   0.00000E+00   0.00000E+00   0.00000E+00
  0.000   0.000    0.00000E+00   0.00000E+00   0.00000E+00   0.00000E+00   0.00000E+00   0.00000E+00
  0.000   0.000    0.00000E+00   0.00000E+00   0.00000E+00   0.00000E+00   0.00000E+00   0.00000E+00
  0.000   0.000    0.00000E+00   0.00000E+00   0.00000E+00   0.00000E+00   0.00000E+00   0.00000E+00
  0.000   0.000    0.00000E+00   0.00000E+00   0.00000E+00   0.00000E+00   0.00000E+00   0.00000E+00
  0.000   0.000    0.00000E+00   0.00000E+00   0.00000E+00   0.00000E+00   0.00000E+00   0.00000E+00
  0.000   0.000    0.00000E+00   0.00000E+00   0.00000E+00   0.00000E+00   0.00000E+00   0.00000E+00
  0.000   0.000    0.00000E+00   0.00000E+00   0.00000E+00   0.00000E+00   0.00000E+00   0.00000E+00
  0.000   0.000    0.00000E+00   0.00000E+00   0.00000E+00   0.00000E+00   0.00000E+00   0.00000E+00
  0.000   0.000    0.00000E+00   0.00000E+00   0.00000E+00   0.00000E+00   0.00000E+00   0.00000E+00
  0.000   0.000    0.00000E+00   0.00000E+00   0.00000E+00   0.00000E+00   0.00000E+00   0.00000E+00
  0.000   0.000    0.00000E+00   0.00000E+00   0.00000E+00   0.00000E+00   0.00000E+00   0.00000E+00
  0.000   0.000    0.00000E+00   0.00000E+00   0.00000E+00   0.00000E+00   0.00000E+00   0.00000E+00
  0.000   0.000    0.00000E+00   0.00000E+00   0.00000E+00   0.00000E+00   0.00000E+00   0.00000E+00
  0.000   0.000    0.00000E+00   0.00000E+00   0.00000E+00   0.00000E+00   0.00000E+00   0.00000E+00
  0.000   0.000    0.00000E+00   0.00000E+00   0.00000E+00   0.00000E+00   0.00000E+00   0.00000E+00
  0.000   0.000    0.00000E+00   0.00000E+00   0.00000E+00   0.00000E+00   0.00000E+00   0.00000E+00
  0.000   0.000    0.00000E+00   0.00000E+00   0.00000E+00   0.00000E+00   0.00000E+00   0.00000E+00
  0.000   0.000    0.00000E+00   0.00000E+00   0.00000E+00   0.00000E+00   0.00000E+00   0.00000E+00
  0.000   0.000    0.00000E+00   0.00000E+00   0.00000E+00   0.00000E+00   0.00000E+00   0.00000E+00
  0.000   0.000    0.00000E+00   0.00000E+00   0.00000E+00   0.00000E+00   0.00000E+00   0.00000E+00
  0.000   0.000    0.00000E+00   0.00000E+00   0.00000E+00   0.00000E+00   0.00000E+00   0.00000E+00
  0.000   0.000    0.00000E+00   0.00000E+00   0.00000E+00   0.00000E+00   0.00000E+00   0.00000E+00
  0.000   0.000    0.00000E+00   0.00000E+00   0.00000E+00   0.00000E+00   0.00000E+00   0.00000E+00
  0.000   0.000    0.00000E+00   0.00000E+00   0.00000E+00   0.00000E+00   0.00000E+00   0.00000E+00
  0.000   0.000    0.00000E+00   0.00000E+00   0.00000E+00   0.00000E+00   0.00000E+00   0.00000E+00
  0.000   0.000    0.00000E+00   0.00000E+00   0.00000E+00   0.00000E+00   0.00000E+00   0.00000E+00
  0.000   0.000    0.00000E+00   0.00000E+00   0.00000E+00   0.00000E+00   0.00000E+00   0.00000E+00
  0.000   0.000    0.00000E+00   0.00000E+00   0.00000E+00   0.00000E+00   0.00000E+00   0.00000E+00
  0.000   0.000    0.00000E+00   0.00000E+00   0.00000E+00   0.00000E+00   0.00000E+00   0.00000E+00
  0.000   0.000    0.00000E+00   0.00000E+00   0.00000E+00   0.00000E+00   0.00000E+00   0.00000E+00
  0.000   0.000    0.00000E+00   0.00000E+00   0.00000E+00   0.00000E+00   0.00000E+00   0.00000E+00
  0.000   0.000    0.00000E+00   0.00000E+00   0.00000E+00   0.00000E+00   0.00000E+00   0.00000E+00
  0.000   0.000    0.00000E+00   0.00000E+00   0.00000E+00   0.00000E+00   0.00000E+00   0.00000E+00
  0.000   0.000    0.00000E+00   0.00000E+00   0.00000E+00   0.00000E+00   0.00000E+00   0.00000E+00
  0.000   0.000    0.00000E+00   0.00000E+00   0.00000E+00   0.00000E+00   0.00000E+00   0.00000E+00
  0.000   0.000    0.00000E+00   0.00000E+00   0.00000E+00   0.00000E+00   0.00000E+00   0.00000E+00
  0.000   0.000    0.00000E+00   0.00000E+00   0.00000E+00   0.00000E+00   0.00000E+00   0.00000E+00
  0.000   0.000    0.00000E+00   0.00000E+00   0.00000E+00   0.00000E+00   0.00000E+00   0.00000E+00
  0.000   0.000    0.00000E+00   0.00000E+00   0.00000E+00   0.00000E+00   0.00000E+00   0.00000E+00
  0.000   0.000    0.00000E+00   0.00000E+00   0.00000E+00   0.00000E+00   0.00000E+00   0.00000E+00
  0.000   0.000    0.00000E+00   0.00000E+00   0.00000E+00   0.00000E+00   0.00000E+00   0.00000E+00
  0.000   0.000    0.00000E+00   0.00000E+00   0.00000E+00   0.00000E+00   0.00000E+00   0.00000E+00
  0.000   0.000    0.00000E+00   0.00000E+00   0.00000E+00   0.00000E+00   0.00000E+00   0.00000E+00
  0.000   0.000    0.00000E+00   0.00000E+00   0.00000E+00   0.00000E+00   0.00000E+00   0.00000E+00
  0.000   0.000    0.00000E+00   0.00000E+00   0.00000E+00   0.00000E+00   0.00000E+00   0.00000E+00
  0.000   0.000    0.00000E+00   0.00000E+00   0.00000E+00   0.00000E+00   0.00000E+00   0.00000E+00
 -1.000  -1.000    0.00000E+00   0.00000E+00   0.00000E+00   0.00000E+00   0.00000E+00   0.00000E+00
 -1.000  -1.000    0.00000E+00   0.00000E+00   0.00000E+00   0.00000E+00   0.00000E+00   0.00000E+00
 -1.000  -1.000    0.00000E+00   0.00000E+00   0.00000E+00   0.00000E+00   0.00000E+00   0.00000E+00
 -1.000  -1.000    0.00000E+00   0.00000E+00   0.00000E+00   0.00000E+00   0.00000E+00   0.00000E+00
 -1.000  -1.000    0.00000E+00   0.00000E+00   0.00000E+00   0.00000E+00   0.00000E+00   0.00000E+00
 -1.000  -1.000    0.00000E+00   0.00000E+00   0.00000E+00   0.00000E+00   0.00000E+00   0.00000E+00
 -1.000  -1.000    0.00000E+00   0.00000E+00   0.00000E+00   0.00000E+00   0.00000E+00   0.00000E+00
 -1.000  -1.000    0.00000E+00   0.00000E+00   0.00000E+00   0.00000E+00   0.00000E+00   0.00000E+00
 -1.000  -1.000    0.00000E+00   0.00000E+00   0.00000E+00   0.00000E+00   0.00000E+00   0.00000E+00
 -1.000  -1.000    0.00000E+00   0.00000E+00   0.00000E+00   0.00000E+00   0.00000E+00   0.00000E+00
 -1.000  -1.000    0.00000E+00   0.00000E+00   0.00000E+00   0.00000E+00   0.00000E+00   0.00000E+00
 -1.000  -1.000    0.00000E+00   0.00000E+00   0.00000E+00   0.00000E+00   0.00000E+00   0.00000E+00
 -1.000  -1.000    0.00000E+00   0.00000E+00   0.00000E+00   0.00000E+00   0.00000E+00   0.00000E+00
 -1.000  -1.000    0.00000E+00   0.00000E+00   0.00000E+00   0.00000E+00   0.00000E+00   0.00000E+00
 -1.000  -1.000    0.00000E+00   0.00000E+00   0.00000E+00   0.00000E+00   0.00000E+00   0.00000E+00
 -1.000  -1.000    0.00000E+00   0.00000E+00   0.00000E+00   0.00000E+00   0.00000E+00   0.00000E+00
 -1.000  -1.000    0.00000E+00   0.00000E+00   0.00000E+00   0.00000E+00   0.00000E+00   0.00000E+00
 -1.000  -1.000    0.00000E+00   0.00000E+00   0.00000E+00   0.00000E+00   0.00000E+00   0.00000E+00
 -1.000  -1.000    0.00000E+00   0.00000E+00   0.00000E+00   0.00000E+00   0.00000E+00   0.00000E+00
 -1.000  -1.000    0.00000E+00   0.00000E+00   0.00000E+00   0.00000E+00   0.00000E+00   0.00000E+00
 -1.000  -1.000    0.00000E+00   0.00000E+00   0.00000E+00   0.00000E+00   0.00000E+00   0.00000E+00
 -1.000  -1.000    0.00000E+00   0.00000E+00   0.00000E+00   0.00000E+00   0.00000E+00   0.00000E+00
 -1.000  -1.000    0.00000E+00   0.00000E+00   0.00000E+00   0.00000E+00   0.00000E+00   0.00000E+00
 -1.000  -1.000    0.00000E+00   0.00000E+00   0.00000E+00   0.00000E+00   0.00000E+00   0.00000E+00
 -1.000  -1.000    0.00000E+00   0.00000E+00   0.00000E+00   0.00000E+00   0.00000E+00   0.00000E+00
 -1.000  -1.000    0.00000E+00   0.00000E+00   0.00000E+00   0.00000E+00   0.00000E+00   0.00000E+00
 -1.000  -1.000    0.00000E+00   0.00000E+00   0.00000E+00   0.00000E+00   0.00000E+00   0.00000E+00
 -1.000  -1.000    0.00000E+00   0.00000E+00   0.00000E+00   0.00000E+00   0.00000E+00   0.00000E+00
 -1.000  -1.000    0.00000E+00   0.00000E+00   0.00000E+00   0.00000E+00   0.00000E+00   0.00000E+00
 -1.000  -1.000    0.00000E+00   0.00000E+00   0.00000E+00   0.00000E+00   0.00000E+00   0.00000E+00
 -1.000  -1.000    0.00000E+00   0.00000E+00   0.00000E+00   0.00000E+00   0.00000E+00   0.00000E+00
 -1.000  -1.000    0.00000E+00   0.00000E+00   0.00000E+00   0.00000E+00   0.00000E+00   0.00000E+00
 -1.000  -1.000    0.00000E+00   0.00000E+00   0.00000E+00   0.00000E+00   0.00000E+00   0.00000E+00
 -1.000  -1.000    0.00000E+00   0.00000E+00   0.00000E+00   0.00000E+00   0.00000E+00   0.00000E+00
 -1.000  -1.000    0.00000E+00   0.00000E+00   0.00000E+00   0.00000E+00   0.00000E+00   0.00000E+00
 -1.000  -1.000    0.00000E+00   0.00000E+00   0.00000E+00   0.00000E+00   0.00000E+00   0.00000E+00
 -1.000  -1.000    0.00000E+00   0.00000E+00   0.00000E+00   0.00000E+00   0.00000E+00   0.00000E+00
 -1.000  -1.000    0.00000E+00   0.00000E+00   0.00000E+00   0.00000E+00   0.00000E+00   0.00000E+00
 -1.000  -1.000    0.00000E+00   0.00000E+00   0.00000E+00   0.00000E+00   0.00000E+00   0.00000E+00
 -1.000  -1.000    0.00000E+00   0.00000E+00   0.00000E+00   0.00000E+00   0.00000E+00   0.00000E+00
 -1.000  -1.000    0.00000E+00   0.00000E+00   0.00000E+00   0.00000E+00   0.00000E+00   0.00000E+00
 -1.000  -1.000    0.00000E+00   0.00000E+00   0.00000E+00   0.00000E+00   0.00000E+00   0.00000E+00
 -1.000  -1.000    0.00000E+00   0.00000E+00   0.00000E+00   0.00000E+00   0.00000E+00   0.00000E+00
 -1.000  -1.000    0.00000E+00   0.00000E+00   0.00000E+00   0.00000E+00   0.00000E+00   0.00000E+00
 -1.000  -1.000    0.00000E+00   0.00000E+00   0.00000E+00   0.00000E+00   0.00000E+00   0.00000E+00
 -1.000  -1.000    0.00000E+00   0.00000E+00   0.00000E+00   0.00000E+00   0.00000E+00   0.00000E+00
 -1.000  -1.000    0.00000E+00   0.00000E+00   0.00000E+00   0.00000E+00   0.00000E+00   0.00000E+00
 -1.000  -1.000    0.00000E+00   0.00000E+00   0.00000E+00   0.00000E+00   0.00000E+00   0.00000E+00
 -1.000  -1.000    0.00000E+00   0.00000E+00   0.00000E+00   0.00000E+00   0.00000E+00   0.00000E+00
 -1.000  -1.000    0.00000E+00   0.00000E+00   0.00000E+00   0.00000E+00   0.00000E+00   0.00000E+00
 -1.000  -1.000    0.00000E+00   0.00000E+00   0.00000E+00   0.00000E+00   0.00000E+00   0.00000E+00
 -1.000  -1.000    0.00000E+00   0.00000E+00   0.00000E+00   0.00000E+00   0.00000E+00   0.00000E+00
 -1.000  -1.000    0.00000E+00   0.00000E+00   0.00000E+00   0.00000E+00   0.00000E+00   0.00000E+00
 -1.000  -1.000    0.00000E+00   0.00000E+00   0.00000E+00   0.00000E+00   0.00000E+00   0.00000E+00
 -1.000  -1.000    0.00000E+00   0.00000E+00   0.00000E+00   0.00000E+00   0.00000E+00   0.00000E+00
 -1.000  -1.000    0.00000E+00   0.00000E+00   0.00000E+00   0.00000E+00   0.00000E+00   0.00000E+00
 -1.000  -1.000    0.00000E+00   0.00000E+00   0.00000E+00   0.00000E+00   0.00000E+00   0.00000E+00
 -1.000  -1.000    0.00000E+00   0.00000E+00   0.00000E+00   0.00000E+00   0.00000E+00   0.00000E+00
 -1.000  -1.000    0.00000E+00   0.00000E+00   0.00000E+00   0.00000E+00   0.00000E+00   0.00000E+00
 -1.000  -1.000    0.00000E+00   0.00000E+00   0.00000E+00   0.00000E+00   0.00000E+00   0.00000E+00
 -1.000  -1.000    0.00000E+00   0.00000E+00   0.00000E+00   0.00000E+00   0.00000E+00   0.00000E+00
 -1.000  -1.000    0.00000E+00   0.00000E+00   0.00000E+00   0.00000E+00   0.00000E+00   0.00000E+00
 -1.000  -1.000    0.00000E+00   0.00000E+00   0.00000E+00   0.00000E+00   0.00000E+00   0.00000E+00
 -1.000  -1.000    0.00000E+00   0.00000E+00   0.00000E+00   0.00000E+00   0.00000E+00   0.00000E+00
 -1.000  -1.000    0.00000E+00   0.00000E+00   0.00000E+00   0.00000E+00   0.00000E+00   0.00000E+00
 -1.000  -1.000    0.00000E+00   0.00000E+00   0.00000E+00   0.00000E+00   0.00000E+00   0.00000E+00
 -1.000  -1.000    0.00000E+00   0.00000E+00   0.00000E+00   0.00000E+00   0.00000E+00   0.00000E+00
 -1.000  -1.000    0.00000E+00   0.00000E+00   0.00000E+00   0.00000E+00   0.00000E+00   0.00000E+00
 -1.000  -1.000    0.00000E+00   0.00000E+00   0.00000E+00   0.00000E+00   0.00000E+00   0.00000E+00
 -1.000  -1.000    0.00000E+00   0.00000E+00   0.00000E+00   0.00000E+00   0.00000E+00   0.00000E+00
 -1.000  -1.000    0.00000E+00   0.00000E+00   0.00000E+00   0.00000E+00   0.00000E+00   0.00000E+00
 -1.000  -1.000    0.00000E+00   0.00000E+00   0.00000E+00   0.00000E+00   0.00000E+00   0.00000E+00
 -1.000  -1.000    0.00000E+00   0.00000E+00   0.00000E+00   0.00000E+00   0.00000E+00   0.00000E+00
 -1.000  -1.000    0.00000E+00   0.00000E+00   0.00000E+00   0.00000E+00   0.00000E+00   0.00000E+00
 -1.000  -1.000    0.00000E+00   0.00000E+00   0.00000E+00   0.00000E+00   0.00000E+00   0.00000E+00
 -1.000  -1.000    0.00000E+00   0.00000E+00   0.00000E+00   0.00000E+00   0.00000E+00   0.00000E+00
 -1.000  -1.000    0.00000E+00   0.00000E+00   0.00000E+00   0.00000E+00   0.00000E+00   0.00000E+00
 -1.000  -1.000    0.00000E+00   0.00000E+00   0.00000E+00   0.00000E+00   0.00000E+00   0.00000E+00
 -1.000  -1.000    0.00000E+00   0.00000E+00   0.00000E+00   0.00000E+00   0.00000E+00   0.00000E+00
 -1.000  -1.000    0.00000E+00   0.00000E+00   0.00000E+00   0.00000E+00   0.00000E+00   0.00000E+00
 -1.000  -1.000    0.00000E+00   0.00000E+00   0.00000E+00   0.00000E+00   0.00000E+00   0.00000E+00
 -1.000  -1.000    0.00000E+00   0.00000E+00   0.00000E+00   0.00000E+00   0.00000E+00   0.00000E+00
 -1.000  -1.000    0.00000E+00   0.00000E+00   0.00000E+00   0.00000E+00   0.00000E+00   0.00000E+00
 -1.000  -1.000    0.00000E+00   0.00000E+00   0.00000E+00   0.00000E+00   0.00000E+00   0.00000E+00
 -1.000  -1.000    0.00000E+00   0.00000E+00   0.00000E+00   0.00000E+00   0.00000E+00   0.00000E+00
 -1.000  -1.000    0.00000E+00   0.00000E+00   0.00000E+00   0.00000E+00   0.00000E+00   0.00000E+00
 -1.000  -1.000    0.00000E+00   0.00000E+00   0.00000E+00   0.00000E+00   0.00000E+00   0.00000E+00
 -1.000  -1.000    0.00000E+00   0.00000E+00   0.00000E+00   0.00000E+00   0.00000E+00   0.00000E+00
 -1.000  -1.000    0.00000E+00   0.00000E+00   0.00000E+00   0.00000E+00   0.00000E+00   0.00000E+00
 -1.000  -1.000    0.00000E+00   0.00000E+00   0.00000E+00   0.00000E+00   0.00000E+00   0.00000E+00
 -1.000  -1.000    0.00000E+00   0.00000E+00   0.00000E+00   0.00000E+00   0.00000E+00   0.00000E+00
 -1.000  -1.000    0.00000E+00   0.00000E+00   0.00000E+00   0.00000E+00   0.00000E+00   0.00000E+00
 -1.000  -1.000    0.00000E+00   0.00000E+00   0.00000E+00   0.00000E+00   0.00000E+00   0.00000E+00
 -1.000  -1.000    0.00000E+00   0.00000E+00   0.00000E+00   0.00000E+00   0.00000E+00   0.00000E+00
 -1.000  -1.000    0.00000E+00   0.00000E+00   0.00000E+00   0.00000E+00   0.00000E+00   0.00000E+00
 -1.000  -1.000    0.00000E+00   0.00000E+00   0.00000E+00   0.00000E+00   0.00000E+00   0.00000E+00
 -1.000  -1.000    0.00000E+00   0.00000E+00   0.00000E+00   0.00000E+00   0.00000E+00   0.00000E+00
 -1.000  -1.000    0.00000E+00   0.00000E+00   0.00000E+00   0.00000E+00   0.00000E+00   0.00000E+00
 -1.000  -1.000    0.00000E+00   0.00000E+00   0.00000E+00   0.00000E+00   0.00000E+00   0.00000E+00
 -1.000  -1.000    0.00000E+00   0.00000E+00   0.00000E+00   0.00000E+00   0.00000E+00   0.00000E+00
  0.067   0.200    0.13811E-06   0.38074E-05   0.30603E-04  -0.20320E-06   0.74052E-08  -0.93114E-12
  0.067   0.200    0.11815E-06   0.39005E-05   0.34783E-04  -0.20903E-06   0.60675E-08  -0.44995E-11
  0.067   0.200    0.12713E-06   0.37699E-05   0.48713E-04  -0.20261E-06   0.68187E-08  -0.81768E-11
  0.067   0.200    0.77369E-07   0.39707E-05   0.64364E-04  -0.21334E-06   0.41594E-08  -0.11793E-10
  0.067   0.200    0.77260E-06   0.34530E-05   0.37098E-04  -0.18554E-06   0.49154E-07  -0.56696E-11
  0.067   0.200    0.63558E-06   0.35688E-05   0.22577E-04  -0.19179E-06   0.40217E-07  -0.21485E-11
  0.067   0.200    0.45373E-06   0.41286E-05   0.51301E-04  -0.22347E-06   0.28828E-07  -0.60755E-11
  0.067   0.200    0.22905E-06   0.41527E-05   0.65145E-04  -0.22294E-06   0.14628E-07  -0.10703E-10
  0.067   0.200   -0.16419E-06   0.38586E-05   0.26230E-04  -0.20713E-06  -0.87790E-08  -0.83017E-12
  0.067   0.200   -0.17986E-06   0.39139E-05   0.40715E-04  -0.21006E-06  -0.96097E-08  -0.52979E-11
  0.067   0.200    0.15792E-06   0.35600E-05   0.17813E-04  -0.18705E-06   0.84715E-08   0.36342E-11
  0.067   0.200    0.17452E-06   0.37025E-05   0.25321E-04  -0.19813E-06   0.93544E-08  -0.10169E-11
  0.067   0.200    0.16350E-06   0.37927E-05   0.30135E-04  -0.20437E-06   0.87925E-08  -0.35883E-11
  0.067   0.200    0.11230E-06   0.39199E-05   0.42562E-04  -0.21079E-06   0.60258E-08  -0.78101E-11
  0.067   0.200    0.65367E-06   0.36701E-05   0.22004E-04  -0.19708E-06   0.40893E-07  -0.60807E-12
  0.067   0.200    0.91143E-06   0.32563E-05   0.70113E-05  -0.17462E-06   0.57059E-07   0.25808E-11
  0.067   0.200    0.79466E-06   0.40637E-05   0.34736E-04  -0.22175E-06   0.50023E-07  -0.26552E-11
  0.067   0.200    0.41798E-06   0.41710E-05   0.47596E-04  -0.22559E-06   0.26763E-07  -0.63241E-11
  0.067   0.200   -0.21140E-06   0.37119E-05   0.98075E-05  -0.19922E-06  -0.11326E-07   0.31049E-11
  0.067   0.200   -0.23106E-06   0.37929E-05   0.23803E-04  -0.20353E-06  -0.12373E-07  -0.16566E-11
  0.067   0.200    0.80272E-07   0.37872E-05  -0.39276E-04  -0.20288E-06   0.42852E-08   0.16618E-10
  0.067   0.200    0.10882E-06   0.36613E-05  -0.22752E-04  -0.19564E-06   0.58565E-08   0.13568E-10
  0.067   0.200    0.10992E-06   0.37224E-05  -0.16993E-04  -0.19994E-06   0.58729E-08   0.96501E-11
  0.067   0.200    0.88084E-07   0.38253E-05  -0.16061E-04  -0.20990E-06   0.47098E-08   0.51592E-11
  0.067   0.200    0.98049E-06   0.32571E-05  -0.33028E-04  -0.17459E-06   0.61545E-07   0.12973E-10
  0.067   0.200    0.85183E-07   0.34429E-05  -0.43847E-04  -0.18468E-06   0.47882E-08   0.15546E-10
  0.067   0.200    0.25939E-06   0.33895E-05  -0.19062E-04  -0.17859E-06   0.15753E-07   0.11371E-10
  0.067   0.200    0.71640E-06   0.41982E-05  -0.74331E-05  -0.22811E-06   0.45438E-07   0.69469E-11
  0.067   0.200   -0.13522E-06   0.37202E-05  -0.46272E-04  -0.19954E-06  -0.72558E-08   0.16728E-10
  0.067   0.200   -0.16877E-06   0.37482E-05  -0.32356E-04  -0.20103E-06  -0.90481E-08   0.12267E-10
  0.067   0.200   -0.56973E-07   0.38540E-05  -0.78787E-04  -0.20650E-06  -0.30768E-08   0.24798E-10
  0.067   0.200   -0.16083E-07   0.36949E-05  -0.60896E-04  -0.19831E-06  -0.88261E-09   0.21331E-10
  0.067   0.200    0.47525E-07   0.37618E-05  -0.45808E-04  -0.20256E-06   0.25448E-08   0.18777E-10
  0.067   0.200    0.71926E-07   0.38715E-05  -0.49763E-04  -0.20939E-06   0.38185E-08   0.15414E-10
  0.067   0.200   -0.23545E-06   0.30611E-05  -0.65121E-04  -0.16432E-06  -0.13406E-07   0.17877E-10
  0.067   0.200   -0.20573E-05   0.41855E-05  -0.74964E-04  -0.22425E-06  -0.12174E-06   0.30076E-10
  0.067   0.200   -0.50929E-07   0.28888E-05  -0.53795E-04  -0.15571E-06  -0.29121E-08   0.13258E-10
  0.067   0.200    0.18870E-05   0.58826E-05  -0.45074E-04  -0.33393E-06   0.11912E-06   0.14422E-10
  0.067   0.200    0.29030E-07   0.38210E-05  -0.81319E-04  -0.20485E-06   0.15050E-08   0.25116E-10
  0.067   0.200   -0.25125E-07   0.37915E-05  -0.67156E-04  -0.20329E-06  -0.13926E-08   0.21203E-10
  0.067   0.200    0.12336E-07   0.37882E-05  -0.75660E-04  -0.20320E-06   0.62093E-09   0.23551E-10
  0.067   0.200    0.49601E-08   0.36694E-05  -0.62194E-04  -0.19689E-06   0.18350E-09   0.19814E-10
  0.067   0.200    0.13396E-07   0.36672E-05  -0.49036E-04  -0.19673E-06   0.73665E-09   0.16842E-10
  0.067   0.200    0.14524E-07   0.37874E-05  -0.36008E-04  -0.20315E-06   0.79515E-09   0.14094E-10
  0.067   0.200   -0.89316E-08   0.37154E-05  -0.62205E-04  -0.19874E-06  -0.46186E-09   0.19660E-10
  0.067   0.200   -0.80050E-08   0.36196E-05  -0.62958E-04  -0.18991E-06  -0.41261E-09   0.24101E-10
  0.067   0.200   -0.45879E-08   0.37094E-05  -0.59071E-04  -0.20000E-06  -0.38043E-09   0.16834E-10
  0.067   0.200    0.28751E-06   0.36942E-05  -0.44105E-04  -0.19694E-06   0.17723E-07   0.15626E-10
  0.067   0.200   -0.30563E-07   0.37953E-05  -0.75398E-04  -0.20356E-06  -0.16833E-08   0.23832E-10
  0.067   0.200   -0.35918E-07   0.38020E-05  -0.61325E-04  -0.20377E-06  -0.19490E-08   0.20481E-10
  0.067   0.200    0.14558E-07   0.38960E-05  -0.46309E-04  -0.20916E-06   0.70288E-09   0.16027E-10
  0.067   0.200    0.36101E-07   0.37733E-05  -0.31931E-04  -0.20251E-06   0.19397E-08   0.12333E-10
  0.067   0.200    0.38198E-07   0.37896E-05  -0.18341E-04  -0.20340E-06   0.20670E-08   0.94449E-11
  0.067   0.200    0.26742E-07   0.39193E-05  -0.47255E-05  -0.21031E-06   0.14353E-08   0.65093E-11
  0.067   0.200    0.33213E-07   0.37193E-05  -0.40615E-04  -0.19893E-06   0.18056E-08   0.12128E-10
  0.067   0.200    0.26430E-09   0.38107E-05  -0.35972E-04  -0.20318E-06   0.32969E-10   0.15844E-10
  0.067   0.200    0.54956E-06   0.38365E-05  -0.26115E-04  -0.20706E-06   0.33614E-07   0.14149E-10
  0.067   0.200    0.27522E-06   0.40980E-05  -0.78129E-05  -0.22047E-06   0.16889E-07   0.83075E-11
  0.067   0.200   -0.39158E-07   0.39099E-05  -0.44968E-04  -0.20990E-06  -0.21056E-08   0.16507E-10
  0.067   0.200   -0.58886E-07   0.39117E-05  -0.30426E-04  -0.20977E-06  -0.31507E-08   0.13255E-10
  0.067   0.200    0.12387E-07   0.37632E-05  -0.96785E-04  -0.20170E-06   0.60554E-09   0.28985E-10
  0.067   0.200    0.88648E-08   0.36638E-05  -0.83659E-04  -0.19653E-06   0.41589E-09   0.25322E-10
  0.067   0.200    0.18639E-08   0.36663E-05  -0.70425E-04  -0.19663E-06   0.61095E-10   0.22261E-10
  0.067   0.200    0.58691E-08   0.37742E-05  -0.57036E-04  -0.20229E-06   0.31817E-09   0.19576E-10
  0.067   0.200   -0.10625E-07   0.37221E-05  -0.73376E-04  -0.19890E-06  -0.57879E-09   0.25311E-10
  0.067   0.200   -0.22283E-07   0.38207E-05  -0.88451E-04  -0.20439E-06  -0.13193E-08   0.29091E-10
  0.067   0.200   -0.10995E-07   0.37281E-05  -0.70747E-04  -0.20034E-06  -0.62668E-09   0.22314E-10
  0.067   0.200   -0.92408E-09   0.37885E-05  -0.68669E-04  -0.20815E-06  -0.91208E-10   0.20879E-10
  0.067   0.200   -0.23384E-07   0.37817E-05  -0.97187E-04  -0.20270E-06  -0.12968E-08   0.29188E-10
  0.067   0.200   -0.18681E-07   0.37914E-05  -0.83157E-04  -0.20321E-06  -0.10563E-08   0.25705E-10
  0.067   0.200    0.30691E-07   0.38664E-05  -0.11199E-03  -0.20719E-06   0.15885E-08   0.32877E-10
  0.067   0.200    0.21896E-07   0.37627E-05  -0.98242E-04  -0.20179E-06   0.11091E-08   0.29140E-10
  0.067   0.200    0.13595E-07   0.37697E-05  -0.84782E-04  -0.20217E-06   0.66173E-09   0.26065E-10
  0.067   0.200    0.17099E-07   0.38838E-05  -0.70666E-04  -0.20800E-06   0.88038E-09   0.23073E-10
  0.067   0.200   -0.26271E-10   0.37528E-05  -0.91652E-04  -0.20117E-06  -0.10908E-10   0.29157E-10
  0.067   0.200   -0.14597E-08   0.38877E-05  -0.10942E-03  -0.20825E-06  -0.12662E-09   0.32823E-10
  0.067   0.200    0.11370E-08   0.38590E-05  -0.76910E-04  -0.20798E-06   0.20891E-10   0.25749E-10
  0.067   0.200    0.12665E-07   0.38950E-05  -0.80786E-04  -0.21079E-06   0.67247E-09   0.22481E-10
  0.067   0.200   -0.19942E-07   0.38851E-05  -0.11285E-03  -0.20821E-06  -0.11183E-08   0.33139E-10
  0.067   0.200   -0.78101E-08   0.38966E-05  -0.98416E-04  -0.20888E-06  -0.46912E-09   0.29485E-10
  0.067   0.200    0.80321E-07   0.38902E-05  -0.17907E-04  -0.20874E-06   0.43076E-08   0.95080E-11
  0.067   0.200    0.71338E-07   0.38088E-05  -0.26707E-05  -0.20447E-06   0.38256E-08   0.56845E-11
  0.067   0.200    0.50821E-07   0.38195E-05   0.11619E-04  -0.20507E-06   0.27388E-08   0.26067E-11
  0.067   0.200    0.26575E-07   0.39541E-05   0.25217E-04  -0.21220E-06   0.14374E-08  -0.11562E-11
  0.067   0.200    0.42695E-06   0.37811E-05  -0.39591E-05  -0.20289E-06   0.25395E-07   0.63145E-11
  0.067   0.200    0.78458E-06   0.37599E-05  -0.18831E-04  -0.20194E-06   0.48409E-07   0.91209E-11
  0.067   0.200    0.37047E-07   0.39729E-05   0.10728E-04  -0.21351E-06   0.22727E-08   0.30848E-11
  0.067   0.200   -0.13407E-06   0.40169E-05   0.23987E-04  -0.21563E-06  -0.89934E-08  -0.11899E-11
  0.067   0.200   -0.98241E-07   0.38764E-05  -0.14387E-04  -0.20705E-06  -0.52657E-08   0.97499E-11
  0.067   0.200   -0.13433E-07   0.40198E-05  -0.56586E-05  -0.21807E-06  -0.10195E-08   0.51822E-11
  0.067   0.200    0.94467E-07   0.38889E-05  -0.22652E-04  -0.20865E-06   0.50370E-08   0.10433E-10
  0.067   0.200    0.97667E-07   0.37916E-05  -0.72657E-05  -0.20353E-06   0.52189E-08   0.67603E-11
  0.067   0.200    0.79775E-07   0.38188E-05   0.70422E-05  -0.20501E-06   0.42750E-08   0.36284E-11
  0.067   0.200    0.50332E-07   0.39513E-05   0.20546E-04  -0.21202E-06   0.27031E-08   0.89308E-13
  0.067   0.200    0.69699E-06   0.37503E-05  -0.99118E-05  -0.20135E-06   0.42823E-07   0.70492E-11
  0.067   0.200    0.48404E-06   0.38501E-05  -0.23842E-04  -0.20668E-06   0.29282E-07   0.10053E-10
  0.067   0.200    0.28466E-06   0.41125E-05   0.53868E-05  -0.22236E-06   0.16687E-07   0.43830E-11
  0.067   0.200    0.24203E-06   0.41988E-05   0.19270E-04  -0.22669E-06   0.14986E-07  -0.23194E-12
  0.067   0.200   -0.92940E-07   0.38086E-05  -0.19391E-04  -0.20082E-06  -0.49861E-08   0.10852E-10
  0.067   0.200   -0.10000E-06   0.39644E-05  -0.10960E-04  -0.21334E-06  -0.53561E-08   0.62669E-11
  0.130   0.385    0.51964E-06   0.27655E-04  -0.90359E-04  -0.14828E-05   0.27809E-07   0.63161E-10
  0.130   0.385    0.59817E-06   0.27584E-04  -0.22161E-04  -0.14783E-05   0.32046E-07   0.34660E-10
  0.130   0.385    0.45977E-06   0.27122E-04   0.81028E-04  -0.14569E-05   0.24469E-07   0.13305E-10
  0.130   0.385    0.28308E-06   0.28298E-04   0.19990E-03  -0.15191E-05   0.15164E-07  -0.90801E-11
  0.130   0.385   -0.30447E-06   0.26457E-04  -0.62965E-05  -0.14202E-05  -0.19389E-07   0.36086E-10
  0.130   0.385   -0.93427E-06   0.27366E-04  -0.11092E-03  -0.14685E-05  -0.57860E-07   0.59654E-10
  0.130   0.385    0.34558E-05   0.27977E-04   0.86150E-04  -0.15141E-05   0.22149E-06   0.20156E-10
  0.130   0.385    0.18295E-05   0.28634E-04   0.19280E-03  -0.15366E-05   0.11598E-06  -0.20735E-11
  0.130   0.385   -0.59041E-06   0.27821E-04  -0.10184E-03  -0.14925E-05  -0.31671E-07   0.63980E-10
  0.130   0.385   -0.56534E-06   0.27972E-04   0.15660E-05  -0.15007E-05  -0.30266E-07   0.37983E-10
  0.130   0.385    0.46101E-06   0.26176E-04  -0.14393E-03  -0.13979E-05   0.24563E-07   0.76580E-10
  0.130   0.385    0.59057E-06   0.26556E-04  -0.59242E-04  -0.14226E-05   0.31605E-07   0.46730E-10
  0.130   0.385    0.64078E-06   0.26883E-04   0.81118E-05  -0.14436E-05   0.34118E-07   0.28865E-10
  0.130   0.385    0.44611E-06   0.27917E-04   0.12969E-03  -0.14992E-05   0.23738E-07   0.74049E-11
  0.130   0.385   -0.65941E-06   0.24495E-04  -0.69565E-04  -0.13152E-05  -0.43065E-07   0.45214E-10
  0.130   0.385    0.20201E-06   0.25931E-04  -0.16108E-03  -0.13914E-05   0.13859E-07   0.68943E-10
  0.130   0.385    0.58794E-05   0.27879E-04   0.15182E-04  -0.15198E-05   0.37206E-06   0.32095E-10
  0.130   0.385    0.38086E-05   0.29538E-04   0.11785E-03  -0.15977E-05   0.24154E-06   0.16447E-10
  0.130   0.385   -0.74640E-06   0.26806E-04  -0.15553E-03  -0.14380E-05  -0.40030E-07   0.76081E-10
  0.130   0.385   -0.84993E-06   0.26957E-04  -0.55907E-04  -0.14462E-05  -0.45520E-07   0.51230E-10
  0.130   0.385    0.82731E-07   0.27342E-04  -0.31475E-03  -0.14654E-05   0.43069E-08   0.11666E-09
  0.130   0.385    0.74504E-07   0.26751E-04  -0.19381E-03  -0.14331E-05   0.41134E-08   0.91290E-10
  0.130   0.385    0.37742E-07   0.26724E-04  -0.12580E-03  -0.14329E-05   0.19723E-08   0.65573E-10
  0.130   0.385   -0.30093E-07   0.26772E-04  -0.40744E-04  -0.14469E-05  -0.16694E-08   0.40957E-10
  0.130   0.385    0.18431E-06   0.26030E-04  -0.22209E-03  -0.13969E-05   0.13866E-07   0.88952E-10
  0.130   0.385   -0.25165E-06   0.26847E-04  -0.32263E-03  -0.14397E-05  -0.13621E-07   0.11453E-09
  0.130   0.385   -0.11328E-05   0.26305E-04  -0.12730E-03  -0.14109E-05  -0.69354E-07   0.69659E-10
  0.130   0.385   -0.91212E-06   0.26991E-04  -0.30255E-04  -0.14469E-05  -0.55893E-07   0.50591E-10
  0.130   0.385   -0.53827E-06   0.26961E-04  -0.32035E-03  -0.14459E-05  -0.28928E-07   0.11644E-09
  0.130   0.385   -0.44413E-06   0.27060E-04  -0.22021E-03  -0.14513E-05  -0.23851E-07   0.91156E-10
  0.130   0.385    0.18597E-07   0.27753E-04  -0.40383E-03  -0.14880E-05   0.83715E-09   0.13663E-09
  0.130   0.385   -0.93196E-08   0.26889E-04  -0.28555E-03  -0.14427E-05  -0.64085E-09   0.11032E-09
  0.130   0.385   -0.29296E-07   0.27673E-04  -0.18127E-03  -0.14857E-05  -0.14476E-08   0.88541E-10
  0.130   0.385   -0.89097E-07   0.27910E-04  -0.11344E-03  -0.15023E-05  -0.48611E-08   0.65543E-10
  0.130   0.385   -0.37652E-06   0.26700E-04  -0.30266E-03  -0.14327E-05  -0.20415E-07   0.10957E-09
  0.130   0.385   -0.20675E-06   0.27620E-04  -0.40584E-03  -0.14809E-05  -0.10077E-07   0.13542E-09
  0.130   0.385   -0.84447E-06   0.26986E-04  -0.20708E-03  -0.14463E-05  -0.49394E-07   0.90271E-10
  0.130   0.385   -0.90498E-06   0.28393E-04  -0.10563E-03  -0.15225E-05  -0.54952E-07   0.65454E-10
  0.130   0.385   -0.64414E-06   0.27586E-04  -0.40264E-03  -0.14792E-05  -0.34755E-07   0.13744E-09
  0.130   0.385   -0.52938E-06   0.27839E-04  -0.29987E-03  -0.14930E-05  -0.28558E-07   0.11163E-09
  0.130   0.385    0.75808E-07   0.27220E-04  -0.21303E-03  -0.14603E-05   0.39323E-08   0.88056E-10
  0.130   0.385   -0.23506E-08   0.26380E-04  -0.11480E-03  -0.14159E-05  -0.55921E-09   0.61645E-10
  0.130   0.385    0.42474E-08   0.26372E-04  -0.18146E-04  -0.14155E-05   0.36155E-09   0.40313E-10
  0.130   0.385   -0.41156E-07   0.27168E-04   0.84246E-04  -0.14578E-05  -0.20375E-08   0.19332E-10
  0.130   0.385   -0.77611E-07   0.26769E-04  -0.11501E-03  -0.14341E-05  -0.42098E-08   0.61695E-10
  0.130   0.385   -0.90627E-07   0.26510E-04  -0.19703E-03  -0.14154E-05  -0.48457E-08   0.89135E-10
  0.130   0.385    0.56143E-06   0.27066E-04  -0.53730E-04  -0.14550E-05   0.34024E-07   0.45049E-10
  0.130   0.385    0.34507E-06   0.27895E-04   0.45302E-04  -0.14981E-05   0.18640E-07   0.20458E-10
  0.130   0.385   -0.24268E-06   0.27241E-04  -0.21152E-03  -0.14613E-05  -0.13086E-07   0.90080E-10
  0.130   0.385   -0.24295E-06   0.27334E-04  -0.11099E-03  -0.14657E-05  -0.13247E-07   0.65335E-10
  0.130   0.385    0.17038E-07   0.28073E-04  -0.14631E-03  -0.15062E-05   0.46754E-09   0.72555E-10
  0.130   0.385    0.69181E-07   0.27196E-04  -0.43941E-04  -0.14598E-05   0.37131E-08   0.45594E-10
  0.130   0.385   -0.51540E-08   0.27209E-04   0.55836E-04  -0.14606E-05  -0.12887E-09   0.23867E-10
  0.130   0.385   -0.96184E-07   0.27979E-04   0.16010E-03  -0.15015E-05  -0.50834E-08   0.14157E-11
  0.130   0.385   -0.59245E-07   0.27800E-04  -0.74664E-04  -0.14902E-05  -0.30939E-08   0.46320E-10
  0.130   0.385   -0.72674E-07   0.27883E-04  -0.13252E-03  -0.14950E-05  -0.39663E-08   0.73423E-10
  0.130   0.385    0.35320E-06   0.27279E-04   0.32651E-04  -0.14657E-05   0.19269E-07   0.27550E-10
  0.130   0.385    0.20059E-06   0.28227E-04   0.14731E-03  -0.15156E-05   0.11828E-07   0.56052E-11
  0.130   0.385   -0.19605E-06   0.28195E-04  -0.14575E-03  -0.15128E-05  -0.10530E-07   0.75066E-10
  0.130   0.385   -0.19137E-06   0.28247E-04  -0.41207E-04  -0.15153E-05  -0.10269E-07   0.51094E-10
  0.130   0.385    0.13269E-06   0.27006E-04  -0.32242E-03  -0.14482E-05   0.69201E-08   0.11503E-09
  0.130   0.385    0.69424E-07   0.26303E-04  -0.22231E-03  -0.14116E-05   0.35053E-08   0.89095E-10
  0.130   0.385    0.11920E-07   0.26327E-04  -0.12561E-03  -0.14128E-05   0.57844E-09   0.67433E-10
  0.130   0.385    0.74298E-08   0.27126E-04  -0.26006E-04  -0.14551E-05   0.47205E-09   0.46729E-10
  0.130   0.385   -0.95264E-07   0.26842E-04  -0.18558E-03  -0.14379E-05  -0.50912E-08   0.89110E-10
  0.130   0.385   -0.14786E-06   0.27501E-04  -0.31125E-03  -0.14741E-05  -0.86947E-08   0.11569E-09
  0.130   0.385   -0.98651E-07   0.26756E-04  -0.12664E-03  -0.14350E-05  -0.54628E-08   0.67668E-10
  0.130   0.385   -0.85390E-08   0.26580E-04  -0.77925E-04  -0.14375E-05  -0.49082E-09   0.62458E-10
  0.130   0.385   -0.23545E-06   0.27123E-04  -0.32064E-03  -0.14545E-05  -0.12719E-07   0.11683E-09
  0.130   0.385   -0.17155E-06   0.27248E-04  -0.22016E-03  -0.14614E-05  -0.92943E-08   0.89935E-10
  0.130   0.385    0.26951E-06   0.27671E-04  -0.40617E-03  -0.14837E-05   0.14238E-07   0.13635E-09
  0.130   0.385    0.17716E-06   0.26990E-04  -0.30378E-03  -0.14482E-05   0.93042E-08   0.10978E-09
  0.130   0.385    0.79894E-07   0.27086E-04  -0.20457E-03  -0.14535E-05   0.40728E-08   0.87904E-10
  0.130   0.385    0.91976E-07   0.27940E-04  -0.10126E-03  -0.14983E-05   0.48480E-08   0.65843E-10
  0.130   0.385    0.16574E-07   0.27011E-04  -0.28033E-03  -0.14491E-05   0.11606E-08   0.11013E-09
  0.130   0.385    0.74291E-08   0.27866E-04  -0.40305E-03  -0.14940E-05   0.29635E-09   0.13677E-09
  0.130   0.385   -0.45876E-07   0.27570E-04  -0.17632E-03  -0.14805E-05  -0.31464E-08   0.87178E-10
  0.130   0.385    0.66846E-07   0.27780E-04  -0.14700E-03  -0.14960E-05   0.35025E-08   0.60055E-10
  0.130   0.385   -0.20618E-06   0.27805E-04  -0.40581E-03  -0.14909E-05  -0.11207E-07   0.13846E-09
  0.130   0.385   -0.89232E-07   0.27949E-04  -0.30259E-03  -0.14989E-05  -0.48938E-08   0.11139E-09
  0.130   0.385    0.23970E-06   0.27952E-04  -0.13526E-03  -0.14994E-05   0.12762E-07   0.69614E-10
  0.130   0.385    0.14059E-06   0.27154E-04  -0.32907E-04  -0.14575E-05   0.75374E-08   0.42682E-10
  0.130   0.385    0.21188E-07   0.27150E-04   0.68806E-04  -0.14575E-05   0.11496E-08   0.21099E-10
  0.130   0.385   -0.99080E-07   0.27946E-04   0.17234E-03  -0.14997E-05  -0.52279E-08  -0.26746E-11
  0.130   0.385   -0.14077E-06   0.26946E-04  -0.33487E-04  -0.14468E-05  -0.11941E-07   0.41870E-10
  0.130   0.385   -0.24478E-06   0.27983E-04  -0.13609E-03  -0.15016E-05  -0.13965E-07   0.70916E-10
  0.130   0.385    0.13264E-07   0.27247E-04   0.66383E-04  -0.14646E-05   0.26685E-08   0.21784E-10
  0.130   0.385   -0.84938E-06   0.28237E-04   0.16560E-03  -0.15145E-05  -0.56381E-07  -0.24489E-11
  0.130   0.385   -0.25608E-06   0.28151E-04  -0.12111E-03  -0.15091E-05  -0.13754E-07   0.71930E-10
  0.130   0.385   -0.19870E-06   0.28709E-04  -0.42309E-04  -0.15444E-05  -0.10606E-07   0.60616E-10
  0.130   0.385    0.31263E-06   0.27981E-04  -0.22001E-03  -0.15008E-05   0.16656E-07   0.90657E-10
  0.130   0.385    0.19226E-06   0.27197E-04  -0.11792E-03  -0.14597E-05   0.10238E-07   0.63801E-10
  0.130   0.385    0.69901E-07   0.27217E-04  -0.15926E-04  -0.14609E-05   0.37243E-08   0.41529E-10
  0.130   0.385   -0.56928E-07   0.28036E-04   0.88309E-04  -0.15043E-05  -0.30269E-08   0.19032E-10
  0.130   0.385    0.31101E-07   0.27177E-04  -0.12055E-03  -0.14587E-05   0.17041E-08   0.64180E-10
  0.130   0.385    0.22972E-06   0.28090E-04  -0.22092E-03  -0.15069E-05   0.14690E-07   0.90975E-10
  0.130   0.385    0.30046E-06   0.26970E-04  -0.19250E-04  -0.14480E-05   0.14610E-07   0.42215E-10
  0.130   0.385    0.27007E-06   0.28507E-04   0.84478E-04  -0.15315E-05   0.16783E-07   0.18237E-10
  0.130   0.385   -0.15233E-06   0.27995E-04  -0.20984E-03  -0.14953E-05  -0.82507E-08   0.93255E-10
  0.130   0.385   -0.93680E-07   0.28420E-04  -0.13199E-03  -0.15256E-05  -0.50733E-08   0.62743E-10
