  0.000   0.000   0.000000E+00  0.000000E+00
  0.000   0.000   0.000000E+00  0.000000E+00
  0.000   0.000   0.000000E+00  0.000000E+00
  0.000   0.000   0.000000E+00  0.000000E+00
  0.000   0.000   0.000000E+00  0.000000E+00
  0.000   0.000   0.000000E+00  0.000000E+00
  0.000   0.000   0.000000E+00  0.000000E+00
  0.000   0.000   0.000000E+00  0.000000E+00
  0.000   0.000   0.000000E+00  0.000000E+00
  0.000   0.000   0.000000E+00  0.000000E+00
 -1.000  -1.000            NaN           NaN
 -1.000  -1.000            NaN           NaN
 -1.000  -1.000            NaN           NaN
 -1.000  -1.000            NaN           NaN
 -1.000  -1.000            NaN           NaN
 -1.000  -1.000            NaN           NaN
 -1.000  -1.000            NaN           NaN
 -1.000  -1.000            NaN           NaN
 -1.000  -1.000            NaN           NaN
 -1.000  -1.000            NaN           NaN
  0.067   0.200  -0.594173E-03 -0.430171E-03
  0.067   0.200  -0.205961E-03 -0.519430E-03
  0.067   0.200   0.209411E-03 -0.520961E-03
  0.067   0.200   0.569064E-03 -0.433497E-03
  0.067   0.200   0.421956E-03  0.292798E-03
  0.067   0.200   0.263045E-03  0.216586E-03
  0.067   0.200   0.258780E-03  0.387333E-03
  0.067   0.200  -0.211498E-03  0.414955E-03
  0.067   0.200   0.624422E-03  0.740698E-03
  0.067   0.200   0.235795E-03  0.845717E-03
  0.130   0.385  -0.117556E-02 -0.194065E-02
  0.130   0.385  -0.446293E-03 -0.226443E-02
  0.130   0.385   0.323914E-03 -0.227076E-02
  0.130   0.385   0.103458E-02 -0.197619E-02
  0.130   0.385   0.870863E-03  0.794980E-03
  0.130   0.385   0.547329E-03  0.497976E-03
  0.130   0.385   0.602179E-03  0.112552E-02
  0.130   0.385  -0.301243E-03  0.123181E-02
  0.130   0.385   0.128551E-02  0.245271E-02
  0.130   0.385   0.562289E-03  0.281497E-02
