  0.000   0.000   0.000000E+00  0.000000E+00
  0.000   0.000   0.000000E+00  0.000000E+00
  0.000   0.000   0.000000E+00  0.000000E+00
  0.000   0.000   0.000000E+00  0.000000E+00
  0.000   0.000   0.000000E+00  0.000000E+00
  0.000   0.000   0.000000E+00  0.000000E+00
  0.000   0.000   0.000000E+00  0.000000E+00
  0.000   0.000   0.000000E+00  0.000000E+00
  0.000   0.000   0.000000E+00  0.000000E+00
  0.000   0.000   0.000000E+00  0.000000E+00
 -1.000  -1.000            NaN           NaN
 -1.000  -1.000            NaN           NaN
 -1.000  -1.000            NaN           NaN
 -1.000  -1.000            NaN           NaN
 -1.000  -1.000            NaN           NaN
 -1.000  -1.000            NaN           NaN
 -1.000  -1.000            NaN           NaN
 -1.000  -1.000            NaN           NaN
 -1.000  -1.000            NaN           NaN
 -1.000  -1.000            NaN           NaN
  0.067   0.200   0.196858E+00  0.112179E-02
  0.067   0.200   0.191147E+00 -0.313886E-02
  0.067   0.200   0.190990E+00 -0.770025E-02
  0.067   0.200   0.196335E+00 -0.123988E-01
  0.067   0.200   0.191515E+00 -0.307924E-02
  0.067   0.200   0.197217E+00  0.109306E-02
  0.067   0.200   0.191036E+00 -0.760030E-02
  0.067   0.200   0.196241E+00 -0.123100E-01
  0.067   0.200   0.197702E+00  0.130782E-02
  0.067   0.200   0.197870E+00 -0.267777E-02
  0.130   0.385   0.379267E+00 -0.136094E-02
  0.130   0.385   0.367866E+00 -0.171218E-01
  0.130   0.385   0.366573E+00 -0.340133E-01
  0.130   0.385   0.375417E+00 -0.514544E-01
  0.130   0.385   0.368547E+00 -0.169600E-01
  0.130   0.385   0.379936E+00 -0.151928E-02
  0.130   0.385   0.366670E+00 -0.336922E-01
  0.130   0.385   0.375227E+00 -0.511481E-01
  0.130   0.385   0.380941E+00 -0.706392E-03
  0.130   0.385   0.380982E+00 -0.154905E-01
