  0.000   0.000   0.000000E+00  0.000000E+00
  0.000   0.000   0.000000E+00  0.000000E+00
  0.000   0.000   0.000000E+00  0.000000E+00
  0.000   0.000   0.000000E+00  0.000000E+00
  0.000   0.000   0.000000E+00  0.000000E+00
  0.000   0.000   0.000000E+00  0.000000E+00
  0.000   0.000   0.000000E+00  0.000000E+00
  0.000   0.000   0.000000E+00  0.000000E+00
  0.000   0.000   0.000000E+00  0.000000E+00
  0.000   0.000   0.000000E+00  0.000000E+00
 -1.000  -1.000            NaN           NaN
 -1.000  -1.000            NaN           NaN
 -1.000  -1.000            NaN           NaN
 -1.000  -1.000            NaN           NaN
 -1.000  -1.000            NaN           NaN
 -1.000  -1.000            NaN           NaN
 -1.000  -1.000            NaN           NaN
 -1.000  -1.000            NaN           NaN
 -1.000  -1.000            NaN           NaN
 -1.000  -1.000            NaN           NaN
  0.067   0.200  -0.367370E+01 -0.140169E-02
  0.067   0.200  -0.356447E+01  0.779752E-01
  0.067   0.200  -0.356108E+01  0.163004E+00
  0.067   0.200  -0.366272E+01  0.250686E+00
  0.067   0.200  -0.357135E+01  0.768731E-01
  0.067   0.200  -0.368040E+01 -0.851960E-03
  0.067   0.200  -0.356195E+01  0.161144E+00
  0.067   0.200  -0.366097E+01  0.249035E+00
  0.067   0.200  -0.368954E+01 -0.489108E-02
  0.067   0.200  -0.369239E+01  0.693460E-01
  0.130   0.385  -0.707831E+01  0.455861E-01
  0.130   0.385  -0.686043E+01  0.339220E+00
  0.130   0.385  -0.683546E+01  0.654119E+00
  0.130   0.385  -0.700416E+01  0.979639E+00
  0.130   0.385  -0.687319E+01  0.336233E+00
  0.130   0.385  -0.709084E+01  0.485969E-01
  0.130   0.385  -0.683728E+01  0.648145E+00
  0.130   0.385  -0.700062E+01  0.973949E+00
  0.130   0.385  -0.710973E+01  0.333229E-01
  0.130   0.385  -0.710999E+01  0.308716E+00
