  0.000   0.000   0.000000E+00  0.000000E+00
  0.000   0.000   0.000000E+00  0.000000E+00
  0.000   0.000   0.000000E+00  0.000000E+00
  0.000   0.000   0.000000E+00  0.000000E+00
  0.000   0.000   0.000000E+00  0.000000E+00
  0.000   0.000   0.000000E+00  0.000000E+00
  0.000   0.000   0.000000E+00  0.000000E+00
  0.000   0.000   0.000000E+00  0.000000E+00
  0.000   0.000   0.000000E+00  0.000000E+00
  0.000   0.000   0.000000E+00  0.000000E+00
 -1.000  -1.000            NaN           NaN
 -1.000  -1.000            NaN           NaN
 -1.000  -1.000            NaN           NaN
 -1.000  -1.000            NaN           NaN
 -1.000  -1.000            NaN           NaN
 -1.000  -1.000            NaN           NaN
 -1.000  -1.000            NaN           NaN
 -1.000  -1.000            NaN           NaN
 -1.000  -1.000            NaN           NaN
 -1.000  -1.000            NaN           NaN
  0.067   0.200  -0.114171E-01 -0.416853E-02
  0.067   0.200  -0.410458E-02 -0.582655E-02
  0.067   0.200   0.374308E-02 -0.585111E-02
  0.067   0.200   0.105237E-01 -0.421996E-02
  0.067   0.200   0.766686E-02  0.940001E-02
  0.067   0.200   0.463917E-02  0.795537E-02
  0.067   0.200   0.466766E-02  0.111732E-01
  0.067   0.200  -0.412157E-02  0.116841E-01
  0.067   0.200   0.113938E-01  0.177584E-01
  0.067   0.200   0.411033E-02  0.197368E-01
  0.130   0.385  -0.226831E-01 -0.321273E-01
  0.130   0.385  -0.893819E-02 -0.381448E-01
  0.130   0.385   0.562231E-02 -0.382664E-01
  0.130   0.385   0.190136E-01 -0.327691E-01
  0.130   0.385   0.157608E-01  0.191731E-01
  0.130   0.385   0.960700E-02  0.135615E-01
  0.130   0.385   0.108345E-01  0.253871E-01
  0.130   0.385  -0.604679E-02  0.273544E-01
  0.130   0.385   0.234007E-01  0.501195E-01
  0.130   0.385   0.983914E-02  0.569458E-01
