  0.002   0.050    0.22061E+02   0.99642E+02  -0.22709E+01   0.42239E+02  -0.91040E+01   0.25172E+00
  0.002   0.060    0.22067E+02   0.99671E+02  -0.22435E+01   0.42254E+02  -0.91072E+01   0.25182E+00
  0.003   0.070    0.22075E+02   0.99705E+02  -0.22210E+01   0.42272E+02  -0.91111E+01   0.25191E+00
  0.003   0.080    0.22084E+02   0.99744E+02  -0.22015E+01   0.42293E+02  -0.91159E+01   0.25200E+00
  0.003   0.090    0.22094E+02   0.99788E+02  -0.21853E+01   0.42316E+02  -0.91213E+01   0.25209E+00
  0.004   0.100    0.22106E+02   0.99840E+02  -0.21707E+01   0.42343E+02  -0.91273E+01   0.25218E+00
  0.004   0.110    0.22119E+02   0.99894E+02  -0.21593E+01   0.42372E+02  -0.91340E+01   0.25227E+00
  0.005   0.120    0.22134E+02   0.99955E+02  -0.21468E+01   0.42404E+02  -0.91418E+01   0.25237E+00
  0.005   0.130    0.22148E+02   0.10002E+03  -0.21410E+01   0.42439E+02  -0.91493E+01   0.25248E+00
  0.005   0.140    0.22164E+02   0.10009E+03  -0.21290E+01   0.42476E+02  -0.91577E+01   0.25258E+00
