  0.002   0.050   -0.10130E+06   0.75301E+01   0.65632E+02  -0.11302E+01   0.13436E+06  -0.77333E+01
  0.002   0.060   -0.10133E+06   0.75184E+01   0.64971E+02  -0.11466E+01   0.13439E+06  -0.77360E+01
  0.003   0.070   -0.10135E+06   0.74732E+01   0.64444E+02  -0.12077E+01   0.13442E+06  -0.77391E+01
  0.003   0.080   -0.10138E+06   0.74684E+01   0.63945E+02  -0.11851E+01   0.13445E+06  -0.77429E+01
  0.003   0.090   -0.10141E+06   0.74068E+01   0.58731E+02  -0.13146E+01   0.13447E+06  -0.77472E+01
  0.004   0.100   -0.10144E+06   0.75325E+01   0.63267E+02  -0.11669E+01   0.13450E+06  -0.77521E+01
  0.004   0.110   -0.10147E+06   0.75135E+01   0.63024E+02  -0.11714E+01   0.13452E+06  -0.77575E+01
  0.005   0.120   -0.10150E+06   0.74976E+01   0.62835E+02  -0.11794E+01   0.13455E+06  -0.77635E+01
  0.005   0.130   -0.10154E+06   0.75943E+01   0.62608E+02  -0.11403E+01   0.13457E+06  -0.77699E+01
  0.005   0.140   -0.10158E+06   0.75371E+01   0.62232E+02  -0.11640E+01   0.13460E+06  -0.77770E+01
