  0.002   0.050    0.99538E+01   0.13497E+06   0.65938E+00   0.10225E+06  -0.26319E+00   0.91884E+02
  0.002   0.060    0.99721E+01   0.13501E+06   0.62076E+00   0.10228E+06  -0.25845E+00   0.91910E+02
  0.003   0.070    0.99386E+01   0.13506E+06   0.55661E+00   0.10230E+06  -0.26470E+00   0.91941E+02
  0.003   0.080    0.99328E+01   0.13510E+06   0.66528E+00   0.10233E+06  -0.21720E+00   0.91976E+02
  0.003   0.090    0.10018E+02   0.13515E+06   0.10132E+01   0.10236E+06  -0.27672E+00   0.92015E+02
  0.004   0.100    0.99151E+01   0.13520E+06   0.74639E+00   0.10239E+06  -0.18526E+00   0.92059E+02
  0.004   0.110    0.10009E+02   0.13525E+06   0.60759E+00   0.10242E+06  -0.20235E+00   0.92108E+02
  0.005   0.120    0.10032E+02   0.13531E+06   0.78526E+00   0.10246E+06  -0.21282E+00   0.92161E+02
  0.005   0.130    0.95540E+01   0.13538E+06   0.58545E-01   0.10250E+06  -0.15607E-02   0.92219E+02
  0.005   0.140    0.10461E+02   0.13545E+06   0.48764E+00   0.10254E+06  -0.38358E+00   0.92282E+02
