  0.002   0.050    0.13478E+06  -0.12936E+02  -0.16430E+03  -0.80583E+01  -0.10212E+06   0.19263E+02
  0.002   0.060    0.13482E+06  -0.12925E+02  -0.16262E+03  -0.80775E+01  -0.10214E+06   0.19268E+02
  0.003   0.070    0.13486E+06  -0.12957E+02  -0.16116E+03  -0.80916E+01  -0.10217E+06   0.19275E+02
  0.003   0.080    0.13490E+06  -0.12957E+02  -0.16007E+03  -0.81207E+01  -0.10220E+06   0.19282E+02
  0.003   0.090    0.13495E+06  -0.12894E+02  -0.15780E+03  -0.80755E+01  -0.10223E+06   0.19291E+02
  0.004   0.100    0.13500E+06  -0.12987E+02  -0.15826E+03  -0.81422E+01  -0.10226E+06   0.19300E+02
  0.004   0.110    0.13506E+06  -0.12901E+02  -0.15763E+03  -0.81120E+01  -0.10229E+06   0.19311E+02
  0.005   0.120    0.13512E+06  -0.12876E+02  -0.15725E+03  -0.81244E+01  -0.10233E+06   0.19323E+02
  0.005   0.130    0.13518E+06  -0.13378E+02  -0.15670E+03  -0.83491E+01  -0.10236E+06   0.19335E+02
  0.005   0.140    0.13525E+06  -0.12498E+02  -0.15858E+03  -0.79833E+01  -0.10240E+06   0.19350E+02
