  0.002   0.050    0.11320E+03  -0.78314E+01   0.15434E+06  -0.83481E+01  -0.35371E+02  -0.29622E+01
  0.002   0.060    0.11299E+03  -0.78272E+01   0.15282E+06  -0.82832E+01  -0.35486E+02  -0.29242E+01
  0.003   0.070    0.11284E+03  -0.78254E+01   0.15157E+06  -0.82368E+01  -0.35568E+02  -0.28931E+01
  0.003   0.080    0.11277E+03  -0.78536E+01   0.15051E+06  -0.81994E+01  -0.35697E+02  -0.28670E+01
  0.003   0.090    0.11259E+03  -0.79081E+01   0.14961E+06  -0.82182E+01  -0.35585E+02  -0.28450E+01
  0.004   0.100    0.11267E+03  -0.80009E+01   0.14884E+06  -0.82021E+01  -0.35870E+02  -0.28260E+01
  0.004   0.110    0.11274E+03  -0.78642E+01   0.14816E+06  -0.81115E+01  -0.35993E+02  -0.28096E+01
  0.005   0.120    0.11296E+03  -0.80117E+01   0.14757E+06  -0.81622E+01  -0.36164E+02  -0.27955E+01
  0.005   0.130    0.11297E+03  -0.76394E+01   0.14706E+06  -0.79771E+01  -0.36225E+02  -0.27828E+01
  0.005   0.140    0.11194E+03  -0.79475E+01   0.14660E+06  -0.80821E+01  -0.35822E+02  -0.27730E+01
