  0.002   0.050   -0.20808E+01   0.10141E+06  -0.65080E+01   0.13442E+06  -0.26814E+01   0.38098E+02
  0.002   0.060   -0.20858E+01   0.10143E+06  -0.64222E+01   0.13445E+06  -0.26871E+01   0.38111E+02
  0.003   0.070   -0.20623E+01   0.10146E+06  -0.63711E+01   0.13448E+06  -0.27594E+01   0.38126E+02
  0.003   0.080   -0.20799E+01   0.10149E+06  -0.62961E+01   0.13451E+06  -0.27085E+01   0.38144E+02
  0.003   0.090   -0.19421E+01   0.10152E+06  -0.51207E+01   0.13453E+06  -0.29001E+01   0.38164E+02
  0.004   0.100   -0.20692E+01   0.10154E+06  -0.61598E+01   0.13456E+06  -0.27183E+01   0.38187E+02
  0.004   0.110   -0.20601E+01   0.10158E+06  -0.61845E+01   0.13458E+06  -0.27274E+01   0.38211E+02
  0.005   0.120   -0.20518E+01   0.10161E+06  -0.60840E+01   0.13461E+06  -0.27241E+01   0.38239E+02
  0.005   0.130   -0.21565E+01   0.10165E+06  -0.62183E+01   0.13464E+06  -0.26783E+01   0.38269E+02
  0.005   0.140   -0.20897E+01   0.10168E+06  -0.59945E+01   0.13466E+06  -0.27149E+01   0.38301E+02
