  0.002   0.050    0.52628E-05   0.33684E-04  -0.12909E-01   0.24870E-04  -0.66644E-05   0.34722E-06
  0.002   0.060    0.10356E-04   0.58702E-04  -0.15556E-01   0.43045E-04  -0.10928E-04   0.43169E-06
  0.003   0.070    0.17747E-04   0.94113E-04  -0.18239E-01   0.68717E-04  -0.16856E-04   0.52467E-06
  0.003   0.080    0.27900E-04   0.14201E-03  -0.20957E-01   0.10339E-03  -0.24783E-04   0.62771E-06
  0.003   0.090    0.41316E-04   0.20466E-03  -0.23727E-01   0.14870E-03  -0.35070E-04   0.74285E-06
  0.004   0.100    0.58546E-04   0.28455E-03  -0.26545E-01   0.20642E-03  -0.48113E-04   0.87187E-06
  0.004   0.110    0.80190E-04   0.38439E-03  -0.29441E-01   0.27850E-03  -0.64347E-04   0.10175E-05
  0.005   0.120    0.10693E-03   0.50723E-03  -0.32365E-01   0.36710E-03  -0.84251E-04   0.11808E-05
  0.005   0.130    0.13948E-03   0.65641E-03  -0.35457E-01   0.47462E-03  -0.10836E-03   0.13676E-05
  0.005   0.140    0.17871E-03   0.83568E-03  -0.38496E-01   0.60373E-03  -0.13725E-03   0.15754E-05
