  0.002   0.050   -0.31080E-01   0.51424E-05   0.33635E+00  -0.95202E-05   0.22579E-01  -0.12911E-04
  0.002   0.060   -0.54131E-01   0.77185E-05   0.40546E+00  -0.99120E-05   0.39279E-01  -0.17979E-04
  0.003   0.070   -0.86734E-01   0.11159E-04   0.47536E+00  -0.94386E-05   0.62887E-01  -0.24451E-04
  0.003   0.080   -0.13080E+00   0.15613E-04   0.54651E+00  -0.79694E-05   0.94776E-01  -0.32618E-04
  0.003   0.090   -0.18839E+00   0.20991E-04   0.57945E+00  -0.38627E-05   0.13643E+00  -0.41793E-04
  0.004   0.100   -0.26173E+00   0.28771E-04   0.69334E+00  -0.96309E-06   0.18946E+00  -0.55286E-04
  0.004   0.110   -0.35331E+00   0.37707E-04   0.76961E+00   0.48443E-05   0.25565E+00  -0.70492E-04
  0.005   0.120   -0.46584E+00   0.48666E-04   0.84823E+00   0.12596E-04   0.33692E+00  -0.88810E-04
  0.005   0.130   -0.60232E+00   0.60956E-04   0.92774E+00   0.22400E-04   0.43544E+00  -0.11065E-03
  0.005   0.140   -0.76610E+00   0.76673E-04   0.10058E+01   0.34988E-04   0.55359E+00  -0.13643E-03
