  0.002   0.050   -0.70039E-05   0.31184E-01  -0.42275E-01   0.22590E-01  -0.25918E-05   0.22551E-04
  0.002   0.060   -0.83110E-05   0.54281E-01  -0.50984E-01   0.39315E-01  -0.22957E-05   0.38695E-04
  0.003   0.070   -0.95336E-05   0.86944E-01  -0.59877E-01   0.62960E-01  -0.15666E-05   0.61448E-04
  0.003   0.080   -0.10716E-04   0.13108E+00  -0.68821E-01   0.94902E-01  -0.23323E-06   0.92129E-04
  0.003   0.090   -0.99581E-05   0.18876E+00  -0.68706E-01   0.13663E+00   0.24555E-05   0.13195E-03
  0.004   0.100   -0.12707E-04   0.26224E+00  -0.86759E-01   0.18975E+00   0.45438E-05   0.18314E-03
  0.004   0.110   -0.13733E-04   0.35397E+00  -0.97078E-01   0.25605E+00   0.81192E-05   0.24680E-03
  0.005   0.120   -0.14394E-04   0.46667E+00  -0.10587E+00   0.33747E+00   0.12908E-04   0.32496E-03
  0.005   0.130   -0.14657E-04   0.60337E+00  -0.11874E+00   0.43616E+00   0.18324E-04   0.41987E-03
  0.005   0.140   -0.14296E-04   0.76742E+00  -0.12528E+00   0.55453E+00   0.25744E-04   0.53363E-03
