  0.002   0.050    0.43583E-01  -0.10492E-04  -0.84971E+00   0.26900E-04  -0.31723E-01   0.27578E-04
  0.002   0.060    0.75956E-01  -0.15149E-04  -0.10244E+01   0.30007E-04  -0.55175E-01   0.36650E-04
  0.003   0.070    0.12176E+00  -0.21275E-04  -0.12007E+01   0.31761E-04  -0.88335E-01   0.47715E-04
  0.003   0.080    0.18369E+00  -0.29148E-04  -0.13814E+01   0.32011E-04  -0.13314E+00   0.61237E-04
  0.003   0.090    0.26466E+00  -0.38893E-04  -0.15541E+01   0.30085E-04  -0.19169E+00   0.77331E-04
  0.004   0.100    0.36785E+00  -0.51569E-04  -0.17519E+01   0.26495E-04  -0.26626E+00   0.97295E-04
  0.004   0.110    0.49675E+00  -0.66483E-04  -0.19443E+01   0.20394E-04  -0.35936E+00   0.12088E-03
  0.005   0.120    0.65522E+00  -0.84855E-04  -0.21441E+01   0.11322E-04  -0.47375E+00   0.14897E-03
  0.005   0.130    0.84754E+00  -0.10896E-03  -0.23461E+01  -0.30520E-05  -0.61248E+00   0.18206E-03
  0.005   0.140    0.10785E+01  -0.12863E-03  -0.26021E+01  -0.12744E-04  -0.77900E+00   0.22219E-03
