  0.002   0.050    0.12278E+00   0.48996E-02   0.71255E+03  -0.26361E-01   0.69681E-01  -0.17812E-01
  0.002   0.060    0.14799E+00   0.59079E-02   0.85842E+03  -0.31767E-01   0.84009E-01  -0.21464E-01
  0.003   0.070    0.17355E+00   0.69316E-02   0.10062E+04  -0.37246E-01   0.98555E-01  -0.25166E-01
  0.003   0.080    0.19953E+00   0.79748E-02   0.11561E+04  -0.42813E-01   0.11336E+00  -0.28927E-01
  0.003   0.090    0.22600E+00   0.90404E-02   0.13086E+04  -0.48479E-01   0.12845E+00  -0.32755E-01
  0.004   0.100    0.25304E+00   0.10133E-01   0.14639E+04  -0.54260E-01   0.14389E+00  -0.36661E-01
  0.004   0.110    0.28069E+00   0.11243E-01   0.16226E+04  -0.60177E-01   0.15972E+00  -0.40655E-01
  0.005   0.120    0.30905E+00   0.12399E-01   0.17849E+04  -0.66231E-01   0.17598E+00  -0.44746E-01
  0.005   0.130    0.33820E+00   0.13537E-01   0.19512E+04  -0.72470E-01   0.19271E+00  -0.48946E-01
  0.005   0.140    0.36828E+00   0.14815E-01   0.21221E+04  -0.78846E-01   0.20994E+00  -0.53267E-01
