  0.002   0.050   0.153041E+00  0.229755E+02
  0.002   0.050  -0.848752E+03  0.229739E+02
  0.002   0.050  -0.167187E+04  0.229723E+02
  0.002   0.050  -0.244418E+04  0.229707E+02
  0.002   0.050  -0.314224E+04  0.229691E+02
  0.002   0.050  -0.374481E+04  0.229677E+02
  0.002   0.050  -0.423360E+04  0.229663E+02
  0.002   0.050  -0.459376E+04  0.229652E+02
  0.002   0.050  -0.481434E+04  0.229643E+02
  0.002   0.050  -0.488863E+04  0.229636E+02
  0.002   0.050  -0.481439E+04  0.229634E+02
  0.002   0.050  -0.459386E+04  0.229636E+02
  0.002   0.050  -0.423376E+04  0.229642E+02
  0.002   0.050  -0.374501E+04  0.229652E+02
  0.002   0.050  -0.314247E+04  0.229667E+02
  0.002   0.050  -0.244445E+04  0.229686E+02
  0.002   0.050  -0.167215E+04  0.229707E+02
  0.002   0.050  -0.849049E+03  0.229731E+02
  0.002   0.050  -0.148814E+00  0.229755E+02
  0.002   0.050   0.848756E+03  0.229780E+02
  0.002   0.050   0.167187E+04  0.229803E+02
  0.002   0.050   0.244419E+04  0.229824E+02
  0.002   0.050   0.314224E+04  0.229842E+02
  0.002   0.050   0.374482E+04  0.229856E+02
  0.002   0.050   0.423361E+04  0.229866E+02
  0.002   0.050   0.459376E+04  0.229871E+02
  0.002   0.050   0.481434E+04  0.229873E+02
  0.002   0.050   0.488864E+04  0.229870E+02
  0.002   0.050   0.481439E+04  0.229864E+02
  0.002   0.050   0.459387E+04  0.229856E+02
  0.002   0.050   0.423376E+04  0.229844E+02
  0.002   0.050   0.374501E+04  0.229832E+02
  0.002   0.050   0.314247E+04  0.229818E+02
  0.002   0.050   0.244445E+04  0.229803E+02
  0.002   0.050   0.167216E+04  0.229787E+02
  0.002   0.050   0.849053E+03  0.229771E+02
  0.002   0.060   0.184569E+00  0.229657E+02
  0.002   0.060  -0.101950E+04  0.229628E+02
  0.002   0.060  -0.200820E+04  0.229599E+02
  0.002   0.060  -0.293589E+04  0.229570E+02
  0.002   0.060  -0.377437E+04  0.229543E+02
  0.002   0.060  -0.449817E+04  0.229517E+02
  0.002   0.060  -0.508530E+04  0.229495E+02
  0.002   0.060  -0.551791E+04  0.229475E+02
  0.002   0.060  -0.578286E+04  0.229460E+02
  0.002   0.060  -0.587210E+04  0.229451E+02
  0.002   0.060  -0.578292E+04  0.229448E+02
  0.002   0.060  -0.551803E+04  0.229452E+02
  0.002   0.060  -0.508548E+04  0.229464E+02
  0.002   0.060  -0.449840E+04  0.229482E+02
  0.002   0.060  -0.377465E+04  0.229508E+02
  0.002   0.060  -0.293621E+04  0.229539E+02
  0.002   0.060  -0.200854E+04  0.229576E+02
  0.002   0.060  -0.101986E+04  0.229616E+02
  0.002   0.060  -0.178453E+00  0.229657E+02
  0.002   0.060   0.101950E+04  0.229699E+02
  0.002   0.060   0.200821E+04  0.229738E+02
  0.002   0.060   0.293590E+04  0.229774E+02
  0.002   0.060   0.377438E+04  0.229805E+02
  0.002   0.060   0.449818E+04  0.229830E+02
  0.002   0.060   0.508530E+04  0.229847E+02
  0.002   0.060   0.551791E+04  0.229858E+02
  0.002   0.060   0.578286E+04  0.229862E+02
  0.002   0.060   0.587210E+04  0.229859E+02
  0.002   0.060   0.578293E+04  0.229850E+02
  0.002   0.060   0.551804E+04  0.229835E+02
  0.002   0.060   0.508548E+04  0.229817E+02
  0.002   0.060   0.449841E+04  0.229795E+02
  0.002   0.060   0.377466E+04  0.229770E+02
  0.002   0.060   0.293621E+04  0.229743E+02
  0.002   0.060   0.200855E+04  0.229715E+02
  0.002   0.060   0.101986E+04  0.229687E+02
  0.003   0.070   0.215729E+00  0.229542E+02
  0.003   0.070  -0.119077E+04  0.229493E+02
  0.003   0.070  -0.234558E+04  0.229445E+02
  0.003   0.070  -0.342911E+04  0.229399E+02
  0.003   0.070  -0.440846E+04  0.229354E+02
  0.003   0.070  -0.525385E+04  0.229314E+02
  0.003   0.070  -0.593961E+04  0.229277E+02
  0.003   0.070  -0.644490E+04  0.229248E+02
  0.003   0.070  -0.675436E+04  0.229225E+02
  0.003   0.070  -0.685860E+04  0.229212E+02
  0.003   0.070  -0.675444E+04  0.229209E+02
  0.003   0.070  -0.644505E+04  0.229216E+02
  0.003   0.070  -0.593983E+04  0.229235E+02
  0.003   0.070  -0.525413E+04  0.229266E+02
  0.003   0.070  -0.440878E+04  0.229307E+02
  0.003   0.070  -0.342948E+04  0.229357E+02
  0.003   0.070  -0.234597E+04  0.229414E+02
  0.003   0.070  -0.119119E+04  0.229477E+02
  0.003   0.070  -0.207349E+00  0.229542E+02
  0.003   0.070   0.119078E+04  0.229607E+02
  0.003   0.070   0.234559E+04  0.229669E+02
  0.003   0.070   0.342912E+04  0.229726E+02
  0.003   0.070   0.440847E+04  0.229774E+02
  0.003   0.070   0.525386E+04  0.229814E+02
  0.003   0.070   0.593962E+04  0.229843E+02
  0.003   0.070   0.644491E+04  0.229862E+02
  0.003   0.070   0.675437E+04  0.229869E+02
  0.003   0.070   0.685861E+04  0.229865E+02
  0.003   0.070   0.675445E+04  0.229852E+02
  0.003   0.070   0.644505E+04  0.229830E+02
  0.003   0.070   0.593983E+04  0.229801E+02
  0.003   0.070   0.525413E+04  0.229766E+02
  0.003   0.070   0.440879E+04  0.229727E+02
  0.003   0.070   0.342949E+04  0.229683E+02
  0.003   0.070   0.234598E+04  0.229638E+02
  0.003   0.070   0.119120E+04  0.229590E+02
  0.003   0.080   0.248315E+00  0.229411E+02
  0.003   0.080  -0.136266E+04  0.229336E+02
  0.003   0.080  -0.268416E+04  0.229263E+02
  0.003   0.080  -0.392411E+04  0.229191E+02
  0.003   0.080  -0.504482E+04  0.229124E+02
  0.003   0.080  -0.601225E+04  0.229062E+02
  0.003   0.080  -0.679700E+04  0.229008E+02
  0.003   0.080  -0.737523E+04  0.228964E+02
  0.003   0.080  -0.772937E+04  0.228932E+02
  0.003   0.080  -0.784865E+04  0.228914E+02
  0.003   0.080  -0.772945E+04  0.228910E+02
  0.003   0.080  -0.737540E+04  0.228923E+02
  0.003   0.080  -0.679725E+04  0.228953E+02
  0.003   0.080  -0.601257E+04  0.228999E+02
  0.003   0.080  -0.504520E+04  0.229061E+02
  0.003   0.080  -0.392453E+04  0.229136E+02
  0.003   0.080  -0.268462E+04  0.229222E+02
  0.003   0.080  -0.136314E+04  0.229315E+02
  0.003   0.080  -0.237306E+00  0.229411E+02
  0.003   0.080   0.136267E+04  0.229508E+02
  0.003   0.080   0.268417E+04  0.229600E+02
  0.003   0.080   0.392412E+04  0.229684E+02
  0.003   0.080   0.504484E+04  0.229758E+02
  0.003   0.080   0.601227E+04  0.229818E+02
  0.003   0.080   0.679702E+04  0.229863E+02
  0.003   0.080   0.737524E+04  0.229891E+02
  0.003   0.080   0.772938E+04  0.229904E+02
  0.003   0.080   0.784866E+04  0.229900E+02
  0.003   0.080   0.772946E+04  0.229882E+02
  0.003   0.080   0.737541E+04  0.229850E+02
  0.003   0.080   0.679726E+04  0.229808E+02
  0.003   0.080   0.601258E+04  0.229755E+02
  0.003   0.080   0.504521E+04  0.229695E+02
  0.003   0.080   0.392454E+04  0.229629E+02
  0.003   0.080   0.268463E+04  0.229559E+02
  0.003   0.080   0.136315E+04  0.229486E+02
  0.003   0.090   0.275342E+00  0.229352E+02
  0.003   0.090  -0.153526E+04  0.229242E+02
  0.003   0.090  -0.302415E+04  0.229134E+02
  0.003   0.090  -0.442115E+04  0.229030E+02
  0.003   0.090  -0.568382E+04  0.228933E+02
  0.003   0.090  -0.677379E+04  0.228845E+02
  0.003   0.090  -0.765794E+04  0.228768E+02
  0.003   0.090  -0.830940E+04  0.228706E+02
  0.003   0.090  -0.870839E+04  0.228661E+02
  0.003   0.090  -0.884278E+04  0.228637E+02
  0.003   0.090  -0.870849E+04  0.228634E+02
  0.003   0.090  -0.830959E+04  0.228654E+02
  0.003   0.090  -0.765821E+04  0.228698E+02
  0.003   0.090  -0.677413E+04  0.228765E+02
  0.003   0.090  -0.568423E+04  0.228853E+02
  0.003   0.090  -0.442162E+04  0.228961E+02
  0.003   0.090  -0.302466E+04  0.229083E+02
  0.003   0.090  -0.153579E+04  0.229215E+02
  0.003   0.090  -0.262978E+00  0.229352E+02
  0.003   0.090   0.153527E+04  0.229489E+02
  0.003   0.090   0.302416E+04  0.229621E+02
  0.003   0.090   0.442117E+04  0.229742E+02
  0.003   0.090   0.568383E+04  0.229847E+02
  0.003   0.090   0.677380E+04  0.229934E+02
  0.003   0.090   0.765795E+04  0.230000E+02
  0.003   0.090   0.830942E+04  0.230043E+02
  0.003   0.090   0.870840E+04  0.230062E+02
  0.003   0.090   0.884279E+04  0.230059E+02
  0.003   0.090   0.870850E+04  0.230035E+02
  0.003   0.090   0.830960E+04  0.229991E+02
  0.003   0.090   0.765822E+04  0.229930E+02
  0.003   0.090   0.677415E+04  0.229855E+02
  0.003   0.090   0.568425E+04  0.229768E+02
  0.003   0.090   0.442163E+04  0.229672E+02
  0.003   0.090   0.302467E+04  0.229569E+02
  0.003   0.090   0.153581E+04  0.229462E+02
  0.004   0.100   0.313358E+00  0.229103E+02
  0.004   0.100  -0.170865E+04  0.228948E+02
  0.004   0.100  -0.336570E+04  0.228796E+02
  0.004   0.100  -0.492048E+04  0.228650E+02
  0.004   0.100  -0.632576E+04  0.228513E+02
  0.004   0.100  -0.753883E+04  0.228390E+02
  0.004   0.100  -0.852284E+04  0.228284E+02
  0.004   0.100  -0.924788E+04  0.228199E+02
  0.004   0.100  -0.969194E+04  0.228138E+02
  0.004   0.100  -0.984150E+04  0.228106E+02
  0.004   0.100  -0.969204E+04  0.228104E+02
  0.004   0.100  -0.924809E+04  0.228134E+02
  0.004   0.100  -0.852314E+04  0.228197E+02
  0.004   0.100  -0.753922E+04  0.228291E+02
  0.004   0.100  -0.632623E+04  0.228414E+02
  0.004   0.100  -0.492101E+04  0.228562E+02
  0.004   0.100  -0.336627E+04  0.228731E+02
  0.004   0.100  -0.170925E+04  0.228913E+02
  0.004   0.100  -0.296010E+00  0.229103E+02
  0.004   0.100   0.170867E+04  0.229291E+02
  0.004   0.100   0.336572E+04  0.229473E+02
  0.004   0.100   0.492050E+04  0.229639E+02
  0.004   0.100   0.632578E+04  0.229786E+02
  0.004   0.100   0.753885E+04  0.229906E+02
  0.004   0.100   0.852286E+04  0.229998E+02
  0.004   0.100   0.924790E+04  0.230059E+02
  0.004   0.100   0.969195E+04  0.230088E+02
  0.004   0.100   0.984152E+04  0.230086E+02
  0.004   0.100   0.969206E+04  0.230053E+02
  0.004   0.100   0.924811E+04  0.229994E+02
  0.004   0.100   0.852316E+04  0.229911E+02
  0.004   0.100   0.753924E+04  0.229807E+02
  0.004   0.100   0.632624E+04  0.229687E+02
  0.004   0.100   0.492103E+04  0.229552E+02
  0.004   0.100   0.336629E+04  0.229408E+02
  0.004   0.100   0.170927E+04  0.229257E+02
  0.004   0.110   0.346470E+00  0.228915E+02
  0.004   0.110  -0.188295E+04  0.228703E+02
  0.004   0.110  -0.370902E+04  0.228495E+02
  0.004   0.110  -0.542241E+04  0.228296E+02
  0.004   0.110  -0.697103E+04  0.228111E+02
  0.004   0.110  -0.830784E+04  0.227944E+02
  0.004   0.110  -0.939223E+04  0.227802E+02
  0.004   0.110  -0.101912E+05  0.227688E+02
  0.004   0.110  -0.106806E+05  0.227609E+02
  0.004   0.110  -0.108454E+05  0.227567E+02
  0.004   0.110  -0.106807E+05  0.227567E+02
  0.004   0.110  -0.101915E+05  0.227610E+02
  0.004   0.110  -0.939256E+04  0.227696E+02
  0.004   0.110  -0.830827E+04  0.227824E+02
  0.004   0.110  -0.697154E+04  0.227990E+02
  0.004   0.110  -0.542299E+04  0.228190E+02
  0.004   0.110  -0.370966E+04  0.228416E+02
  0.004   0.110  -0.188361E+04  0.228661E+02
  0.004   0.110  -0.325118E+00  0.228914E+02
  0.004   0.110   0.188297E+04  0.229167E+02
  0.004   0.110   0.370905E+04  0.229410E+02
  0.004   0.110   0.542243E+04  0.229634E+02
  0.004   0.110   0.697105E+04  0.229831E+02
  0.004   0.110   0.830786E+04  0.229995E+02
  0.004   0.110   0.939225E+04  0.230120E+02
  0.004   0.110   0.101913E+05  0.230204E+02
  0.004   0.110   0.106806E+05  0.230245E+02
  0.004   0.110   0.108454E+05  0.230244E+02
  0.004   0.110   0.106807E+05  0.230203E+02
  0.004   0.110   0.101915E+05  0.230125E+02
  0.004   0.110   0.939258E+04  0.230014E+02
  0.004   0.110   0.830830E+04  0.229875E+02
  0.004   0.110   0.697157E+04  0.229711E+02
  0.004   0.110   0.542301E+04  0.229529E+02
  0.004   0.110   0.370968E+04  0.229332E+02
  0.004   0.110   0.188363E+04  0.229126E+02
  0.005   0.120   0.379867E+00  0.228726E+02
  0.005   0.120  -0.205823E+04  0.228443E+02
  0.005   0.120  -0.405431E+04  0.228167E+02
  0.005   0.120  -0.592720E+04  0.227902E+02
  0.005   0.120  -0.761999E+04  0.227657E+02
  0.005   0.120  -0.908125E+04  0.227437E+02
  0.005   0.120  -0.102666E+05  0.227250E+02
  0.005   0.120  -0.111400E+05  0.227102E+02
  0.005   0.120  -0.116749E+05  0.227000E+02
  0.005   0.120  -0.118550E+05  0.226947E+02
  0.005   0.120  -0.116750E+05  0.226950E+02
  0.005   0.120  -0.111402E+05  0.227008E+02
  0.005   0.120  -0.102669E+05  0.227124E+02
  0.005   0.120  -0.908172E+04  0.227294E+02
  0.005   0.120  -0.762055E+04  0.227513E+02
  0.005   0.120  -0.592783E+04  0.227776E+02
  0.005   0.120  -0.405500E+04  0.228073E+02
  0.005   0.120  -0.205896E+04  0.228393E+02
  0.005   0.120  -0.354463E+00  0.228726E+02
  0.005   0.120   0.205826E+04  0.229057E+02
  0.005   0.120   0.405434E+04  0.229376E+02
  0.005   0.120   0.592722E+04  0.229670E+02
  0.005   0.120   0.762001E+04  0.229930E+02
  0.005   0.120   0.908128E+04  0.230146E+02
  0.005   0.120   0.102666E+05  0.230312E+02
  0.005   0.120   0.111400E+05  0.230425E+02
  0.005   0.120   0.116749E+05  0.230482E+02
  0.005   0.120   0.118551E+05  0.230484E+02
  0.005   0.120   0.116750E+05  0.230432E+02
  0.005   0.120   0.111402E+05  0.230331E+02
  0.005   0.120   0.102670E+05  0.230186E+02
  0.005   0.120   0.908175E+04  0.230002E+02
  0.005   0.120   0.762058E+04  0.229786E+02
  0.005   0.120   0.592786E+04  0.229544E+02
  0.005   0.120   0.405503E+04  0.229282E+02
  0.005   0.120   0.205898E+04  0.229007E+02
  0.005   0.130   0.419823E+00  0.228484E+02
  0.005   0.130  -0.223462E+04  0.228115E+02
  0.005   0.130  -0.440175E+04  0.227754E+02
  0.005   0.130  -0.643514E+04  0.227410E+02
  0.005   0.130  -0.827301E+04  0.227091E+02
  0.005   0.130  -0.985950E+04  0.226806E+02
  0.005   0.130  -0.111464E+05  0.226565E+02
  0.005   0.130  -0.120946E+05  0.226375E+02
  0.005   0.130  -0.126754E+05  0.226245E+02
  0.005   0.130  -0.128710E+05  0.226180E+02
  0.005   0.130  -0.126755E+05  0.226186E+02
  0.005   0.130  -0.120949E+05  0.226265E+02
  0.005   0.130  -0.111468E+05  0.226416E+02
  0.005   0.130  -0.986002E+04  0.226637E+02
  0.005   0.130  -0.827363E+04  0.226921E+02
  0.005   0.130  -0.643584E+04  0.227261E+02
  0.005   0.130  -0.440251E+04  0.227644E+02
  0.005   0.130  -0.223541E+04  0.228056E+02
  0.005   0.130  -0.388955E+00  0.228484E+02
  0.005   0.130   0.223465E+04  0.228911E+02
  0.005   0.130   0.440178E+04  0.229321E+02
  0.005   0.130   0.643517E+04  0.229701E+02
  0.005   0.130   0.827304E+04  0.230036E+02
  0.005   0.130   0.985953E+04  0.230316E+02
  0.005   0.130   0.111464E+05  0.230533E+02
  0.005   0.130   0.120947E+05  0.230681E+02
  0.005   0.130   0.126754E+05  0.230757E+02
  0.005   0.130   0.128710E+05  0.230762E+02
  0.005   0.130   0.126756E+05  0.230698E+02
  0.005   0.130   0.120950E+05  0.230570E+02
  0.005   0.130   0.111468E+05  0.230384E+02
  0.005   0.130   0.986005E+04  0.230147E+02
  0.005   0.130   0.827366E+04  0.229867E+02
  0.005   0.130   0.643587E+04  0.229552E+02
  0.005   0.130   0.440254E+04  0.229211E+02
  0.005   0.130   0.223544E+04  0.228852E+02
  0.005   0.140   0.451178E+00  0.228289E+02
  0.005   0.140  -0.241221E+04  0.227816E+02
  0.005   0.140  -0.475157E+04  0.227353E+02
  0.005   0.140  -0.694656E+04  0.226913E+02
  0.005   0.140  -0.893048E+04  0.226506E+02
  0.005   0.140  -0.106430E+05  0.226143E+02
  0.005   0.140  -0.120322E+05  0.225837E+02
  0.005   0.140  -0.130558E+05  0.225597E+02
  0.005   0.140  -0.136827E+05  0.225434E+02
  0.005   0.140  -0.138939E+05  0.225355E+02
  0.005   0.140  -0.136829E+05  0.225365E+02
  0.005   0.140  -0.130561E+05  0.225467E+02
  0.005   0.140  -0.120327E+05  0.225661E+02
  0.005   0.140  -0.106436E+05  0.225944E+02
  0.005   0.140  -0.893114E+04  0.226306E+02
  0.005   0.140  -0.694731E+04  0.226737E+02
  0.005   0.140  -0.475238E+04  0.227223E+02
  0.005   0.140  -0.241306E+04  0.227746E+02
  0.005   0.140  -0.416104E+00  0.228289E+02
  0.005   0.140   0.241224E+04  0.228830E+02
  0.005   0.140   0.475160E+04  0.229351E+02
  0.005   0.140   0.694659E+04  0.229833E+02
  0.005   0.140   0.893051E+04  0.230260E+02
  0.005   0.140   0.106431E+05  0.230618E+02
  0.005   0.140   0.120323E+05  0.230896E+02
  0.005   0.140   0.130559E+05  0.231086E+02
  0.005   0.140   0.136828E+05  0.231186E+02
  0.005   0.140   0.138939E+05  0.231196E+02
  0.005   0.140   0.136829E+05  0.231117E+02
  0.005   0.140   0.130562E+05  0.230956E+02
  0.005   0.140   0.120327E+05  0.230720E+02
  0.005   0.140   0.106436E+05  0.230418E+02
  0.005   0.140   0.893118E+04  0.230061E+02
  0.005   0.140   0.694734E+04  0.229658E+02
  0.005   0.140   0.475242E+04  0.229221E+02
  0.005   0.140   0.241310E+04  0.228761E+02
