  0.002   0.050   0.488504E+04 -0.604976E+02
  0.002   0.050   0.481077E+04 -0.604985E+02
  0.002   0.050   0.459033E+04 -0.605008E+02
  0.002   0.050   0.423042E+04 -0.605044E+02
  0.002   0.050   0.374196E+04 -0.605089E+02
  0.002   0.050   0.313981E+04 -0.605140E+02
  0.002   0.050   0.244225E+04 -0.605190E+02
  0.002   0.050   0.167049E+04 -0.605235E+02
  0.002   0.050   0.847968E+03 -0.605273E+02
  0.002   0.050  -0.318161E+00 -0.605299E+02
  0.002   0.050  -0.848595E+03 -0.605313E+02
  0.002   0.050  -0.167109E+04 -0.605314E+02
  0.002   0.050  -0.244281E+04 -0.605305E+02
  0.002   0.050  -0.314030E+04 -0.605288E+02
  0.002   0.050  -0.374238E+04 -0.605267E+02
  0.002   0.050  -0.423075E+04 -0.605245E+02
  0.002   0.050  -0.459057E+04 -0.605226E+02
  0.002   0.050  -0.481091E+04 -0.605214E+02
  0.002   0.050  -0.488507E+04 -0.605210E+02
  0.002   0.050  -0.481081E+04 -0.605214E+02
  0.002   0.050  -0.459037E+04 -0.605227E+02
  0.002   0.050  -0.423045E+04 -0.605246E+02
  0.002   0.050  -0.374199E+04 -0.605268E+02
  0.002   0.050  -0.313984E+04 -0.605289E+02
  0.002   0.050  -0.244228E+04 -0.605306E+02
  0.002   0.050  -0.167052E+04 -0.605315E+02
  0.002   0.050  -0.848001E+03 -0.605313E+02
  0.002   0.050   0.284536E+00 -0.605299E+02
  0.002   0.050   0.848561E+03 -0.605272E+02
  0.002   0.050   0.167105E+04 -0.605235E+02
  0.002   0.050   0.244277E+04 -0.605189E+02
  0.002   0.050   0.314027E+04 -0.605138E+02
  0.002   0.050   0.374235E+04 -0.605088E+02
  0.002   0.050   0.423072E+04 -0.605043E+02
  0.002   0.050   0.459054E+04 -0.605007E+02
  0.002   0.050   0.481088E+04 -0.604984E+02
  0.002   0.060   0.586778E+04 -0.603962E+02
  0.002   0.060   0.577857E+04 -0.603974E+02
  0.002   0.060   0.551378E+04 -0.604009E+02
  0.002   0.060   0.508146E+04 -0.604064E+02
  0.002   0.060   0.449474E+04 -0.604133E+02
  0.002   0.060   0.377145E+04 -0.604210E+02
  0.002   0.060   0.293356E+04 -0.604287E+02
  0.002   0.060   0.200654E+04 -0.604359E+02
  0.002   0.060   0.101855E+04 -0.604419E+02
  0.002   0.060  -0.386169E+00 -0.604463E+02
  0.002   0.060  -0.101931E+04 -0.604489E+02
  0.002   0.060  -0.200727E+04 -0.604497E+02
  0.002   0.060  -0.293424E+04 -0.604489E+02
  0.002   0.060  -0.377205E+04 -0.604470E+02
  0.002   0.060  -0.449526E+04 -0.604443E+02
  0.002   0.060  -0.508187E+04 -0.604415E+02
  0.002   0.060  -0.551408E+04 -0.604390E+02
  0.002   0.060  -0.577875E+04 -0.604374E+02
  0.002   0.060  -0.586783E+04 -0.604368E+02
  0.002   0.060  -0.577862E+04 -0.604374E+02
  0.002   0.060  -0.551383E+04 -0.604391E+02
  0.002   0.060  -0.508151E+04 -0.604416E+02
  0.002   0.060  -0.449479E+04 -0.604444E+02
  0.002   0.060  -0.377150E+04 -0.604471E+02
  0.002   0.060  -0.293361E+04 -0.604490E+02
  0.002   0.060  -0.200659E+04 -0.604498E+02
  0.002   0.060  -0.101860E+04 -0.604489E+02
  0.002   0.060   0.337526E+00 -0.604463E+02
  0.002   0.060   0.101927E+04 -0.604418E+02
  0.002   0.060   0.200722E+04 -0.604358E+02
  0.002   0.060   0.293419E+04 -0.604286E+02
  0.002   0.060   0.377201E+04 -0.604208E+02
  0.002   0.060   0.449521E+04 -0.604132E+02
  0.002   0.060   0.508182E+04 -0.604063E+02
  0.002   0.060   0.551403E+04 -0.604008E+02
  0.002   0.060   0.577870E+04 -0.603974E+02
  0.003   0.070   0.685355E+04 -0.602749E+02
  0.003   0.070   0.674936E+04 -0.602766E+02
  0.003   0.070   0.644008E+04 -0.602816E+02
  0.003   0.070   0.593513E+04 -0.602895E+02
  0.003   0.070   0.524984E+04 -0.602994E+02
  0.003   0.070   0.440504E+04 -0.603104E+02
  0.003   0.070   0.342639E+04 -0.603217E+02
  0.003   0.070   0.234363E+04 -0.603322E+02
  0.003   0.070   0.118966E+04 -0.603412E+02
  0.003   0.070  -0.454920E+00 -0.603480E+02
  0.003   0.070  -0.119056E+04 -0.603524E+02
  0.003   0.070  -0.234449E+04 -0.603544E+02
  0.003   0.070  -0.342719E+04 -0.603541E+02
  0.003   0.070  -0.440575E+04 -0.603521E+02
  0.003   0.070  -0.525045E+04 -0.603491E+02
  0.003   0.070  -0.593562E+04 -0.603457E+02
  0.003   0.070  -0.644044E+04 -0.603428E+02
  0.003   0.070  -0.674957E+04 -0.603407E+02
  0.003   0.070  -0.685362E+04 -0.603401E+02
  0.003   0.070  -0.674942E+04 -0.603408E+02
  0.003   0.070  -0.644015E+04 -0.603429E+02
  0.003   0.070  -0.593520E+04 -0.603459E+02
  0.003   0.070  -0.524991E+04 -0.603493E+02
  0.003   0.070  -0.440511E+04 -0.603523E+02
  0.003   0.070  -0.342646E+04 -0.603543E+02
  0.003   0.070  -0.234370E+04 -0.603545E+02
  0.003   0.070  -0.118973E+04 -0.603525E+02
  0.003   0.070   0.388387E+00 -0.603480E+02
  0.003   0.070   0.119049E+04 -0.603411E+02
  0.003   0.070   0.234443E+04 -0.603321E+02
  0.003   0.070   0.342712E+04 -0.603215E+02
  0.003   0.070   0.440569E+04 -0.603102E+02
  0.003   0.070   0.525039E+04 -0.602991E+02
  0.003   0.070   0.593555E+04 -0.602893E+02
  0.003   0.070   0.644037E+04 -0.602815E+02
  0.003   0.070   0.674950E+04 -0.602765E+02
  0.003   0.080   0.784286E+04 -0.601333E+02
  0.003   0.080   0.772363E+04 -0.601357E+02
  0.003   0.080   0.736971E+04 -0.601426E+02
  0.003   0.080   0.679187E+04 -0.601533E+02
  0.003   0.080   0.600766E+04 -0.601670E+02
  0.003   0.080   0.504091E+04 -0.601823E+02
  0.003   0.080   0.392099E+04 -0.601980E+02
  0.003   0.080   0.268193E+04 -0.602128E+02
  0.003   0.080   0.136139E+04 -0.602257E+02
  0.003   0.080  -0.526355E+00 -0.602358E+02
  0.003   0.080  -0.136243E+04 -0.602427E+02
  0.003   0.080  -0.268293E+04 -0.602463E+02
  0.003   0.080  -0.392191E+04 -0.602470E+02
  0.003   0.080  -0.504174E+04 -0.602453E+02
  0.003   0.080  -0.600837E+04 -0.602421E+02
  0.003   0.080  -0.679244E+04 -0.602384E+02
  0.003   0.080  -0.737013E+04 -0.602349E+02
  0.003   0.080  -0.772388E+04 -0.602326E+02
  0.003   0.080  -0.784295E+04 -0.602318E+02
  0.003   0.080  -0.772371E+04 -0.602327E+02
  0.003   0.080  -0.736980E+04 -0.602351E+02
  0.003   0.080  -0.679196E+04 -0.602386E+02
  0.003   0.080  -0.600775E+04 -0.602424E+02
  0.003   0.080  -0.504100E+04 -0.602455E+02
  0.003   0.080  -0.392108E+04 -0.602472E+02
  0.003   0.080  -0.268202E+04 -0.602464E+02
  0.003   0.080  -0.136147E+04 -0.602427E+02
  0.003   0.080   0.438934E+00 -0.602358E+02
  0.003   0.080   0.136234E+04 -0.602256E+02
  0.003   0.080   0.268284E+04 -0.602126E+02
  0.003   0.080   0.392183E+04 -0.601977E+02
  0.003   0.080   0.504165E+04 -0.601820E+02
  0.003   0.080   0.600828E+04 -0.601667E+02
  0.003   0.080   0.679235E+04 -0.601531E+02
  0.003   0.080   0.737004E+04 -0.601424E+02
  0.003   0.080   0.772379E+04 -0.601356E+02
  0.003   0.090   0.883628E+04 -0.600085E+02
  0.003   0.090   0.870194E+04 -0.600117E+02
  0.003   0.090   0.830320E+04 -0.600208E+02
  0.003   0.090   0.765216E+04 -0.600351E+02
  0.003   0.090   0.676862E+04 -0.600533E+02
  0.003   0.090   0.567942E+04 -0.600739E+02
  0.003   0.090   0.441764E+04 -0.600952E+02
  0.003   0.090   0.302164E+04 -0.601154E+02
  0.003   0.090   0.153383E+04 -0.601333E+02
  0.003   0.090  -0.594187E+00 -0.601477E+02
  0.003   0.090  -0.153500E+04 -0.601579E+02
  0.003   0.090  -0.302276E+04 -0.601640E+02
  0.003   0.090  -0.441869E+04 -0.601661E+02
  0.003   0.090  -0.568035E+04 -0.601651E+02
  0.003   0.090  -0.676942E+04 -0.601620E+02
  0.003   0.090  -0.765281E+04 -0.601580E+02
  0.003   0.090  -0.830367E+04 -0.601542E+02
  0.003   0.090  -0.870223E+04 -0.601515E+02
  0.003   0.090  -0.883638E+04 -0.601505E+02
  0.003   0.090  -0.870204E+04 -0.601515E+02
  0.003   0.090  -0.830330E+04 -0.601542E+02
  0.003   0.090  -0.765227E+04 -0.601581E+02
  0.003   0.090  -0.676873E+04 -0.601621E+02
  0.003   0.090  -0.567952E+04 -0.601652E+02
  0.003   0.090  -0.441775E+04 -0.601662E+02
  0.003   0.090  -0.302175E+04 -0.601640E+02
  0.003   0.090  -0.153393E+04 -0.601579E+02
  0.003   0.090   0.489910E+00 -0.601477E+02
  0.003   0.090   0.153489E+04 -0.601333E+02
  0.003   0.090   0.302266E+04 -0.601154E+02
  0.003   0.090   0.441858E+04 -0.600951E+02
  0.003   0.090   0.568025E+04 -0.600738E+02
  0.003   0.090   0.676932E+04 -0.600533E+02
  0.003   0.090   0.765271E+04 -0.600350E+02
  0.003   0.090   0.830357E+04 -0.600208E+02
  0.003   0.090   0.870213E+04 -0.600117E+02
  0.004   0.100   0.983423E+04 -0.597847E+02
  0.004   0.100   0.968472E+04 -0.597888E+02
  0.004   0.100   0.924094E+04 -0.598006E+02
  0.004   0.100   0.851638E+04 -0.598191E+02
  0.004   0.100   0.753305E+04 -0.598427E+02
  0.004   0.100   0.632083E+04 -0.598694E+02
  0.004   0.100   0.491655E+04 -0.598971E+02
  0.004   0.100   0.336289E+04 -0.599239E+02
  0.004   0.100   0.170704E+04 -0.599477E+02
  0.004   0.100  -0.677771E+00 -0.599673E+02
  0.004   0.100  -0.170838E+04 -0.599819E+02
  0.004   0.100  -0.336417E+04 -0.599911E+02
  0.004   0.100  -0.491775E+04 -0.599956E+02
  0.004   0.100  -0.632190E+04 -0.599960E+02
  0.004   0.100  -0.753397E+04 -0.599936E+02
  0.004   0.100  -0.851713E+04 -0.599898E+02
  0.004   0.100  -0.924150E+04 -0.599860E+02
  0.004   0.100  -0.968507E+04 -0.599832E+02
  0.004   0.100  -0.983437E+04 -0.599823E+02
  0.004   0.100  -0.968486E+04 -0.599834E+02
  0.004   0.100  -0.924108E+04 -0.599863E+02
  0.004   0.100  -0.851652E+04 -0.599902E+02
  0.004   0.100  -0.753319E+04 -0.599940E+02
  0.004   0.100  -0.632097E+04 -0.599964E+02
  0.004   0.100  -0.491669E+04 -0.599959E+02
  0.004   0.100  -0.336303E+04 -0.599914E+02
  0.004   0.100  -0.170718E+04 -0.599820E+02
  0.004   0.100   0.539132E+00 -0.599673E+02
  0.004   0.100   0.170824E+04 -0.599475E+02
  0.004   0.100   0.336403E+04 -0.599235E+02
  0.004   0.100   0.491761E+04 -0.598967E+02
  0.004   0.100   0.632176E+04 -0.598689E+02
  0.004   0.100   0.753383E+04 -0.598422E+02
  0.004   0.100   0.851699E+04 -0.598187E+02
  0.004   0.100   0.924136E+04 -0.598003E+02
  0.004   0.100   0.968493E+04 -0.597887E+02
  0.004   0.110   0.108374E+05 -0.595757E+02
  0.004   0.110   0.106726E+05 -0.595809E+02
  0.004   0.110   0.101836E+05 -0.595958E+02
  0.004   0.110   0.938510E+04 -0.596193E+02
  0.004   0.110   0.830147E+04 -0.596493E+02
  0.004   0.110   0.696559E+04 -0.596835E+02
  0.004   0.110   0.541807E+04 -0.597191E+02
  0.004   0.110   0.370592E+04 -0.597537E+02
  0.004   0.110   0.188116E+04 -0.597850E+02
  0.004   0.110  -0.754918E+00 -0.598112E+02
  0.004   0.110  -0.188265E+04 -0.598312E+02
  0.004   0.110  -0.370735E+04 -0.598448E+02
  0.004   0.110  -0.541940E+04 -0.598523E+02
  0.004   0.110  -0.696679E+04 -0.598547E+02
  0.004   0.110  -0.830250E+04 -0.598535E+02
  0.004   0.110  -0.938594E+04 -0.598502E+02
  0.004   0.110  -0.101842E+05 -0.598466E+02
  0.004   0.110  -0.106730E+05 -0.598438E+02
  0.004   0.110  -0.108376E+05 -0.598429E+02
  0.004   0.110  -0.106728E+05 -0.598440E+02
  0.004   0.110  -0.101837E+05 -0.598469E+02
  0.004   0.110  -0.938527E+04 -0.598507E+02
  0.004   0.110  -0.830164E+04 -0.598540E+02
  0.004   0.110  -0.696576E+04 -0.598552E+02
  0.004   0.110  -0.541824E+04 -0.598527E+02
  0.004   0.110  -0.370609E+04 -0.598451E+02
  0.004   0.110  -0.188133E+04 -0.598314E+02
  0.004   0.110   0.585636E+00 -0.598111E+02
  0.004   0.110   0.188248E+04 -0.597848E+02
  0.004   0.110   0.370718E+04 -0.597534E+02
  0.004   0.110   0.541923E+04 -0.597186E+02
  0.004   0.110   0.696662E+04 -0.596829E+02
  0.004   0.110   0.830233E+04 -0.596488E+02
  0.004   0.110   0.938577E+04 -0.596188E+02
  0.004   0.110   0.101840E+05 -0.595955E+02
  0.004   0.110   0.106729E+05 -0.595807E+02
  0.005   0.120   0.118463E+05 -0.593419E+02
  0.005   0.120   0.116662E+05 -0.593484E+02
  0.005   0.120   0.111316E+05 -0.593670E+02
  0.005   0.120   0.102588E+05 -0.593963E+02
  0.005   0.120   0.907427E+04 -0.594339E+02
  0.005   0.120   0.761403E+04 -0.594768E+02
  0.005   0.120   0.592244E+04 -0.595218E+02
  0.005   0.120   0.405090E+04 -0.595659E+02
  0.005   0.120   0.205628E+04 -0.596061E+02
  0.005   0.120  -0.834377E+00 -0.596403E+02
  0.005   0.120  -0.205792E+04 -0.596671E+02
  0.005   0.120  -0.405248E+04 -0.596862E+02
  0.005   0.120  -0.592392E+04 -0.596978E+02
  0.005   0.120  -0.761536E+04 -0.597030E+02
  0.005   0.120  -0.907541E+04 -0.597036E+02
  0.005   0.120  -0.102597E+05 -0.597014E+02
  0.005   0.120  -0.111323E+05 -0.596983E+02
  0.005   0.120  -0.116666E+05 -0.596958E+02
  0.005   0.120  -0.118465E+05 -0.596949E+02
  0.005   0.120  -0.116664E+05 -0.596960E+02
  0.005   0.120  -0.111318E+05 -0.596987E+02
  0.005   0.120  -0.102590E+05 -0.597020E+02
  0.005   0.120  -0.907447E+04 -0.597042E+02
  0.005   0.120  -0.761424E+04 -0.597037E+02
  0.005   0.120  -0.592265E+04 -0.596983E+02
  0.005   0.120  -0.405111E+04 -0.596866E+02
  0.005   0.120  -0.205648E+04 -0.596673E+02
  0.005   0.120   0.630840E+00 -0.596402E+02
  0.005   0.120   0.205772E+04 -0.596058E+02
  0.005   0.120   0.405228E+04 -0.595654E+02
  0.005   0.120   0.592371E+04 -0.595212E+02
  0.005   0.120   0.761515E+04 -0.594761E+02
  0.005   0.120   0.907521E+04 -0.594332E+02
  0.005   0.120   0.102595E+05 -0.593957E+02
  0.005   0.120   0.111321E+05 -0.593666E+02
  0.005   0.120   0.116664E+05 -0.593481E+02
  0.005   0.130   0.128615E+05 -0.590834E+02
  0.005   0.130   0.126659E+05 -0.590914E+02
  0.005   0.130   0.120855E+05 -0.591143E+02
  0.005   0.130   0.111379E+05 -0.591503E+02
  0.005   0.130   0.985190E+04 -0.591967E+02
  0.005   0.130   0.826653E+04 -0.592499E+02
  0.005   0.130   0.642997E+04 -0.593060E+02
  0.005   0.130   0.439804E+04 -0.593612E+02
  0.005   0.130   0.223248E+04 -0.594120E+02
  0.005   0.130  -0.921542E+00 -0.594560E+02
  0.005   0.130  -0.223430E+04 -0.594912E+02
  0.005   0.130  -0.439979E+04 -0.595171E+02
  0.005   0.130  -0.643160E+04 -0.595341E+02
  0.005   0.130  -0.826799E+04 -0.595432E+02
  0.005   0.130  -0.985317E+04 -0.595464E+02
  0.005   0.130  -0.111390E+05 -0.595458E+02
  0.005   0.130  -0.120863E+05 -0.595436E+02
  0.005   0.130  -0.126664E+05 -0.595416E+02
  0.005   0.130  -0.128617E+05 -0.595408E+02
  0.005   0.130  -0.126662E+05 -0.595418E+02
  0.005   0.130  -0.120858E+05 -0.595441E+02
  0.005   0.130  -0.111382E+05 -0.595464E+02
  0.005   0.130  -0.985214E+04 -0.595471E+02
  0.005   0.130  -0.826677E+04 -0.595438E+02
  0.005   0.130  -0.643021E+04 -0.595346E+02
  0.005   0.130  -0.439829E+04 -0.595175E+02
  0.005   0.130  -0.223272E+04 -0.594914E+02
  0.005   0.130   0.680368E+00 -0.594559E+02
  0.005   0.130   0.223406E+04 -0.594118E+02
  0.005   0.130   0.439955E+04 -0.593607E+02
  0.005   0.130   0.643136E+04 -0.593053E+02
  0.005   0.130   0.826775E+04 -0.592492E+02
  0.005   0.130   0.985293E+04 -0.591960E+02
  0.005   0.130   0.111387E+05 -0.591497E+02
  0.005   0.130   0.120861E+05 -0.591138E+02
  0.005   0.130   0.126662E+05 -0.590911E+02
  0.005   0.140   0.138835E+05 -0.588017E+02
  0.005   0.140   0.136725E+05 -0.588113E+02
  0.005   0.140   0.130460E+05 -0.588392E+02
  0.005   0.140   0.120231E+05 -0.588830E+02
  0.005   0.140   0.106348E+05 -0.589396E+02
  0.005   0.140   0.892346E+04 -0.590047E+02
  0.005   0.140   0.694096E+04 -0.590736E+02
  0.005   0.140   0.474755E+04 -0.591419E+02
  0.005   0.140   0.240989E+04 -0.592054E+02
  0.005   0.140  -0.100325E+01 -0.592609E+02
  0.005   0.140  -0.241187E+04 -0.593064E+02
  0.005   0.140  -0.474945E+04 -0.593407E+02
  0.005   0.140  -0.694273E+04 -0.593644E+02
  0.005   0.140  -0.892506E+04 -0.593786E+02
  0.005   0.140  -0.106362E+05 -0.593854E+02
  0.005   0.140  -0.120242E+05 -0.593872E+02
  0.005   0.140  -0.130468E+05 -0.593865E+02
  0.005   0.140  -0.136731E+05 -0.593852E+02
  0.005   0.140  -0.138838E+05 -0.593848E+02
  0.005   0.140  -0.136728E+05 -0.593855E+02
  0.005   0.140  -0.130462E+05 -0.593871E+02
  0.005   0.140  -0.120233E+05 -0.593880E+02
  0.005   0.140  -0.106351E+05 -0.593863E+02
  0.005   0.140  -0.892374E+04 -0.593795E+02
  0.005   0.140  -0.694124E+04 -0.593651E+02
  0.005   0.140  -0.474783E+04 -0.593413E+02
  0.005   0.140  -0.241017E+04 -0.593066E+02
  0.005   0.140   0.721679E+00 -0.592609E+02
  0.005   0.140   0.241159E+04 -0.592050E+02
  0.005   0.140   0.474917E+04 -0.591413E+02
  0.005   0.140   0.694245E+04 -0.590728E+02
  0.005   0.140   0.892478E+04 -0.590037E+02
  0.005   0.140   0.106359E+05 -0.589387E+02
  0.005   0.140   0.120239E+05 -0.588822E+02
  0.005   0.140   0.130466E+05 -0.588385E+02
  0.005   0.140   0.136728E+05 -0.588110E+02
