  0.002   0.050  -0.283267E+00 -0.426554E+01
  0.002   0.050  -0.117934E+04 -0.426871E+01
  0.002   0.050  -0.232256E+04 -0.427156E+01
  0.002   0.050  -0.339521E+04 -0.427399E+01
  0.002   0.050  -0.436470E+04 -0.427595E+01
  0.002   0.050  -0.520157E+04 -0.427740E+01
  0.002   0.050  -0.588039E+04 -0.427837E+01
  0.002   0.050  -0.638054E+04 -0.427887E+01
  0.002   0.050  -0.668682E+04 -0.427896E+01
  0.002   0.050  -0.678992E+04 -0.427870E+01
  0.002   0.050  -0.668672E+04 -0.427813E+01
  0.002   0.050  -0.638034E+04 -0.427731E+01
  0.002   0.050  -0.588010E+04 -0.427626E+01
  0.002   0.050  -0.520120E+04 -0.427501E+01
  0.002   0.050  -0.436426E+04 -0.427355E+01
  0.002   0.050  -0.339472E+04 -0.427188E+01
  0.002   0.050  -0.232202E+04 -0.426999E+01
  0.002   0.050  -0.117878E+04 -0.426787E+01
  0.002   0.050   0.283336E+00 -0.426553E+01
  0.002   0.050   0.117934E+04 -0.426300E+01
  0.002   0.050   0.232256E+04 -0.426031E+01
  0.002   0.050   0.339521E+04 -0.425755E+01
  0.002   0.050   0.436470E+04 -0.425481E+01
  0.002   0.050   0.520157E+04 -0.425222E+01
  0.002   0.050   0.588039E+04 -0.424990E+01
  0.002   0.050   0.638054E+04 -0.424798E+01
  0.002   0.050   0.668682E+04 -0.424659E+01
  0.002   0.050   0.678992E+04 -0.424583E+01
  0.002   0.050   0.668672E+04 -0.424576E+01
  0.002   0.050   0.638034E+04 -0.424642E+01
  0.002   0.050   0.588010E+04 -0.424780E+01
  0.002   0.050   0.520120E+04 -0.424983E+01
  0.002   0.050   0.436426E+04 -0.425243E+01
  0.002   0.050   0.339472E+04 -0.425545E+01
  0.002   0.050   0.232202E+04 -0.425875E+01
  0.002   0.050   0.117878E+04 -0.426217E+01
  0.002   0.060  -0.340648E+00 -0.426442E+01
  0.002   0.060  -0.141680E+04 -0.426985E+01
  0.002   0.060  -0.279021E+04 -0.427479E+01
  0.002   0.060  -0.407885E+04 -0.427908E+01
  0.002   0.060  -0.524355E+04 -0.428261E+01
  0.002   0.060  -0.624892E+04 -0.428532E+01
  0.002   0.060  -0.706443E+04 -0.428720E+01
  0.002   0.060  -0.766529E+04 -0.428829E+01
  0.002   0.060  -0.803324E+04 -0.428865E+01
  0.002   0.060  -0.815710E+04 -0.428834E+01
  0.002   0.060  -0.803312E+04 -0.428745E+01
  0.002   0.060  -0.766505E+04 -0.428603E+01
  0.002   0.060  -0.706409E+04 -0.428416E+01
  0.002   0.060  -0.624848E+04 -0.428186E+01
  0.002   0.060  -0.524302E+04 -0.427915E+01
  0.002   0.060  -0.407826E+04 -0.427603E+01
  0.002   0.060  -0.278957E+04 -0.427253E+01
  0.002   0.060  -0.141613E+04 -0.426864E+01
  0.002   0.060   0.340793E+00 -0.426441E+01
  0.002   0.060   0.141680E+04 -0.425990E+01
  0.002   0.060   0.279021E+04 -0.425519E+01
  0.002   0.060   0.407885E+04 -0.425044E+01
  0.002   0.060   0.524355E+04 -0.424579E+01
  0.002   0.060   0.624892E+04 -0.424144E+01
  0.002   0.060   0.706443E+04 -0.423760E+01
  0.002   0.060   0.766529E+04 -0.423447E+01
  0.002   0.060   0.803324E+04 -0.423224E+01
  0.002   0.060   0.815710E+04 -0.423106E+01
  0.002   0.060   0.803312E+04 -0.423104E+01
  0.002   0.060   0.766505E+04 -0.423221E+01
  0.002   0.060   0.706409E+04 -0.423456E+01
  0.002   0.060   0.624848E+04 -0.423798E+01
  0.002   0.060   0.524302E+04 -0.424233E+01
  0.002   0.060   0.407826E+04 -0.424740E+01
  0.002   0.060   0.278957E+04 -0.425294E+01
  0.002   0.060   0.141613E+04 -0.425870E+01
  0.003   0.070  -0.396964E+00 -0.426330E+01
  0.003   0.070  -0.165512E+04 -0.427190E+01
  0.003   0.070  -0.325955E+04 -0.427979E+01
  0.003   0.070  -0.476495E+04 -0.428673E+01
  0.003   0.070  -0.612556E+04 -0.429252E+01
  0.003   0.070  -0.730005E+04 -0.429706E+01
  0.003   0.070  -0.825273E+04 -0.430032E+01
  0.003   0.070  -0.895466E+04 -0.430232E+01
  0.003   0.070  -0.938450E+04 -0.430311E+01
  0.003   0.070  -0.952920E+04 -0.430280E+01
  0.003   0.070  -0.938436E+04 -0.430148E+01
  0.003   0.070  -0.895439E+04 -0.429925E+01
  0.003   0.070  -0.825233E+04 -0.429618E+01
  0.003   0.070  -0.729954E+04 -0.429236E+01
  0.003   0.070  -0.612495E+04 -0.428781E+01
  0.003   0.070  -0.476426E+04 -0.428258E+01
  0.003   0.070  -0.325881E+04 -0.427671E+01
  0.003   0.070  -0.165434E+04 -0.427026E+01
  0.003   0.070   0.397240E+00 -0.426329E+01
  0.003   0.070   0.165512E+04 -0.425594E+01
  0.003   0.070   0.325955E+04 -0.424836E+01
  0.003   0.070   0.476495E+04 -0.424079E+01
  0.003   0.070   0.612556E+04 -0.423346E+01
  0.003   0.070   0.730005E+04 -0.422669E+01
  0.003   0.070   0.825273E+04 -0.422076E+01
  0.003   0.070   0.895466E+04 -0.421599E+01
  0.003   0.070   0.938450E+04 -0.421264E+01
  0.003   0.070   0.952920E+04 -0.421094E+01
  0.003   0.070   0.938436E+04 -0.421101E+01
  0.003   0.070   0.895439E+04 -0.421293E+01
  0.003   0.070   0.825233E+04 -0.421663E+01
  0.003   0.070   0.729954E+04 -0.422199E+01
  0.003   0.070   0.612495E+04 -0.422877E+01
  0.003   0.070   0.476426E+04 -0.423666E+01
  0.003   0.070   0.325881E+04 -0.424531E+01
  0.003   0.070   0.165434E+04 -0.425432E+01
  0.003   0.080  -0.454183E+00 -0.426105E+01
  0.003   0.080  -0.189444E+04 -0.427391E+01
  0.003   0.080  -0.373086E+04 -0.428580E+01
  0.003   0.080  -0.545393E+04 -0.429633E+01
  0.003   0.080  -0.701127E+04 -0.430523E+01
  0.003   0.080  -0.835559E+04 -0.431231E+01
  0.003   0.080  -0.944602E+04 -0.431749E+01
  0.003   0.080  -0.102494E+05 -0.432078E+01
  0.003   0.080  -0.107414E+05 -0.432223E+01
  0.003   0.080  -0.109071E+05 -0.432195E+01
  0.003   0.080  -0.107413E+05 -0.432008E+01
  0.003   0.080  -0.102491E+05 -0.431674E+01
  0.003   0.080  -0.944557E+04 -0.431205E+01
  0.003   0.080  -0.835500E+04 -0.430612E+01
  0.003   0.080  -0.701058E+04 -0.429904E+01
  0.003   0.080  -0.545314E+04 -0.429088E+01
  0.003   0.080  -0.373001E+04 -0.428175E+01
  0.003   0.080  -0.189354E+04 -0.427175E+01
  0.003   0.080   0.454401E+00 -0.426103E+01
  0.003   0.080   0.189444E+04 -0.424981E+01
  0.003   0.080   0.373086E+04 -0.423834E+01
  0.003   0.080   0.545393E+04 -0.422696E+01
  0.003   0.080   0.701127E+04 -0.421606E+01
  0.003   0.080   0.835559E+04 -0.420605E+01
  0.003   0.080   0.944602E+04 -0.419736E+01
  0.003   0.080   0.102494E+05 -0.419043E+01
  0.003   0.080   0.107414E+05 -0.418563E+01
  0.003   0.080   0.109071E+05 -0.418325E+01
  0.003   0.080   0.107413E+05 -0.418349E+01
  0.003   0.080   0.102491E+05 -0.418641E+01
  0.003   0.080   0.944557E+04 -0.419194E+01
  0.003   0.080   0.835500E+04 -0.419988E+01
  0.003   0.080   0.701058E+04 -0.420989E+01
  0.003   0.080   0.545314E+04 -0.422155E+01
  0.003   0.080   0.373001E+04 -0.423433E+01
  0.003   0.080   0.189354E+04 -0.424768E+01
  0.003   0.090  -0.514920E+00 -0.425633E+01
  0.003   0.090  -0.213491E+04 -0.427474E+01
  0.003   0.090  -0.420444E+04 -0.429185E+01
  0.003   0.090  -0.614622E+04 -0.430712E+01
  0.003   0.090  -0.790125E+04 -0.432012E+01
  0.003   0.090  -0.941620E+04 -0.433058E+01
  0.003   0.090  -0.106450E+05 -0.433836E+01
  0.003   0.090  -0.115505E+05 -0.434340E+01
  0.003   0.090  -0.121049E+05 -0.434577E+01
  0.003   0.090  -0.122915E+05 -0.434560E+01
  0.003   0.090  -0.121047E+05 -0.434303E+01
  0.003   0.090  -0.115501E+05 -0.433825E+01
  0.003   0.090  -0.106445E+05 -0.433141E+01
  0.003   0.090  -0.941554E+04 -0.432269E+01
  0.003   0.090  -0.790046E+04 -0.431223E+01
  0.003   0.090  -0.614533E+04 -0.430017E+01
  0.003   0.090  -0.420347E+04 -0.428669E+01
  0.003   0.090  -0.213390E+04 -0.427198E+01
  0.003   0.090   0.514654E+00 -0.425630E+01
  0.003   0.090   0.213491E+04 -0.423997E+01
  0.003   0.090   0.420444E+04 -0.422340E+01
  0.003   0.090   0.614622E+04 -0.420706E+01
  0.003   0.090   0.790125E+04 -0.419150E+01
  0.003   0.090   0.941620E+04 -0.417730E+01
  0.003   0.090   0.106450E+05 -0.416507E+01
  0.003   0.090   0.115505E+05 -0.415538E+01
  0.003   0.090   0.121049E+05 -0.414873E+01
  0.003   0.090   0.122915E+05 -0.414552E+01
  0.003   0.090   0.121047E+05 -0.414600E+01
  0.003   0.090   0.115501E+05 -0.415025E+01
  0.003   0.090   0.106445E+05 -0.415816E+01
  0.003   0.090   0.941554E+04 -0.416944E+01
  0.003   0.090   0.790046E+04 -0.418364E+01
  0.003   0.090   0.614533E+04 -0.420015E+01
  0.003   0.090   0.420347E+04 -0.421828E+01
  0.003   0.090   0.213390E+04 -0.423726E+01
  0.004   0.100  -0.569002E+00 -0.425613E+01
  0.004   0.100  -0.237668E+04 -0.428159E+01
  0.004   0.100  -0.468058E+04 -0.430535E+01
  0.004   0.100  -0.684226E+04 -0.432667E+01
  0.004   0.100  -0.879604E+04 -0.434496E+01
  0.004   0.100  -0.104826E+05 -0.435981E+01
  0.004   0.100  -0.118506E+05 -0.437097E+01
  0.004   0.100  -0.128585E+05 -0.437835E+01
  0.004   0.100  -0.134757E+05 -0.438199E+01
  0.004   0.100  -0.136835E+05 -0.438202E+01
  0.004   0.100  -0.134755E+05 -0.437862E+01
  0.004   0.100  -0.128581E+05 -0.437201E+01
  0.004   0.100  -0.118500E+05 -0.436243E+01
  0.004   0.100  -0.104818E+05 -0.435010E+01
  0.004   0.100  -0.879517E+04 -0.433525E+01
  0.004   0.100  -0.684127E+04 -0.431812E+01
  0.004   0.100  -0.467951E+04 -0.429900E+01
  0.004   0.100  -0.237556E+04 -0.427819E+01
  0.004   0.100   0.569212E+00 -0.425609E+01
  0.004   0.100   0.237668E+04 -0.423320E+01
  0.004   0.100   0.468058E+04 -0.421008E+01
  0.004   0.100   0.684226E+04 -0.418741E+01
  0.004   0.100   0.879604E+04 -0.416594E+01
  0.004   0.100   0.104826E+05 -0.414646E+01
  0.004   0.100   0.118506E+05 -0.412978E+01
  0.004   0.100   0.128585E+05 -0.411665E+01
  0.004   0.100   0.134757E+05 -0.410774E+01
  0.004   0.100   0.136835E+05 -0.410354E+01
  0.004   0.100   0.134755E+05 -0.410438E+01
  0.004   0.100   0.128581E+05 -0.411034E+01
  0.004   0.100   0.118500E+05 -0.412128E+01
  0.004   0.100   0.104818E+05 -0.413679E+01
  0.004   0.100   0.879517E+04 -0.415627E+01
  0.004   0.100   0.684127E+04 -0.417891E+01
  0.004   0.100   0.467951E+04 -0.420378E+01
  0.004   0.100   0.237556E+04 -0.422986E+01
  0.004   0.110  -0.630859E+00 -0.425524E+01
  0.004   0.110  -0.261991E+04 -0.428953E+01
  0.004   0.110  -0.515959E+04 -0.432165E+01
  0.004   0.110  -0.754250E+04 -0.435061E+01
  0.004   0.110  -0.969623E+04 -0.437558E+01
  0.004   0.110  -0.115553E+05 -0.439599E+01
  0.004   0.110  -0.130634E+05 -0.441147E+01
  0.004   0.110  -0.141744E+05 -0.442184E+01
  0.004   0.110  -0.148549E+05 -0.442711E+01
  0.004   0.110  -0.150839E+05 -0.442742E+01
  0.004   0.110  -0.148546E+05 -0.442297E+01
  0.004   0.110  -0.141740E+05 -0.441405E+01
  0.004   0.110  -0.130627E+05 -0.440097E+01
  0.004   0.110  -0.115545E+05 -0.438406E+01
  0.004   0.110  -0.969526E+04 -0.436364E+01
  0.004   0.110  -0.754140E+04 -0.434010E+01
  0.004   0.110  -0.515841E+04 -0.431384E+01
  0.004   0.110  -0.261867E+04 -0.428535E+01
  0.004   0.110   0.631512E+00 -0.425520E+01
  0.004   0.110   0.261991E+04 -0.422407E+01
  0.004   0.110   0.515959E+04 -0.419278E+01
  0.004   0.110   0.754250E+04 -0.416223E+01
  0.004   0.110   0.969623E+04 -0.413342E+01
  0.004   0.110   0.115553E+05 -0.410741E+01
  0.004   0.110   0.130634E+05 -0.408523E+01
  0.004   0.110   0.141744E+05 -0.406786E+01
  0.004   0.110   0.148549E+05 -0.405615E+01
  0.004   0.110   0.150839E+05 -0.405074E+01
  0.004   0.110   0.148546E+05 -0.405202E+01
  0.004   0.110   0.141740E+05 -0.406011E+01
  0.004   0.110   0.130627E+05 -0.407478E+01
  0.004   0.110   0.115545E+05 -0.409553E+01
  0.004   0.110   0.969526E+04 -0.412155E+01
  0.004   0.110   0.754141E+04 -0.415180E+01
  0.004   0.110   0.515841E+04 -0.418505E+01
  0.004   0.110   0.261867E+04 -0.421998E+01
  0.005   0.120  -0.690987E+00 -0.425019E+01
  0.005   0.120  -0.286476E+04 -0.429531E+01
  0.005   0.120  -0.564179E+04 -0.433771E+01
  0.005   0.120  -0.824740E+04 -0.437607E+01
  0.005   0.120  -0.106024E+05 -0.440931E+01
  0.005   0.120  -0.126353E+05 -0.443661E+01
  0.005   0.120  -0.142842E+05 -0.445747E+01
  0.005   0.120  -0.154991E+05 -0.447159E+01
  0.005   0.120  -0.162431E+05 -0.447895E+01
  0.005   0.120  -0.164936E+05 -0.447965E+01
  0.005   0.120  -0.162429E+05 -0.447396E+01
  0.005   0.120  -0.154987E+05 -0.446222E+01
  0.005   0.120  -0.142835E+05 -0.444484E+01
  0.005   0.120  -0.126344E+05 -0.442225E+01
  0.005   0.120  -0.106014E+05 -0.439494E+01
  0.005   0.120  -0.824620E+04 -0.436343E+01
  0.005   0.120  -0.564049E+04 -0.432831E+01
  0.005   0.120  -0.286340E+04 -0.429027E+01
  0.005   0.120   0.691172E+00 -0.425013E+01
  0.005   0.120   0.286476E+04 -0.420881E+01
  0.005   0.120   0.564179E+04 -0.416741E+01
  0.005   0.120   0.824740E+04 -0.412714E+01
  0.005   0.120   0.106024E+05 -0.408931E+01
  0.005   0.120   0.126353E+05 -0.405526E+01
  0.005   0.120   0.142842E+05 -0.402636E+01
  0.005   0.120   0.154991E+05 -0.400382E+01
  0.005   0.120   0.162431E+05 -0.398873E+01
  0.005   0.120   0.164936E+05 -0.398188E+01
  0.005   0.120   0.162429E+05 -0.398377E+01
  0.005   0.120   0.154987E+05 -0.399450E+01
  0.005   0.120   0.142835E+05 -0.401379E+01
  0.005   0.120   0.126344E+05 -0.404098E+01
  0.005   0.120   0.106014E+05 -0.407503E+01
  0.005   0.120   0.824620E+04 -0.411459E+01
  0.005   0.120   0.564049E+04 -0.415812E+01
  0.005   0.120   0.286340E+04 -0.420390E+01
  0.005   0.130  -0.724979E+00 -0.425952E+01
  0.005   0.130  -0.311137E+04 -0.431779E+01
  0.005   0.130  -0.612748E+04 -0.437273E+01
  0.005   0.130  -0.895741E+04 -0.442261E+01
  0.005   0.130  -0.115152E+05 -0.446600E+01
  0.005   0.130  -0.137231E+05 -0.450184E+01
  0.005   0.130  -0.155140E+05 -0.452939E+01
  0.005   0.130  -0.168335E+05 -0.454823E+01
  0.005   0.130  -0.176415E+05 -0.455824E+01
  0.005   0.130  -0.179136E+05 -0.455952E+01
  0.005   0.130  -0.176413E+05 -0.455236E+01
  0.005   0.130  -0.168330E+05 -0.453718E+01
  0.005   0.130  -0.155132E+05 -0.451450E+01
  0.005   0.130  -0.137221E+05 -0.448490E+01
  0.005   0.130  -0.115141E+05 -0.444905E+01
  0.005   0.130  -0.895615E+04 -0.440768E+01
  0.005   0.130  -0.612612E+04 -0.436163E+01
  0.005   0.130  -0.310994E+04 -0.431185E+01
  0.005   0.130   0.728637E+00 -0.425945E+01
  0.005   0.130   0.311138E+04 -0.420569E+01
  0.005   0.130   0.612749E+04 -0.415199E+01
  0.005   0.130   0.895742E+04 -0.409994E+01
  0.005   0.130   0.115152E+05 -0.405122E+01
  0.005   0.130   0.137231E+05 -0.400754E+01
  0.005   0.130   0.155140E+05 -0.397059E+01
  0.005   0.130   0.168335E+05 -0.394192E+01
  0.005   0.130   0.176416E+05 -0.392283E+01
  0.005   0.130   0.179136E+05 -0.391432E+01
  0.005   0.130   0.176413E+05 -0.391698E+01
  0.005   0.130   0.168330E+05 -0.393092E+01
  0.005   0.130   0.155132E+05 -0.395577E+01
  0.005   0.130   0.137221E+05 -0.399070E+01
  0.005   0.130   0.115141E+05 -0.403438E+01
  0.005   0.130   0.895616E+04 -0.408515E+01
  0.005   0.130   0.612612E+04 -0.414103E+01
  0.005   0.130   0.310994E+04 -0.419989E+01
  0.005   0.140  -0.832253E+00 -0.424966E+01
  0.005   0.140  -0.336002E+04 -0.432394E+01
  0.005   0.140  -0.661711E+04 -0.439410E+01
  0.005   0.140  -0.967315E+04 -0.445791E+01
  0.005   0.140  -0.124353E+05 -0.451356E+01
  0.005   0.140  -0.148196E+05 -0.455962E+01
  0.005   0.140  -0.167536E+05 -0.459512E+01
  0.005   0.140  -0.181785E+05 -0.461948E+01
  0.005   0.140  -0.190511E+05 -0.463251E+01
  0.005   0.140  -0.193449E+05 -0.463430E+01
  0.005   0.140  -0.190508E+05 -0.462520E+01
  0.005   0.140  -0.181779E+05 -0.460575E+01
  0.005   0.140  -0.167527E+05 -0.457661E+01
  0.005   0.140  -0.148185E+05 -0.453856E+01
  0.005   0.140  -0.124340E+05 -0.449248E+01
  0.005   0.140  -0.967171E+04 -0.443936E+01
  0.005   0.140  -0.661555E+04 -0.438030E+01
  0.005   0.140  -0.335838E+04 -0.431655E+01
  0.005   0.140   0.834087E+00 -0.424955E+01
  0.005   0.140   0.336002E+04 -0.418095E+01
  0.005   0.140   0.661711E+04 -0.411256E+01
  0.005   0.140   0.967315E+04 -0.404639E+01
  0.005   0.140   0.124353E+05 -0.398455E+01
  0.005   0.140   0.148196E+05 -0.392920E+01
  0.005   0.140   0.167536E+05 -0.388244E+01
  0.005   0.140   0.181785E+05 -0.384621E+01
  0.005   0.140   0.190511E+05 -0.382212E+01
  0.005   0.140   0.193449E+05 -0.381143E+01
  0.005   0.140   0.190508E+05 -0.381485E+01
  0.005   0.140   0.181779E+05 -0.383254E+01
  0.005   0.140   0.167527E+05 -0.386403E+01
  0.005   0.140   0.148185E+05 -0.390827E+01
  0.005   0.140   0.124340E+05 -0.396363E+01
  0.005   0.140   0.967171E+04 -0.402801E+01
  0.005   0.140   0.661555E+04 -0.409895E+01
  0.005   0.140   0.335838E+04 -0.417376E+01
