       1         -1.718348E+01
       2         -1.514757E+01
       3         -1.219962E+01
       4         -9.031565E+00
       5         -5.779165E+00
       6         -2.503802E+00
       7          7.428600E-01
       8         -1.699088E+01
       9         -1.461877E+01
      10         -1.139272E+01
      11         -7.965560E+00
      12         -4.475003E+00
      13         -1.001082E+00
      14          2.391418E+00
      15         -1.684145E+01
      16         -1.420848E+01
      17         -1.076666E+01
      18         -7.138478E+00
      19         -3.463140E+00
      20          1.648275E-01
      21          3.670480E+00
      22         -1.673813E+01
      23         -1.392480E+01
      24         -1.033379E+01
      25         -6.566603E+00
      26         -2.763500E+00
      27          9.709900E-01
      28          4.554885E+00
      29         -1.668329E+01
      30         -1.377424E+01
      31         -1.010405E+01
      32         -6.263098E+00
      33         -2.392188E+00
      34          1.398840E+00
      35          5.024260E+00
      36         -1.667906E+01
      37         -1.376262E+01
      38         -1.008633E+01
      39         -6.239685E+00
      40         -2.363540E+00
      41          1.431843E+00
      42          5.060465E+00
      43         -1.672801E+01
      44         -1.389703E+01
      45         -1.029143E+01
      46         -6.510633E+00
      47         -2.695020E+00
      48          1.049893E+00
      49          4.641445E+00
      50         -1.682694E+01
      51         -1.416866E+01
      52         -1.070591E+01
      53         -7.058200E+00
      54         -3.364925E+00
      55          2.779950E-01
      56          3.794632E+00
      57         -1.697136E+01
      58         -1.456517E+01
      59         -1.131094E+01
      60         -7.857515E+00
      61         -4.342818E+00
      62         -8.487775E-01
      63          2.558508E+00
      64         -1.715492E+01
      65         -1.506916E+01
      66         -1.207997E+01
      67         -8.873493E+00
      68         -5.585773E+00
      69         -2.280968E+00
      70          9.873200E-01
      71         -1.736575E+01
      72         -1.564801E+01
      73         -1.296324E+01
      74         -1.004038E+01
      75         -7.013355E+00
      76         -3.925902E+00
      77         -8.172600E-01
      78         -1.759496E+01
      79         -1.627732E+01
      80         -1.392351E+01
      81         -1.130900E+01
      82         -8.565408E+00
      83         -5.714255E+00
      84         -2.779170E+00
      85         -1.783320E+01
      86         -1.693146E+01
      87         -1.492166E+01
      88         -1.262766E+01
      89         -1.017867E+01
      90         -7.573132E+00
      91         -4.818452E+00
      92         -1.806963E+01
      93         -1.758059E+01
      94         -1.591216E+01
      95         -1.393623E+01
      96         -1.177958E+01
      97         -9.417775E+00
      98         -6.842120E+00
      99         -1.829799E+01
     100         -1.820758E+01
     101         -1.686890E+01
     102         -1.520017E+01
     103         -1.332591E+01
     104         -1.119953E+01
     105         -8.796798E+00
     106         -1.850517E+01
     107         -1.877644E+01
     108         -1.773691E+01
     109         -1.634691E+01
     110         -1.472885E+01
     111         -1.281608E+01
     112         -1.057022E+01
     113         -1.867559E+01
     114         -1.924434E+01
     115         -1.845088E+01
     116         -1.729014E+01
     117         -1.588280E+01
     118         -1.414572E+01
     119         -1.202891E+01
     120         -1.880256E+01
     121         -1.959295E+01
     122         -1.898283E+01
     123         -1.799291E+01
     124         -1.674258E+01
     125         -1.513639E+01
     126         -1.311573E+01
     127         -1.888190E+01
     128         -1.981080E+01
     129         -1.931524E+01
     130         -1.843205E+01
     131         -1.727984E+01
     132         -1.575545E+01
     133         -1.379486E+01
     134         -1.891161E+01
     135         -1.989235E+01
     136         -1.943968E+01
     137         -1.859645E+01
     138         -1.748096E+01
     139         -1.598719E+01
     140         -1.404910E+01
     141         -1.889032E+01
     142         -1.983389E+01
     143         -1.935048E+01
     144         -1.847861E+01
     145         -1.733679E+01
     146         -1.582107E+01
     147         -1.386686E+01
     148         -1.881743E+01
     149         -1.963375E+01
     150         -1.904508E+01
     151         -1.807514E+01
     152         -1.684318E+01
     153         -1.525232E+01
     154         -1.324291E+01
     155         -1.869399E+01
     156         -1.929484E+01
     157         -1.852794E+01
     158         -1.739194E+01
     159         -1.600735E+01
     160         -1.428923E+01
     161         -1.218635E+01
     162         -1.852702E+01
     163         -1.883643E+01
     164         -1.782846E+01
     165         -1.646786E+01
     166         -1.487681E+01
     167         -1.298656E+01
     168         -1.075726E+01
     169         -1.832856E+01
     170         -1.829153E+01
     171         -1.699698E+01
     172         -1.536940E+01
     173         -1.353295E+01
     174         -1.143810E+01
     175         -9.058512E+00
     176         -1.810784E+01
     177         -1.768551E+01
     178         -1.607225E+01
     179         -1.414772E+01
     180         -1.203833E+01
     181         -9.715930E+00
     182         -7.169210E+00
     183         -1.787277E+01
     184         -1.704009E+01
     185         -1.508742E+01
     186         -1.284665E+01
     187         -1.044658E+01
     188         -7.881832E+00
     189         -5.157115E+00
     190         -1.763407E+01
     191         -1.638471E+01
     192         -1.408738E+01
     193         -1.152549E+01
     194         -8.830260E+00
     195         -6.019432E+00
     196         -3.113968E+00
     197         -1.740262E+01
     198         -1.574926E+01
     199         -1.311774E+01
     200         -1.024449E+01
     201         -7.263073E+00
     202         -4.213640E+00
     203         -1.132917E+00
     204          3.883323E+00
     205          5.556488E+00
     206          7.825448E+00
     207          8.429018E+00
     208          8.347458E+00
     209          6.884572E+00
     210          7.249300E+00
     211          4.496015E+00
     212          6.045070E+00
     213          6.953925E-01
     214         -3.489467E+00
     215         -1.394517E+00
     216          2.686920E+00
     217          8.055955E+00
     218         -4.520853E+00
     219         -8.191515E+00
     220         -9.612590E+00
     221         -1.128887E+01
     222         -1.123283E+01
     223         -1.148331E+01
     224         -1.065826E+01
     225         -9.430295E+00
     226         -6.200505E+00
     227         -7.954807E+00
     228         -2.170730E+00
     229          1.974555E+00
     230         -6.569500E-02
     231         -4.246565E+00
     232         -1.054156E+01
     233         -6.432663E+00
     234         -6.509437E+00
