  0.000   0.000   0.000000E+00  0.000000E+00
  0.000   0.000   0.000000E+00  0.000000E+00
  0.000   0.000   0.000000E+00  0.000000E+00
  0.000   0.000   0.000000E+00  0.000000E+00
  0.000   0.000   0.000000E+00  0.000000E+00
  0.000   0.000   0.000000E+00  0.000000E+00
  0.000   0.000   0.000000E+00  0.000000E+00
  0.000   0.000   0.000000E+00  0.000000E+00
  0.000   0.000   0.000000E+00  0.000000E+00
  0.000   0.000   0.000000E+00  0.000000E+00
  0.000   0.000   0.000000E+00  0.000000E+00
  0.000   0.000   0.000000E+00  0.000000E+00
  0.000   0.000   0.000000E+00  0.000000E+00
  0.000   0.000   0.000000E+00  0.000000E+00
  0.000   0.000   0.000000E+00  0.000000E+00
  0.000   0.000   0.000000E+00  0.000000E+00
  0.000   0.000   0.000000E+00  0.000000E+00
  0.000   0.000   0.000000E+00  0.000000E+00
  0.000   0.000   0.000000E+00  0.000000E+00
  0.000   0.000   0.000000E+00  0.000000E+00
 -1.000  -1.000            NaN           NaN
 -1.000  -1.000            NaN           NaN
 -1.000  -1.000            NaN           NaN
 -1.000  -1.000            NaN           NaN
 -1.000  -1.000            NaN           NaN
 -1.000  -1.000            NaN           NaN
 -1.000  -1.000            NaN           NaN
 -1.000  -1.000            NaN           NaN
 -1.000  -1.000            NaN           NaN
 -1.000  -1.000            NaN           NaN
 -1.000  -1.000            NaN           NaN
 -1.000  -1.000            NaN           NaN
 -1.000  -1.000            NaN           NaN
 -1.000  -1.000            NaN           NaN
 -1.000  -1.000            NaN           NaN
 -1.000  -1.000            NaN           NaN
 -1.000  -1.000            NaN           NaN
 -1.000  -1.000            NaN           NaN
 -1.000  -1.000            NaN           NaN
 -1.000  -1.000            NaN           NaN
  0.067   0.200  -0.639967E-05  0.123784E-03
  0.067   0.200  -0.282079E-05  0.123851E-03
  0.067   0.200   0.459385E-06  0.123854E-03
  0.067   0.200   0.369780E-05  0.123774E-03
  0.067   0.200   0.676001E-05  0.123614E-03
  0.067   0.200  -0.640414E-05  0.123796E-03
  0.067   0.200  -0.283567E-05  0.123862E-03
  0.067   0.200   0.440167E-06  0.123861E-03
  0.067   0.200   0.367716E-05  0.123777E-03
  0.067   0.200   0.674171E-05  0.123613E-03
  0.067   0.200  -0.639971E-05  0.123799E-03
  0.067   0.200  -0.283065E-05  0.123866E-03
  0.067   0.200   0.444153E-06  0.123866E-03
  0.067   0.200   0.367923E-05  0.123783E-03
  0.067   0.200   0.674135E-05  0.123619E-03
  0.067   0.200  -0.637293E-05  0.123791E-03
  0.067   0.200  -0.279552E-05  0.123865E-03
  0.067   0.200   0.476785E-06  0.123872E-03
  0.067   0.200   0.370965E-05  0.123795E-03
  0.067   0.200   0.675961E-05  0.123638E-03
