  0.000   0.000   0.000000E+00  0.000000E+00
  0.000   0.000   0.000000E+00  0.000000E+00
  0.000   0.000   0.000000E+00  0.000000E+00
  0.000   0.000   0.000000E+00  0.000000E+00
  0.000   0.000   0.000000E+00  0.000000E+00
  0.000   0.000   0.000000E+00  0.000000E+00
  0.000   0.000   0.000000E+00  0.000000E+00
  0.000   0.000   0.000000E+00  0.000000E+00
  0.000   0.000   0.000000E+00  0.000000E+00
  0.000   0.000   0.000000E+00  0.000000E+00
  0.000   0.000   0.000000E+00  0.000000E+00
  0.000   0.000   0.000000E+00  0.000000E+00
  0.000   0.000   0.000000E+00  0.000000E+00
  0.000   0.000   0.000000E+00  0.000000E+00
  0.000   0.000   0.000000E+00  0.000000E+00
  0.000   0.000   0.000000E+00  0.000000E+00
  0.000   0.000   0.000000E+00  0.000000E+00
  0.000   0.000   0.000000E+00  0.000000E+00
  0.000   0.000   0.000000E+00  0.000000E+00
  0.000   0.000   0.000000E+00  0.000000E+00
 -1.000  -1.000            NaN           NaN
 -1.000  -1.000            NaN           NaN
 -1.000  -1.000            NaN           NaN
 -1.000  -1.000            NaN           NaN
 -1.000  -1.000            NaN           NaN
 -1.000  -1.000            NaN           NaN
 -1.000  -1.000            NaN           NaN
 -1.000  -1.000            NaN           NaN
 -1.000  -1.000            NaN           NaN
 -1.000  -1.000            NaN           NaN
 -1.000  -1.000            NaN           NaN
 -1.000  -1.000            NaN           NaN
 -1.000  -1.000            NaN           NaN
 -1.000  -1.000            NaN           NaN
 -1.000  -1.000            NaN           NaN
 -1.000  -1.000            NaN           NaN
 -1.000  -1.000            NaN           NaN
 -1.000  -1.000            NaN           NaN
 -1.000  -1.000            NaN           NaN
 -1.000  -1.000            NaN           NaN
  0.067   0.200   0.196883E+00  0.908023E-03
  0.067   0.200   0.191144E+00 -0.332644E-02
  0.067   0.200   0.190626E+00 -0.788894E-02
  0.067   0.200   0.190744E+00 -0.124874E-01
  0.067   0.200   0.196045E+00 -0.173105E-01
  0.067   0.200   0.197153E+00  0.722374E-03
  0.067   0.200   0.191567E+00 -0.343201E-02
  0.067   0.200   0.191069E+00 -0.790753E-02
  0.067   0.200   0.191174E+00 -0.124175E-01
  0.067   0.200   0.196329E+00 -0.171462E-01
  0.067   0.200   0.197153E+00  0.722631E-03
  0.067   0.200   0.191567E+00 -0.343169E-02
  0.067   0.200   0.191069E+00 -0.790718E-02
  0.067   0.200   0.191173E+00 -0.124172E-01
  0.067   0.200   0.196329E+00 -0.171459E-01
  0.067   0.200   0.196884E+00  0.908855E-03
  0.067   0.200   0.191145E+00 -0.332532E-02
  0.067   0.200   0.190626E+00 -0.788772E-02
  0.067   0.200   0.190744E+00 -0.124862E-01
  0.067   0.200   0.196044E+00 -0.173093E-01
