  0.000   0.000    0.93358E-03   0.18401E+01   0.11065E-01  -0.98413E-01   0.56871E-04   0.38547E-05
  0.000   0.000   -0.22254E-03  -0.18271E+00   0.29602E+00   0.96451E-02  -0.11745E-04  -0.50406E-06
  0.000   0.000   -0.26880E-03  -0.18380E-01   0.69292E-01   0.99190E-03  -0.18616E-04   0.23884E-06
  0.000   0.000   -0.20621E-04  -0.54725E-02   0.31173E-01   0.29289E-03  -0.10272E-05  -0.18093E-07
  0.000   0.000    0.69291E-02   0.25457E-02   0.21361E-01  -0.13593E-03   0.37112E-03  -0.21070E-07
  0.000   0.000    0.32326E-03   0.78158E-02   0.42788E-03  -0.41906E-03   0.17115E-04   0.16165E-07
  0.000   0.000    0.48497E-02  -0.12521E-02   0.22391E-01   0.66848E-04   0.25934E-03  -0.80558E-08
  0.000   0.000    0.23478E-02  -0.15277E-02   0.16844E-01   0.81805E-04   0.12564E-03  -0.64035E-08
  0.000   0.000    0.89488E-05   0.94520E-03  -0.91245E-04  -0.50688E-04   0.47589E-06   0.72487E-09
  0.000   0.000    0.57463E-03   0.73120E-03   0.31126E-02  -0.39232E-04   0.30762E-04  -0.54168E-09
  0.000   0.000   -0.21184E-03  -0.18406E+00  -0.29354E+00   0.97162E-02  -0.12216E-04  -0.18127E-06
  0.000   0.000    0.94114E-03   0.18484E+01  -0.85459E-03  -0.98849E-01   0.57268E-04   0.38719E-05
  0.000   0.000   -0.20979E-03  -0.18205E+00   0.29345E+00   0.96095E-02  -0.10918E-04  -0.51253E-06
  0.000   0.000   -0.26289E-03  -0.18377E-01   0.67871E-01   0.99159E-03  -0.18303E-04   0.23918E-06
  0.000   0.000    0.34280E-06   0.76035E-02  -0.12093E-03  -0.40776E-03  -0.11803E-06   0.16483E-07
  0.000   0.000   -0.66506E-02   0.25491E-02  -0.20780E-01  -0.13674E-03  -0.35586E-03   0.15069E-07
  0.000   0.000    0.67410E-02   0.25660E-02   0.20593E-01  -0.13700E-03   0.36106E-03  -0.20652E-07
  0.000   0.000    0.47176E-02  -0.12500E-02   0.21721E-01   0.66699E-04   0.25229E-03  -0.77584E-08
  0.000   0.000   -0.56589E-03   0.71939E-03  -0.31963E-02  -0.38580E-04  -0.30295E-04   0.17599E-08
  0.000   0.000   -0.12630E-04   0.91556E-03  -0.69472E-04  -0.49097E-04  -0.67314E-06   0.68591E-09
  0.000   0.000    0.11776E-04  -0.18700E-01  -0.68429E-01   0.10071E-02   0.24856E-05  -0.32556E-06
  0.000   0.000   -0.20090E-03  -0.18341E+00  -0.29475E+00   0.96820E-02  -0.11627E-04  -0.17980E-06
  0.000   0.000    0.94883E-03   0.18484E+01  -0.13760E-02  -0.98849E-01   0.57703E-04   0.38703E-05
  0.000   0.000   -0.19871E-03  -0.18269E+00   0.29227E+00   0.96434E-02  -0.10326E-04  -0.51339E-06
  0.000   0.000   -0.67665E-02   0.25693E-02  -0.20977E-01  -0.13780E-03  -0.36203E-03   0.15327E-07
  0.000   0.000   -0.47394E-02  -0.12727E-02  -0.22057E-01   0.68041E-04  -0.25347E-03   0.97130E-08
  0.000   0.000   -0.52708E-04   0.76029E-02  -0.30386E-03  -0.40773E-03  -0.29559E-05   0.16560E-07
  0.000   0.000    0.66269E-02   0.25465E-02   0.20395E-01  -0.13598E-03   0.35499E-03  -0.20309E-07
  0.000   0.000   -0.80681E-03   0.32713E-03  -0.50884E-02  -0.17547E-04  -0.43195E-04   0.22216E-08
  0.000   0.000   -0.57506E-03   0.73026E-03  -0.31222E-02  -0.39148E-04  -0.30782E-04   0.17356E-08
  0.000   0.000    0.22406E-04  -0.54947E-02  -0.31493E-01   0.29429E-03   0.11885E-05   0.22089E-07
  0.000   0.000    0.18340E-04  -0.18700E-01  -0.69817E-01   0.10073E-02   0.28382E-05  -0.32416E-06
  0.000   0.000   -0.19635E-03  -0.18406E+00  -0.29727E+00   0.97174E-02  -0.11253E-04  -0.18607E-06
  0.000   0.000    0.95173E-03   0.18402E+01  -0.13149E-01  -0.98415E-01   0.57812E-04   0.38600E-05
  0.000   0.000   -0.48724E-02  -0.12719E-02  -0.22697E-01   0.68041E-04  -0.26057E-03   0.10077E-07
  0.000   0.000   -0.23576E-02  -0.15436E-02  -0.17098E-01   0.82735E-04  -0.12617E-03   0.53889E-08
  0.000   0.000   -0.69546E-02   0.25492E-02  -0.21708E-01  -0.13673E-03  -0.37209E-03   0.15834E-07
  0.000   0.000   -0.37107E-03   0.78155E-02  -0.81527E-03  -0.41904E-03  -0.19944E-04   0.17521E-07
  0.000   0.000   -0.76789E-03   0.16910E-04  -0.58317E-02  -0.90602E-06  -0.41116E-04   0.21663E-08
  0.000   0.000   -0.83046E-03   0.34872E-03  -0.52001E-02  -0.18687E-04  -0.44461E-04   0.22594E-08
  0.000   0.000    0.66998E-02   0.25554E-02  -0.20840E-01  -0.13736E-03   0.35931E-03  -0.74749E-07
  0.000   0.000    0.28223E-04   0.75893E-02  -0.18426E-03  -0.40658E-03   0.19522E-05   0.46532E-08
  0.000   0.000   -0.67778E-02   0.25811E-02   0.20555E-01  -0.13824E-03  -0.36397E-03   0.10723E-06
  0.000   0.000   -0.47186E-02  -0.12473E-02   0.21698E-01   0.66581E-04  -0.25232E-03  -0.11190E-07
  0.000   0.000    0.95609E-03   0.18485E+01  -0.90226E-03  -0.98850E-01   0.58068E-04   0.38717E-05
  0.000   0.000   -0.23997E-03  -0.18405E+00  -0.29365E+00   0.97159E-02  -0.13726E-04  -0.18108E-06
  0.000   0.000   -0.13870E-03  -0.18204E+00   0.29346E+00   0.96091E-02  -0.70992E-05  -0.51342E-06
  0.000   0.000   -0.19708E-03  -0.18377E-01   0.67895E-01   0.99159E-03  -0.14766E-04   0.23830E-06
  0.000   0.000   -0.66719E-02   0.25588E-02  -0.20748E-01  -0.13727E-03  -0.35700E-03   0.15281E-07
  0.000   0.000   -0.11053E-03   0.77028E-02   0.29580E-04  -0.41300E-03  -0.60148E-05   0.17003E-07
  0.000   0.000   -0.30042E-03   0.78004E-02   0.39892E-03  -0.41781E-03  -0.15606E-04   0.64938E-08
  0.000   0.000   -0.69710E-02   0.25587E-02   0.21352E-01  -0.13705E-03  -0.37429E-03   0.10688E-06
  0.000   0.000   -0.48551E-02  -0.12509E-02   0.22390E-01   0.66813E-04  -0.25961E-03  -0.11141E-07
  0.000   0.000   -0.23527E-02  -0.15270E-02   0.16853E-01   0.81773E-04  -0.12589E-03  -0.67359E-08
  0.000   0.000   -0.16484E-03  -0.18270E+00   0.29613E+00   0.96448E-02  -0.86505E-05  -0.50452E-06
  0.000   0.000    0.95153E-03   0.18402E+01   0.11116E-01  -0.98414E-01   0.57831E-04   0.38546E-05
  0.000   0.000   -0.20465E-03  -0.18389E-01   0.69392E-01   0.99242E-03  -0.15173E-04   0.23814E-06
  0.000   0.000    0.15059E-04  -0.54813E-02   0.31237E-01   0.29336E-03   0.88846E-06  -0.18517E-07
  0.000   0.000    0.31468E-03   0.78112E-02   0.43523E-03  -0.41881E-03   0.16656E-04   0.16153E-07
  0.000   0.000    0.68484E-02   0.25047E-02   0.21314E-01  -0.13376E-03   0.36684E-03  -0.20894E-07
  0.000   0.000    0.47495E-02  -0.12748E-02  -0.22093E-01   0.68142E-04   0.25398E-03  -0.15373E-08
  0.000   0.000    0.68167E-02   0.25746E-02  -0.21044E-01  -0.13836E-03   0.36553E-03  -0.74997E-07
  0.000   0.000    0.82479E-04   0.75889E-02  -0.37590E-03  -0.40656E-03   0.48565E-05   0.44136E-08
  0.000   0.000   -0.66614E-02   0.25620E-02   0.20349E-01  -0.13725E-03  -0.35777E-03   0.10671E-06
  0.000   0.000   -0.25202E-03  -0.18340E+00  -0.29486E+00   0.96815E-02  -0.14371E-04  -0.17934E-06
  0.000   0.000   -0.33427E-04  -0.18709E-01  -0.68546E-01   0.10076E-02   0.64372E-07  -0.32540E-06
  0.000   0.000    0.95246E-03   0.18485E+01  -0.14472E-02  -0.98850E-01   0.57896E-04   0.38702E-05
  0.000   0.000   -0.13987E-03  -0.18268E+00   0.29223E+00   0.96430E-02  -0.71621E-05  -0.51428E-06
  0.000   0.000   -0.47504E-02  -0.12443E-02  -0.21965E-01   0.66511E-04  -0.25406E-03   0.10154E-07
  0.000   0.000   -0.67590E-02   0.28208E-02  -0.20563E-01  -0.15109E-03  -0.36165E-03   0.15689E-07
  0.000   0.000    0.23641E-02  -0.15441E-02  -0.17109E-01   0.82757E-04   0.12650E-03  -0.16716E-08
  0.000   0.000    0.48806E-02  -0.12748E-02  -0.22722E-01   0.68181E-04   0.26098E-03  -0.16112E-08
  0.000   0.000    0.70017E-02   0.25548E-02  -0.21765E-01  -0.13731E-03   0.37543E-03  -0.75113E-07
  0.000   0.000    0.39994E-03   0.78023E-02  -0.87709E-03  -0.41791E-03   0.21806E-04   0.35509E-08
  0.000   0.000   -0.48287E-04  -0.18700E-01  -0.69892E-01   0.10073E-02  -0.73277E-06  -0.32366E-06
  0.000   0.000   -0.86962E-05  -0.55035E-02  -0.31549E-01   0.29477E-03  -0.47627E-06   0.22184E-07
  0.000   0.000   -0.27489E-03  -0.18406E+00  -0.29733E+00   0.97170E-02  -0.15472E-04  -0.18510E-06
  0.000   0.000    0.92677E-03   0.18402E+01  -0.13183E-01  -0.98415E-01   0.56470E-04   0.38603E-05
  0.000   0.000   -0.23515E-02  -0.15288E-02  -0.17050E-01   0.81939E-04  -0.12584E-03   0.56246E-08
  0.000   0.000   -0.47695E-02  -0.11806E-02  -0.22513E-01   0.63188E-04  -0.25511E-03   0.10148E-07
  0.000   0.000   -0.61141E-05   0.94497E-03  -0.12898E-03  -0.50674E-04  -0.32258E-06   0.19235E-08
  0.000   0.000   -0.58500E-03   0.72213E-03   0.30681E-02  -0.38753E-04  -0.31307E-04   0.56762E-09
  0.000   0.000   -0.82988E-03   0.33177E-03   0.50499E-02  -0.17820E-04  -0.44418E-04  -0.70823E-09
  0.000   0.000   -0.76311E-03   0.22446E-04   0.56778E-02  -0.12279E-05  -0.40854E-04  -0.13413E-08
  0.000   0.000   -0.69364E-02   0.25679E-02   0.21254E-01  -0.13754E-03  -0.37244E-03   0.10666E-06
  0.000   0.000   -0.28026E-03   0.77956E-02   0.29757E-03  -0.41755E-03  -0.14528E-04   0.64898E-08
  0.000   0.000   -0.48383E-02  -0.12235E-02   0.22366E-01   0.65344E-04  -0.25870E-03  -0.11227E-07
  0.000   0.000   -0.23651E-02  -0.15124E-02   0.16914E-01   0.80991E-04  -0.12656E-03  -0.63936E-08
  0.000   0.000    0.96133E-03   0.18401E+01   0.10807E-01  -0.98409E-01   0.58366E-04   0.38537E-05
  0.000   0.000   -0.13335E-03  -0.18339E+00   0.29493E+00   0.96811E-02  -0.69558E-05  -0.50623E-06
  0.000   0.000    0.59426E-03   0.72781E-03  -0.34028E-02  -0.39032E-04   0.31808E-04   0.23514E-08
  0.000   0.000    0.25350E-04   0.91519E-03  -0.24082E-03  -0.49097E-04   0.13560E-05   0.21219E-08
  0.000   0.000   -0.56091E-03   0.73330E-03   0.29422E-02  -0.39351E-04  -0.30017E-04   0.65454E-09
  0.000   0.000   -0.81374E-03   0.35427E-03   0.49906E-02  -0.19025E-04  -0.43559E-04  -0.64480E-09
  0.000   0.000    0.25579E-03   0.76875E-02  -0.89365E-03  -0.41185E-03   0.14125E-04   0.40628E-08
  0.000   0.000    0.68618E-02   0.25138E-02  -0.21610E-01  -0.13513E-03   0.36797E-03  -0.74762E-07
  0.000   0.000   -0.67779E-02   0.28301E-02   0.20561E-01  -0.15157E-03  -0.36397E-03   0.10704E-06
  0.000   0.000   -0.49250E-02  -0.11572E-02   0.22383E-01   0.61752E-04  -0.26340E-03  -0.76962E-08
  0.000   0.000   -0.27251E-03  -0.18475E+00  -0.29605E+00   0.97538E-02  -0.15351E-04  -0.18635E-06
  0.000   0.000    0.93769E-03   0.18401E+01  -0.12766E-01  -0.98412E-01   0.57040E-04   0.38611E-05
 -1.000  -1.000    0.30432E-02   0.99178E+00   0.60875E-03  -0.55053E-01   0.15157E-03   0.15137E-05
 -1.000  -1.000   -0.10506E-03  -0.21592E-01   0.40263E-01   0.12420E-02  -0.60439E-05  -0.44231E-06
 -1.000  -1.000   -0.25538E-03  -0.12532E-02   0.29688E-02   0.80498E-04  -0.18748E-04   0.29662E-06
 -1.000  -1.000   -0.17624E-07  -0.95787E-04   0.55096E-03   0.57396E-05   0.83571E-08  -0.12007E-08
 -1.000  -1.000    0.13046E-03  -0.15522E-04   0.50570E-03   0.16512E-05   0.85500E-05  -0.12614E-07
 -1.000  -1.000   -0.12985E-05   0.10709E-03   0.54552E-04  -0.69172E-05  -0.33836E-06   0.21686E-07
 -1.000  -1.000    0.49800E-04  -0.26252E-04   0.35823E-03   0.15563E-05   0.29473E-05  -0.43558E-09
 -1.000  -1.000    0.16143E-04  -0.17080E-04   0.18066E-03   0.10133E-05   0.95590E-06  -0.19071E-09
 -1.000  -1.000    0.66355E-06   0.27076E-05   0.87292E-05  -0.16047E-06   0.39299E-07  -0.70986E-11
 -1.000  -1.000    0.30315E-05   0.15286E-05   0.27337E-04  -0.90710E-07   0.17977E-06  -0.25445E-10
 -1.000  -1.000   -0.13474E-03  -0.22590E-01  -0.40336E-01   0.12959E-02  -0.75716E-05  -0.16463E-06
 -1.000  -1.000    0.30493E-02   0.99233E+00  -0.59694E-03  -0.55085E-01   0.15195E-03   0.15265E-05
 -1.000  -1.000   -0.10134E-03  -0.21555E-01   0.40134E-01   0.12396E-02  -0.57837E-05  -0.44636E-06
 -1.000  -1.000   -0.25533E-03  -0.12534E-02   0.29237E-02   0.80503E-04  -0.18745E-04   0.29667E-06
 -1.000  -1.000   -0.89380E-05   0.11248E-03  -0.55818E-05  -0.72444E-05  -0.79860E-06   0.22022E-07
 -1.000  -1.000   -0.11502E-03   0.68189E-05  -0.45798E-03  -0.37707E-06  -0.72662E-05   0.40700E-08
 -1.000  -1.000    0.12763E-03  -0.13021E-04   0.47347E-03   0.15019E-05   0.83828E-05  -0.12629E-07
 -1.000  -1.000    0.48738E-04  -0.26334E-04   0.33809E-03   0.15591E-05   0.28846E-05  -0.41667E-09
 -1.000  -1.000   -0.25058E-05   0.17327E-05  -0.19912E-04  -0.10301E-06  -0.14863E-06   0.17520E-10
 -1.000  -1.000    0.11697E-07   0.27629E-05  -0.94799E-07  -0.16395E-06   0.67375E-09   0.35969E-11
 -1.000  -1.000   -0.13321E-04  -0.15869E-02  -0.29720E-02   0.96538E-04   0.15785E-05  -0.40736E-06
 -1.000  -1.000   -0.13432E-03  -0.22564E-01  -0.40400E-01   0.12944E-02  -0.75452E-05  -0.16395E-06
 -1.000  -1.000    0.30495E-02   0.99233E+00  -0.61233E-03  -0.55085E-01   0.15197E-03   0.15256E-05
 -1.000  -1.000   -0.10131E-03  -0.21582E-01   0.40069E-01   0.12412E-02  -0.57803E-05  -0.44638E-06
 -1.000  -1.000   -0.11563E-03   0.93774E-05  -0.46910E-03  -0.52757E-06  -0.73028E-05   0.41521E-08
 -1.000  -1.000   -0.49025E-04  -0.26860E-04  -0.34102E-03   0.15837E-05  -0.29001E-05   0.31335E-09
 -1.000  -1.000   -0.92852E-05   0.11246E-03  -0.11136E-04  -0.72436E-05  -0.81912E-06   0.21940E-07
 -1.000  -1.000    0.12699E-03  -0.15677E-04   0.46244E-03   0.16560E-05   0.83448E-05  -0.12615E-07
 -1.000  -1.000   -0.32401E-05   0.66623E-07  -0.30075E-04  -0.43237E-08  -0.19213E-06   0.25013E-10
 -1.000  -1.000   -0.26228E-05   0.19664E-05  -0.21687E-04  -0.11673E-06  -0.15556E-06   0.24858E-10
 -1.000  -1.000   -0.30349E-06  -0.97868E-04  -0.55361E-03   0.58233E-05  -0.18345E-07  -0.53699E-08
 -1.000  -1.000   -0.13223E-04  -0.15869E-02  -0.30170E-02   0.96545E-04   0.15848E-05  -0.40742E-06
 -1.000  -1.000   -0.13485E-03  -0.22606E-01  -0.40530E-01   0.12969E-02  -0.75420E-05  -0.17656E-06
 -1.000  -1.000    0.30481E-02   0.99175E+00  -0.18156E-02  -0.55052E-01   0.15191E-03   0.15241E-05
 -1.000  -1.000   -0.50076E-04  -0.26845E-04  -0.36112E-03   0.15836E-05  -0.29622E-05   0.34985E-09
 -1.000  -1.000   -0.16272E-04  -0.17428E-04  -0.18216E-03   0.10308E-05  -0.96320E-06   0.25495E-10
 -1.000  -1.000   -0.11848E-03   0.68168E-05  -0.50115E-03  -0.37599E-06  -0.74712E-05   0.40749E-08
 -1.000  -1.000   -0.16806E-04   0.10721E-03  -0.70829E-04  -0.69358E-05  -0.12680E-05   0.22044E-07
 -1.000  -1.000   -0.26869E-05  -0.10102E-05  -0.31944E-04   0.59542E-07  -0.15929E-06   0.24559E-10
 -1.000  -1.000   -0.35536E-05   0.29023E-06  -0.35442E-04  -0.17240E-07  -0.21072E-06   0.34698E-10
 -1.000  -1.000    0.15728E-03   0.16907E-04  -0.46980E-03  -0.12400E-05   0.10600E-04  -0.10338E-06
 -1.000  -1.000    0.17691E-04   0.96194E-04  -0.68786E-05  -0.58593E-05   0.14480E-05  -0.22551E-07
 -1.000  -1.000   -0.17753E-03  -0.22406E-05   0.48339E-03   0.47035E-06  -0.12257E-04   0.13085E-06
 -1.000  -1.000   -0.49080E-04  -0.26402E-04   0.33844E-03   0.15614E-05  -0.29127E-05   0.18035E-09
 -1.000  -1.000    0.30495E-02   0.99233E+00  -0.59754E-03  -0.55085E-01   0.15196E-03   0.15265E-05
 -1.000  -1.000   -0.13482E-03  -0.22590E-01  -0.40336E-01   0.12959E-02  -0.75768E-05  -0.16462E-06
 -1.000  -1.000   -0.10094E-03  -0.21555E-01   0.40133E-01   0.12396E-02  -0.57583E-05  -0.44644E-06
 -1.000  -1.000   -0.25495E-03  -0.12534E-02   0.29235E-02   0.80502E-04  -0.18721E-04   0.29660E-06
 -1.000  -1.000   -0.11504E-03   0.65076E-05  -0.45921E-03  -0.35780E-06  -0.72677E-05   0.39680E-08
 -1.000  -1.000   -0.91761E-05   0.10927E-03  -0.14011E-04  -0.70569E-05  -0.81228E-06   0.21959E-07
 -1.000  -1.000    0.92734E-05   0.90939E-04   0.53512E-04  -0.55449E-05   0.92759E-06  -0.21024E-07
 -1.000  -1.000   -0.18041E-03  -0.47454E-05   0.51574E-03   0.61988E-06  -0.12429E-04   0.13090E-06
 -1.000  -1.000   -0.50171E-04  -0.26325E-04   0.35869E-03   0.15588E-05  -0.29777E-05   0.17971E-09
 -1.000  -1.000   -0.16296E-04  -0.17114E-04   0.18085E-03   0.10151E-05  -0.96820E-06  -0.54047E-10
 -1.000  -1.000   -0.10474E-03  -0.21592E-01   0.40264E-01   0.12420E-02  -0.60246E-05  -0.44233E-06
 -1.000  -1.000    0.30434E-02   0.99178E+00   0.60945E-03  -0.55053E-01   0.15158E-03   0.15137E-05
 -1.000  -1.000   -0.25500E-03  -0.12532E-02   0.29694E-02   0.80502E-04  -0.18725E-04   0.29657E-06
 -1.000  -1.000    0.24200E-06  -0.95821E-04   0.55131E-03   0.57416E-05   0.24306E-07  -0.12339E-08
 -1.000  -1.000   -0.12896E-05   0.10683E-03   0.53681E-04  -0.69012E-05  -0.33783E-06   0.21602E-07
 -1.000  -1.000    0.13035E-03  -0.18384E-04   0.49864E-03   0.18177E-05   0.85439E-05  -0.12651E-07
 -1.000  -1.000    0.49156E-04  -0.26726E-04  -0.34098E-03   0.15761E-05   0.29162E-05  -0.22598E-09
 -1.000  -1.000    0.15801E-03   0.19455E-04  -0.48095E-03  -0.13895E-05   0.10645E-04  -0.10341E-06
 -1.000  -1.000    0.18052E-04   0.96174E-04  -0.12466E-04  -0.58586E-05   0.14696E-05  -0.22642E-07
 -1.000  -1.000   -0.17686E-03  -0.48858E-05   0.47232E-03   0.62367E-06  -0.12217E-04   0.13080E-06
 -1.000  -1.000   -0.13448E-03  -0.22564E-01  -0.40401E-01   0.12944E-02  -0.75557E-05  -0.16393E-06
 -1.000  -1.000   -0.13489E-04  -0.15869E-02  -0.29731E-02   0.96540E-04   0.15682E-05  -0.40736E-06
 -1.000  -1.000    0.30495E-02   0.99233E+00  -0.61315E-03  -0.55085E-01   0.15197E-03   0.15256E-05
 -1.000  -1.000   -0.10104E-03  -0.21582E-01   0.40069E-01   0.12412E-02  -0.57625E-05  -0.44645E-06
 -1.000  -1.000   -0.49047E-04  -0.26836E-04  -0.34120E-03   0.15822E-05  -0.29015E-05   0.32567E-09
 -1.000  -1.000   -0.11561E-03   0.10037E-04  -0.46834E-03  -0.56423E-06  -0.73018E-05   0.40568E-08
 -1.000  -1.000    0.16289E-04  -0.17380E-04  -0.18212E-03   0.10281E-05   0.96766E-06  -0.10473E-09
 -1.000  -1.000    0.50246E-04  -0.26713E-04  -0.36100E-03   0.15761E-05   0.29813E-05  -0.21576E-09
 -1.000  -1.000    0.16085E-03   0.16900E-04  -0.51296E-03  -0.12382E-05   0.10814E-04  -0.10352E-06
 -1.000  -1.000    0.25936E-04   0.91016E-04  -0.72239E-04  -0.55587E-05   0.19483E-05  -0.23577E-07
 -1.000  -1.000   -0.13547E-04  -0.15869E-02  -0.30178E-02   0.96544E-04   0.15651E-05  -0.40740E-06
 -1.000  -1.000   -0.47503E-06  -0.97899E-04  -0.55432E-03   0.58251E-05  -0.28651E-07  -0.53665E-08
 -1.000  -1.000   -0.13529E-03  -0.22606E-01  -0.40530E-01   0.12969E-02  -0.75694E-05  -0.17647E-06
 -1.000  -1.000    0.30478E-02   0.99175E+00  -0.18159E-02  -0.55052E-01   0.15190E-03   0.15242E-05
 -1.000  -1.000   -0.16284E-04  -0.17101E-04  -0.18101E-03   0.10105E-05  -0.96389E-06   0.14414E-09
 -1.000  -1.000   -0.49877E-04  -0.23296E-04  -0.35221E-03   0.13771E-05  -0.29510E-05   0.36202E-09
 -1.000  -1.000   -0.63708E-06   0.27125E-05   0.84068E-05  -0.16082E-06  -0.37935E-07   0.98491E-11
 -1.000  -1.000   -0.30136E-05   0.17721E-05   0.27482E-04  -0.10494E-06  -0.17935E-06   0.22039E-10
 -1.000  -1.000   -0.34924E-05   0.11347E-06   0.34774E-04  -0.65066E-08  -0.20783E-06   0.71839E-11
 -1.000  -1.000   -0.26307E-05  -0.97501E-06   0.30984E-04   0.57839E-07  -0.15655E-06  -0.39792E-11
 -1.000  -1.000   -0.17986E-03  -0.49667E-05   0.51188E-03   0.63284E-06  -0.12395E-04   0.13085E-06
 -1.000  -1.000    0.94746E-05   0.90756E-04   0.51359E-04  -0.55341E-05   0.93954E-06  -0.21026E-07
 -1.000  -1.000   -0.49230E-04  -0.26303E-04   0.35368E-03   0.15568E-05  -0.29184E-05  -0.88367E-10
 -1.000  -1.000   -0.15709E-04  -0.16881E-04   0.17691E-03   0.10011E-05  -0.93239E-06  -0.12813E-09
 -1.000  -1.000    0.30435E-02   0.99178E+00   0.60089E-03  -0.55053E-01   0.15159E-03   0.15130E-05
 -1.000  -1.000   -0.10461E-03  -0.21620E-01   0.40199E-01   0.12436E-02  -0.60139E-05  -0.44254E-06
 -1.000  -1.000    0.29620E-05   0.15076E-05  -0.26537E-04  -0.89727E-07   0.17622E-06  -0.97195E-11
 -1.000  -1.000    0.59793E-06   0.27695E-05  -0.78517E-05  -0.16427E-06   0.35611E-07   0.80440E-11
 -1.000  -1.000   -0.19144E-05   0.19874E-05   0.12346E-04  -0.11782E-06  -0.11390E-06   0.16904E-10
 -1.000  -1.000   -0.26437E-05   0.30541E-06   0.21705E-04  -0.18206E-07  -0.15727E-06   0.90234E-11
 -1.000  -1.000    0.25522E-04   0.93319E-04  -0.61795E-04  -0.56916E-05   0.19235E-05  -0.23500E-07
 -1.000  -1.000    0.16012E-03   0.14238E-04  -0.50076E-03  -0.10821E-05   0.10769E-04  -0.10340E-06
 -1.000  -1.000   -0.16474E-03  -0.10982E-05   0.41644E-03   0.38987E-06  -0.11439E-04   0.12626E-06
 -1.000  -1.000   -0.42961E-04  -0.23119E-04   0.29077E-03   0.13659E-05  -0.25447E-05  -0.18561E-09
 -1.000  -1.000   -0.13562E-03  -0.22633E-01  -0.40465E-01   0.12985E-02  -0.75911E-05  -0.17715E-06
 -1.000  -1.000    0.30478E-02   0.99175E+00  -0.18067E-02  -0.55052E-01   0.15189E-03   0.15243E-05
  0.067   0.200    0.93735E-03   0.18402E+01   0.10832E-01  -0.98420E-01   0.57074E-04   0.38494E-05
  0.067   0.200   -0.22378E-03  -0.18102E+00   0.30331E+00   0.95550E-02  -0.11811E-04  -0.50340E-06
  0.067   0.200   -0.27373E-03  -0.17436E-01   0.81457E-01   0.94122E-03  -0.18878E-04   0.23739E-06
  0.067   0.200   -0.25647E-04  -0.51403E-02   0.45643E-01   0.27507E-03  -0.12927E-05  -0.20991E-07
  0.067   0.200    0.72727E-02   0.39015E-02   0.26780E-01  -0.20876E-03   0.38957E-03  -0.21072E-07
  0.067   0.200    0.33748E-03   0.94399E-02   0.14408E-03  -0.50627E-03   0.17877E-04   0.18045E-07
  0.067   0.200    0.53696E-02  -0.38160E-03   0.32027E-01   0.20101E-04   0.28724E-03  -0.96057E-08
  0.067   0.200    0.28771E-02  -0.11113E-02   0.28854E-01   0.59455E-04   0.15403E-03  -0.90475E-08
  0.067   0.200    0.12500E-04   0.18902E-02  -0.40078E-03  -0.10141E-03   0.66474E-06   0.18623E-08
  0.067   0.200    0.80486E-03   0.15945E-02   0.62044E-02  -0.85572E-04   0.43107E-04  -0.49045E-09
  0.067   0.200   -0.20628E-03  -0.18238E+00  -0.30130E+00   0.96265E-02  -0.11920E-04  -0.17745E-06
  0.067   0.200    0.94149E-03   0.18483E+01  -0.12929E-02  -0.98850E-01   0.57287E-04   0.38664E-05
  0.067   0.200   -0.21434E-03  -0.18040E+00   0.30030E+00   0.95212E-02  -0.11163E-04  -0.51171E-06
  0.067   0.200   -0.26984E-03  -0.17431E-01   0.79536E-01   0.94083E-03  -0.18673E-04   0.23785E-06
  0.067   0.200   -0.38492E-05   0.91414E-02  -0.54218E-03  -0.49038E-03  -0.34322E-06   0.18267E-07
  0.067   0.200   -0.69747E-02   0.38999E-02  -0.26746E-01  -0.20926E-03  -0.37326E-03   0.18243E-07
  0.067   0.200    0.70640E-02   0.38904E-02   0.25688E-01  -0.20815E-03   0.37840E-03  -0.20519E-07
  0.067   0.200    0.52104E-02  -0.37864E-03   0.30967E-01   0.19918E-04   0.27873E-03  -0.91932E-08
  0.067   0.200   -0.79731E-03   0.15599E-02  -0.68409E-02  -0.83680E-04  -0.42704E-04   0.37844E-08
  0.067   0.200   -0.22485E-04   0.18357E-02  -0.40162E-03  -0.98478E-04  -0.12004E-05   0.17905E-08
  0.067   0.200    0.17396E-04  -0.17767E-01  -0.80995E-01   0.95711E-03   0.27826E-05  -0.32145E-06
  0.067   0.200   -0.19774E-03  -0.18177E+00  -0.30254E+00   0.95941E-02  -0.11460E-04  -0.17606E-06
  0.067   0.200    0.94650E-03   0.18483E+01  -0.18874E-02  -0.98850E-01   0.57579E-04   0.38650E-05
  0.067   0.200   -0.20541E-03  -0.18100E+00   0.29909E+00   0.95532E-02  -0.10687E-04  -0.51252E-06
  0.067   0.200   -0.71047E-02   0.38896E-02  -0.26937E-01  -0.20870E-03  -0.38018E-03   0.18450E-07
  0.067   0.200   -0.52431E-02  -0.41010E-03  -0.32148E-01   0.21768E-04  -0.28050E-03   0.13498E-07
  0.067   0.200   -0.64597E-04   0.91395E-02  -0.75681E-03  -0.49028E-03  -0.35951E-05   0.18455E-07
  0.067   0.200    0.69384E-02   0.39014E-02   0.25489E-01  -0.20874E-03   0.37172E-03  -0.20121E-07
  0.067   0.200   -0.11999E-02   0.97729E-03  -0.11453E-01  -0.52426E-04  -0.64272E-04   0.48538E-08
  0.067   0.200   -0.81318E-03   0.15774E-02  -0.66852E-02  -0.84602E-04  -0.43547E-04   0.37289E-08
  0.067   0.200    0.26233E-04  -0.51766E-02  -0.46750E-01   0.27730E-03   0.13883E-05   0.26065E-07
  0.067   0.200    0.21856E-04  -0.17768E-01  -0.82813E-01   0.95730E-03   0.30225E-05  -0.31998E-06
  0.067   0.200   -0.19636E-03  -0.18239E+00  -0.30542E+00   0.96276E-02  -0.11257E-04  -0.18208E-06
  0.067   0.200    0.94605E-03   0.18402E+01  -0.13791E-01  -0.98422E-01   0.57507E-04   0.38548E-05
  0.067   0.200   -0.54046E-02  -0.40908E-03  -0.33107E-01   0.21742E-04  -0.28913E-03   0.13952E-07
  0.067   0.200   -0.28950E-02  -0.11379E-02  -0.29852E-01   0.61009E-04  -0.15499E-03   0.93590E-08
  0.067   0.200   -0.73130E-02   0.38990E-02  -0.27923E-01  -0.20921E-03  -0.39133E-03   0.19188E-07
  0.067   0.200   -0.39779E-03   0.94378E-02  -0.13427E-02  -0.50615E-03  -0.21377E-04   0.19559E-07
  0.067   0.200   -0.12430E-02   0.45429E-03  -0.14391E-01  -0.24359E-04  -0.66584E-04   0.51895E-08
  0.067   0.200   -0.12399E-02   0.10242E-02  -0.11698E-01  -0.54916E-04  -0.66411E-04   0.49394E-08
  0.067   0.200    0.70262E-02   0.39061E-02  -0.26831E-01  -0.20987E-03   0.37683E-03  -0.71473E-07
  0.067   0.200    0.31050E-04   0.91272E-02  -0.63237E-03  -0.48920E-03   0.21036E-05   0.71717E-08
  0.067   0.200   -0.71047E-02   0.39070E-02   0.25627E-01  -0.20947E-03  -0.38151E-03   0.10835E-06
  0.067   0.200   -0.52153E-02  -0.37380E-03   0.30928E-01   0.19683E-04  -0.27897E-03  -0.11749E-07
  0.067   0.200    0.95112E-03   0.18484E+01  -0.13476E-02  -0.98852E-01   0.57802E-04   0.38663E-05
  0.067   0.200   -0.24403E-03  -0.18237E+00  -0.30144E+00   0.96259E-02  -0.13946E-04  -0.17723E-06
  0.067   0.200   -0.14109E-03  -0.18039E+00   0.30033E+00   0.95206E-02  -0.72278E-05  -0.51264E-06
  0.067   0.200   -0.19642E-03  -0.17430E-01   0.79581E-01   0.94076E-03  -0.14728E-04   0.23688E-06
  0.067   0.200   -0.70036E-02   0.39161E-02  -0.26675E-01  -0.21013E-03  -0.37481E-03   0.18562E-07
  0.067   0.200   -0.12370E-03   0.92888E-02  -0.28921E-03  -0.49816E-03  -0.67196E-05   0.18891E-07
  0.067   0.200   -0.31375E-03   0.94243E-02   0.12414E-03  -0.50501E-03  -0.16320E-04   0.91178E-08
  0.067   0.200   -0.73176E-02   0.39144E-02   0.26779E-01  -0.20988E-03  -0.39290E-03   0.10790E-06
  0.067   0.200   -0.53796E-02  -0.37933E-03   0.32038E-01   0.20006E-04  -0.28775E-03  -0.11765E-07
  0.067   0.200   -0.28858E-02  -0.11095E-02   0.28879E-01   0.59360E-04  -0.15448E-03  -0.87102E-08
  0.067   0.200   -0.16716E-03  -0.18101E+00   0.30345E+00   0.95543E-02  -0.87741E-05  -0.50387E-06
  0.067   0.200    0.94903E-03   0.18402E+01   0.10890E-01  -0.98422E-01   0.57700E-04   0.38494E-05
  0.067   0.200   -0.20513E-03  -0.17444E-01   0.81600E-01   0.94166E-03  -0.15195E-04   0.23663E-06
  0.067   0.200    0.16103E-04  -0.51496E-02   0.45751E-01   0.27557E-03   0.94921E-06  -0.21512E-07
  0.067   0.200    0.32391E-03   0.94396E-02   0.20267E-03  -0.50626E-03   0.17149E-04   0.18084E-07
  0.067   0.200    0.71827E-02   0.38931E-02   0.26827E-01  -0.20832E-03   0.38480E-03  -0.20851E-07
  0.067   0.200    0.52558E-02  -0.41341E-03  -0.32213E-01   0.21934E-04   0.28114E-03   0.17210E-08
  0.067   0.200    0.71549E-02   0.38933E-02  -0.27039E-01  -0.20917E-03   0.38369E-03  -0.71783E-07
  0.067   0.200    0.92077E-04   0.91255E-02  -0.86753E-03  -0.48911E-03   0.53701E-05   0.70114E-08
  0.067   0.200   -0.69756E-02   0.39181E-02   0.25408E-01  -0.21007E-03  -0.37464E-03   0.10785E-06
  0.067   0.200   -0.25758E-03  -0.18175E+00  -0.30268E+00   0.95935E-02  -0.14672E-04  -0.17555E-06
  0.067   0.200   -0.37980E-04  -0.17775E-01  -0.81145E-01   0.95755E-03  -0.18371E-06  -0.32126E-06
  0.067   0.200    0.94868E-03   0.18484E+01  -0.19700E-02  -0.98851E-01   0.57693E-04   0.38649E-05
  0.067   0.200   -0.13865E-03  -0.18100E+00   0.29905E+00   0.95527E-02  -0.70972E-05  -0.51347E-06
  0.067   0.200   -0.52602E-02  -0.37587E-03  -0.32022E-01   0.19926E-04  -0.28142E-03   0.14072E-07
  0.067   0.200   -0.71002E-02   0.41933E-02  -0.26424E-01  -0.22475E-03  -0.37996E-03   0.18950E-07
  0.067   0.200    0.29040E-02  -0.11397E-02  -0.29876E-01   0.61095E-04   0.15545E-03   0.14512E-08
  0.067   0.200    0.54139E-02  -0.41404E-03  -0.33152E-01   0.21996E-04   0.28959E-03   0.16895E-08
  0.067   0.200    0.73590E-02   0.39034E-02  -0.28008E-01  -0.20973E-03   0.39460E-03  -0.71726E-07
  0.067   0.200    0.42512E-03   0.94246E-02  -0.14345E-02  -0.50503E-03   0.23154E-04   0.62961E-08
  0.067   0.200   -0.52213E-04  -0.17767E-01  -0.82904E-01   0.95723E-03  -0.94752E-06  -0.31942E-06
  0.067   0.200   -0.11026E-04  -0.51861E-02  -0.46824E-01   0.27781E-03  -0.60632E-06   0.26182E-07
  0.067   0.200   -0.27773E-03  -0.18238E+00  -0.30549E+00   0.96272E-02  -0.15628E-04  -0.18103E-06
  0.067   0.200    0.92834E-03   0.18402E+01  -0.13835E-01  -0.98423E-01   0.56554E-04   0.38552E-05
  0.067   0.200   -0.28898E-02  -0.11188E-02  -0.29793E-01   0.59982E-04  -0.15471E-03   0.97245E-08
  0.067   0.200   -0.52950E-02  -0.27343E-03  -0.32857E-01   0.14547E-04  -0.28331E-03   0.14167E-07
  0.067   0.200   -0.98478E-05   0.18898E-02  -0.48694E-03  -0.10138E-03  -0.52148E-06   0.35238E-08
  0.067   0.200   -0.82211E-03   0.15653E-02   0.60925E-02  -0.84031E-04  -0.44016E-04   0.13058E-08
  0.067   0.200   -0.12316E-02   0.98736E-03   0.10913E-01  -0.53027E-04  -0.65950E-04  -0.86240E-09
  0.067   0.200   -0.12289E-02   0.46769E-03   0.13601E-01  -0.25135E-04  -0.65814E-04  -0.23495E-08
  0.067   0.200   -0.72818E-02   0.39299E-02   0.26651E-01  -0.21071E-03  -0.39098E-03   0.10770E-06
  0.067   0.200   -0.29491E-03   0.94238E-02  -0.28533E-04  -0.50498E-03  -0.15312E-04   0.91331E-08
  0.067   0.200   -0.53590E-02  -0.34634E-03   0.32006E-01   0.18239E-04  -0.28664E-03  -0.11842E-07
  0.067   0.200   -0.28934E-02  -0.10907E-02   0.28951E-01   0.58353E-04  -0.15489E-03  -0.83883E-08
  0.067   0.200    0.95592E-03   0.18401E+01   0.10544E-01  -0.98417E-01   0.58077E-04   0.38485E-05
  0.067   0.200   -0.13331E-03  -0.18166E+00   0.30225E+00   0.95887E-02  -0.69523E-05  -0.50557E-06
  0.067   0.200    0.83777E-03   0.15876E-02  -0.72919E-02  -0.85170E-04   0.44863E-04   0.44956E-08
  0.067   0.200    0.38629E-04   0.18349E-02  -0.75817E-03  -0.98476E-04   0.20675E-05   0.37228E-08
  0.067   0.200   -0.78455E-03   0.15835E-02   0.57956E-02  -0.85008E-04  -0.42005E-04   0.14971E-08
  0.067   0.200   -0.12009E-02   0.10364E-02   0.10735E-01  -0.55643E-04  -0.64310E-04  -0.73789E-09
  0.067   0.200    0.26539E-03   0.92727E-02  -0.15107E-02  -0.49701E-03   0.14641E-04   0.67171E-08
  0.067   0.200    0.71991E-02   0.38963E-02  -0.27921E-01  -0.20935E-03   0.38608E-03  -0.71367E-07
  0.067   0.200   -0.71043E-02   0.42078E-02   0.25654E-01  -0.22557E-03  -0.38149E-03   0.10826E-06
  0.067   0.200   -0.54266E-02  -0.23950E-03   0.31818E-01   0.12485E-04  -0.29032E-03  -0.82623E-08
  0.067   0.200   -0.27954E-03  -0.18304E+00  -0.30421E+00   0.96618E-02  -0.15732E-04  -0.18221E-06
  0.067   0.200    0.93516E-03   0.18402E+01  -0.13342E-01  -0.98420E-01   0.56905E-04   0.38559E-05
  0.130   0.385    0.93865E-03   0.18420E+01   0.10825E-01  -0.98516E-01   0.57143E-04   0.38541E-05
  0.130   0.385   -0.22294E-03  -0.18119E+00   0.30426E+00   0.95631E-02  -0.11764E-04  -0.50372E-06
  0.130   0.385   -0.27287E-03  -0.17427E-01   0.82388E-01   0.94072E-03  -0.18831E-04   0.23722E-06
  0.130   0.385   -0.24862E-04  -0.51136E-02   0.46671E-01   0.27362E-03  -0.12499E-05  -0.21202E-07
  0.130   0.385    0.73140E-02   0.39966E-02   0.27200E-01  -0.21386E-03   0.39176E-03  -0.21098E-07
  0.130   0.385    0.33508E-03   0.95702E-02   0.15231E-03  -0.51323E-03   0.17747E-04   0.18162E-07
  0.130   0.385    0.54101E-02  -0.32192E-03   0.32728E-01   0.16893E-04   0.28939E-03  -0.97073E-08
  0.130   0.385    0.29066E-02  -0.10664E-02   0.29748E-01   0.57040E-04   0.15560E-03  -0.92120E-08
  0.130   0.385    0.88862E-05   0.19623E-02  -0.36161E-03  -0.10527E-03   0.47109E-06   0.19440E-08
  0.130   0.385    0.81308E-03   0.16634E-02   0.65012E-02  -0.89263E-04   0.43545E-04  -0.48461E-09
  0.130   0.385   -0.20608E-03  -0.18254E+00  -0.30211E+00   0.96347E-02  -0.11911E-04  -0.17744E-06
  0.130   0.385    0.94166E-03   0.18502E+01  -0.11741E-02  -0.98946E-01   0.57296E-04   0.38711E-05
  0.130   0.385   -0.21438E-03  -0.18057E+00   0.30135E+00   0.95296E-02  -0.11162E-04  -0.51204E-06
  0.130   0.385   -0.26983E-03  -0.17423E-01   0.80552E-01   0.94033E-03  -0.18671E-04   0.23766E-06
  0.130   0.385   -0.48368E-05   0.92625E-02  -0.41898E-03  -0.49686E-03  -0.39610E-06   0.18338E-07
  0.130   0.385   -0.70181E-02   0.39947E-02  -0.27018E-01  -0.21433E-03  -0.37556E-03   0.18446E-07
  0.130   0.385    0.71061E-02   0.39817E-02   0.26202E-01  -0.21304E-03   0.38063E-03  -0.20559E-07
  0.130   0.385    0.52511E-02  -0.31902E-03   0.31752E-01   0.16716E-04   0.28090E-03  -0.93170E-08
  0.130   0.385   -0.81010E-03   0.16259E-02  -0.69527E-02  -0.87220E-04  -0.43386E-04   0.39035E-08
  0.130   0.385   -0.23934E-04   0.19055E-02  -0.26513E-03  -0.10222E-03  -0.12778E-05   0.18410E-08
  0.130   0.385    0.17059E-04  -0.17760E-01  -0.81716E-01   0.95665E-03   0.27637E-05  -0.32128E-06
  0.130   0.385   -0.19840E-03  -0.18193E+00  -0.30329E+00   0.96026E-02  -0.11497E-04  -0.17607E-06
  0.130   0.385    0.94541E-03   0.18502E+01  -0.17169E-02  -0.98946E-01   0.57516E-04   0.38697E-05
  0.130   0.385   -0.20627E-03  -0.18117E+00   0.30019E+00   0.95613E-02  -0.10729E-04  -0.51286E-06
  0.130   0.385   -0.71483E-02   0.39806E-02  -0.27152E-01  -0.21357E-03  -0.38249E-03   0.18628E-07
  0.130   0.385   -0.52849E-02  -0.35089E-03  -0.32633E-01   0.18590E-04  -0.28272E-03   0.13732E-07
  0.130   0.385   -0.65142E-04   0.92604E-02  -0.58118E-03  -0.49674E-03  -0.36242E-05   0.18527E-07
  0.130   0.385    0.69807E-02   0.39962E-02   0.26059E-01  -0.21382E-03   0.37396E-03  -0.20170E-07
  0.130   0.385   -0.12192E-02   0.10346E-02  -0.11738E-01  -0.55495E-04  -0.65301E-04   0.50118E-08
  0.130   0.385   -0.82479E-03   0.16432E-02  -0.67456E-02  -0.88126E-04  -0.44167E-04   0.38305E-08
  0.130   0.385    0.25189E-04  -0.51508E-02  -0.47503E-01   0.27590E-03   0.13319E-05   0.26350E-07
  0.130   0.385    0.20685E-04  -0.17760E-01  -0.83471E-01   0.95684E-03   0.29589E-05  -0.31983E-06
  0.130   0.385   -0.19780E-03  -0.18255E+00  -0.30610E+00   0.96359E-02  -0.11335E-04  -0.18204E-06
  0.130   0.385    0.94456E-03   0.18421E+01  -0.13519E-01  -0.98518E-01   0.57425E-04   0.38595E-05
  0.130   0.385   -0.54464E-02  -0.35002E-03  -0.33531E-01   0.18571E-04  -0.29135E-03   0.14166E-07
  0.130   0.385   -0.29255E-02  -0.10936E-02  -0.30467E-01   0.58631E-04  -0.15661E-03   0.96001E-08
  0.130   0.385   -0.73556E-02   0.39935E-02  -0.28067E-01  -0.21427E-03  -0.39359E-03   0.19366E-07
  0.130   0.385   -0.39644E-03   0.95678E-02  -0.10774E-02  -0.51309E-03  -0.21304E-04   0.19618E-07
  0.130   0.385   -0.12645E-02   0.50327E-03  -0.14820E-01  -0.26984E-04  -0.67734E-04   0.53758E-08
  0.130   0.385   -0.12576E-02   0.10830E-02  -0.11929E-01  -0.58066E-04  -0.67357E-04   0.50810E-08
  0.130   0.385    0.70694E-02   0.40009E-02  -0.27103E-01  -0.21494E-03   0.37912E-03  -0.71274E-07
  0.130   0.385    0.31661E-04   0.92483E-02  -0.50909E-03  -0.49567E-03   0.21362E-05   0.73957E-08
  0.130   0.385   -0.71473E-02   0.39984E-02   0.26141E-01  -0.21436E-03  -0.38377E-03   0.10837E-06
  0.130   0.385   -0.52565E-02  -0.31403E-03   0.31714E-01   0.16473E-04  -0.28116E-03  -0.11855E-07
  0.130   0.385    0.95027E-03   0.18502E+01  -0.12249E-02  -0.98947E-01   0.57757E-04   0.38710E-05
  0.130   0.385   -0.24498E-03  -0.18253E+00  -0.30225E+00   0.96341E-02  -0.13998E-04  -0.17721E-06
  0.130   0.385   -0.14201E-03  -0.18055E+00   0.30138E+00   0.95290E-02  -0.72746E-05  -0.51297E-06
  0.130   0.385   -0.19706E-03  -0.17421E-01   0.80602E-01   0.94026E-03  -0.14761E-04   0.23668E-06
  0.130   0.385   -0.70477E-02   0.40121E-02  -0.26937E-01  -0.21526E-03  -0.37715E-03   0.18775E-07
  0.130   0.385   -0.12598E-03   0.94156E-02  -0.14729E-03  -0.50493E-03  -0.68415E-05   0.18977E-07
  0.130   0.385   -0.31091E-03   0.95547E-02   0.13073E-03  -0.51197E-03  -0.16167E-04   0.93820E-08
  0.130   0.385   -0.73588E-02   0.40096E-02   0.27197E-01  -0.21498E-03  -0.39508E-03   0.10794E-06
  0.130   0.385   -0.54202E-02  -0.31954E-03   0.32738E-01   0.16793E-04  -0.28990E-03  -0.11849E-07
  0.130   0.385   -0.29153E-02  -0.10644E-02   0.29773E-01   0.56937E-04  -0.15605E-03  -0.88576E-08
  0.130   0.385   -0.16806E-03  -0.18117E+00   0.30440E+00   0.95625E-02  -0.88195E-05  -0.50419E-06
  0.130   0.385    0.94829E-03   0.18421E+01   0.10879E-01  -0.98517E-01   0.57657E-04   0.38542E-05
  0.130   0.385   -0.20603E-03  -0.17435E-01   0.82529E-01   0.94114E-03  -0.15243E-04   0.23646E-06
  0.130   0.385    0.15306E-04  -0.51228E-02   0.46778E-01   0.27411E-03   0.90717E-06  -0.21723E-07
  0.130   0.385    0.32039E-03   0.95710E-02   0.21796E-03  -0.51327E-03   0.16959E-04   0.18213E-07
  0.130   0.385    0.72223E-02   0.39931E-02   0.27262E-01  -0.21367E-03   0.38689E-03  -0.20864E-07
  0.130   0.385    0.52971E-02  -0.35430E-03  -0.32696E-01   0.18762E-04   0.28334E-03   0.18745E-08
  0.130   0.385    0.71978E-02   0.39842E-02  -0.27252E-01  -0.21404E-03   0.38596E-03  -0.71607E-07
  0.130   0.385    0.91839E-04   0.92464E-02  -0.69119E-03  -0.49557E-03   0.53571E-05   0.72346E-08
  0.130   0.385   -0.70186E-02   0.40130E-02   0.25979E-01  -0.21515E-03  -0.37691E-03   0.10787E-06
  0.130   0.385   -0.25851E-03  -0.18192E+00  -0.30342E+00   0.96019E-02  -0.14723E-04  -0.17556E-06
  0.130   0.385   -0.38510E-04  -0.17768E-01  -0.81859E-01   0.95708E-03  -0.21278E-06  -0.32109E-06
  0.130   0.385    0.94820E-03   0.18502E+01  -0.17916E-02  -0.98947E-01   0.57666E-04   0.38696E-05
  0.130   0.385   -0.13886E-03  -0.18116E+00   0.30016E+00   0.95609E-02  -0.71058E-05  -0.51382E-06
  0.130   0.385   -0.53020E-02  -0.31596E-03  -0.32499E-01   0.16711E-04  -0.28364E-03   0.14313E-07
  0.130   0.385   -0.71433E-02   0.42891E-02  -0.26624E-01  -0.22987E-03  -0.38225E-03   0.19141E-07
  0.130   0.385    0.29338E-02  -0.10956E-02  -0.30489E-01   0.58725E-04   0.15703E-03   0.16279E-08
  0.130   0.385    0.54548E-02  -0.35512E-03  -0.33574E-01   0.18833E-04   0.29176E-03   0.18237E-08
  0.130   0.385    0.74007E-02   0.39978E-02  -0.28151E-01  -0.21478E-03   0.39681E-03  -0.71549E-07
  0.130   0.385    0.42309E-03   0.95546E-02  -0.11682E-02  -0.51196E-03   0.23044E-04   0.65148E-08
  0.130   0.385   -0.52279E-04  -0.17759E-01  -0.83554E-01   0.95677E-03  -0.95174E-06  -0.31927E-06
  0.130   0.385   -0.10991E-04  -0.51601E-02  -0.47568E-01   0.27640E-03  -0.60485E-06   0.26464E-07
  0.130   0.385   -0.27793E-03  -0.18255E+00  -0.30616E+00   0.96355E-02  -0.15640E-04  -0.18099E-06
  0.130   0.385    0.92855E-03   0.18421E+01  -0.13555E-01  -0.98518E-01   0.56565E-04   0.38599E-05
  0.130   0.385   -0.29191E-02  -0.10747E-02  -0.30407E-01   0.57609E-04  -0.15627E-03   0.99656E-08
  0.130   0.385   -0.53346E-02  -0.21282E-03  -0.33279E-01   0.11295E-04  -0.28541E-03   0.14387E-07
  0.130   0.385   -0.69999E-05   0.19619E-02  -0.43827E-03  -0.10524E-03  -0.36884E-06   0.36192E-08
  0.130   0.385   -0.83155E-03   0.16316E-02   0.63959E-02  -0.87583E-04  -0.44519E-04   0.13314E-08
  0.130   0.385   -0.12496E-02   0.10450E-02   0.11446E-01  -0.56120E-04  -0.66905E-04  -0.89760E-09
  0.130   0.385   -0.12505E-02   0.51726E-03   0.14332E-01  -0.27795E-04  -0.66968E-04  -0.24455E-08
  0.130   0.385   -0.73249E-02   0.40261E-02   0.27092E-01  -0.21586E-03  -0.39326E-03   0.10775E-06
  0.130   0.385   -0.29358E-03   0.95551E-02  -0.28177E-05  -0.51199E-03  -0.15240E-04   0.93956E-08
  0.130   0.385   -0.54020E-02  -0.28587E-03   0.32732E-01   0.14990E-04  -0.28892E-03  -0.11922E-07
  0.130   0.385   -0.29252E-02  -0.10457E-02   0.29873E-01   0.55936E-04  -0.15658E-03  -0.85376E-08
  0.130   0.385    0.95439E-03   0.18420E+01   0.10562E-01  -0.98513E-01   0.57991E-04   0.38532E-05
  0.130   0.385   -0.13453E-03  -0.18182E+00   0.30324E+00   0.95965E-02  -0.70146E-05  -0.50588E-06
  0.130   0.385    0.84894E-03   0.16563E-02  -0.73641E-02  -0.88848E-04   0.45458E-04   0.46119E-08
  0.130   0.385    0.37638E-04   0.19046E-02  -0.57540E-03  -0.10222E-03   0.20143E-05   0.37845E-08
  0.130   0.385   -0.79782E-03   0.16496E-02   0.62303E-02  -0.88547E-04  -0.42714E-04   0.15006E-08
  0.130   0.385   -0.12222E-02   0.10957E-02   0.11401E-01  -0.58821E-04  -0.65447E-04  -0.80155E-09
  0.130   0.385    0.26270E-03   0.93995E-02  -0.13140E-02  -0.50378E-03   0.14496E-04   0.69409E-08
  0.130   0.385    0.72408E-02   0.39959E-02  -0.28139E-01  -0.21468E-03   0.38829E-03  -0.71172E-07
  0.130   0.385   -0.71532E-02   0.43039E-02   0.26262E-01  -0.23072E-03  -0.38408E-03   0.10830E-06
  0.130   0.385   -0.54745E-02  -0.17815E-03   0.32710E-01   0.91903E-05  -0.29287E-03  -0.83770E-08
  0.130   0.385   -0.28047E-03  -0.18320E+00  -0.30495E+00   0.96697E-02  -0.15782E-04  -0.18214E-06
  0.130   0.385    0.93485E-03   0.18420E+01  -0.13121E-01  -0.98515E-01   0.56887E-04   0.38606E-05
