  0.000   0.000    0.12330E-05   0.59322E-05  -0.19271E-06  -0.30594E-06   0.77074E-07   0.40335E-07
  0.000   0.000   -0.20795E-06  -0.33700E-06   0.68920E-06   0.17818E-07  -0.11007E-07  -0.16891E-11
  0.000   0.000   -0.24759E-07  -0.49485E-07   0.19657E-06   0.27072E-08  -0.16091E-08   0.16063E-10
  0.000   0.000   -0.25847E-08  -0.15508E-07   0.89125E-07   0.83035E-09  -0.13799E-09  -0.50021E-13
  0.000   0.000    0.31602E-07   0.99896E-08   0.78386E-07  -0.53744E-09   0.16859E-08   0.26488E-13
  0.000   0.000   -0.37484E-08   0.39943E-07  -0.23036E-07  -0.21397E-08  -0.19972E-09  -0.67376E-13
  0.000   0.000    0.18544E-07  -0.63274E-08   0.77063E-07   0.33797E-09   0.99141E-09  -0.29676E-13
  0.000   0.000    0.78565E-08  -0.57991E-08   0.53448E-07   0.31054E-09   0.42039E-09  -0.21041E-13
  0.000   0.000   -0.81165E-09   0.37533E-08  -0.84048E-08  -0.20124E-09  -0.43463E-10   0.53061E-14
  0.000   0.000    0.16628E-08   0.30065E-08   0.45796E-08  -0.16128E-09   0.89000E-10   0.22096E-15
  0.000   0.000    0.24738E-06  -0.55117E-06  -0.90337E-06   0.29008E-07   0.13109E-07  -0.16010E-11
  0.000   0.000    0.12395E-05   0.59569E-05  -0.22828E-06  -0.30724E-06   0.77417E-07   0.40335E-07
  0.000   0.000   -0.20722E-06  -0.33501E-06   0.68148E-06   0.17711E-07  -0.10967E-07  -0.17178E-11
  0.000   0.000   -0.24502E-07  -0.49439E-07   0.19234E-06   0.27044E-08  -0.15953E-08   0.16064E-10
  0.000   0.000   -0.55167E-08   0.39587E-07  -0.26980E-07  -0.21210E-08  -0.29420E-09  -0.62759E-13
  0.000   0.000   -0.38292E-07   0.59355E-08  -0.12013E-06  -0.31990E-09  -0.20381E-08   0.25375E-13
  0.000   0.000    0.30856E-07   0.10277E-07   0.74798E-07  -0.55278E-09   0.16460E-08   0.28507E-13
  0.000   0.000    0.18101E-07  -0.62505E-08   0.74340E-07   0.33369E-09   0.96778E-09  -0.28489E-13
  0.000   0.000   -0.32079E-08   0.25373E-08  -0.20704E-07  -0.13605E-09  -0.17172E-09   0.92936E-14
  0.000   0.000   -0.94776E-09   0.36783E-08  -0.87619E-08  -0.19720E-09  -0.50722E-10   0.52707E-14
  0.000   0.000    0.23742E-07  -0.56602E-07  -0.21998E-06   0.30177E-08   0.12670E-08   0.15279E-11
  0.000   0.000    0.24794E-06  -0.54917E-06  -0.90710E-06   0.28902E-07   0.13139E-07  -0.15974E-11
  0.000   0.000    0.12396E-05   0.59569E-05  -0.22985E-06  -0.30724E-06   0.77424E-07   0.40335E-07
  0.000   0.000   -0.20684E-06  -0.33670E-06   0.67820E-06   0.17800E-07  -0.10947E-07  -0.17216E-11
  0.000   0.000   -0.38821E-07   0.62226E-08  -0.12128E-06  -0.33503E-09  -0.20663E-08   0.27079E-13
  0.000   0.000   -0.21370E-07  -0.10247E-07  -0.10518E-06   0.54821E-09  -0.11426E-08   0.43803E-13
  0.000   0.000   -0.57187E-08   0.39606E-07  -0.27784E-07  -0.21220E-08  -0.30500E-09  -0.62613E-13
  0.000   0.000    0.30410E-07   0.10133E-07   0.73884E-07  -0.54521E-09   0.16223E-08   0.29863E-13
  0.000   0.000   -0.38583E-08   0.71391E-09  -0.26555E-07  -0.38291E-10  -0.20655E-09   0.10447E-13
  0.000   0.000   -0.32462E-08   0.25947E-08  -0.20470E-07  -0.13905E-09  -0.17375E-09   0.92004E-14
  0.000   0.000    0.56681E-08  -0.17598E-07  -0.10191E-06   0.94254E-09   0.30313E-09   0.55561E-13
  0.000   0.000    0.24031E-07  -0.56343E-07  -0.22300E-06   0.30044E-08   0.12825E-08   0.15303E-11
  0.000   0.000    0.24856E-06  -0.55033E-06  -0.91185E-06   0.28964E-07   0.13172E-07  -0.16159E-11
  0.000   0.000    0.12453E-05   0.59430E-05  -0.25054E-06  -0.30651E-06   0.77723E-07   0.40335E-07
  0.000   0.000   -0.21742E-07  -0.10157E-07  -0.10722E-06   0.54361E-09  -0.11624E-08   0.45157E-13
  0.000   0.000   -0.87342E-08  -0.81693E-08  -0.72178E-07   0.43789E-09  -0.46732E-09   0.20331E-13
  0.000   0.000   -0.39352E-07   0.60304E-08  -0.12375E-06  -0.32475E-09  -0.20947E-08   0.28620E-13
  0.000   0.000   -0.70294E-08   0.40005E-07  -0.30393E-07  -0.21430E-08  -0.37498E-09  -0.57955E-13
  0.000   0.000   -0.32774E-08  -0.51617E-09  -0.27251E-07   0.27694E-10  -0.17548E-09   0.93141E-14
  0.000   0.000   -0.39202E-08   0.77615E-09  -0.27014E-07  -0.41553E-10  -0.20987E-09   0.10528E-13
  0.000   0.000    0.61323E-08   0.11677E-07  -0.18116E-07  -0.62450E-09   0.32299E-09   0.37327E-12
  0.000   0.000   -0.11649E-07   0.13409E-07   0.34696E-07  -0.71601E-09  -0.62503E-09  -0.50982E-12
  0.000   0.000   -0.17095E-07   0.16554E-08   0.63066E-07  -0.87239E-10  -0.92777E-09   0.88488E-12
  0.000   0.000   -0.10723E-07  -0.35047E-08   0.57887E-07   0.18730E-09  -0.57348E-09  -0.27883E-13
  0.000   0.000    0.12396E-05   0.59569E-05  -0.22829E-06  -0.30724E-06   0.77424E-07   0.40335E-07
  0.000   0.000    0.24737E-06  -0.55115E-06  -0.90344E-06   0.29006E-07   0.13109E-07  -0.16009E-11
  0.000   0.000   -0.20696E-06  -0.33504E-06   0.68142E-06   0.17712E-07  -0.10953E-07  -0.17215E-11
  0.000   0.000   -0.24297E-07  -0.49433E-07   0.19224E-06   0.27041E-08  -0.15843E-08   0.16061E-10
  0.000   0.000   -0.38380E-07   0.59716E-08  -0.11992E-06  -0.32183E-09  -0.20428E-08   0.26295E-13
  0.000   0.000   -0.60276E-08   0.39995E-07  -0.26303E-07  -0.21425E-08  -0.32137E-09  -0.60309E-13
  0.000   0.000   -0.11914E-07   0.14410E-07   0.34027E-07  -0.76935E-09  -0.63901E-09  -0.51773E-12
  0.000   0.000   -0.17502E-07   0.18207E-08   0.64144E-07  -0.96133E-10  -0.94950E-09   0.88405E-12
  0.000   0.000   -0.11081E-07  -0.34258E-08   0.59253E-07   0.18317E-09  -0.59260E-09  -0.27640E-13
  0.000   0.000   -0.58339E-08  -0.37869E-08   0.45276E-07   0.20282E-09  -0.31219E-09  -0.17751E-13
  0.000   0.000   -0.20778E-06  -0.33702E-06   0.68946E-06   0.17819E-07  -0.10997E-07  -0.16907E-11
  0.000   0.000    0.12331E-05   0.59322E-05  -0.19249E-06  -0.30595E-06   0.77078E-07   0.40335E-07
  0.000   0.000   -0.24583E-07  -0.49515E-07   0.19672E-06   0.27089E-08  -0.15996E-08   0.16061E-10
  0.000   0.000   -0.24909E-08  -0.15518E-07   0.89201E-07   0.83087E-09  -0.13296E-09  -0.51320E-13
  0.000   0.000   -0.37853E-08   0.39914E-07  -0.23023E-07  -0.21381E-08  -0.20170E-09  -0.67382E-13
  0.000   0.000    0.31280E-07   0.97715E-08   0.78100E-07  -0.52591E-09   0.16688E-08   0.27201E-13
  0.000   0.000    0.98785E-08   0.15309E-08  -0.41235E-07  -0.82279E-10   0.52846E-09   0.11555E-13
  0.000   0.000    0.63455E-08   0.11536E-07  -0.18157E-07  -0.61699E-09   0.33433E-09   0.37320E-12
  0.000   0.000   -0.11529E-07   0.13380E-07   0.34410E-07  -0.71448E-09  -0.61861E-09  -0.51019E-12
  0.000   0.000   -0.16843E-07   0.15922E-08   0.62689E-07  -0.83947E-10  -0.91435E-09   0.88416E-12
  0.000   0.000    0.24785E-06  -0.54914E-06  -0.90700E-06   0.28900E-07   0.13134E-07  -0.15957E-11
  0.000   0.000    0.23634E-07  -0.56584E-07  -0.21999E-06   0.30168E-08   0.12613E-08   0.15282E-11
  0.000   0.000    0.12397E-05   0.59569E-05  -0.22977E-06  -0.30724E-06   0.77428E-07   0.40335E-07
  0.000   0.000   -0.20661E-06  -0.33674E-06   0.67810E-06   0.17802E-07  -0.10934E-07  -0.17254E-11
  0.000   0.000   -0.21390E-07  -0.10099E-07  -0.10458E-06   0.54023E-09  -0.11436E-08   0.45881E-13
  0.000   0.000   -0.38651E-07   0.75009E-08  -0.11904E-06  -0.40256E-09  -0.20573E-08   0.28337E-13
  0.000   0.000    0.64671E-08  -0.18995E-08  -0.39792E-07   0.10176E-09   0.34611E-09  -0.10063E-14
  0.000   0.000    0.10132E-07   0.15814E-08  -0.41733E-07  -0.84942E-10   0.54198E-09   0.11501E-13
  0.000   0.000    0.65734E-08   0.11668E-07  -0.18395E-07  -0.62409E-09   0.34653E-09   0.37312E-12
  0.000   0.000   -0.11265E-07   0.13873E-07   0.35223E-07  -0.74080E-09  -0.60471E-09  -0.50399E-12
  0.000   0.000    0.23832E-07  -0.56269E-07  -0.22270E-06   0.30004E-08   0.12718E-08   0.15322E-11
  0.000   0.000    0.55688E-08  -0.17570E-07  -0.10180E-06   0.94106E-09   0.29782E-09   0.55863E-13
  0.000   0.000    0.24832E-06  -0.55029E-06  -0.91131E-06   0.28962E-07   0.13160E-07  -0.16114E-11
  0.000   0.000    0.12452E-05   0.59430E-05  -0.25007E-06  -0.30651E-06   0.77720E-07   0.40335E-07
  0.000   0.000   -0.86722E-08  -0.81068E-08  -0.71880E-07   0.43453E-09  -0.46400E-09   0.21084E-13
  0.000   0.000   -0.21142E-07  -0.99123E-08  -0.10648E-06   0.53053E-09  -0.11305E-08   0.44889E-13
  0.000   0.000   -0.96543E-09   0.22665E-08   0.52142E-08  -0.12156E-09  -0.51644E-10   0.29661E-14
  0.000   0.000   -0.20974E-08   0.14827E-08   0.12337E-07  -0.79600E-10  -0.11224E-09  -0.44560E-15
  0.000   0.000   -0.23989E-08   0.54360E-09   0.16111E-07  -0.29227E-10  -0.12840E-09  -0.29924E-14
  0.000   0.000   -0.20825E-08  -0.13465E-09   0.16798E-07   0.71567E-11  -0.11149E-09  -0.41967E-14
  0.000   0.000   -0.17428E-07   0.18581E-08   0.64000E-07  -0.98135E-10  -0.94555E-09   0.88406E-12
  0.000   0.000   -0.11860E-07   0.14406E-07   0.33830E-07  -0.76915E-09  -0.63615E-09  -0.51775E-12
  0.000   0.000   -0.11074E-07  -0.33556E-08   0.59330E-07   0.17941E-09  -0.59221E-09  -0.26631E-13
  0.000   0.000   -0.58905E-08  -0.37647E-08   0.45538E-07   0.20163E-09  -0.31523E-09  -0.16442E-13
  0.000   0.000    0.12332E-05   0.59319E-05  -0.19337E-06  -0.30593E-06   0.77082E-07   0.40335E-07
  0.000   0.000   -0.20732E-06  -0.33886E-06   0.68607E-06   0.17916E-07  -0.10973E-07  -0.16979E-11
  0.000   0.000    0.41360E-09   0.21558E-08  -0.21941E-08  -0.11562E-09   0.22166E-10   0.48864E-14
  0.000   0.000   -0.10411E-08   0.21647E-08   0.60972E-08  -0.11616E-09  -0.55698E-10   0.28792E-14
  0.000   0.000   -0.21528E-08   0.14528E-08   0.13027E-07  -0.77992E-10  -0.11520E-09  -0.58692E-15
  0.000   0.000   -0.24230E-08   0.52298E-09   0.16715E-07  -0.28125E-10  -0.12970E-09  -0.31778E-14
  0.000   0.000   -0.11635E-07   0.13806E-07   0.35374E-07  -0.73731E-09  -0.62441E-09  -0.50268E-12
  0.000   0.000    0.63024E-08   0.11793E-07  -0.18365E-07  -0.63075E-09   0.33209E-09   0.37358E-12
  0.000   0.000   -0.17669E-07   0.20562E-08   0.65428E-07  -0.10863E-09  -0.95872E-09   0.90387E-12
  0.000   0.000   -0.11412E-07  -0.35650E-08   0.60889E-07   0.19053E-09  -0.61045E-09  -0.19939E-13
  0.000   0.000    0.24778E-06  -0.55243E-06  -0.90740E-06   0.29075E-07   0.13131E-07  -0.16143E-11
  0.000   0.000    0.12452E-05   0.59427E-05  -0.24881E-06  -0.30650E-06   0.77718E-07   0.40335E-07
 -1.000  -1.000    0.11589E-05   0.62988E-05   0.36544E-06  -0.28532E-06   0.83526E-07   0.24923E-07
 -1.000  -1.000   -0.80643E-07  -0.16236E-06   0.25568E-06   0.11949E-07  -0.50013E-08  -0.74193E-10
 -1.000  -1.000   -0.30312E-07  -0.77885E-07   0.43758E-07   0.58186E-08  -0.21550E-08   0.36989E-10
 -1.000  -1.000   -0.14620E-10  -0.37355E-09   0.26921E-08   0.22050E-10  -0.79658E-12  -0.12317E-13
 -1.000  -1.000    0.38652E-08  -0.43193E-08   0.65193E-08   0.37178E-09   0.31167E-09  -0.51168E-11
 -1.000  -1.000    0.60012E-08   0.11056E-08   0.66735E-08  -0.87136E-10   0.50481E-09  -0.19619E-11
 -1.000  -1.000    0.26686E-09  -0.21831E-09   0.25971E-08   0.12953E-10   0.15796E-10  -0.29684E-14
 -1.000  -1.000    0.82047E-10  -0.11676E-09   0.12869E-08   0.69342E-11   0.48583E-11  -0.13091E-14
 -1.000  -1.000    0.43386E-10   0.93335E-11   0.55900E-09  -0.54735E-12   0.25719E-11  -0.42317E-15
 -1.000  -1.000    0.43864E-10  -0.86587E-11   0.56040E-09   0.51318E-12   0.26006E-11  -0.52506E-15
 -1.000  -1.000    0.82005E-08   0.10214E-06   0.85575E-07  -0.59435E-08   0.43409E-09  -0.68777E-11
 -1.000  -1.000    0.11589E-05   0.62986E-05   0.36592E-06  -0.28531E-06   0.83529E-07   0.24923E-07
 -1.000  -1.000   -0.80648E-07  -0.16239E-06   0.25574E-06   0.11951E-07  -0.50016E-08  -0.74187E-10
 -1.000  -1.000   -0.30312E-07  -0.77910E-07   0.43718E-07   0.58201E-08  -0.21550E-08   0.36989E-10
 -1.000  -1.000    0.60035E-08   0.10877E-08   0.67359E-08  -0.86097E-10   0.50494E-09  -0.19622E-11
 -1.000  -1.000    0.54584E-09   0.23435E-09   0.23792E-08  -0.14748E-10   0.43456E-10  -0.95705E-13
 -1.000  -1.000    0.38662E-08  -0.43227E-08   0.65318E-08   0.37199E-09   0.31173E-09  -0.51171E-11
 -1.000  -1.000    0.26668E-09  -0.22936E-09   0.25768E-08   0.13595E-10   0.15786E-10  -0.29648E-14
 -1.000  -1.000    0.33981E-10   0.15583E-10   0.48819E-09  -0.91889E-12   0.20141E-11  -0.35916E-15
 -1.000  -1.000    0.43879E-10   0.17493E-11   0.56313E-09  -0.10443E-12   0.26015E-11  -0.51318E-15
 -1.000  -1.000    0.29291E-08   0.25168E-08   0.53438E-08  -0.30712E-09   0.26699E-09   0.24115E-10
 -1.000  -1.000    0.82005E-08   0.10210E-06   0.85656E-07  -0.59413E-08   0.43409E-09  -0.68788E-11
 -1.000  -1.000    0.11589E-05   0.62986E-05   0.36590E-06  -0.28531E-06   0.83529E-07   0.24923E-07
 -1.000  -1.000   -0.80646E-07  -0.16252E-06   0.25547E-06   0.11959E-07  -0.50015E-08  -0.74189E-10
 -1.000  -1.000    0.54638E-09   0.22403E-09   0.24023E-08  -0.14141E-10   0.43488E-10  -0.95985E-13
 -1.000  -1.000    0.76513E-10   0.10071E-09   0.12737E-08  -0.59655E-11   0.45277E-11   0.28546E-15
 -1.000  -1.000    0.60031E-08   0.10843E-08   0.67267E-08  -0.85884E-10   0.50492E-09  -0.19628E-11
 -1.000  -1.000    0.38636E-08  -0.43439E-08   0.64697E-08   0.37322E-09   0.31157E-09  -0.51170E-11
 -1.000  -1.000    0.22414E-10   0.15658E-10   0.38149E-09  -0.92471E-12   0.13282E-11  -0.27038E-15
 -1.000  -1.000    0.34032E-10   0.88147E-11   0.48538E-09  -0.52389E-12   0.20174E-11  -0.42261E-15
 -1.000  -1.000    0.19761E-10   0.16209E-09   0.13798E-08  -0.96041E-11   0.11744E-11   0.44163E-15
 -1.000  -1.000    0.29293E-08   0.24907E-08   0.52640E-08  -0.30558E-09   0.26700E-09   0.24114E-10
 -1.000  -1.000    0.82027E-08   0.10191E-06   0.85228E-07  -0.59297E-08   0.43453E-09  -0.69550E-11
 -1.000  -1.000    0.11591E-05   0.62966E-05   0.36194E-06  -0.28520E-06   0.83537E-07   0.24923E-07
 -1.000  -1.000    0.73690E-10   0.90440E-10   0.12331E-08  -0.53606E-11   0.43605E-11   0.13040E-15
 -1.000  -1.000    0.31639E-10   0.52368E-10   0.69325E-09  -0.31016E-11   0.18728E-11   0.46610E-16
 -1.000  -1.000    0.53688E-09   0.21161E-09   0.22905E-08  -0.13396E-10   0.42927E-10  -0.97197E-13
 -1.000  -1.000    0.59741E-08   0.10410E-08   0.64620E-08  -0.83358E-10   0.50315E-09  -0.19621E-11
 -1.000  -1.000    0.13098E-10   0.12203E-10   0.27031E-09  -0.72109E-12   0.77592E-12  -0.18521E-15
 -1.000  -1.000    0.21474E-10   0.97350E-11   0.36185E-09  -0.57860E-12   0.12727E-11  -0.30152E-15
 -1.000  -1.000   -0.11519E-07  -0.13685E-08   0.74251E-08   0.12573E-09  -0.92858E-09   0.18753E-10
 -1.000  -1.000   -0.17219E-07  -0.65590E-08   0.11233E-07   0.56318E-09  -0.13114E-08   0.75705E-11
 -1.000  -1.000   -0.15725E-07  -0.28374E-08   0.88284E-08   0.23356E-09  -0.12680E-08   0.25201E-10
 -1.000  -1.000   -0.19661E-09  -0.18272E-09   0.21910E-08   0.10849E-10  -0.11642E-10  -0.36693E-14
 -1.000  -1.000    0.11589E-05   0.62986E-05   0.36594E-06  -0.28531E-06   0.83529E-07   0.24923E-07
 -1.000  -1.000    0.82033E-08   0.10214E-06   0.85588E-07  -0.59436E-08   0.43427E-09  -0.68778E-11
 -1.000  -1.000   -0.80642E-07  -0.16239E-06   0.25575E-06   0.11951E-07  -0.50013E-08  -0.74188E-10
 -1.000  -1.000   -0.30309E-07  -0.77911E-07   0.43721E-07   0.58201E-08  -0.21548E-08   0.36988E-10
 -1.000  -1.000    0.54611E-09   0.23074E-09   0.23675E-08  -0.14524E-10   0.43473E-10  -0.97047E-13
 -1.000  -1.000    0.60019E-08   0.10515E-08   0.66466E-08  -0.83987E-10   0.50485E-09  -0.19628E-11
 -1.000  -1.000   -0.17209E-07  -0.65281E-08   0.11129E-07   0.56135E-09  -0.13107E-08   0.75654E-11
 -1.000  -1.000   -0.15724E-07  -0.28324E-08   0.88073E-08   0.23325E-09  -0.12679E-08   0.25201E-10
 -1.000  -1.000   -0.19682E-09  -0.17242E-09   0.22061E-08   0.10250E-10  -0.11655E-10  -0.36343E-14
 -1.000  -1.000   -0.70642E-10  -0.97484E-10   0.11586E-08   0.57955E-11  -0.42008E-11  -0.59130E-15
 -1.000  -1.000   -0.80640E-07  -0.16236E-06   0.25570E-06   0.11949E-07  -0.50011E-08  -0.74193E-10
 -1.000  -1.000    0.11589E-05   0.62988E-05   0.36545E-06  -0.28532E-06   0.83526E-07   0.24923E-07
 -1.000  -1.000   -0.30310E-07  -0.77886E-07   0.43766E-07   0.58186E-08  -0.21548E-08   0.36989E-10
 -1.000  -1.000   -0.12795E-10  -0.37390E-09   0.26956E-08   0.22071E-10  -0.68489E-12  -0.12533E-13
 -1.000  -1.000    0.60016E-08   0.11037E-08   0.66669E-08  -0.87019E-10   0.50484E-09  -0.19625E-11
 -1.000  -1.000    0.38649E-08  -0.43404E-08   0.64672E-08   0.37301E-09   0.31165E-09  -0.51171E-11
 -1.000  -1.000   -0.15499E-09   0.18737E-09   0.18837E-08  -0.11087E-10  -0.92020E-11   0.17226E-14
 -1.000  -1.000   -0.11520E-07  -0.13836E-08   0.74607E-08   0.12661E-09  -0.92864E-09   0.18752E-10
 -1.000  -1.000   -0.17218E-07  -0.65626E-08   0.11226E-07   0.56340E-09  -0.13114E-08   0.75700E-11
 -1.000  -1.000   -0.15722E-07  -0.28553E-08   0.87744E-08   0.23460E-09  -0.12678E-08   0.25200E-10
 -1.000  -1.000    0.82043E-08   0.10210E-06   0.85666E-07  -0.59413E-08   0.43433E-09  -0.68790E-11
 -1.000  -1.000    0.29310E-08   0.25172E-08   0.53517E-08  -0.30714E-09   0.26710E-09   0.24115E-10
 -1.000  -1.000    0.11589E-05   0.62986E-05   0.36591E-06  -0.28531E-06   0.83529E-07   0.24923E-07
 -1.000  -1.000   -0.80641E-07  -0.16252E-06   0.25548E-06   0.11959E-07  -0.50012E-08  -0.74190E-10
 -1.000  -1.000    0.76721E-10   0.97620E-10   0.12617E-08  -0.57740E-11   0.45398E-11  -0.89029E-15
 -1.000  -1.000    0.54518E-09   0.19265E-09   0.23203E-08  -0.12303E-10   0.43422E-10  -0.97165E-13
 -1.000  -1.000   -0.44010E-10   0.81728E-10   0.89102E-09  -0.48428E-11  -0.26189E-11   0.91031E-15
 -1.000  -1.000   -0.15249E-09   0.17612E-09   0.18512E-08  -0.10425E-10  -0.90540E-11   0.15580E-14
 -1.000  -1.000   -0.11512E-07  -0.13943E-08   0.73619E-08   0.12726E-09  -0.92814E-09   0.18751E-10
 -1.000  -1.000   -0.17194E-07  -0.65994E-08   0.10999E-07   0.56554E-09  -0.13099E-08   0.75660E-11
 -1.000  -1.000    0.29315E-08   0.24908E-08   0.52706E-08  -0.30558E-09   0.26713E-09   0.24114E-10
 -1.000  -1.000    0.20799E-10   0.16237E-09   0.13846E-08  -0.96203E-11   0.12365E-11   0.42581E-15
 -1.000  -1.000    0.82067E-08   0.10191E-06   0.85235E-07  -0.59297E-08   0.43478E-09  -0.69554E-11
 -1.000  -1.000    0.11591E-05   0.62966E-05   0.36194E-06  -0.28520E-06   0.83538E-07   0.24923E-07
 -1.000  -1.000    0.31831E-10   0.50738E-10   0.68637E-09  -0.30014E-11   0.18843E-11  -0.47088E-15
 -1.000  -1.000    0.73510E-10   0.74310E-10   0.11893E-08  -0.44116E-11   0.43510E-11  -0.93695E-15
 -1.000  -1.000   -0.47890E-10   0.61974E-11   0.59878E-09  -0.36212E-12  -0.28502E-11   0.14293E-15
 -1.000  -1.000   -0.43828E-10  -0.84242E-11   0.57757E-09   0.50238E-12  -0.26092E-11   0.14136E-16
 -1.000  -1.000   -0.32087E-10  -0.14206E-10   0.48048E-09   0.84695E-12  -0.19107E-11  -0.11574E-15
 -1.000  -1.000   -0.20273E-10  -0.15830E-10   0.36058E-09   0.94009E-12  -0.12076E-11  -0.13778E-15
 -1.000  -1.000   -0.15721E-07  -0.28333E-08   0.87917E-08   0.23330E-09  -0.12678E-08   0.25200E-10
 -1.000  -1.000   -0.17207E-07  -0.65289E-08   0.11121E-07   0.56139E-09  -0.13106E-08   0.75654E-11
 -1.000  -1.000   -0.19223E-09  -0.17235E-09   0.21855E-08   0.10241E-10  -0.11360E-10  -0.53634E-14
 -1.000  -1.000   -0.67912E-10  -0.96564E-10   0.11420E-08   0.57403E-11  -0.40347E-11  -0.89308E-15
 -1.000  -1.000    0.11589E-05   0.62988E-05   0.36540E-06  -0.28532E-06   0.83526E-07   0.24923E-07
 -1.000  -1.000   -0.80636E-07  -0.16249E-06   0.25541E-06   0.11957E-07  -0.50008E-08  -0.74196E-10
 -1.000  -1.000   -0.40319E-10   0.14815E-10   0.53180E-09  -0.87401E-12  -0.23997E-11   0.12608E-15
 -1.000  -1.000   -0.47179E-10   0.17487E-11   0.59279E-09  -0.10071E-12  -0.28085E-11   0.92910E-16
 -1.000  -1.000   -0.42332E-10  -0.92624E-11   0.55832E-09   0.55409E-12  -0.25202E-11  -0.53840E-16
 -1.000  -1.000   -0.30464E-10  -0.16615E-10   0.45446E-09   0.98635E-12  -0.18138E-11  -0.12153E-15
 -1.000  -1.000   -0.17194E-07  -0.65671E-08   0.11069E-07   0.56365E-09  -0.13099E-08   0.75664E-11
 -1.000  -1.000   -0.11510E-07  -0.13764E-08   0.73304E-08   0.12620E-09  -0.92804E-09   0.18752E-10
 -1.000  -1.000   -0.15694E-07  -0.28357E-08   0.86313E-08   0.23346E-09  -0.12662E-08   0.25198E-10
 -1.000  -1.000   -0.17936E-09  -0.17373E-09   0.20445E-08   0.10322E-10  -0.10645E-10  -0.17087E-14
 -1.000  -1.000    0.82067E-08   0.10195E-06   0.85144E-07  -0.59319E-08   0.43479E-09  -0.69545E-11
 -1.000  -1.000    0.11591E-05   0.62966E-05   0.36193E-06  -0.28520E-06   0.83538E-07   0.24923E-07
  0.067   0.200    0.12450E-05   0.59339E-05  -0.20443E-06  -0.30612E-06   0.77661E-07   0.39741E-07
  0.067   0.200   -0.20737E-06  -0.33186E-06   0.70206E-06   0.17542E-07  -0.10975E-07  -0.16848E-11
  0.067   0.200   -0.24403E-07  -0.46483E-07   0.22470E-06   0.25461E-08  -0.15900E-08   0.16061E-10
  0.067   0.200   -0.23680E-08  -0.14335E-07   0.12483E-06   0.76746E-09  -0.12639E-09  -0.56650E-13
  0.067   0.200    0.32859E-07   0.14629E-07   0.82271E-07  -0.78668E-09   0.17534E-08   0.30089E-13
  0.067   0.200   -0.34936E-08   0.45369E-07  -0.38473E-07  -0.24311E-08  -0.18610E-09  -0.57682E-13
  0.067   0.200    0.20296E-07  -0.32770E-08   0.95532E-07   0.17416E-09   0.10854E-08  -0.31250E-13
  0.067   0.200    0.95938E-08  -0.42404E-08   0.80428E-07   0.22689E-09   0.51357E-09  -0.26380E-13
  0.067   0.200   -0.99886E-09   0.69566E-08  -0.23552E-07  -0.37314E-09  -0.53518E-10   0.12748E-13
  0.067   0.200    0.22626E-08   0.60285E-08   0.11638E-08  -0.32347E-09   0.12115E-09   0.40277E-14
  0.067   0.200    0.24881E-06  -0.54607E-06  -0.93654E-06   0.28735E-07   0.13186E-07  -0.15873E-11
  0.067   0.200    0.12519E-05   0.59582E-05  -0.24003E-06  -0.30740E-06   0.78024E-07   0.39741E-07
  0.067   0.200   -0.20654E-06  -0.33002E-06   0.69340E-06   0.17443E-07  -0.10931E-07  -0.17133E-11
  0.067   0.200   -0.24086E-07  -0.46439E-07   0.21926E-06   0.25434E-08  -0.15731E-08   0.16062E-10
  0.067   0.200   -0.52729E-08   0.44757E-07  -0.43111E-07  -0.23988E-08  -0.28117E-09  -0.53315E-13
  0.067   0.200   -0.39021E-07   0.10233E-07  -0.15449E-06  -0.55060E-09  -0.20773E-08   0.38964E-13
  0.067   0.200    0.32093E-07   0.14839E-07   0.77480E-07  -0.79789E-09   0.17124E-08   0.32596E-13
  0.067   0.200    0.19808E-07  -0.31694E-08   0.91483E-07   0.16830E-09   0.10594E-08  -0.29665E-13
  0.067   0.200   -0.41819E-08   0.52557E-08  -0.47337E-07  -0.28191E-09  -0.22396E-09   0.19636E-13
  0.067   0.200   -0.11795E-08   0.68200E-08  -0.24351E-07  -0.36579E-09  -0.63158E-10   0.12713E-13
  0.067   0.200    0.25073E-07  -0.53802E-07  -0.26761E-06   0.28677E-08   0.13384E-08   0.15417E-11
  0.067   0.200    0.24940E-06  -0.54417E-06  -0.94024E-06   0.28634E-07   0.13217E-07  -0.15840E-11
  0.067   0.200    0.12520E-05   0.59583E-05  -0.24165E-06  -0.30740E-06   0.78031E-07   0.39741E-07
  0.067   0.200   -0.20616E-06  -0.33161E-06   0.69013E-06   0.17527E-07  -0.10911E-07  -0.17168E-11
  0.067   0.200   -0.39585E-07   0.10430E-07  -0.15560E-06  -0.56097E-09  -0.21074E-08   0.40512E-13
  0.067   0.200   -0.22598E-07  -0.77839E-08  -0.15210E-06   0.41613E-09  -0.12085E-08   0.58771E-13
  0.067   0.200   -0.54924E-08   0.44773E-07  -0.43984E-07  -0.23996E-08  -0.29292E-09  -0.52813E-13
  0.067   0.200    0.31615E-07   0.14801E-07   0.76603E-07  -0.79588E-09   0.16870E-08   0.34136E-13
  0.067   0.200   -0.53252E-08   0.26396E-08  -0.61648E-07  -0.14156E-09  -0.28522E-09   0.22460E-13
  0.067   0.200   -0.42420E-08   0.53413E-08  -0.46823E-07  -0.28639E-09  -0.22716E-09   0.19443E-13
  0.067   0.200    0.68349E-08  -0.16736E-07  -0.15703E-06   0.89654E-09   0.36568E-09   0.68570E-13
  0.067   0.200    0.25429E-07  -0.53569E-07  -0.27156E-06   0.28556E-08   0.13575E-08   0.15440E-11
  0.067   0.200    0.25006E-06  -0.54530E-06  -0.94587E-06   0.28695E-07   0.13253E-07  -0.16019E-11
  0.067   0.200    0.12574E-05   0.59447E-05  -0.26295E-06  -0.30668E-06   0.78319E-07   0.39741E-07
  0.067   0.200   -0.23009E-07  -0.77212E-08  -0.15517E-06   0.41297E-09  -0.12304E-08   0.60354E-13
  0.067   0.200   -0.99931E-08  -0.73281E-08  -0.12612E-06   0.39294E-09  -0.53488E-09   0.35247E-13
  0.067   0.200   -0.40135E-07   0.10276E-07  -0.15906E-06  -0.55275E-09  -0.21368E-08   0.42740E-13
  0.067   0.200   -0.68175E-08   0.45387E-07  -0.47243E-07  -0.24320E-08  -0.36366E-09  -0.47681E-13
  0.067   0.200   -0.49155E-08   0.56546E-09  -0.68671E-07  -0.30257E-10  -0.26330E-09   0.22147E-13
  0.067   0.200   -0.54208E-08   0.27532E-08  -0.62790E-07  -0.14754E-09  -0.29033E-09   0.22708E-13
  0.067   0.200    0.77286E-08   0.15700E-07  -0.37569E-07  -0.84047E-09   0.40860E-09   0.38324E-12
  0.067   0.200   -0.11044E-07   0.17759E-07   0.31287E-07  -0.94971E-09  -0.59267E-09  -0.50231E-12
  0.067   0.200   -0.17506E-07   0.53144E-08   0.75032E-07  -0.28376E-09  -0.94987E-09   0.88843E-12
  0.067   0.200   -0.11719E-07  -0.10959E-08   0.81294E-07   0.58004E-10  -0.62696E-09  -0.28988E-13
  0.067   0.200    0.12519E-05   0.59585E-05  -0.24021E-06  -0.30741E-06   0.78025E-07   0.39741E-07
  0.067   0.200    0.24876E-06  -0.54609E-06  -0.93682E-06   0.28735E-07   0.13183E-07  -0.15871E-11
  0.067   0.200   -0.20629E-06  -0.33004E-06   0.69329E-06   0.17444E-07  -0.10917E-07  -0.17170E-11
  0.067   0.200   -0.23866E-07  -0.46432E-07   0.21912E-06   0.25430E-08  -0.15612E-08   0.16059E-10
  0.067   0.200   -0.39140E-07   0.10288E-07  -0.15414E-06  -0.55353E-09  -0.20837E-08   0.40270E-13
  0.067   0.200   -0.58238E-08   0.45326E-07  -0.42097E-07  -0.24288E-08  -0.31048E-09  -0.50470E-13
  0.067   0.200   -0.11388E-07   0.19028E-07   0.30400E-07  -0.10173E-08  -0.61087E-09  -0.50979E-12
  0.067   0.200   -0.17998E-07   0.55943E-08   0.76511E-07  -0.29881E-09  -0.97617E-09   0.88737E-12
  0.067   0.200   -0.12183E-07  -0.99271E-09   0.83352E-07   0.52526E-10  -0.65174E-09  -0.28770E-13
  0.067   0.200   -0.70599E-08  -0.25863E-08   0.76079E-07   0.13837E-09  -0.37795E-09  -0.22601E-13
  0.067   0.200   -0.20721E-06  -0.33188E-06   0.70244E-06   0.17543E-07  -0.10967E-07  -0.16864E-11
  0.067   0.200    0.12449E-05   0.59339E-05  -0.20407E-06  -0.30612E-06   0.77655E-07   0.39741E-07
  0.067   0.200   -0.24220E-07  -0.46515E-07   0.22497E-06   0.25478E-08  -0.15802E-08   0.16059E-10
  0.067   0.200   -0.22597E-08  -0.14349E-07   0.12502E-06   0.76817E-09  -0.12058E-09  -0.58255E-13
  0.067   0.200   -0.35444E-08   0.45351E-07  -0.38239E-07  -0.24301E-08  -0.18882E-09  -0.57505E-13
  0.067   0.200    0.32506E-07   0.14519E-07   0.82336E-07  -0.78084E-09   0.17346E-08   0.30970E-13
  0.067   0.200    0.12044E-07   0.42916E-08  -0.73193E-07  -0.23040E-09   0.64456E-09   0.21681E-13
  0.067   0.200    0.79869E-08   0.15453E-07  -0.37450E-07  -0.82734E-09   0.42234E-09   0.38297E-12
  0.067   0.200   -0.10901E-07   0.17719E-07   0.31008E-07  -0.94752E-09  -0.58498E-09  -0.50249E-12
  0.067   0.200   -0.17219E-07   0.53261E-08   0.74716E-07  -0.28441E-09  -0.93458E-09   0.88777E-12
  0.067   0.200    0.24926E-06  -0.54419E-06  -0.94035E-06   0.28635E-07   0.13210E-07  -0.15822E-11
  0.067   0.200    0.24926E-07  -0.53793E-07  -0.26776E-06   0.28671E-08   0.13305E-08   0.15421E-11
  0.067   0.200    0.12520E-05   0.59584E-05  -0.24189E-06  -0.30740E-06   0.78032E-07   0.39741E-07
  0.067   0.200   -0.20592E-06  -0.33163E-06   0.68985E-06   0.17528E-07  -0.10898E-07  -0.17208E-11
  0.067   0.200   -0.22641E-07  -0.76210E-08  -0.15137E-06   0.40737E-09  -0.12108E-08   0.61307E-13
  0.067   0.200   -0.39435E-07   0.11875E-07  -0.15304E-06  -0.63728E-09  -0.20995E-08   0.42282E-13
  0.067   0.200    0.87347E-08  -0.42532E-09  -0.79779E-07   0.22753E-10   0.46767E-09   0.87673E-14
  0.067   0.200    0.12399E-07   0.43306E-08  -0.73856E-07  -0.23249E-09   0.66355E-09   0.21579E-13
  0.067   0.200    0.82919E-08   0.15652E-07  -0.37712E-07  -0.83804E-09   0.43866E-09   0.38313E-12
  0.067   0.200   -0.10568E-07   0.18414E-07   0.32208E-07  -0.98462E-09  -0.56738E-09  -0.49612E-12
  0.067   0.200    0.25202E-07  -0.53496E-07  -0.27126E-06   0.28517E-08   0.13453E-08   0.15461E-11
  0.067   0.200    0.67116E-08  -0.16709E-07  -0.15693E-06   0.89507E-09   0.35907E-09   0.68953E-13
  0.067   0.200    0.24981E-06  -0.54531E-06  -0.94538E-06   0.28696E-07   0.13240E-07  -0.15973E-11
  0.067   0.200    0.12573E-05   0.59448E-05  -0.26258E-06  -0.30669E-06   0.78314E-07   0.39741E-07
  0.067   0.200   -0.99294E-08  -0.72506E-08  -0.12574E-06   0.38877E-09  -0.53148E-09   0.36411E-13
  0.067   0.200   -0.22387E-07  -0.73399E-08  -0.15418E-06   0.39268E-09  -0.11974E-08   0.60589E-13
  0.067   0.200   -0.87885E-09   0.49263E-08   0.36347E-08  -0.26429E-09  -0.47020E-10   0.75977E-14
  0.067   0.200   -0.26440E-08   0.37840E-08   0.20120E-07  -0.20316E-09  -0.14156E-09   0.16688E-14
  0.067   0.200   -0.33835E-08   0.23046E-08   0.31572E-07  -0.12379E-09  -0.18118E-09  -0.33535E-14
  0.067   0.200   -0.32401E-08   0.10565E-08   0.37775E-07  -0.56799E-10  -0.17353E-09  -0.68624E-14
  0.067   0.200   -0.17923E-07   0.56411E-08   0.76340E-07  -0.30132E-09  -0.97217E-09   0.88757E-12
  0.067   0.200   -0.11345E-07   0.19032E-07   0.30142E-07  -0.10175E-08  -0.60854E-09  -0.50972E-12
  0.067   0.200   -0.12162E-07  -0.91438E-09   0.83435E-07   0.48337E-10  -0.65063E-09  -0.27785E-13
  0.067   0.200   -0.70982E-08  -0.25573E-08   0.76376E-07   0.13683E-09  -0.38001E-09  -0.21392E-13
  0.067   0.200    0.12454E-05   0.59337E-05  -0.20495E-06  -0.30611E-06   0.77685E-07   0.39741E-07
  0.067   0.200   -0.20671E-06  -0.33362E-06   0.69911E-06   0.17635E-07  -0.10941E-07  -0.16937E-11
  0.067   0.200    0.11834E-08   0.46776E-08  -0.12514E-07  -0.25094E-09   0.63407E-10   0.10964E-13
  0.067   0.200   -0.92191E-09   0.47189E-08   0.53822E-08  -0.25329E-09  -0.49332E-10   0.71785E-14
  0.067   0.200   -0.26665E-08   0.37248E-08   0.21485E-07  -0.19999E-09  -0.14276E-09   0.14744E-14
  0.067   0.200   -0.33596E-08   0.22988E-08   0.32793E-07  -0.12345E-09  -0.17992E-09  -0.36921E-14
  0.067   0.200   -0.10975E-07   0.18252E-07   0.32066E-07  -0.97610E-09  -0.58906E-09  -0.49504E-12
  0.067   0.200    0.79533E-08   0.15888E-07  -0.38033E-07  -0.85058E-09   0.42062E-09   0.38360E-12
  0.067   0.200   -0.18031E-07   0.58081E-08   0.77859E-07  -0.31013E-09  -0.97822E-09   0.90734E-12
  0.067   0.200   -0.12369E-07  -0.10878E-08   0.85068E-07   0.57561E-10  -0.66182E-09  -0.21285E-13
  0.067   0.200    0.24923E-06  -0.54733E-06  -0.94153E-06   0.28802E-07   0.13209E-07  -0.15999E-11
  0.067   0.200    0.12573E-05   0.59445E-05  -0.26123E-06  -0.30667E-06   0.78312E-07   0.39741E-07
  0.130   0.385    0.12420E-05   0.59405E-05  -0.20030E-06  -0.30643E-06   0.77517E-07   0.39949E-07
  0.130   0.385   -0.20777E-06  -0.33237E-06   0.70851E-06   0.17568E-07  -0.10996E-07  -0.16878E-11
  0.130   0.385   -0.24435E-07  -0.46479E-07   0.23089E-06   0.25457E-08  -0.15917E-08   0.16060E-10
  0.130   0.385   -0.23565E-08  -0.14261E-07   0.13126E-06   0.76339E-09  -0.12577E-09  -0.58132E-13
  0.130   0.385    0.33078E-07   0.14957E-07   0.86619E-07  -0.80426E-09   0.17650E-08   0.29227E-13
  0.130   0.385   -0.34842E-08   0.45880E-07  -0.35654E-07  -0.24583E-08  -0.18559E-09  -0.58029E-13
  0.130   0.385    0.20478E-07  -0.30970E-08   0.10079E-06   0.16448E-09   0.10951E-08  -0.32339E-13
  0.130   0.385    0.97170E-08  -0.41041E-08   0.86271E-07   0.21955E-09   0.52014E-09  -0.27656E-13
  0.130   0.385   -0.10043E-08   0.72005E-08  -0.20736E-07  -0.38621E-09  -0.53804E-10   0.12356E-13
  0.130   0.385    0.23016E-08   0.62615E-08   0.48509E-08  -0.33596E-09   0.12324E-09   0.33767E-14
  0.130   0.385    0.24957E-06  -0.54685E-06  -0.93658E-06   0.28774E-07   0.13226E-07  -0.15903E-11
  0.130   0.385    0.12496E-05   0.59653E-05  -0.23603E-06  -0.30774E-06   0.77917E-07   0.39949E-07
  0.130   0.385   -0.20691E-06  -0.33049E-06   0.69987E-06   0.17467E-07  -0.10950E-07  -0.17165E-11
  0.130   0.385   -0.24111E-07  -0.46428E-07   0.22550E-06   0.25426E-08  -0.15744E-08   0.16061E-10
  0.130   0.385   -0.52758E-08   0.45239E-07  -0.40208E-07  -0.24245E-08  -0.28131E-09  -0.53702E-13
  0.130   0.385   -0.39223E-07   0.10538E-07  -0.15303E-06  -0.56690E-09  -0.20880E-08   0.39124E-13
  0.130   0.385    0.32307E-07   0.15163E-07   0.81864E-07  -0.81522E-09   0.17237E-08   0.31763E-13
  0.130   0.385    0.19989E-07  -0.29833E-08   0.96772E-07   0.15829E-09   0.10690E-08  -0.30757E-13
  0.130   0.385   -0.42257E-08   0.54718E-08  -0.45265E-07  -0.29348E-09  -0.22629E-09   0.19424E-13
  0.130   0.385   -0.11816E-08   0.70552E-08  -0.21456E-07  -0.37839E-09  -0.63263E-10   0.12276E-13
  0.130   0.385    0.25262E-07  -0.53824E-07  -0.26720E-06   0.28687E-08   0.13485E-08   0.15413E-11
  0.130   0.385    0.25017E-06  -0.54505E-06  -0.94039E-06   0.28679E-07   0.13258E-07  -0.15871E-11
  0.130   0.385    0.12496E-05   0.59656E-05  -0.23791E-06  -0.30775E-06   0.77920E-07   0.39949E-07
  0.130   0.385   -0.20655E-06  -0.33206E-06   0.69659E-06   0.17550E-07  -0.10931E-07  -0.17201E-11
  0.130   0.385   -0.39796E-07   0.10718E-07  -0.15410E-06  -0.57642E-09  -0.21185E-08   0.40632E-13
  0.130   0.385   -0.22748E-07  -0.76411E-08  -0.15137E-06   0.40844E-09  -0.12165E-08   0.58959E-13
  0.130   0.385   -0.55020E-08   0.45255E-07  -0.41071E-07  -0.24253E-08  -0.29341E-09  -0.53155E-13
  0.130   0.385    0.31823E-07   0.15138E-07   0.81016E-07  -0.81392E-09   0.16980E-08   0.33314E-13
  0.130   0.385   -0.53918E-08   0.28146E-08  -0.60233E-07  -0.15095E-09  -0.28876E-09   0.22388E-13
  0.130   0.385   -0.42850E-08   0.55532E-08  -0.44702E-07  -0.29774E-09  -0.22945E-09   0.19201E-13
  0.130   0.385    0.69255E-08  -0.16688E-07  -0.15678E-06   0.89389E-09   0.37050E-09   0.68698E-13
  0.130   0.385    0.25613E-07  -0.53609E-07  -0.27117E-06   0.28576E-08   0.13672E-08   0.15432E-11
  0.130   0.385    0.25077E-06  -0.54618E-06  -0.94610E-06   0.28740E-07   0.13290E-07  -0.16047E-11
  0.130   0.385    0.12540E-05   0.59517E-05  -0.25968E-06  -0.30702E-06   0.78154E-07   0.39949E-07
  0.130   0.385   -0.23164E-07  -0.75889E-08  -0.15444E-06   0.40583E-09  -0.12386E-08   0.60517E-13
  0.130   0.385   -0.10076E-07  -0.72353E-08  -0.12581E-06   0.38794E-09  -0.53932E-09   0.35412E-13
  0.130   0.385   -0.40349E-07   0.10565E-07  -0.15757E-06  -0.56822E-09  -0.21481E-08   0.42909E-13
  0.130   0.385   -0.68350E-08   0.45888E-07  -0.44315E-07  -0.24588E-08  -0.36457E-09  -0.48002E-13
  0.130   0.385   -0.49876E-08   0.69929E-09  -0.67803E-07  -0.37436E-10  -0.26715E-09   0.22169E-13
  0.130   0.385   -0.54868E-08   0.29244E-08  -0.61363E-07  -0.15672E-09  -0.29385E-09   0.22614E-13
  0.130   0.385    0.78679E-08   0.15998E-07  -0.35308E-07  -0.85643E-09   0.41603E-09   0.38298E-12
  0.130   0.385   -0.11023E-07   0.18087E-07   0.34699E-07  -0.96725E-09  -0.59149E-09  -0.50248E-12
  0.130   0.385   -0.17568E-07   0.55678E-08   0.79517E-07  -0.29735E-09  -0.95315E-09   0.88753E-12
  0.130   0.385   -0.11786E-07  -0.90771E-09   0.86588E-07   0.47890E-10  -0.63048E-09  -0.30028E-13
  0.130   0.385    0.12483E-05   0.59654E-05  -0.23765E-06  -0.30774E-06   0.77852E-07   0.39949E-07
  0.130   0.385    0.24948E-06  -0.54698E-06  -0.93756E-06   0.28781E-07   0.13221E-07  -0.15899E-11
  0.130   0.385   -0.20672E-06  -0.33039E-06   0.69903E-06   0.17462E-07  -0.10940E-07  -0.17197E-11
  0.130   0.385   -0.23904E-07  -0.46385E-07   0.22487E-06   0.25403E-08  -0.15632E-08   0.16057E-10
  0.130   0.385   -0.39365E-07   0.10588E-07  -0.15306E-06  -0.56959E-09  -0.20957E-08   0.40577E-13
  0.130   0.385   -0.58570E-08   0.45828E-07  -0.39560E-07  -0.24555E-08  -0.31224E-09  -0.50674E-13
  0.130   0.385   -0.11402E-07   0.19383E-07   0.34059E-07  -0.10363E-08  -0.61157E-09  -0.50996E-12
  0.130   0.385   -0.18090E-07   0.58456E-08   0.81276E-07  -0.31229E-09  -0.98107E-09   0.88653E-12
  0.130   0.385   -0.12268E-07  -0.82034E-09   0.88897E-07   0.43256E-10  -0.65627E-09  -0.29889E-13
  0.130   0.385   -0.71211E-08  -0.24513E-08   0.82194E-07   0.13111E-09  -0.38120E-09  -0.23898E-13
  0.130   0.385   -0.20763E-06  -0.33236E-06   0.70878E-06   0.17568E-07  -0.10989E-07  -0.16894E-11
  0.130   0.385    0.12414E-05   0.59405E-05  -0.20009E-06  -0.30643E-06   0.77490E-07   0.39949E-07
  0.130   0.385   -0.24261E-07  -0.46507E-07   0.23109E-06   0.25472E-08  -0.15823E-08   0.16057E-10
  0.130   0.385   -0.22541E-08  -0.14272E-07   0.13139E-06   0.76397E-09  -0.12027E-09  -0.59726E-13
  0.130   0.385   -0.35369E-08   0.45865E-07  -0.35442E-07  -0.24575E-08  -0.18841E-09  -0.57782E-13
  0.130   0.385    0.32718E-07   0.14861E-07   0.86684E-07  -0.79914E-09   0.17459E-08   0.30148E-13
  0.130   0.385    0.12207E-07   0.44913E-08  -0.71635E-07  -0.24111E-09   0.65325E-09   0.21464E-13
  0.130   0.385    0.81258E-08   0.15738E-07  -0.35018E-07  -0.84264E-09   0.42975E-09   0.38260E-12
  0.130   0.385   -0.10881E-07   0.18046E-07   0.34574E-07  -0.96503E-09  -0.58387E-09  -0.50273E-12
  0.130   0.385   -0.17283E-07   0.55904E-08   0.79366E-07  -0.29858E-09  -0.93796E-09   0.88681E-12
  0.130   0.385    0.24997E-06  -0.54511E-06  -0.94090E-06   0.28682E-07   0.13247E-07  -0.15850E-11
  0.130   0.385    0.25101E-07  -0.53835E-07  -0.26764E-06   0.28692E-08   0.13398E-08   0.15414E-11
  0.130   0.385    0.12480E-05   0.59655E-05  -0.23909E-06  -0.30774E-06   0.77837E-07   0.39949E-07
  0.130   0.385   -0.20637E-06  -0.33200E-06   0.69581E-06   0.17546E-07  -0.10921E-07  -0.17236E-11
  0.130   0.385   -0.22801E-07  -0.74819E-08  -0.15085E-06   0.39987E-09  -0.12193E-08   0.61568E-13
  0.130   0.385   -0.39654E-07   0.12176E-07  -0.15174E-06  -0.65340E-09  -0.21111E-08   0.42500E-13
  0.130   0.385    0.88636E-08  -0.26714E-09  -0.78192E-07   0.14262E-10   0.47455E-09   0.84782E-14
  0.130   0.385    0.12542E-07   0.45455E-08  -0.71587E-07  -0.24402E-09   0.67115E-09   0.21228E-13
  0.130   0.385    0.83927E-08   0.15959E-07  -0.34492E-07  -0.85450E-09   0.44404E-09   0.38283E-12
  0.130   0.385   -0.10596E-07   0.18760E-07   0.36630E-07  -0.10031E-08  -0.56883E-09  -0.49647E-12
  0.130   0.385    0.25388E-07  -0.53490E-07  -0.27033E-06   0.28512E-08   0.13551E-08   0.15458E-11
  0.130   0.385    0.68044E-08  -0.16638E-07  -0.15624E-06   0.89121E-09   0.36402E-09   0.68971E-13
  0.130   0.385    0.25052E-06  -0.54589E-06  -0.94465E-06   0.28724E-07   0.13277E-07  -0.15998E-11
  0.130   0.385    0.12537E-05   0.59509E-05  -0.25783E-06  -0.30698E-06   0.78142E-07   0.39949E-07
  0.130   0.385   -0.99972E-08  -0.71459E-08  -0.12508E-06   0.38313E-09  -0.53508E-09   0.36478E-13
  0.130   0.385   -0.22514E-07  -0.71929E-08  -0.15304E-06   0.38476E-09  -0.12041E-08   0.60651E-13
  0.130   0.385   -0.84406E-09   0.51385E-08   0.70997E-08  -0.27566E-09  -0.45152E-10   0.70405E-14
  0.130   0.385   -0.26428E-08   0.39789E-08   0.24336E-07  -0.21362E-09  -0.14148E-09   0.90903E-15
  0.130   0.385   -0.34062E-08   0.24764E-08   0.36469E-07  -0.13301E-09  -0.18238E-09  -0.42867E-14
  0.130   0.385   -0.32754E-08   0.12073E-08   0.43268E-07  -0.64893E-10  -0.17541E-09  -0.79712E-14
  0.130   0.385   -0.17992E-07   0.59115E-08   0.80671E-07  -0.31582E-09  -0.97580E-09   0.88662E-12
  0.130   0.385   -0.11321E-07   0.19393E-07   0.33317E-07  -0.10368E-08  -0.60725E-09  -0.50988E-12
  0.130   0.385   -0.12239E-07  -0.72409E-09   0.88617E-07   0.38107E-10  -0.65470E-09  -0.28764E-13
  0.130   0.385   -0.71566E-08  -0.24089E-08   0.82186E-07   0.12884E-09  -0.38311E-09  -0.22583E-13
  0.130   0.385    0.12415E-05   0.59410E-05  -0.20240E-06  -0.30646E-06   0.77492E-07   0.39949E-07
  0.130   0.385   -0.20716E-06  -0.33404E-06   0.70490E-06   0.17656E-07  -0.10964E-07  -0.16964E-11
  0.130   0.385    0.12229E-08   0.48861E-08  -0.88787E-08  -0.26211E-09   0.65521E-10   0.10362E-13
  0.130   0.385   -0.91842E-09   0.49218E-08   0.97761E-08  -0.26418E-09  -0.49140E-10   0.63956E-14
  0.130   0.385   -0.26948E-08   0.39106E-08   0.26600E-07  -0.20996E-09  -0.14426E-09   0.51686E-15
  0.130   0.385   -0.34066E-08   0.24633E-08   0.38554E-07  -0.13228E-09  -0.18242E-09  -0.48391E-14
  0.130   0.385   -0.11036E-07   0.18593E-07   0.36550E-07  -0.99435E-09  -0.59227E-09  -0.49511E-12
  0.130   0.385    0.80376E-08   0.16226E-07  -0.34805E-07  -0.86863E-09   0.42511E-09   0.38385E-12
  0.130   0.385   -0.18162E-07   0.60437E-08   0.83401E-07  -0.32277E-09  -0.98517E-09   0.90677E-12
  0.130   0.385   -0.12477E-07  -0.92711E-09   0.91330E-07   0.48918E-10  -0.66757E-09  -0.22560E-13
  0.130   0.385    0.25003E-06  -0.54797E-06  -0.94091E-06   0.28834E-07   0.13251E-07  -0.16029E-11
  0.130   0.385    0.12556E-05   0.59514E-05  -0.25613E-06  -0.30700E-06   0.78234E-07   0.39949E-07
