  0.000   0.000    0.00000E+00   0.00000E+00   0.00000E+00   0.00000E+00   0.00000E+00   0.00000E+00
  0.000   0.000    0.00000E+00   0.00000E+00   0.00000E+00   0.00000E+00   0.00000E+00   0.00000E+00
  0.000   0.000    0.00000E+00   0.00000E+00   0.00000E+00   0.00000E+00   0.00000E+00   0.00000E+00
  0.000   0.000    0.00000E+00   0.00000E+00   0.00000E+00   0.00000E+00   0.00000E+00   0.00000E+00
  0.000   0.000    0.00000E+00   0.00000E+00   0.00000E+00   0.00000E+00   0.00000E+00   0.00000E+00
  0.000   0.000    0.00000E+00   0.00000E+00   0.00000E+00   0.00000E+00   0.00000E+00   0.00000E+00
  0.000   0.000    0.00000E+00   0.00000E+00   0.00000E+00   0.00000E+00   0.00000E+00   0.00000E+00
  0.000   0.000    0.00000E+00   0.00000E+00   0.00000E+00   0.00000E+00   0.00000E+00   0.00000E+00
  0.000   0.000    0.00000E+00   0.00000E+00   0.00000E+00   0.00000E+00   0.00000E+00   0.00000E+00
  0.000   0.000    0.00000E+00   0.00000E+00   0.00000E+00   0.00000E+00   0.00000E+00   0.00000E+00
  0.000   0.000    0.00000E+00   0.00000E+00   0.00000E+00   0.00000E+00   0.00000E+00   0.00000E+00
  0.000   0.000    0.00000E+00   0.00000E+00   0.00000E+00   0.00000E+00   0.00000E+00   0.00000E+00
  0.000   0.000    0.00000E+00   0.00000E+00   0.00000E+00   0.00000E+00   0.00000E+00   0.00000E+00
  0.000   0.000    0.00000E+00   0.00000E+00   0.00000E+00   0.00000E+00   0.00000E+00   0.00000E+00
  0.000   0.000    0.00000E+00   0.00000E+00   0.00000E+00   0.00000E+00   0.00000E+00   0.00000E+00
  0.000   0.000    0.00000E+00   0.00000E+00   0.00000E+00   0.00000E+00   0.00000E+00   0.00000E+00
  0.000   0.000    0.00000E+00   0.00000E+00   0.00000E+00   0.00000E+00   0.00000E+00   0.00000E+00
  0.000   0.000    0.00000E+00   0.00000E+00   0.00000E+00   0.00000E+00   0.00000E+00   0.00000E+00
  0.000   0.000    0.00000E+00   0.00000E+00   0.00000E+00   0.00000E+00   0.00000E+00   0.00000E+00
  0.000   0.000    0.00000E+00   0.00000E+00   0.00000E+00   0.00000E+00   0.00000E+00   0.00000E+00
  0.000   0.000    0.00000E+00   0.00000E+00   0.00000E+00   0.00000E+00   0.00000E+00   0.00000E+00
  0.000   0.000    0.00000E+00   0.00000E+00   0.00000E+00   0.00000E+00   0.00000E+00   0.00000E+00
  0.000   0.000    0.00000E+00   0.00000E+00   0.00000E+00   0.00000E+00   0.00000E+00   0.00000E+00
  0.000   0.000    0.00000E+00   0.00000E+00   0.00000E+00   0.00000E+00   0.00000E+00   0.00000E+00
  0.000   0.000    0.00000E+00   0.00000E+00   0.00000E+00   0.00000E+00   0.00000E+00   0.00000E+00
  0.000   0.000    0.00000E+00   0.00000E+00   0.00000E+00   0.00000E+00   0.00000E+00   0.00000E+00
  0.000   0.000    0.00000E+00   0.00000E+00   0.00000E+00   0.00000E+00   0.00000E+00   0.00000E+00
  0.000   0.000    0.00000E+00   0.00000E+00   0.00000E+00   0.00000E+00   0.00000E+00   0.00000E+00
  0.000   0.000    0.00000E+00   0.00000E+00   0.00000E+00   0.00000E+00   0.00000E+00   0.00000E+00
  0.000   0.000    0.00000E+00   0.00000E+00   0.00000E+00   0.00000E+00   0.00000E+00   0.00000E+00
  0.000   0.000    0.00000E+00   0.00000E+00   0.00000E+00   0.00000E+00   0.00000E+00   0.00000E+00
  0.000   0.000    0.00000E+00   0.00000E+00   0.00000E+00   0.00000E+00   0.00000E+00   0.00000E+00
  0.000   0.000    0.00000E+00   0.00000E+00   0.00000E+00   0.00000E+00   0.00000E+00   0.00000E+00
  0.000   0.000    0.00000E+00   0.00000E+00   0.00000E+00   0.00000E+00   0.00000E+00   0.00000E+00
  0.000   0.000    0.00000E+00   0.00000E+00   0.00000E+00   0.00000E+00   0.00000E+00   0.00000E+00
  0.000   0.000    0.00000E+00   0.00000E+00   0.00000E+00   0.00000E+00   0.00000E+00   0.00000E+00
  0.000   0.000    0.00000E+00   0.00000E+00   0.00000E+00   0.00000E+00   0.00000E+00   0.00000E+00
  0.000   0.000    0.00000E+00   0.00000E+00   0.00000E+00   0.00000E+00   0.00000E+00   0.00000E+00
  0.000   0.000    0.00000E+00   0.00000E+00   0.00000E+00   0.00000E+00   0.00000E+00   0.00000E+00
  0.000   0.000    0.00000E+00   0.00000E+00   0.00000E+00   0.00000E+00   0.00000E+00   0.00000E+00
  0.000   0.000    0.00000E+00   0.00000E+00   0.00000E+00   0.00000E+00   0.00000E+00   0.00000E+00
  0.000   0.000    0.00000E+00   0.00000E+00   0.00000E+00   0.00000E+00   0.00000E+00   0.00000E+00
  0.000   0.000    0.00000E+00   0.00000E+00   0.00000E+00   0.00000E+00   0.00000E+00   0.00000E+00
  0.000   0.000    0.00000E+00   0.00000E+00   0.00000E+00   0.00000E+00   0.00000E+00   0.00000E+00
  0.000   0.000    0.00000E+00   0.00000E+00   0.00000E+00   0.00000E+00   0.00000E+00   0.00000E+00
  0.000   0.000    0.00000E+00   0.00000E+00   0.00000E+00   0.00000E+00   0.00000E+00   0.00000E+00
  0.000   0.000    0.00000E+00   0.00000E+00   0.00000E+00   0.00000E+00   0.00000E+00   0.00000E+00
  0.000   0.000    0.00000E+00   0.00000E+00   0.00000E+00   0.00000E+00   0.00000E+00   0.00000E+00
  0.000   0.000    0.00000E+00   0.00000E+00   0.00000E+00   0.00000E+00   0.00000E+00   0.00000E+00
  0.000   0.000    0.00000E+00   0.00000E+00   0.00000E+00   0.00000E+00   0.00000E+00   0.00000E+00
  0.000   0.000    0.00000E+00   0.00000E+00   0.00000E+00   0.00000E+00   0.00000E+00   0.00000E+00
  0.000   0.000    0.00000E+00   0.00000E+00   0.00000E+00   0.00000E+00   0.00000E+00   0.00000E+00
  0.000   0.000    0.00000E+00   0.00000E+00   0.00000E+00   0.00000E+00   0.00000E+00   0.00000E+00
  0.000   0.000    0.00000E+00   0.00000E+00   0.00000E+00   0.00000E+00   0.00000E+00   0.00000E+00
  0.000   0.000    0.00000E+00   0.00000E+00   0.00000E+00   0.00000E+00   0.00000E+00   0.00000E+00
  0.000   0.000    0.00000E+00   0.00000E+00   0.00000E+00   0.00000E+00   0.00000E+00   0.00000E+00
  0.000   0.000    0.00000E+00   0.00000E+00   0.00000E+00   0.00000E+00   0.00000E+00   0.00000E+00
  0.000   0.000    0.00000E+00   0.00000E+00   0.00000E+00   0.00000E+00   0.00000E+00   0.00000E+00
  0.000   0.000    0.00000E+00   0.00000E+00   0.00000E+00   0.00000E+00   0.00000E+00   0.00000E+00
  0.000   0.000    0.00000E+00   0.00000E+00   0.00000E+00   0.00000E+00   0.00000E+00   0.00000E+00
  0.000   0.000    0.00000E+00   0.00000E+00   0.00000E+00   0.00000E+00   0.00000E+00   0.00000E+00
  0.000   0.000    0.00000E+00   0.00000E+00   0.00000E+00   0.00000E+00   0.00000E+00   0.00000E+00
  0.000   0.000    0.00000E+00   0.00000E+00   0.00000E+00   0.00000E+00   0.00000E+00   0.00000E+00
  0.000   0.000    0.00000E+00   0.00000E+00   0.00000E+00   0.00000E+00   0.00000E+00   0.00000E+00
  0.000   0.000    0.00000E+00   0.00000E+00   0.00000E+00   0.00000E+00   0.00000E+00   0.00000E+00
  0.000   0.000    0.00000E+00   0.00000E+00   0.00000E+00   0.00000E+00   0.00000E+00   0.00000E+00
  0.000   0.000    0.00000E+00   0.00000E+00   0.00000E+00   0.00000E+00   0.00000E+00   0.00000E+00
  0.000   0.000    0.00000E+00   0.00000E+00   0.00000E+00   0.00000E+00   0.00000E+00   0.00000E+00
  0.000   0.000    0.00000E+00   0.00000E+00   0.00000E+00   0.00000E+00   0.00000E+00   0.00000E+00
  0.000   0.000    0.00000E+00   0.00000E+00   0.00000E+00   0.00000E+00   0.00000E+00   0.00000E+00
  0.000   0.000    0.00000E+00   0.00000E+00   0.00000E+00   0.00000E+00   0.00000E+00   0.00000E+00
  0.000   0.000    0.00000E+00   0.00000E+00   0.00000E+00   0.00000E+00   0.00000E+00   0.00000E+00
  0.000   0.000    0.00000E+00   0.00000E+00   0.00000E+00   0.00000E+00   0.00000E+00   0.00000E+00
  0.000   0.000    0.00000E+00   0.00000E+00   0.00000E+00   0.00000E+00   0.00000E+00   0.00000E+00
  0.000   0.000    0.00000E+00   0.00000E+00   0.00000E+00   0.00000E+00   0.00000E+00   0.00000E+00
  0.000   0.000    0.00000E+00   0.00000E+00   0.00000E+00   0.00000E+00   0.00000E+00   0.00000E+00
  0.000   0.000    0.00000E+00   0.00000E+00   0.00000E+00   0.00000E+00   0.00000E+00   0.00000E+00
  0.000   0.000    0.00000E+00   0.00000E+00   0.00000E+00   0.00000E+00   0.00000E+00   0.00000E+00
  0.000   0.000    0.00000E+00   0.00000E+00   0.00000E+00   0.00000E+00   0.00000E+00   0.00000E+00
  0.000   0.000    0.00000E+00   0.00000E+00   0.00000E+00   0.00000E+00   0.00000E+00   0.00000E+00
  0.000   0.000    0.00000E+00   0.00000E+00   0.00000E+00   0.00000E+00   0.00000E+00   0.00000E+00
  0.000   0.000    0.00000E+00   0.00000E+00   0.00000E+00   0.00000E+00   0.00000E+00   0.00000E+00
  0.000   0.000    0.00000E+00   0.00000E+00   0.00000E+00   0.00000E+00   0.00000E+00   0.00000E+00
  0.000   0.000    0.00000E+00   0.00000E+00   0.00000E+00   0.00000E+00   0.00000E+00   0.00000E+00
  0.000   0.000    0.00000E+00   0.00000E+00   0.00000E+00   0.00000E+00   0.00000E+00   0.00000E+00
  0.000   0.000    0.00000E+00   0.00000E+00   0.00000E+00   0.00000E+00   0.00000E+00   0.00000E+00
  0.000   0.000    0.00000E+00   0.00000E+00   0.00000E+00   0.00000E+00   0.00000E+00   0.00000E+00
  0.000   0.000    0.00000E+00   0.00000E+00   0.00000E+00   0.00000E+00   0.00000E+00   0.00000E+00
  0.000   0.000    0.00000E+00   0.00000E+00   0.00000E+00   0.00000E+00   0.00000E+00   0.00000E+00
  0.000   0.000    0.00000E+00   0.00000E+00   0.00000E+00   0.00000E+00   0.00000E+00   0.00000E+00
  0.000   0.000    0.00000E+00   0.00000E+00   0.00000E+00   0.00000E+00   0.00000E+00   0.00000E+00
  0.000   0.000    0.00000E+00   0.00000E+00   0.00000E+00   0.00000E+00   0.00000E+00   0.00000E+00
  0.000   0.000    0.00000E+00   0.00000E+00   0.00000E+00   0.00000E+00   0.00000E+00   0.00000E+00
  0.000   0.000    0.00000E+00   0.00000E+00   0.00000E+00   0.00000E+00   0.00000E+00   0.00000E+00
  0.000   0.000    0.00000E+00   0.00000E+00   0.00000E+00   0.00000E+00   0.00000E+00   0.00000E+00
  0.000   0.000    0.00000E+00   0.00000E+00   0.00000E+00   0.00000E+00   0.00000E+00   0.00000E+00
  0.000   0.000    0.00000E+00   0.00000E+00   0.00000E+00   0.00000E+00   0.00000E+00   0.00000E+00
  0.000   0.000    0.00000E+00   0.00000E+00   0.00000E+00   0.00000E+00   0.00000E+00   0.00000E+00
  0.000   0.000    0.00000E+00   0.00000E+00   0.00000E+00   0.00000E+00   0.00000E+00   0.00000E+00
  0.000   0.000    0.00000E+00   0.00000E+00   0.00000E+00   0.00000E+00   0.00000E+00   0.00000E+00
 -1.000  -1.000    0.00000E+00   0.00000E+00   0.00000E+00   0.00000E+00   0.00000E+00   0.00000E+00
 -1.000  -1.000    0.00000E+00   0.00000E+00   0.00000E+00   0.00000E+00   0.00000E+00   0.00000E+00
 -1.000  -1.000    0.00000E+00   0.00000E+00   0.00000E+00   0.00000E+00   0.00000E+00   0.00000E+00
 -1.000  -1.000    0.00000E+00   0.00000E+00   0.00000E+00   0.00000E+00   0.00000E+00   0.00000E+00
 -1.000  -1.000    0.00000E+00   0.00000E+00   0.00000E+00   0.00000E+00   0.00000E+00   0.00000E+00
 -1.000  -1.000    0.00000E+00   0.00000E+00   0.00000E+00   0.00000E+00   0.00000E+00   0.00000E+00
 -1.000  -1.000    0.00000E+00   0.00000E+00   0.00000E+00   0.00000E+00   0.00000E+00   0.00000E+00
 -1.000  -1.000    0.00000E+00   0.00000E+00   0.00000E+00   0.00000E+00   0.00000E+00   0.00000E+00
 -1.000  -1.000    0.00000E+00   0.00000E+00   0.00000E+00   0.00000E+00   0.00000E+00   0.00000E+00
 -1.000  -1.000    0.00000E+00   0.00000E+00   0.00000E+00   0.00000E+00   0.00000E+00   0.00000E+00
 -1.000  -1.000    0.00000E+00   0.00000E+00   0.00000E+00   0.00000E+00   0.00000E+00   0.00000E+00
 -1.000  -1.000    0.00000E+00   0.00000E+00   0.00000E+00   0.00000E+00   0.00000E+00   0.00000E+00
 -1.000  -1.000    0.00000E+00   0.00000E+00   0.00000E+00   0.00000E+00   0.00000E+00   0.00000E+00
 -1.000  -1.000    0.00000E+00   0.00000E+00   0.00000E+00   0.00000E+00   0.00000E+00   0.00000E+00
 -1.000  -1.000    0.00000E+00   0.00000E+00   0.00000E+00   0.00000E+00   0.00000E+00   0.00000E+00
 -1.000  -1.000    0.00000E+00   0.00000E+00   0.00000E+00   0.00000E+00   0.00000E+00   0.00000E+00
 -1.000  -1.000    0.00000E+00   0.00000E+00   0.00000E+00   0.00000E+00   0.00000E+00   0.00000E+00
 -1.000  -1.000    0.00000E+00   0.00000E+00   0.00000E+00   0.00000E+00   0.00000E+00   0.00000E+00
 -1.000  -1.000    0.00000E+00   0.00000E+00   0.00000E+00   0.00000E+00   0.00000E+00   0.00000E+00
 -1.000  -1.000    0.00000E+00   0.00000E+00   0.00000E+00   0.00000E+00   0.00000E+00   0.00000E+00
 -1.000  -1.000    0.00000E+00   0.00000E+00   0.00000E+00   0.00000E+00   0.00000E+00   0.00000E+00
 -1.000  -1.000    0.00000E+00   0.00000E+00   0.00000E+00   0.00000E+00   0.00000E+00   0.00000E+00
 -1.000  -1.000    0.00000E+00   0.00000E+00   0.00000E+00   0.00000E+00   0.00000E+00   0.00000E+00
 -1.000  -1.000    0.00000E+00   0.00000E+00   0.00000E+00   0.00000E+00   0.00000E+00   0.00000E+00
 -1.000  -1.000    0.00000E+00   0.00000E+00   0.00000E+00   0.00000E+00   0.00000E+00   0.00000E+00
 -1.000  -1.000    0.00000E+00   0.00000E+00   0.00000E+00   0.00000E+00   0.00000E+00   0.00000E+00
 -1.000  -1.000    0.00000E+00   0.00000E+00   0.00000E+00   0.00000E+00   0.00000E+00   0.00000E+00
 -1.000  -1.000    0.00000E+00   0.00000E+00   0.00000E+00   0.00000E+00   0.00000E+00   0.00000E+00
 -1.000  -1.000    0.00000E+00   0.00000E+00   0.00000E+00   0.00000E+00   0.00000E+00   0.00000E+00
 -1.000  -1.000    0.00000E+00   0.00000E+00   0.00000E+00   0.00000E+00   0.00000E+00   0.00000E+00
 -1.000  -1.000    0.00000E+00   0.00000E+00   0.00000E+00   0.00000E+00   0.00000E+00   0.00000E+00
 -1.000  -1.000    0.00000E+00   0.00000E+00   0.00000E+00   0.00000E+00   0.00000E+00   0.00000E+00
 -1.000  -1.000    0.00000E+00   0.00000E+00   0.00000E+00   0.00000E+00   0.00000E+00   0.00000E+00
 -1.000  -1.000    0.00000E+00   0.00000E+00   0.00000E+00   0.00000E+00   0.00000E+00   0.00000E+00
 -1.000  -1.000    0.00000E+00   0.00000E+00   0.00000E+00   0.00000E+00   0.00000E+00   0.00000E+00
 -1.000  -1.000    0.00000E+00   0.00000E+00   0.00000E+00   0.00000E+00   0.00000E+00   0.00000E+00
 -1.000  -1.000    0.00000E+00   0.00000E+00   0.00000E+00   0.00000E+00   0.00000E+00   0.00000E+00
 -1.000  -1.000    0.00000E+00   0.00000E+00   0.00000E+00   0.00000E+00   0.00000E+00   0.00000E+00
 -1.000  -1.000    0.00000E+00   0.00000E+00   0.00000E+00   0.00000E+00   0.00000E+00   0.00000E+00
 -1.000  -1.000    0.00000E+00   0.00000E+00   0.00000E+00   0.00000E+00   0.00000E+00   0.00000E+00
 -1.000  -1.000    0.00000E+00   0.00000E+00   0.00000E+00   0.00000E+00   0.00000E+00   0.00000E+00
 -1.000  -1.000    0.00000E+00   0.00000E+00   0.00000E+00   0.00000E+00   0.00000E+00   0.00000E+00
 -1.000  -1.000    0.00000E+00   0.00000E+00   0.00000E+00   0.00000E+00   0.00000E+00   0.00000E+00
 -1.000  -1.000    0.00000E+00   0.00000E+00   0.00000E+00   0.00000E+00   0.00000E+00   0.00000E+00
 -1.000  -1.000    0.00000E+00   0.00000E+00   0.00000E+00   0.00000E+00   0.00000E+00   0.00000E+00
 -1.000  -1.000    0.00000E+00   0.00000E+00   0.00000E+00   0.00000E+00   0.00000E+00   0.00000E+00
 -1.000  -1.000    0.00000E+00   0.00000E+00   0.00000E+00   0.00000E+00   0.00000E+00   0.00000E+00
 -1.000  -1.000    0.00000E+00   0.00000E+00   0.00000E+00   0.00000E+00   0.00000E+00   0.00000E+00
 -1.000  -1.000    0.00000E+00   0.00000E+00   0.00000E+00   0.00000E+00   0.00000E+00   0.00000E+00
 -1.000  -1.000    0.00000E+00   0.00000E+00   0.00000E+00   0.00000E+00   0.00000E+00   0.00000E+00
 -1.000  -1.000    0.00000E+00   0.00000E+00   0.00000E+00   0.00000E+00   0.00000E+00   0.00000E+00
 -1.000  -1.000    0.00000E+00   0.00000E+00   0.00000E+00   0.00000E+00   0.00000E+00   0.00000E+00
 -1.000  -1.000    0.00000E+00   0.00000E+00   0.00000E+00   0.00000E+00   0.00000E+00   0.00000E+00
 -1.000  -1.000    0.00000E+00   0.00000E+00   0.00000E+00   0.00000E+00   0.00000E+00   0.00000E+00
 -1.000  -1.000    0.00000E+00   0.00000E+00   0.00000E+00   0.00000E+00   0.00000E+00   0.00000E+00
 -1.000  -1.000    0.00000E+00   0.00000E+00   0.00000E+00   0.00000E+00   0.00000E+00   0.00000E+00
 -1.000  -1.000    0.00000E+00   0.00000E+00   0.00000E+00   0.00000E+00   0.00000E+00   0.00000E+00
 -1.000  -1.000    0.00000E+00   0.00000E+00   0.00000E+00   0.00000E+00   0.00000E+00   0.00000E+00
 -1.000  -1.000    0.00000E+00   0.00000E+00   0.00000E+00   0.00000E+00   0.00000E+00   0.00000E+00
 -1.000  -1.000    0.00000E+00   0.00000E+00   0.00000E+00   0.00000E+00   0.00000E+00   0.00000E+00
 -1.000  -1.000    0.00000E+00   0.00000E+00   0.00000E+00   0.00000E+00   0.00000E+00   0.00000E+00
 -1.000  -1.000    0.00000E+00   0.00000E+00   0.00000E+00   0.00000E+00   0.00000E+00   0.00000E+00
 -1.000  -1.000    0.00000E+00   0.00000E+00   0.00000E+00   0.00000E+00   0.00000E+00   0.00000E+00
 -1.000  -1.000    0.00000E+00   0.00000E+00   0.00000E+00   0.00000E+00   0.00000E+00   0.00000E+00
 -1.000  -1.000    0.00000E+00   0.00000E+00   0.00000E+00   0.00000E+00   0.00000E+00   0.00000E+00
 -1.000  -1.000    0.00000E+00   0.00000E+00   0.00000E+00   0.00000E+00   0.00000E+00   0.00000E+00
 -1.000  -1.000    0.00000E+00   0.00000E+00   0.00000E+00   0.00000E+00   0.00000E+00   0.00000E+00
 -1.000  -1.000    0.00000E+00   0.00000E+00   0.00000E+00   0.00000E+00   0.00000E+00   0.00000E+00
 -1.000  -1.000    0.00000E+00   0.00000E+00   0.00000E+00   0.00000E+00   0.00000E+00   0.00000E+00
 -1.000  -1.000    0.00000E+00   0.00000E+00   0.00000E+00   0.00000E+00   0.00000E+00   0.00000E+00
 -1.000  -1.000    0.00000E+00   0.00000E+00   0.00000E+00   0.00000E+00   0.00000E+00   0.00000E+00
 -1.000  -1.000    0.00000E+00   0.00000E+00   0.00000E+00   0.00000E+00   0.00000E+00   0.00000E+00
 -1.000  -1.000    0.00000E+00   0.00000E+00   0.00000E+00   0.00000E+00   0.00000E+00   0.00000E+00
 -1.000  -1.000    0.00000E+00   0.00000E+00   0.00000E+00   0.00000E+00   0.00000E+00   0.00000E+00
 -1.000  -1.000    0.00000E+00   0.00000E+00   0.00000E+00   0.00000E+00   0.00000E+00   0.00000E+00
 -1.000  -1.000    0.00000E+00   0.00000E+00   0.00000E+00   0.00000E+00   0.00000E+00   0.00000E+00
 -1.000  -1.000    0.00000E+00   0.00000E+00   0.00000E+00   0.00000E+00   0.00000E+00   0.00000E+00
 -1.000  -1.000    0.00000E+00   0.00000E+00   0.00000E+00   0.00000E+00   0.00000E+00   0.00000E+00
 -1.000  -1.000    0.00000E+00   0.00000E+00   0.00000E+00   0.00000E+00   0.00000E+00   0.00000E+00
 -1.000  -1.000    0.00000E+00   0.00000E+00   0.00000E+00   0.00000E+00   0.00000E+00   0.00000E+00
 -1.000  -1.000    0.00000E+00   0.00000E+00   0.00000E+00   0.00000E+00   0.00000E+00   0.00000E+00
 -1.000  -1.000    0.00000E+00   0.00000E+00   0.00000E+00   0.00000E+00   0.00000E+00   0.00000E+00
 -1.000  -1.000    0.00000E+00   0.00000E+00   0.00000E+00   0.00000E+00   0.00000E+00   0.00000E+00
 -1.000  -1.000    0.00000E+00   0.00000E+00   0.00000E+00   0.00000E+00   0.00000E+00   0.00000E+00
 -1.000  -1.000    0.00000E+00   0.00000E+00   0.00000E+00   0.00000E+00   0.00000E+00   0.00000E+00
 -1.000  -1.000    0.00000E+00   0.00000E+00   0.00000E+00   0.00000E+00   0.00000E+00   0.00000E+00
 -1.000  -1.000    0.00000E+00   0.00000E+00   0.00000E+00   0.00000E+00   0.00000E+00   0.00000E+00
 -1.000  -1.000    0.00000E+00   0.00000E+00   0.00000E+00   0.00000E+00   0.00000E+00   0.00000E+00
 -1.000  -1.000    0.00000E+00   0.00000E+00   0.00000E+00   0.00000E+00   0.00000E+00   0.00000E+00
 -1.000  -1.000    0.00000E+00   0.00000E+00   0.00000E+00   0.00000E+00   0.00000E+00   0.00000E+00
 -1.000  -1.000    0.00000E+00   0.00000E+00   0.00000E+00   0.00000E+00   0.00000E+00   0.00000E+00
 -1.000  -1.000    0.00000E+00   0.00000E+00   0.00000E+00   0.00000E+00   0.00000E+00   0.00000E+00
 -1.000  -1.000    0.00000E+00   0.00000E+00   0.00000E+00   0.00000E+00   0.00000E+00   0.00000E+00
 -1.000  -1.000    0.00000E+00   0.00000E+00   0.00000E+00   0.00000E+00   0.00000E+00   0.00000E+00
 -1.000  -1.000    0.00000E+00   0.00000E+00   0.00000E+00   0.00000E+00   0.00000E+00   0.00000E+00
 -1.000  -1.000    0.00000E+00   0.00000E+00   0.00000E+00   0.00000E+00   0.00000E+00   0.00000E+00
 -1.000  -1.000    0.00000E+00   0.00000E+00   0.00000E+00   0.00000E+00   0.00000E+00   0.00000E+00
 -1.000  -1.000    0.00000E+00   0.00000E+00   0.00000E+00   0.00000E+00   0.00000E+00   0.00000E+00
 -1.000  -1.000    0.00000E+00   0.00000E+00   0.00000E+00   0.00000E+00   0.00000E+00   0.00000E+00
 -1.000  -1.000    0.00000E+00   0.00000E+00   0.00000E+00   0.00000E+00   0.00000E+00   0.00000E+00
  0.067   0.200   -0.11314E-08  -0.20886E-06   0.58772E-05   0.11194E-07  -0.58266E-10  -0.17157E-11
  0.067   0.200   -0.68955E-09  -0.20309E-06   0.51076E-05   0.10892E-07  -0.34868E-10  -0.15153E-11
  0.067   0.200   -0.24194E-09  -0.20340E-06   0.43432E-05   0.10910E-07  -0.11006E-10  -0.13499E-11
  0.067   0.200    0.12703E-09  -0.20975E-06   0.35716E-05   0.11247E-07   0.84420E-11  -0.11725E-11
  0.067   0.200    0.10483E-08  -0.20336E-06   0.51060E-05   0.10906E-07   0.58200E-10  -0.15192E-11
  0.067   0.200    0.95226E-09  -0.20914E-06   0.58768E-05   0.11209E-07   0.53313E-10  -0.17178E-11
  0.067   0.200    0.78705E-09  -0.20335E-06   0.43412E-05   0.10907E-07   0.44150E-10  -0.13529E-11
  0.067   0.200    0.17925E-09  -0.20954E-06   0.35702E-05   0.11235E-07   0.11241E-10  -0.11681E-11
  0.067   0.200    0.25470E-08  -0.20936E-06   0.58618E-05   0.11221E-07   0.13884E-09  -0.17292E-11
  0.067   0.200    0.19432E-08  -0.20991E-06   0.50841E-05   0.11252E-07   0.10616E-09  -0.15312E-11
  0.067   0.200   -0.60540E-09  -0.20222E-06   0.71588E-05   0.10835E-07  -0.29578E-10  -0.20219E-11
  0.067   0.200   -0.16646E-09  -0.19676E-06   0.64133E-05   0.10550E-07  -0.63318E-11  -0.18279E-11
  0.067   0.200    0.26696E-09  -0.19722E-06   0.56722E-05   0.10575E-07   0.16774E-10  -0.16676E-11
  0.067   0.200    0.61327E-09  -0.20351E-06   0.49236E-05   0.10909E-07   0.35021E-10  -0.14957E-11
  0.067   0.200    0.17185E-08  -0.19703E-06   0.64070E-05   0.10564E-07   0.94614E-10  -0.18306E-11
  0.067   0.200    0.16194E-08  -0.20251E-06   0.71537E-05   0.10851E-07   0.89558E-10  -0.20229E-11
  0.067   0.200    0.14629E-08  -0.19716E-06   0.56655E-05   0.10572E-07   0.80870E-10  -0.16695E-11
  0.067   0.200    0.86448E-09  -0.20330E-06   0.49175E-05   0.10898E-07   0.48480E-10  -0.14904E-11
  0.067   0.200    0.33785E-08  -0.20271E-06   0.71328E-05   0.10862E-07   0.18389E-09  -0.20324E-11
  0.067   0.200    0.27874E-08  -0.20334E-06   0.63795E-05   0.10897E-07   0.15190E-09  -0.18408E-11
  0.067   0.200   -0.11803E-09  -0.20140E-06   0.79723E-05   0.10790E-07  -0.31468E-11  -0.22208E-11
  0.067   0.200    0.32840E-09  -0.19605E-06   0.72295E-05   0.10510E-07   0.20499E-10  -0.20276E-11
  0.067   0.200    0.76015E-09  -0.19660E-06   0.64908E-05   0.10540E-07   0.43515E-10  -0.18679E-11
  0.067   0.200    0.10960E-08  -0.20297E-06   0.57443E-05   0.10878E-07   0.61207E-10  -0.16966E-11
  0.067   0.200    0.22861E-08  -0.19632E-06   0.72191E-05   0.10524E-07   0.12534E-09  -0.20293E-11
  0.067   0.200    0.21816E-08  -0.20169E-06   0.79631E-05   0.10805E-07   0.12000E-09  -0.22208E-11
  0.067   0.200    0.20304E-08  -0.19654E-06   0.64800E-05   0.10537E-07   0.11159E-09  -0.18689E-11
  0.067   0.200    0.14266E-08  -0.20275E-06   0.57340E-05   0.10867E-07   0.78915E-10  -0.16904E-11
  0.067   0.200    0.40221E-08  -0.20188E-06   0.79374E-05   0.10816E-07   0.21869E-09  -0.22292E-11
  0.067   0.200    0.34294E-08  -0.20259E-06   0.71869E-05   0.10855E-07   0.18661E-09  -0.20383E-11
  0.067   0.200    0.30775E-09  -0.20641E-06   0.87628E-05   0.11057E-07   0.19976E-10  -0.24217E-11
  0.067   0.200    0.77312E-09  -0.20100E-06   0.80012E-05   0.10774E-07   0.44627E-10  -0.22237E-11
  0.067   0.200    0.12158E-08  -0.20165E-06   0.72437E-05   0.10810E-07   0.68225E-10  -0.20600E-11
  0.067   0.200    0.15525E-08  -0.20826E-06   0.64777E-05   0.11160E-07   0.85958E-10  -0.18843E-11
  0.067   0.200    0.28067E-08  -0.20128E-06   0.79871E-05   0.10789E-07   0.15353E-09  -0.22246E-11
  0.067   0.200    0.26946E-08  -0.20671E-06   0.87498E-05   0.11073E-07   0.14779E-09  -0.24208E-11
  0.067   0.200    0.25439E-08  -0.20159E-06   0.72291E-05   0.10807E-07   0.13940E-09  -0.20601E-11
  0.067   0.200    0.19187E-08  -0.20803E-06   0.64637E-05   0.11149E-07   0.10557E-09  -0.18771E-11
  0.067   0.200    0.46144E-08  -0.20690E-06   0.87198E-05   0.11083E-07   0.25073E-09  -0.24285E-11
  0.067   0.200    0.40040E-08  -0.20769E-06   0.79504E-05   0.11127E-07   0.21770E-09  -0.22328E-11
  0.067   0.200   -0.14577E-08  -0.20251E-06   0.71540E-05   0.10851E-07  -0.75235E-10  -0.20206E-11
  0.067   0.200   -0.94781E-09  -0.19704E-06   0.64073E-05   0.10564E-07  -0.48184E-10  -0.18264E-11
  0.067   0.200   -0.43114E-09  -0.19749E-06   0.56653E-05   0.10590E-07  -0.20620E-10  -0.16660E-11
  0.067   0.200    0.61303E-11  -0.20379E-06   0.49156E-05   0.10924E-07   0.24957E-11  -0.14939E-11
  0.067   0.200    0.94123E-09  -0.19748E-06   0.64071E-05   0.10588E-07   0.52983E-10  -0.18308E-11
  0.067   0.200    0.77125E-09  -0.20296E-06   0.71555E-05   0.10875E-07   0.44128E-10  -0.20234E-11
  0.067   0.200    0.76595E-09  -0.19760E-06   0.56639E-05   0.10596E-07   0.43541E-10  -0.16694E-11
  0.067   0.200    0.25548E-09  -0.20376E-06   0.49142E-05   0.10922E-07   0.15856E-10  -0.14899E-11
  0.067   0.200    0.25332E-08  -0.20334E-06   0.71411E-05   0.10895E-07   0.13861E-09  -0.20348E-11
  0.067   0.200    0.20216E-08  -0.20398E-06   0.63854E-05   0.10931E-07   0.11088E-09  -0.18426E-11
  0.067   0.200   -0.14528E-08  -0.20914E-06   0.58809E-05   0.11209E-07  -0.75481E-10  -0.17168E-11
  0.067   0.200   -0.93000E-09  -0.20336E-06   0.51103E-05   0.10906E-07  -0.47746E-10  -0.15163E-11
  0.067   0.200   -0.39646E-09  -0.20367E-06   0.43449E-05   0.10925E-07  -0.19282E-10  -0.13507E-11
  0.067   0.200    0.58605E-10  -0.21003E-06   0.35723E-05   0.11262E-07   0.47775E-11  -0.11731E-11
  0.067   0.200    0.81083E-09  -0.20381E-06   0.51106E-05   0.10930E-07   0.45481E-10  -0.15208E-11
  0.067   0.200    0.63393E-09  -0.20961E-06   0.58830E-05   0.11234E-07   0.36262E-10  -0.17198E-11
  0.067   0.200    0.63380E-09  -0.20380E-06   0.43441E-05   0.10931E-07   0.35943E-10  -0.13542E-11
  0.067   0.200    0.10979E-09  -0.21000E-06   0.35714E-05   0.11260E-07   0.75216E-11  -0.11691E-11
  0.067   0.200    0.22311E-08  -0.21000E-06   0.58705E-05   0.11256E-07   0.12192E-09  -0.17320E-11
  0.067   0.200    0.17084E-08  -0.21056E-06   0.50904E-05   0.11287E-07   0.93582E-10  -0.15336E-11
  0.067   0.200   -0.17614E-08  -0.20137E-06   0.79472E-05   0.10788E-07  -0.91190E-10  -0.22136E-11
  0.067   0.200   -0.12564E-08  -0.19602E-06   0.72045E-05   0.10508E-07  -0.64393E-10  -0.20205E-11
  0.067   0.200   -0.74269E-09  -0.19656E-06   0.64659E-05   0.10538E-07  -0.36988E-10  -0.18609E-11
  0.067   0.200   -0.30600E-09  -0.20292E-06   0.57195E-05   0.10876E-07  -0.13905E-10  -0.16897E-11
  0.067   0.200    0.70423E-09  -0.19645E-06   0.72062E-05   0.10531E-07   0.40608E-10  -0.20254E-11
  0.067   0.200    0.54053E-09  -0.20182E-06   0.79507E-05   0.10812E-07   0.32086E-10  -0.22170E-11
  0.067   0.200    0.52672E-09  -0.19667E-06   0.64666E-05   0.10544E-07   0.31047E-10  -0.18648E-11
  0.067   0.200    0.21081E-10  -0.20289E-06   0.57201E-05   0.10874E-07   0.36206E-11  -0.16863E-11
  0.067   0.200    0.23819E-08  -0.20218E-06   0.79377E-05   0.10832E-07   0.13082E-09  -0.22286E-11
  0.067   0.200    0.18704E-08  -0.20289E-06   0.71861E-05   0.10872E-07   0.10310E-09  -0.20375E-11
  0.067   0.200   -0.24361E-08  -0.20622E-06   0.87387E-05   0.11047E-07  -0.12702E-09  -0.24138E-11
  0.067   0.200   -0.19259E-08  -0.20081E-06   0.79779E-05   0.10764E-07  -0.99944E-10  -0.22161E-11
  0.067   0.200   -0.13999E-08  -0.20145E-06   0.72211E-05   0.10799E-07  -0.71884E-10  -0.20526E-11
  0.067   0.200   -0.94570E-09  -0.20805E-06   0.64558E-05   0.11149E-07  -0.47873E-10  -0.18772E-11
  0.067   0.200    0.11485E-09  -0.20125E-06   0.79844E-05   0.10787E-07   0.93520E-11  -0.22222E-11
  0.067   0.200   -0.42872E-10  -0.20668E-06   0.87470E-05   0.11072E-07   0.11517E-11  -0.24184E-11
  0.067   0.200   -0.70426E-10  -0.20156E-06   0.72265E-05   0.10805E-07  -0.62732E-12  -0.20577E-11
  0.067   0.200   -0.58154E-09  -0.20801E-06   0.64612E-05   0.11147E-07  -0.28360E-10  -0.18748E-11
  0.067   0.200    0.18809E-08  -0.20705E-06   0.87382E-05   0.11091E-07   0.10430E-09  -0.24313E-11
  0.067   0.200    0.13558E-08  -0.20784E-06   0.79682E-05   0.11136E-07   0.75847E-10  -0.22357E-11
  0.067   0.200   -0.23386E-08  -0.20936E-06   0.58832E-05   0.11221E-07  -0.12293E-09  -0.17172E-11
  0.067   0.200   -0.17428E-08  -0.20357E-06   0.51118E-05   0.10918E-07  -0.91280E-10  -0.15165E-11
  0.067   0.200   -0.11235E-08  -0.20389E-06   0.43456E-05   0.10936E-07  -0.58222E-10  -0.13508E-11
  0.067   0.200   -0.57462E-09  -0.21025E-06   0.35721E-05   0.11273E-07  -0.29142E-10  -0.11731E-11
  0.067   0.200    0.23101E-11  -0.20420E-06   0.51182E-05   0.10951E-07   0.21795E-11  -0.15228E-11
  0.067   0.200   -0.24767E-09  -0.21000E-06   0.58921E-05   0.11255E-07  -0.10959E-10  -0.17221E-11
  0.067   0.200   -0.91668E-10  -0.20418E-06   0.43503E-05   0.10952E-07  -0.29109E-11  -0.13559E-11
  0.067   0.200   -0.52457E-09  -0.21040E-06   0.35761E-05   0.11282E-07  -0.26458E-10  -0.11704E-11
  0.067   0.200    0.13526E-08  -0.21058E-06   0.58864E-05   0.11286E-07   0.74865E-10  -0.17362E-11
  0.067   0.200    0.91228E-09  -0.21113E-06   0.51042E-05   0.11318E-07   0.50942E-10  -0.15373E-11
  0.067   0.200   -0.32897E-08  -0.20893E-06   0.72956E-05   0.11195E-07  -0.17331E-09  -0.20626E-11
  0.067   0.200   -0.27040E-08  -0.20328E-06   0.65254E-05   0.10899E-07  -0.14220E-09  -0.18624E-11
  0.067   0.200   -0.20860E-08  -0.20374E-06   0.57598E-05   0.10925E-07  -0.10921E-09  -0.16969E-11
  0.067   0.200   -0.15289E-08  -0.21023E-06   0.49865E-05   0.11269E-07  -0.79696E-10  -0.15195E-11
  0.067   0.200   -0.76842E-09  -0.20390E-06   0.65384E-05   0.10932E-07  -0.38534E-10  -0.18704E-11
  0.067   0.200   -0.10040E-08  -0.20957E-06   0.73111E-05   0.11229E-07  -0.50907E-10  -0.20693E-11
  0.067   0.200   -0.86814E-09  -0.20403E-06   0.57711E-05   0.10941E-07  -0.43933E-10  -0.17037E-11
  0.067   0.200   -0.12917E-08  -0.21038E-06   0.49970E-05   0.11277E-07  -0.66986E-10  -0.15185E-11
  0.067   0.200    0.79788E-09  -0.21013E-06   0.73103E-05   0.11260E-07   0.45719E-10  -0.20845E-11
  0.067   0.200    0.35477E-09  -0.21079E-06   0.65294E-05   0.11297E-07   0.21647E-10  -0.18861E-11
  0.130   0.385   -0.82448E-08  -0.15033E-05   0.13036E-04   0.80625E-07  -0.43641E-09  -0.51674E-11
  0.130   0.385   -0.51512E-08  -0.14608E-05   0.75064E-05   0.78400E-07  -0.27266E-09  -0.37255E-11
  0.130   0.385   -0.20032E-08  -0.14608E-05   0.20202E-05   0.78409E-07  -0.10488E-09  -0.25384E-11
  0.130   0.385    0.66324E-09  -0.15030E-05  -0.35067E-05   0.80642E-07   0.35644E-10  -0.12631E-11
  0.130   0.385    0.75438E-08  -0.14611E-05   0.74984E-05   0.78416E-07   0.40714E-09  -0.37502E-11
  0.130   0.385    0.84091E-08  -0.15036E-05   0.13030E-04   0.80642E-07   0.45538E-09  -0.51790E-11
  0.130   0.385    0.40907E-08  -0.14588E-05   0.20154E-05   0.78299E-07   0.22177E-09  -0.25578E-11
  0.130   0.385   -0.18614E-08  -0.14997E-05  -0.35012E-05   0.80469E-07  -0.99597E-10  -0.12299E-11
  0.130   0.385    0.21322E-07  -0.15001E-05   0.12906E-04   0.80458E-07   0.11477E-08  -0.52509E-11
  0.130   0.385    0.13889E-07  -0.15037E-05   0.73432E-05   0.80658E-07   0.74718E-09  -0.38319E-11
  0.130   0.385   -0.39675E-08  -0.14548E-05   0.18051E-04   0.78015E-07  -0.20528E-09  -0.63383E-11
  0.130   0.385   -0.86015E-09  -0.14160E-05   0.12695E-04   0.75983E-07  -0.40769E-10  -0.49437E-11
  0.130   0.385    0.21851E-08  -0.14184E-05   0.73714E-05   0.76123E-07   0.12153E-09  -0.37940E-11
  0.130   0.385    0.46518E-08  -0.14617E-05   0.19996E-05   0.78416E-07   0.25145E-09  -0.25577E-11
  0.130   0.385    0.13108E-07  -0.14163E-05   0.12649E-04   0.75997E-07   0.70723E-09  -0.49592E-11
  0.130   0.385    0.13918E-07  -0.14552E-05   0.18007E-04   0.78035E-07   0.75249E-09  -0.63411E-11
  0.130   0.385    0.97142E-08  -0.14164E-05   0.73286E-05   0.76013E-07   0.52505E-09  -0.38044E-11
  0.130   0.385    0.38585E-08  -0.14585E-05   0.19671E-05   0.78244E-07   0.20896E-09  -0.25173E-11
  0.130   0.385    0.28257E-07  -0.14517E-05   0.17835E-04   0.77848E-07   0.15212E-08  -0.63980E-11
  0.130   0.385    0.20982E-07  -0.14570E-05   0.12447E-04   0.78145E-07   0.11292E-08  -0.50255E-11
  0.130   0.385    0.35336E-10  -0.14467E-05   0.22708E-04   0.77568E-07   0.10990E-10  -0.74742E-11
  0.130   0.385    0.32325E-08  -0.14101E-05   0.17378E-04   0.75657E-07   0.18030E-09  -0.60882E-11
  0.130   0.385    0.62607E-08  -0.14148E-05   0.12072E-04   0.75919E-07   0.34169E-09  -0.49442E-11
  0.130   0.385    0.86083E-08  -0.14601E-05   0.67093E-05   0.78320E-07   0.46527E-09  -0.37129E-11
  0.130   0.385    0.18350E-07  -0.14104E-05   0.17296E-04   0.75671E-07   0.98984E-09  -0.60954E-11
  0.130   0.385    0.19129E-07  -0.14471E-05   0.22628E-04   0.77591E-07   0.10334E-08  -0.74688E-11
  0.130   0.385    0.14928E-07  -0.14127E-05   0.11993E-04   0.75806E-07   0.80619E-09  -0.49464E-11
  0.130   0.385    0.90178E-08  -0.14568E-05   0.66410E-05   0.78144E-07   0.48720E-09  -0.36646E-11
  0.130   0.385    0.34760E-07  -0.14434E-05   0.22411E-04   0.77397E-07   0.18714E-08  -0.75138E-11
  0.130   0.385    0.27451E-07  -0.14505E-05   0.17050E-04   0.77788E-07   0.14776E-08  -0.61498E-11
  0.130   0.385    0.35397E-08  -0.14793E-05   0.27098E-04   0.79309E-07   0.20046E-09  -0.85973E-11
  0.130   0.385    0.69023E-08  -0.14438E-05   0.21643E-04   0.77457E-07   0.37856E-09  -0.71810E-11
  0.130   0.385    0.10001E-07  -0.14507E-05   0.16206E-04   0.77835E-07   0.54369E-09  -0.60105E-11
  0.130   0.385    0.12313E-07  -0.14990E-05   0.10703E-04   0.80402E-07   0.66536E-09  -0.47498E-11
  0.130   0.385    0.22830E-07  -0.14441E-05   0.21530E-04   0.77471E-07   0.12315E-08  -0.71813E-11
  0.130   0.385    0.23610E-07  -0.14797E-05   0.26986E-04   0.79334E-07   0.12752E-08  -0.85848E-11
  0.130   0.385    0.19291E-07  -0.14485E-05   0.16096E-04   0.77717E-07   0.10416E-08  -0.60058E-11
  0.130   0.385    0.13177E-07  -0.14956E-05   0.10604E-04   0.80219E-07   0.71162E-09  -0.46934E-11
  0.130   0.385    0.40195E-07  -0.14759E-05   0.26730E-04   0.79130E-07   0.21643E-08  -0.86220E-11
  0.130   0.385    0.32660E-07  -0.14849E-05   0.21244E-04   0.79621E-07   0.17583E-08  -0.72281E-11
  0.130   0.385   -0.11684E-07  -0.14552E-05   0.17982E-04   0.78036E-07  -0.61868E-09  -0.63191E-11
  0.130   0.385   -0.64900E-08  -0.14163E-05   0.12625E-04   0.76001E-07  -0.34232E-09  -0.49259E-11
  0.130   0.385   -0.12333E-08  -0.14187E-05   0.73008E-05   0.76140E-07  -0.61585E-10  -0.37772E-11
  0.130   0.385    0.34452E-08  -0.14620E-05   0.19279E-05   0.78432E-07   0.18680E-09  -0.25420E-11
  0.130   0.385    0.74949E-08  -0.14211E-05   0.12622E-04   0.76257E-07   0.40659E-09  -0.49579E-11
  0.130   0.385    0.62113E-08  -0.14602E-05   0.17999E-04   0.78304E-07   0.33965E-09  -0.63429E-11
  0.130   0.385    0.62909E-08  -0.14212E-05   0.72842E-05   0.76271E-07   0.34169E-09  -0.38002E-11
  0.130   0.385    0.26174E-08  -0.14634E-05   0.19045E-05   0.78509E-07   0.14247E-09  -0.25101E-11
  0.130   0.385    0.20602E-07  -0.14613E-05   0.17886E-04   0.78365E-07   0.11112E-08  -0.64206E-11
  0.130   0.385    0.15429E-07  -0.14667E-05   0.12463E-04   0.78663E-07   0.83172E-09  -0.50408E-11
  0.130   0.385   -0.11478E-07  -0.15036E-05   0.13092E-04   0.80640E-07  -0.60957E-09  -0.51818E-11
  0.130   0.385   -0.61621E-08  -0.14611E-05   0.75618E-05   0.78416E-07  -0.32678E-09  -0.37413E-11
  0.130   0.385   -0.73353E-09  -0.14611E-05   0.20746E-05   0.78425E-07  -0.36866E-10  -0.25553E-11
  0.130   0.385    0.41434E-08  -0.15033E-05  -0.34535E-05   0.80660E-07   0.22209E-09  -0.12810E-11
  0.130   0.385    0.65957E-08  -0.14661E-05   0.75614E-05   0.78682E-07   0.35639E-09  -0.37741E-11
  0.130   0.385    0.52331E-08  -0.15087E-05   0.13112E-04   0.80915E-07   0.28528E-09  -0.52060E-11
  0.130   0.385    0.54119E-08  -0.14637E-05   0.20599E-05   0.78564E-07   0.29255E-09  -0.25790E-11
  0.130   0.385    0.16472E-08  -0.15048E-05  -0.34754E-05   0.80742E-07   0.88364E-10  -0.12480E-11
  0.130   0.385    0.18230E-07  -0.15100E-05   0.13013E-04   0.80987E-07   0.98219E-09  -0.52906E-11
  0.130   0.385    0.12960E-07  -0.15136E-05   0.74129E-05   0.81189E-07   0.69742E-09  -0.38640E-11
  0.130   0.385   -0.14630E-07  -0.14448E-05   0.22516E-04   0.77468E-07  -0.77465E-09  -0.74168E-11
  0.130   0.385   -0.94668E-08  -0.14082E-05   0.17192E-04   0.75556E-07  -0.49992E-09  -0.60345E-11
  0.130   0.385   -0.42469E-08  -0.14128E-05   0.11894E-04   0.75813E-07  -0.22115E-09  -0.48932E-11
  0.130   0.385    0.39632E-09  -0.14580E-05   0.65384E-05   0.78208E-07   0.25339E-10  -0.36653E-11
  0.130   0.385    0.56239E-08  -0.14129E-05   0.17207E-04   0.75808E-07   0.30824E-09  -0.60714E-11
  0.130   0.385    0.44232E-08  -0.14498E-05   0.22550E-04   0.77734E-07   0.24571E-09  -0.74456E-11
  0.130   0.385    0.43666E-08  -0.14152E-05   0.11895E-04   0.75941E-07   0.24049E-09  -0.49208E-11
  0.130   0.385    0.72513E-09  -0.14594E-05   0.65336E-05   0.78282E-07   0.42970E-10  -0.36382E-11
  0.130   0.385    0.20090E-07  -0.14507E-05   0.22446E-04   0.77786E-07   0.10856E-08  -0.75240E-11
  0.130   0.385    0.14889E-07  -0.14578E-05   0.17058E-04   0.78178E-07   0.80469E-09  -0.61553E-11
  0.130   0.385   -0.20010E-07  -0.14762E-05   0.26877E-04   0.79146E-07  -0.10611E-08  -0.85256E-11
  0.130   0.385   -0.14763E-07  -0.14408E-05   0.21434E-04   0.77294E-07  -0.78187E-09  -0.71143E-11
  0.130   0.385   -0.94264E-08  -0.14475E-05   0.16008E-04   0.77667E-07  -0.49686E-09  -0.59476E-11
  0.130   0.385   -0.46447E-08  -0.14957E-05   0.10517E-04   0.80225E-07  -0.24305E-09  -0.46916E-11
  0.130   0.385    0.11689E-08  -0.14455E-05   0.21486E-04   0.77550E-07   0.71373E-10  -0.71612E-11
  0.130   0.385    0.47131E-10  -0.14813E-05   0.26948E-04   0.79418E-07   0.13075E-10  -0.85644E-11
  0.130   0.385   -0.17617E-09  -0.14499E-05   0.16047E-04   0.77795E-07  -0.10964E-11  -0.59844E-11
  0.130   0.385   -0.38545E-08  -0.14971E-05   0.10549E-04   0.80300E-07  -0.20068E-09  -0.46724E-11
  0.130   0.385    0.16737E-07  -0.14821E-05   0.26874E-04   0.79463E-07   0.90782E-09  -0.86510E-11
  0.130   0.385    0.11373E-07  -0.14911E-05   0.21365E-04   0.79956E-07   0.61807E-09  -0.72540E-11
  0.130   0.385   -0.18339E-07  -0.15001E-05   0.12687E-04   0.80457E-07  -0.97727E-09  -0.50755E-11
  0.130   0.385   -0.10874E-07  -0.14577E-05   0.71698E-05   0.78233E-07  -0.57930E-09  -0.36401E-11
  0.130   0.385   -0.31813E-08  -0.14576E-05   0.16956E-05   0.78237E-07  -0.16812E-09  -0.24582E-11
  0.130   0.385    0.39479E-08  -0.14996E-05  -0.38189E-05   0.80461E-07   0.21148E-09  -0.11884E-11
  0.130   0.385    0.16121E-08  -0.14673E-05   0.72065E-05   0.78748E-07   0.89332E-10  -0.36880E-11
  0.130   0.385   -0.19266E-08  -0.15100E-05   0.12762E-04   0.80987E-07  -0.98379E-10  -0.51194E-11
  0.130   0.385    0.26991E-08  -0.14648E-05   0.17007E-05   0.78625E-07   0.14712E-09  -0.24931E-11
  0.130   0.385    0.11872E-08  -0.15059E-05  -0.38386E-05   0.80800E-07   0.63587E-10  -0.11623E-11
  0.130   0.385    0.10823E-07  -0.15161E-05   0.12719E-04   0.81317E-07   0.58528E-09  -0.52241E-11
  0.130   0.385    0.77488E-08  -0.15197E-05   0.70969E-05   0.81517E-07   0.41818E-09  -0.37935E-11
  0.130   0.385   -0.24900E-07  -0.14968E-05   0.17257E-04   0.80271E-07  -0.13269E-08  -0.61891E-11
  0.130   0.385   -0.17492E-07  -0.14566E-05   0.11747E-04   0.78164E-07  -0.93188E-09  -0.47579E-11
  0.130   0.385   -0.98082E-08  -0.14587E-05   0.62719E-05   0.78290E-07  -0.52121E-09  -0.35779E-11
  0.130   0.385   -0.26368E-08  -0.15029E-05   0.74821E-06   0.80632E-07  -0.13939E-09  -0.23093E-11
  0.130   0.385   -0.40431E-08  -0.14661E-05   0.11830E-04   0.78676E-07  -0.21168E-09  -0.48176E-11
  0.130   0.385   -0.74528E-08  -0.15067E-05   0.17377E-04   0.80800E-07  -0.39253E-09  -0.62450E-11
  0.130   0.385   -0.30218E-08  -0.14659E-05   0.63238E-05   0.78675E-07  -0.15741E-09  -0.36239E-11
  0.130   0.385   -0.44671E-08  -0.15093E-05   0.77538E-06   0.80970E-07  -0.23742E-09  -0.22944E-11
  0.130   0.385    0.64439E-08  -0.15127E-05   0.17373E-04   0.81121E-07   0.35260E-09  -0.63575E-11
  0.130   0.385    0.33256E-08  -0.15181E-05   0.11759E-04   0.81421E-07   0.18314E-09  -0.49316E-11
