  0.000   0.000    0.00000E+00   0.00000E+00   0.00000E+00   0.00000E+00   0.00000E+00   0.00000E+00
  0.000   0.000    0.00000E+00   0.00000E+00   0.00000E+00   0.00000E+00   0.00000E+00   0.00000E+00
  0.000   0.000    0.00000E+00   0.00000E+00   0.00000E+00   0.00000E+00   0.00000E+00   0.00000E+00
  0.000   0.000    0.00000E+00   0.00000E+00   0.00000E+00   0.00000E+00   0.00000E+00   0.00000E+00
  0.000   0.000    0.00000E+00   0.00000E+00   0.00000E+00   0.00000E+00   0.00000E+00   0.00000E+00
  0.000   0.000    0.00000E+00   0.00000E+00   0.00000E+00   0.00000E+00   0.00000E+00   0.00000E+00
  0.000   0.000    0.00000E+00   0.00000E+00   0.00000E+00   0.00000E+00   0.00000E+00   0.00000E+00
  0.000   0.000    0.00000E+00   0.00000E+00   0.00000E+00   0.00000E+00   0.00000E+00   0.00000E+00
  0.000   0.000    0.00000E+00   0.00000E+00   0.00000E+00   0.00000E+00   0.00000E+00   0.00000E+00
  0.000   0.000    0.00000E+00   0.00000E+00   0.00000E+00   0.00000E+00   0.00000E+00   0.00000E+00
  0.000   0.000    0.00000E+00   0.00000E+00   0.00000E+00   0.00000E+00   0.00000E+00   0.00000E+00
  0.000   0.000    0.00000E+00   0.00000E+00   0.00000E+00   0.00000E+00   0.00000E+00   0.00000E+00
  0.000   0.000    0.00000E+00   0.00000E+00   0.00000E+00   0.00000E+00   0.00000E+00   0.00000E+00
  0.000   0.000    0.00000E+00   0.00000E+00   0.00000E+00   0.00000E+00   0.00000E+00   0.00000E+00
  0.000   0.000    0.00000E+00   0.00000E+00   0.00000E+00   0.00000E+00   0.00000E+00   0.00000E+00
  0.000   0.000    0.00000E+00   0.00000E+00   0.00000E+00   0.00000E+00   0.00000E+00   0.00000E+00
  0.000   0.000    0.00000E+00   0.00000E+00   0.00000E+00   0.00000E+00   0.00000E+00   0.00000E+00
  0.000   0.000    0.00000E+00   0.00000E+00   0.00000E+00   0.00000E+00   0.00000E+00   0.00000E+00
  0.000   0.000    0.00000E+00   0.00000E+00   0.00000E+00   0.00000E+00   0.00000E+00   0.00000E+00
  0.000   0.000    0.00000E+00   0.00000E+00   0.00000E+00   0.00000E+00   0.00000E+00   0.00000E+00
  0.000   0.000    0.00000E+00   0.00000E+00   0.00000E+00   0.00000E+00   0.00000E+00   0.00000E+00
  0.000   0.000    0.00000E+00   0.00000E+00   0.00000E+00   0.00000E+00   0.00000E+00   0.00000E+00
  0.000   0.000    0.00000E+00   0.00000E+00   0.00000E+00   0.00000E+00   0.00000E+00   0.00000E+00
  0.000   0.000    0.00000E+00   0.00000E+00   0.00000E+00   0.00000E+00   0.00000E+00   0.00000E+00
  0.000   0.000    0.00000E+00   0.00000E+00   0.00000E+00   0.00000E+00   0.00000E+00   0.00000E+00
  0.000   0.000    0.00000E+00   0.00000E+00   0.00000E+00   0.00000E+00   0.00000E+00   0.00000E+00
  0.000   0.000    0.00000E+00   0.00000E+00   0.00000E+00   0.00000E+00   0.00000E+00   0.00000E+00
  0.000   0.000    0.00000E+00   0.00000E+00   0.00000E+00   0.00000E+00   0.00000E+00   0.00000E+00
  0.000   0.000    0.00000E+00   0.00000E+00   0.00000E+00   0.00000E+00   0.00000E+00   0.00000E+00
  0.000   0.000    0.00000E+00   0.00000E+00   0.00000E+00   0.00000E+00   0.00000E+00   0.00000E+00
  0.000   0.000    0.00000E+00   0.00000E+00   0.00000E+00   0.00000E+00   0.00000E+00   0.00000E+00
  0.000   0.000    0.00000E+00   0.00000E+00   0.00000E+00   0.00000E+00   0.00000E+00   0.00000E+00
  0.000   0.000    0.00000E+00   0.00000E+00   0.00000E+00   0.00000E+00   0.00000E+00   0.00000E+00
  0.000   0.000    0.00000E+00   0.00000E+00   0.00000E+00   0.00000E+00   0.00000E+00   0.00000E+00
  0.000   0.000    0.00000E+00   0.00000E+00   0.00000E+00   0.00000E+00   0.00000E+00   0.00000E+00
  0.000   0.000    0.00000E+00   0.00000E+00   0.00000E+00   0.00000E+00   0.00000E+00   0.00000E+00
  0.000   0.000    0.00000E+00   0.00000E+00   0.00000E+00   0.00000E+00   0.00000E+00   0.00000E+00
  0.000   0.000    0.00000E+00   0.00000E+00   0.00000E+00   0.00000E+00   0.00000E+00   0.00000E+00
  0.000   0.000    0.00000E+00   0.00000E+00   0.00000E+00   0.00000E+00   0.00000E+00   0.00000E+00
  0.000   0.000    0.00000E+00   0.00000E+00   0.00000E+00   0.00000E+00   0.00000E+00   0.00000E+00
  0.000   0.000    0.00000E+00   0.00000E+00   0.00000E+00   0.00000E+00   0.00000E+00   0.00000E+00
  0.000   0.000    0.00000E+00   0.00000E+00   0.00000E+00   0.00000E+00   0.00000E+00   0.00000E+00
  0.000   0.000    0.00000E+00   0.00000E+00   0.00000E+00   0.00000E+00   0.00000E+00   0.00000E+00
  0.000   0.000    0.00000E+00   0.00000E+00   0.00000E+00   0.00000E+00   0.00000E+00   0.00000E+00
  0.000   0.000    0.00000E+00   0.00000E+00   0.00000E+00   0.00000E+00   0.00000E+00   0.00000E+00
  0.000   0.000    0.00000E+00   0.00000E+00   0.00000E+00   0.00000E+00   0.00000E+00   0.00000E+00
  0.000   0.000    0.00000E+00   0.00000E+00   0.00000E+00   0.00000E+00   0.00000E+00   0.00000E+00
  0.000   0.000    0.00000E+00   0.00000E+00   0.00000E+00   0.00000E+00   0.00000E+00   0.00000E+00
  0.000   0.000    0.00000E+00   0.00000E+00   0.00000E+00   0.00000E+00   0.00000E+00   0.00000E+00
  0.000   0.000    0.00000E+00   0.00000E+00   0.00000E+00   0.00000E+00   0.00000E+00   0.00000E+00
  0.000   0.000    0.00000E+00   0.00000E+00   0.00000E+00   0.00000E+00   0.00000E+00   0.00000E+00
  0.000   0.000    0.00000E+00   0.00000E+00   0.00000E+00   0.00000E+00   0.00000E+00   0.00000E+00
  0.000   0.000    0.00000E+00   0.00000E+00   0.00000E+00   0.00000E+00   0.00000E+00   0.00000E+00
  0.000   0.000    0.00000E+00   0.00000E+00   0.00000E+00   0.00000E+00   0.00000E+00   0.00000E+00
  0.000   0.000    0.00000E+00   0.00000E+00   0.00000E+00   0.00000E+00   0.00000E+00   0.00000E+00
  0.000   0.000    0.00000E+00   0.00000E+00   0.00000E+00   0.00000E+00   0.00000E+00   0.00000E+00
  0.000   0.000    0.00000E+00   0.00000E+00   0.00000E+00   0.00000E+00   0.00000E+00   0.00000E+00
  0.000   0.000    0.00000E+00   0.00000E+00   0.00000E+00   0.00000E+00   0.00000E+00   0.00000E+00
  0.000   0.000    0.00000E+00   0.00000E+00   0.00000E+00   0.00000E+00   0.00000E+00   0.00000E+00
  0.000   0.000    0.00000E+00   0.00000E+00   0.00000E+00   0.00000E+00   0.00000E+00   0.00000E+00
  0.000   0.000    0.00000E+00   0.00000E+00   0.00000E+00   0.00000E+00   0.00000E+00   0.00000E+00
  0.000   0.000    0.00000E+00   0.00000E+00   0.00000E+00   0.00000E+00   0.00000E+00   0.00000E+00
  0.000   0.000    0.00000E+00   0.00000E+00   0.00000E+00   0.00000E+00   0.00000E+00   0.00000E+00
  0.000   0.000    0.00000E+00   0.00000E+00   0.00000E+00   0.00000E+00   0.00000E+00   0.00000E+00
  0.000   0.000    0.00000E+00   0.00000E+00   0.00000E+00   0.00000E+00   0.00000E+00   0.00000E+00
  0.000   0.000    0.00000E+00   0.00000E+00   0.00000E+00   0.00000E+00   0.00000E+00   0.00000E+00
  0.000   0.000    0.00000E+00   0.00000E+00   0.00000E+00   0.00000E+00   0.00000E+00   0.00000E+00
  0.000   0.000    0.00000E+00   0.00000E+00   0.00000E+00   0.00000E+00   0.00000E+00   0.00000E+00
  0.000   0.000    0.00000E+00   0.00000E+00   0.00000E+00   0.00000E+00   0.00000E+00   0.00000E+00
  0.000   0.000    0.00000E+00   0.00000E+00   0.00000E+00   0.00000E+00   0.00000E+00   0.00000E+00
  0.000   0.000    0.00000E+00   0.00000E+00   0.00000E+00   0.00000E+00   0.00000E+00   0.00000E+00
  0.000   0.000    0.00000E+00   0.00000E+00   0.00000E+00   0.00000E+00   0.00000E+00   0.00000E+00
  0.000   0.000    0.00000E+00   0.00000E+00   0.00000E+00   0.00000E+00   0.00000E+00   0.00000E+00
  0.000   0.000    0.00000E+00   0.00000E+00   0.00000E+00   0.00000E+00   0.00000E+00   0.00000E+00
  0.000   0.000    0.00000E+00   0.00000E+00   0.00000E+00   0.00000E+00   0.00000E+00   0.00000E+00
  0.000   0.000    0.00000E+00   0.00000E+00   0.00000E+00   0.00000E+00   0.00000E+00   0.00000E+00
  0.000   0.000    0.00000E+00   0.00000E+00   0.00000E+00   0.00000E+00   0.00000E+00   0.00000E+00
  0.000   0.000    0.00000E+00   0.00000E+00   0.00000E+00   0.00000E+00   0.00000E+00   0.00000E+00
  0.000   0.000    0.00000E+00   0.00000E+00   0.00000E+00   0.00000E+00   0.00000E+00   0.00000E+00
  0.000   0.000    0.00000E+00   0.00000E+00   0.00000E+00   0.00000E+00   0.00000E+00   0.00000E+00
  0.000   0.000    0.00000E+00   0.00000E+00   0.00000E+00   0.00000E+00   0.00000E+00   0.00000E+00
  0.000   0.000    0.00000E+00   0.00000E+00   0.00000E+00   0.00000E+00   0.00000E+00   0.00000E+00
  0.000   0.000    0.00000E+00   0.00000E+00   0.00000E+00   0.00000E+00   0.00000E+00   0.00000E+00
  0.000   0.000    0.00000E+00   0.00000E+00   0.00000E+00   0.00000E+00   0.00000E+00   0.00000E+00
  0.000   0.000    0.00000E+00   0.00000E+00   0.00000E+00   0.00000E+00   0.00000E+00   0.00000E+00
  0.000   0.000    0.00000E+00   0.00000E+00   0.00000E+00   0.00000E+00   0.00000E+00   0.00000E+00
  0.000   0.000    0.00000E+00   0.00000E+00   0.00000E+00   0.00000E+00   0.00000E+00   0.00000E+00
  0.000   0.000    0.00000E+00   0.00000E+00   0.00000E+00   0.00000E+00   0.00000E+00   0.00000E+00
  0.000   0.000    0.00000E+00   0.00000E+00   0.00000E+00   0.00000E+00   0.00000E+00   0.00000E+00
  0.000   0.000    0.00000E+00   0.00000E+00   0.00000E+00   0.00000E+00   0.00000E+00   0.00000E+00
  0.000   0.000    0.00000E+00   0.00000E+00   0.00000E+00   0.00000E+00   0.00000E+00   0.00000E+00
  0.000   0.000    0.00000E+00   0.00000E+00   0.00000E+00   0.00000E+00   0.00000E+00   0.00000E+00
  0.000   0.000    0.00000E+00   0.00000E+00   0.00000E+00   0.00000E+00   0.00000E+00   0.00000E+00
  0.000   0.000    0.00000E+00   0.00000E+00   0.00000E+00   0.00000E+00   0.00000E+00   0.00000E+00
  0.000   0.000    0.00000E+00   0.00000E+00   0.00000E+00   0.00000E+00   0.00000E+00   0.00000E+00
  0.000   0.000    0.00000E+00   0.00000E+00   0.00000E+00   0.00000E+00   0.00000E+00   0.00000E+00
  0.000   0.000    0.00000E+00   0.00000E+00   0.00000E+00   0.00000E+00   0.00000E+00   0.00000E+00
  0.000   0.000    0.00000E+00   0.00000E+00   0.00000E+00   0.00000E+00   0.00000E+00   0.00000E+00
  0.000   0.000    0.00000E+00   0.00000E+00   0.00000E+00   0.00000E+00   0.00000E+00   0.00000E+00
  0.000   0.000    0.00000E+00   0.00000E+00   0.00000E+00   0.00000E+00   0.00000E+00   0.00000E+00
 -1.000  -1.000    0.00000E+00   0.00000E+00   0.00000E+00   0.00000E+00   0.00000E+00   0.00000E+00
 -1.000  -1.000    0.00000E+00   0.00000E+00   0.00000E+00   0.00000E+00   0.00000E+00   0.00000E+00
 -1.000  -1.000    0.00000E+00   0.00000E+00   0.00000E+00   0.00000E+00   0.00000E+00   0.00000E+00
 -1.000  -1.000    0.00000E+00   0.00000E+00   0.00000E+00   0.00000E+00   0.00000E+00   0.00000E+00
 -1.000  -1.000    0.00000E+00   0.00000E+00   0.00000E+00   0.00000E+00   0.00000E+00   0.00000E+00
 -1.000  -1.000    0.00000E+00   0.00000E+00   0.00000E+00   0.00000E+00   0.00000E+00   0.00000E+00
 -1.000  -1.000    0.00000E+00   0.00000E+00   0.00000E+00   0.00000E+00   0.00000E+00   0.00000E+00
 -1.000  -1.000    0.00000E+00   0.00000E+00   0.00000E+00   0.00000E+00   0.00000E+00   0.00000E+00
 -1.000  -1.000    0.00000E+00   0.00000E+00   0.00000E+00   0.00000E+00   0.00000E+00   0.00000E+00
 -1.000  -1.000    0.00000E+00   0.00000E+00   0.00000E+00   0.00000E+00   0.00000E+00   0.00000E+00
 -1.000  -1.000    0.00000E+00   0.00000E+00   0.00000E+00   0.00000E+00   0.00000E+00   0.00000E+00
 -1.000  -1.000    0.00000E+00   0.00000E+00   0.00000E+00   0.00000E+00   0.00000E+00   0.00000E+00
 -1.000  -1.000    0.00000E+00   0.00000E+00   0.00000E+00   0.00000E+00   0.00000E+00   0.00000E+00
 -1.000  -1.000    0.00000E+00   0.00000E+00   0.00000E+00   0.00000E+00   0.00000E+00   0.00000E+00
 -1.000  -1.000    0.00000E+00   0.00000E+00   0.00000E+00   0.00000E+00   0.00000E+00   0.00000E+00
 -1.000  -1.000    0.00000E+00   0.00000E+00   0.00000E+00   0.00000E+00   0.00000E+00   0.00000E+00
 -1.000  -1.000    0.00000E+00   0.00000E+00   0.00000E+00   0.00000E+00   0.00000E+00   0.00000E+00
 -1.000  -1.000    0.00000E+00   0.00000E+00   0.00000E+00   0.00000E+00   0.00000E+00   0.00000E+00
 -1.000  -1.000    0.00000E+00   0.00000E+00   0.00000E+00   0.00000E+00   0.00000E+00   0.00000E+00
 -1.000  -1.000    0.00000E+00   0.00000E+00   0.00000E+00   0.00000E+00   0.00000E+00   0.00000E+00
 -1.000  -1.000    0.00000E+00   0.00000E+00   0.00000E+00   0.00000E+00   0.00000E+00   0.00000E+00
 -1.000  -1.000    0.00000E+00   0.00000E+00   0.00000E+00   0.00000E+00   0.00000E+00   0.00000E+00
 -1.000  -1.000    0.00000E+00   0.00000E+00   0.00000E+00   0.00000E+00   0.00000E+00   0.00000E+00
 -1.000  -1.000    0.00000E+00   0.00000E+00   0.00000E+00   0.00000E+00   0.00000E+00   0.00000E+00
 -1.000  -1.000    0.00000E+00   0.00000E+00   0.00000E+00   0.00000E+00   0.00000E+00   0.00000E+00
 -1.000  -1.000    0.00000E+00   0.00000E+00   0.00000E+00   0.00000E+00   0.00000E+00   0.00000E+00
 -1.000  -1.000    0.00000E+00   0.00000E+00   0.00000E+00   0.00000E+00   0.00000E+00   0.00000E+00
 -1.000  -1.000    0.00000E+00   0.00000E+00   0.00000E+00   0.00000E+00   0.00000E+00   0.00000E+00
 -1.000  -1.000    0.00000E+00   0.00000E+00   0.00000E+00   0.00000E+00   0.00000E+00   0.00000E+00
 -1.000  -1.000    0.00000E+00   0.00000E+00   0.00000E+00   0.00000E+00   0.00000E+00   0.00000E+00
 -1.000  -1.000    0.00000E+00   0.00000E+00   0.00000E+00   0.00000E+00   0.00000E+00   0.00000E+00
 -1.000  -1.000    0.00000E+00   0.00000E+00   0.00000E+00   0.00000E+00   0.00000E+00   0.00000E+00
 -1.000  -1.000    0.00000E+00   0.00000E+00   0.00000E+00   0.00000E+00   0.00000E+00   0.00000E+00
 -1.000  -1.000    0.00000E+00   0.00000E+00   0.00000E+00   0.00000E+00   0.00000E+00   0.00000E+00
 -1.000  -1.000    0.00000E+00   0.00000E+00   0.00000E+00   0.00000E+00   0.00000E+00   0.00000E+00
 -1.000  -1.000    0.00000E+00   0.00000E+00   0.00000E+00   0.00000E+00   0.00000E+00   0.00000E+00
 -1.000  -1.000    0.00000E+00   0.00000E+00   0.00000E+00   0.00000E+00   0.00000E+00   0.00000E+00
 -1.000  -1.000    0.00000E+00   0.00000E+00   0.00000E+00   0.00000E+00   0.00000E+00   0.00000E+00
 -1.000  -1.000    0.00000E+00   0.00000E+00   0.00000E+00   0.00000E+00   0.00000E+00   0.00000E+00
 -1.000  -1.000    0.00000E+00   0.00000E+00   0.00000E+00   0.00000E+00   0.00000E+00   0.00000E+00
 -1.000  -1.000    0.00000E+00   0.00000E+00   0.00000E+00   0.00000E+00   0.00000E+00   0.00000E+00
 -1.000  -1.000    0.00000E+00   0.00000E+00   0.00000E+00   0.00000E+00   0.00000E+00   0.00000E+00
 -1.000  -1.000    0.00000E+00   0.00000E+00   0.00000E+00   0.00000E+00   0.00000E+00   0.00000E+00
 -1.000  -1.000    0.00000E+00   0.00000E+00   0.00000E+00   0.00000E+00   0.00000E+00   0.00000E+00
 -1.000  -1.000    0.00000E+00   0.00000E+00   0.00000E+00   0.00000E+00   0.00000E+00   0.00000E+00
 -1.000  -1.000    0.00000E+00   0.00000E+00   0.00000E+00   0.00000E+00   0.00000E+00   0.00000E+00
 -1.000  -1.000    0.00000E+00   0.00000E+00   0.00000E+00   0.00000E+00   0.00000E+00   0.00000E+00
 -1.000  -1.000    0.00000E+00   0.00000E+00   0.00000E+00   0.00000E+00   0.00000E+00   0.00000E+00
 -1.000  -1.000    0.00000E+00   0.00000E+00   0.00000E+00   0.00000E+00   0.00000E+00   0.00000E+00
 -1.000  -1.000    0.00000E+00   0.00000E+00   0.00000E+00   0.00000E+00   0.00000E+00   0.00000E+00
 -1.000  -1.000    0.00000E+00   0.00000E+00   0.00000E+00   0.00000E+00   0.00000E+00   0.00000E+00
 -1.000  -1.000    0.00000E+00   0.00000E+00   0.00000E+00   0.00000E+00   0.00000E+00   0.00000E+00
 -1.000  -1.000    0.00000E+00   0.00000E+00   0.00000E+00   0.00000E+00   0.00000E+00   0.00000E+00
 -1.000  -1.000    0.00000E+00   0.00000E+00   0.00000E+00   0.00000E+00   0.00000E+00   0.00000E+00
 -1.000  -1.000    0.00000E+00   0.00000E+00   0.00000E+00   0.00000E+00   0.00000E+00   0.00000E+00
 -1.000  -1.000    0.00000E+00   0.00000E+00   0.00000E+00   0.00000E+00   0.00000E+00   0.00000E+00
 -1.000  -1.000    0.00000E+00   0.00000E+00   0.00000E+00   0.00000E+00   0.00000E+00   0.00000E+00
 -1.000  -1.000    0.00000E+00   0.00000E+00   0.00000E+00   0.00000E+00   0.00000E+00   0.00000E+00
 -1.000  -1.000    0.00000E+00   0.00000E+00   0.00000E+00   0.00000E+00   0.00000E+00   0.00000E+00
 -1.000  -1.000    0.00000E+00   0.00000E+00   0.00000E+00   0.00000E+00   0.00000E+00   0.00000E+00
 -1.000  -1.000    0.00000E+00   0.00000E+00   0.00000E+00   0.00000E+00   0.00000E+00   0.00000E+00
 -1.000  -1.000    0.00000E+00   0.00000E+00   0.00000E+00   0.00000E+00   0.00000E+00   0.00000E+00
 -1.000  -1.000    0.00000E+00   0.00000E+00   0.00000E+00   0.00000E+00   0.00000E+00   0.00000E+00
 -1.000  -1.000    0.00000E+00   0.00000E+00   0.00000E+00   0.00000E+00   0.00000E+00   0.00000E+00
 -1.000  -1.000    0.00000E+00   0.00000E+00   0.00000E+00   0.00000E+00   0.00000E+00   0.00000E+00
 -1.000  -1.000    0.00000E+00   0.00000E+00   0.00000E+00   0.00000E+00   0.00000E+00   0.00000E+00
 -1.000  -1.000    0.00000E+00   0.00000E+00   0.00000E+00   0.00000E+00   0.00000E+00   0.00000E+00
 -1.000  -1.000    0.00000E+00   0.00000E+00   0.00000E+00   0.00000E+00   0.00000E+00   0.00000E+00
 -1.000  -1.000    0.00000E+00   0.00000E+00   0.00000E+00   0.00000E+00   0.00000E+00   0.00000E+00
 -1.000  -1.000    0.00000E+00   0.00000E+00   0.00000E+00   0.00000E+00   0.00000E+00   0.00000E+00
 -1.000  -1.000    0.00000E+00   0.00000E+00   0.00000E+00   0.00000E+00   0.00000E+00   0.00000E+00
 -1.000  -1.000    0.00000E+00   0.00000E+00   0.00000E+00   0.00000E+00   0.00000E+00   0.00000E+00
 -1.000  -1.000    0.00000E+00   0.00000E+00   0.00000E+00   0.00000E+00   0.00000E+00   0.00000E+00
 -1.000  -1.000    0.00000E+00   0.00000E+00   0.00000E+00   0.00000E+00   0.00000E+00   0.00000E+00
 -1.000  -1.000    0.00000E+00   0.00000E+00   0.00000E+00   0.00000E+00   0.00000E+00   0.00000E+00
 -1.000  -1.000    0.00000E+00   0.00000E+00   0.00000E+00   0.00000E+00   0.00000E+00   0.00000E+00
 -1.000  -1.000    0.00000E+00   0.00000E+00   0.00000E+00   0.00000E+00   0.00000E+00   0.00000E+00
 -1.000  -1.000    0.00000E+00   0.00000E+00   0.00000E+00   0.00000E+00   0.00000E+00   0.00000E+00
 -1.000  -1.000    0.00000E+00   0.00000E+00   0.00000E+00   0.00000E+00   0.00000E+00   0.00000E+00
 -1.000  -1.000    0.00000E+00   0.00000E+00   0.00000E+00   0.00000E+00   0.00000E+00   0.00000E+00
 -1.000  -1.000    0.00000E+00   0.00000E+00   0.00000E+00   0.00000E+00   0.00000E+00   0.00000E+00
 -1.000  -1.000    0.00000E+00   0.00000E+00   0.00000E+00   0.00000E+00   0.00000E+00   0.00000E+00
 -1.000  -1.000    0.00000E+00   0.00000E+00   0.00000E+00   0.00000E+00   0.00000E+00   0.00000E+00
 -1.000  -1.000    0.00000E+00   0.00000E+00   0.00000E+00   0.00000E+00   0.00000E+00   0.00000E+00
 -1.000  -1.000    0.00000E+00   0.00000E+00   0.00000E+00   0.00000E+00   0.00000E+00   0.00000E+00
 -1.000  -1.000    0.00000E+00   0.00000E+00   0.00000E+00   0.00000E+00   0.00000E+00   0.00000E+00
 -1.000  -1.000    0.00000E+00   0.00000E+00   0.00000E+00   0.00000E+00   0.00000E+00   0.00000E+00
 -1.000  -1.000    0.00000E+00   0.00000E+00   0.00000E+00   0.00000E+00   0.00000E+00   0.00000E+00
 -1.000  -1.000    0.00000E+00   0.00000E+00   0.00000E+00   0.00000E+00   0.00000E+00   0.00000E+00
 -1.000  -1.000    0.00000E+00   0.00000E+00   0.00000E+00   0.00000E+00   0.00000E+00   0.00000E+00
 -1.000  -1.000    0.00000E+00   0.00000E+00   0.00000E+00   0.00000E+00   0.00000E+00   0.00000E+00
 -1.000  -1.000    0.00000E+00   0.00000E+00   0.00000E+00   0.00000E+00   0.00000E+00   0.00000E+00
 -1.000  -1.000    0.00000E+00   0.00000E+00   0.00000E+00   0.00000E+00   0.00000E+00   0.00000E+00
 -1.000  -1.000    0.00000E+00   0.00000E+00   0.00000E+00   0.00000E+00   0.00000E+00   0.00000E+00
 -1.000  -1.000    0.00000E+00   0.00000E+00   0.00000E+00   0.00000E+00   0.00000E+00   0.00000E+00
 -1.000  -1.000    0.00000E+00   0.00000E+00   0.00000E+00   0.00000E+00   0.00000E+00   0.00000E+00
 -1.000  -1.000    0.00000E+00   0.00000E+00   0.00000E+00   0.00000E+00   0.00000E+00   0.00000E+00
 -1.000  -1.000    0.00000E+00   0.00000E+00   0.00000E+00   0.00000E+00   0.00000E+00   0.00000E+00
 -1.000  -1.000    0.00000E+00   0.00000E+00   0.00000E+00   0.00000E+00   0.00000E+00   0.00000E+00
 -1.000  -1.000    0.00000E+00   0.00000E+00   0.00000E+00   0.00000E+00   0.00000E+00   0.00000E+00
  0.067   0.200    0.22914E-06   0.12402E-08  -0.31566E-05  -0.60194E-10   0.12273E-07   0.62404E-12
  0.067   0.200    0.23226E-06   0.93963E-09  -0.31522E-05  -0.44137E-10   0.12439E-07   0.62818E-12
  0.067   0.200    0.23224E-06   0.70179E-09  -0.31489E-05  -0.31393E-10   0.12438E-07   0.62682E-12
  0.067   0.200    0.22905E-06   0.49467E-09  -0.31464E-05  -0.20281E-10   0.12268E-07   0.63369E-12
  0.067   0.200    0.23057E-06   0.29149E-09  -0.49237E-05  -0.59985E-11   0.12347E-07   0.10619E-11
  0.067   0.200    0.22743E-06   0.24800E-09  -0.49251E-05  -0.35081E-11   0.12181E-07   0.10623E-11
  0.067   0.200    0.23109E-06   0.79536E-09  -0.49213E-05  -0.33111E-10   0.12376E-07   0.10444E-11
  0.067   0.200    0.22822E-06   0.16395E-08  -0.49162E-05  -0.78292E-10   0.12224E-07   0.10501E-11
  0.067   0.200    0.22596E-06  -0.23721E-09  -0.66815E-05   0.25987E-10   0.12102E-07   0.14733E-11
  0.067   0.200    0.22555E-06   0.40216E-09  -0.66805E-05  -0.83590E-11   0.12080E-07   0.14865E-11
  0.067   0.200    0.23224E-06   0.52126E-09  -0.29521E-05  -0.22042E-10   0.12439E-07   0.57080E-12
  0.067   0.200    0.23545E-06   0.22270E-09  -0.29505E-05  -0.60641E-11   0.12610E-07   0.57568E-12
  0.067   0.200    0.23547E-06  -0.36856E-10  -0.29499E-05   0.78506E-11   0.12611E-07   0.57488E-12
  0.067   0.200    0.23228E-06  -0.28548E-09  -0.29502E-05   0.21176E-10   0.12441E-07   0.58247E-12
  0.067   0.200    0.23378E-06  -0.51723E-09  -0.47464E-05   0.37048E-10   0.12520E-07   0.10152E-11
  0.067   0.200    0.23056E-06  -0.57052E-09  -0.47448E-05   0.40036E-10   0.12349E-07   0.10149E-11
  0.067   0.200    0.23435E-06  -0.23000E-10  -0.47471E-05   0.10457E-10   0.12550E-07   0.99815E-12
  0.067   0.200    0.23148E-06   0.79260E-09  -0.47452E-05  -0.33205E-10   0.12398E-07   0.10047E-11
  0.067   0.200    0.22912E-06  -0.11460E-08  -0.65256E-05   0.74421E-10   0.12271E-07   0.14314E-11
  0.067   0.200    0.22874E-06  -0.51040E-09  -0.65279E-05   0.40288E-10   0.12251E-07   0.14456E-11
  0.067   0.200    0.23222E-06  -0.21134E-09  -0.29320E-05   0.17224E-10   0.12438E-07   0.56490E-12
  0.067   0.200    0.23547E-06  -0.48981E-09  -0.29331E-05   0.32149E-10   0.12611E-07   0.57046E-12
  0.067   0.200    0.23553E-06  -0.75063E-09  -0.29352E-05   0.46137E-10   0.12614E-07   0.57021E-12
  0.067   0.200    0.23238E-06  -0.10218E-08  -0.29383E-05   0.60656E-10   0.12447E-07   0.57840E-12
  0.067   0.200    0.23381E-06  -0.13134E-08  -0.47293E-05   0.79753E-10   0.12521E-07   0.10099E-11
  0.067   0.200    0.23055E-06  -0.13893E-08  -0.47246E-05   0.83928E-10   0.12348E-07   0.10089E-11
  0.067   0.200    0.23442E-06  -0.81894E-09  -0.47330E-05   0.53155E-10   0.12554E-07   0.99346E-12
  0.067   0.200    0.23158E-06  -0.27414E-10  -0.47340E-05   0.10769E-10   0.12404E-07   0.10007E-11
  0.067   0.200    0.22911E-06  -0.20508E-08  -0.65053E-05   0.12293E-09   0.12271E-07   0.14251E-11
  0.067   0.200    0.22877E-06  -0.14175E-08  -0.65110E-05   0.88925E-10   0.12252E-07   0.14402E-11
  0.067   0.200    0.22904E-06  -0.86202E-09  -0.28393E-05   0.51948E-10   0.12268E-07   0.54335E-12
  0.067   0.200    0.23229E-06  -0.11210E-08  -0.28428E-05   0.65849E-10   0.12441E-07   0.54943E-12
  0.067   0.200    0.23239E-06  -0.13821E-08  -0.28473E-05   0.79857E-10   0.12446E-07   0.54969E-12
  0.067   0.200    0.22932E-06  -0.16722E-08  -0.28527E-05   0.95380E-10   0.12283E-07   0.55830E-12
  0.067   0.200    0.23066E-06  -0.20152E-08  -0.46147E-05   0.11720E-09   0.12353E-07   0.98285E-12
  0.067   0.200    0.22741E-06  -0.21084E-08  -0.46074E-05   0.12227E-09   0.12180E-07   0.98113E-12
  0.067   0.200    0.23130E-06  -0.15298E-08  -0.46210E-05   0.91094E-10   0.12387E-07   0.96717E-12
  0.067   0.200    0.22854E-06  -0.77322E-09  -0.46248E-05   0.50566E-10   0.12241E-07   0.97494E-12
  0.067   0.200    0.22600E-06  -0.28446E-08  -0.63638E-05   0.16524E-09   0.12104E-07   0.13916E-11
  0.067   0.200    0.22570E-06  -0.22237E-08  -0.63726E-05   0.13190E-09   0.12088E-07   0.14072E-11
  0.067   0.200    0.23187E-06  -0.39991E-10  -0.13007E-05   0.46898E-11   0.12420E-07   0.16503E-12
  0.067   0.200    0.23508E-06  -0.33878E-09  -0.13014E-05   0.20712E-10   0.12591E-07   0.17056E-12
  0.067   0.200    0.23510E-06  -0.63860E-09  -0.13032E-05   0.36792E-10   0.12592E-07   0.17034E-12
  0.067   0.200    0.23191E-06  -0.92626E-09  -0.13062E-05   0.52211E-10   0.12422E-07   0.17845E-12
  0.067   0.200    0.23394E-06  -0.10782E-08  -0.30967E-05   0.63794E-10   0.12529E-07   0.60960E-12
  0.067   0.200    0.23073E-06  -0.11346E-08  -0.30928E-05   0.66918E-10   0.12358E-07   0.60864E-12
  0.067   0.200    0.23451E-06  -0.62145E-09  -0.30998E-05   0.39220E-10   0.12560E-07   0.59308E-12
  0.067   0.200    0.23164E-06   0.15527E-09  -0.31004E-05  -0.23569E-11   0.12407E-07   0.60016E-12
  0.067   0.200    0.22983E-06  -0.16978E-08  -0.48770E-05   0.10065E-09   0.12309E-07   0.10257E-11
  0.067   0.200    0.22944E-06  -0.10469E-08  -0.48816E-05   0.65726E-10   0.12289E-07   0.10405E-11
  0.067   0.200    0.22881E-06   0.33666E-09  -0.15025E-05  -0.15104E-10   0.12256E-07   0.21714E-12
  0.067   0.200    0.23194E-06   0.44378E-10  -0.15018E-05   0.55477E-12   0.12422E-07   0.22226E-12
  0.067   0.200    0.23192E-06  -0.23513E-09  -0.15021E-05   0.15541E-10   0.12421E-07   0.22175E-12
  0.067   0.200    0.22873E-06  -0.49278E-09  -0.15035E-05   0.29357E-10   0.12252E-07   0.22944E-12
  0.067   0.200    0.23077E-06  -0.60323E-09  -0.32729E-05   0.38663E-10   0.12359E-07   0.65553E-12
  0.067   0.200    0.22764E-06  -0.65840E-09  -0.32708E-05   0.41735E-10   0.12193E-07   0.65499E-12
  0.067   0.200    0.23129E-06  -0.13759E-09  -0.32742E-05   0.13608E-10   0.12387E-07   0.63888E-12
  0.067   0.200    0.22842E-06   0.65669E-09  -0.32730E-05  -0.28904E-10   0.12235E-07   0.64546E-12
  0.067   0.200    0.22670E-06  -0.11312E-08  -0.50310E-05   0.70569E-10   0.12142E-07   0.10665E-11
  0.067   0.200    0.22628E-06  -0.47842E-09  -0.50335E-05   0.35536E-10   0.12120E-07   0.10807E-11
  0.067   0.200    0.23236E-06  -0.63832E-10  -0.12884E-05   0.59435E-11   0.12446E-07   0.16162E-12
  0.067   0.200    0.23562E-06  -0.36334E-09  -0.12892E-05   0.22006E-10   0.12619E-07   0.16716E-12
  0.067   0.200    0.23568E-06  -0.66481E-09  -0.12911E-05   0.38174E-10   0.12623E-07   0.16693E-12
  0.067   0.200    0.23252E-06  -0.95471E-09  -0.12942E-05   0.53713E-10   0.12455E-07   0.17506E-12
  0.067   0.200    0.23448E-06  -0.11872E-08  -0.30886E-05   0.69627E-10   0.12558E-07   0.60709E-12
  0.067   0.200    0.23122E-06  -0.12462E-08  -0.30843E-05   0.72887E-10   0.12385E-07   0.60605E-12
  0.067   0.200    0.23509E-06  -0.72998E-09  -0.30922E-05   0.45029E-10   0.12591E-07   0.59059E-12
  0.067   0.200    0.23225E-06   0.44763E-10  -0.30932E-05   0.35566E-11   0.12440E-07   0.59776E-12
  0.067   0.200    0.23032E-06  -0.18959E-08  -0.48724E-05   0.11127E-09   0.12336E-07   0.10238E-11
  0.067   0.200    0.22997E-06  -0.12444E-08  -0.48777E-05   0.76309E-10   0.12317E-07   0.10389E-11
  0.067   0.200    0.22949E-06   0.24967E-09  -0.12460E-05  -0.10962E-10   0.12293E-07   0.15350E-12
  0.067   0.200    0.23274E-06  -0.56884E-10  -0.12456E-05   0.54675E-11   0.12465E-07   0.15864E-12
  0.067   0.200    0.23285E-06  -0.35676E-09  -0.12464E-05   0.21548E-10   0.12471E-07   0.15815E-12
  0.067   0.200    0.22976E-06  -0.63601E-09  -0.12483E-05   0.36522E-10   0.12307E-07   0.16589E-12
  0.067   0.200    0.23163E-06  -0.95059E-09  -0.30231E-05   0.56799E-10   0.12405E-07   0.59311E-12
  0.067   0.200    0.22836E-06  -0.10007E-08  -0.30197E-05   0.59584E-10   0.12232E-07   0.59232E-12
  0.067   0.200    0.23227E-06  -0.50121E-09  -0.30258E-05   0.32619E-10   0.12439E-07   0.57660E-12
  0.067   0.200    0.22950E-06   0.26880E-09  -0.30260E-05  -0.85966E-11   0.12293E-07   0.58346E-12
  0.067   0.200    0.22748E-06  -0.17247E-08  -0.47857E-05   0.10191E-09   0.12184E-07   0.10048E-11
  0.067   0.200    0.22717E-06  -0.10821E-08  -0.47905E-05   0.67429E-10   0.12167E-07   0.10196E-11
  0.067   0.200    0.22867E-06  -0.52667E-10   0.14988E-06   0.24004E-11   0.12249E-07  -0.18881E-12
  0.067   0.200    0.23180E-06  -0.35187E-09   0.14892E-06   0.18458E-10   0.12415E-07  -0.18320E-12
  0.067   0.200    0.23178E-06  -0.67344E-09   0.14678E-06   0.35704E-10   0.12414E-07  -0.18327E-12
  0.067   0.200    0.22859E-06  -0.96703E-09   0.14349E-06   0.51451E-10   0.12245E-07  -0.17518E-12
  0.067   0.200    0.23116E-06  -0.99902E-09  -0.16233E-05   0.56543E-10   0.12380E-07   0.24999E-12
  0.067   0.200    0.22802E-06  -0.10511E-08  -0.16195E-05   0.59420E-10   0.12214E-07   0.24896E-12
  0.067   0.200    0.23168E-06  -0.57212E-09  -0.16264E-05   0.33570E-10   0.12408E-07   0.23375E-12
  0.067   0.200    0.22880E-06   0.18735E-09  -0.16271E-05  -0.70717E-11   0.12256E-07   0.24074E-12
  0.067   0.200    0.22762E-06  -0.15115E-08  -0.33849E-05   0.87599E-10   0.12192E-07   0.66146E-12
  0.067   0.200    0.22720E-06  -0.84381E-09  -0.33890E-05   0.51795E-10   0.12169E-07   0.67618E-12
  0.067   0.200    0.22812E-06   0.24111E-09   0.39260E-06  -0.13859E-10   0.12220E-07  -0.24767E-12
  0.067   0.200    0.23128E-06  -0.80969E-10   0.39267E-06   0.34188E-11   0.12388E-07  -0.24237E-12
  0.067   0.200    0.23130E-06  -0.42021E-09   0.39147E-06   0.21611E-10   0.12389E-07  -0.24268E-12
  0.067   0.200    0.22815E-06  -0.72180E-09   0.38908E-06   0.37794E-10   0.12222E-07  -0.23486E-12
  0.067   0.200    0.23069E-06  -0.80533E-09  -0.13758E-05   0.45642E-10   0.12355E-07   0.18977E-12
  0.067   0.200    0.22753E-06  -0.83675E-09  -0.13727E-05   0.47417E-10   0.12187E-07   0.18897E-12
  0.067   0.200    0.23125E-06  -0.39747E-09  -0.13782E-05   0.23689E-10   0.12386E-07   0.17339E-12
  0.067   0.200    0.22841E-06   0.34946E-09  -0.13783E-05  -0.16275E-10   0.12235E-07   0.18017E-12
  0.067   0.200    0.22718E-06  -0.13756E-08  -0.31345E-05   0.79799E-10   0.12168E-07   0.60050E-12
  0.067   0.200    0.22679E-06  -0.72009E-09  -0.31381E-05   0.44646E-10   0.12147E-07   0.61504E-12
  0.130   0.385    0.16480E-05   0.10079E-07  -0.52092E-05  -0.53079E-09   0.88270E-07   0.19717E-12
  0.130   0.385    0.16700E-05   0.74725E-08  -0.51772E-05  -0.39143E-09   0.89442E-07   0.22728E-12
  0.130   0.385    0.16688E-05   0.52712E-08  -0.51540E-05  -0.27344E-09   0.89373E-07   0.21865E-12
  0.130   0.385    0.16440E-05   0.33440E-08  -0.51384E-05  -0.17004E-09   0.88059E-07   0.26995E-12
  0.130   0.385    0.16528E-05   0.44113E-08  -0.17888E-04  -0.20305E-09   0.88514E-07   0.33442E-11
  0.130   0.385    0.16307E-05   0.38831E-08  -0.17903E-04  -0.17330E-09   0.87340E-07   0.33487E-11
  0.130   0.385    0.16556E-05   0.88032E-08  -0.17863E-04  -0.43923E-09   0.88666E-07   0.32174E-11
  0.130   0.385    0.16334E-05   0.15413E-07  -0.17816E-04  -0.79322E-09   0.87484E-07   0.32593E-11
  0.130   0.385    0.16047E-05   0.95826E-09  -0.30431E-04   0.86568E-11   0.85942E-07   0.62880E-11
  0.130   0.385    0.16014E-05   0.53233E-08  -0.30416E-04  -0.22677E-09   0.85770E-07   0.63791E-11
  0.130   0.385    0.16699E-05   0.49545E-08  -0.46865E-05  -0.25695E-09   0.89445E-07   0.46469E-13
  0.130   0.385    0.16933E-05   0.23281E-08  -0.46738E-05  -0.11633E-09   0.90689E-07   0.81272E-13
  0.130   0.385    0.16931E-05  -0.62526E-10  -0.46703E-05   0.11856E-10   0.90678E-07   0.76150E-13
  0.130   0.385    0.16691E-05  -0.23129E-08  -0.46754E-05   0.13250E-09   0.89401E-07   0.13214E-12
  0.130   0.385    0.16763E-05  -0.29692E-08  -0.17563E-04   0.19242E-09   0.89772E-07   0.32389E-11
  0.130   0.385    0.16528E-05  -0.35932E-08  -0.17551E-04   0.22705E-09   0.88526E-07   0.32371E-11
  0.130   0.385    0.16802E-05   0.13474E-08  -0.17566E-04  -0.39676E-10   0.89983E-07   0.31156E-11
  0.130   0.385    0.16586E-05   0.77024E-08  -0.17548E-04  -0.38014E-09   0.88838E-07   0.31643E-11
  0.130   0.385    0.16269E-05  -0.87822E-08  -0.30250E-04   0.53083E-09   0.87134E-07   0.62129E-11
  0.130   0.385    0.16246E-05  -0.44717E-08  -0.30272E-04   0.29841E-09   0.87011E-07   0.63138E-11
  0.130   0.385    0.16686E-05  -0.24653E-09  -0.46410E-05   0.22000E-10   0.89375E-07   0.28257E-13
  0.130   0.385    0.16931E-05  -0.27293E-08  -0.46474E-05   0.15509E-09   0.90677E-07   0.67268E-13
  0.130   0.385    0.16940E-05  -0.51240E-08  -0.46630E-05   0.28353E-09   0.90724E-07   0.65612E-13
  0.130   0.385    0.16710E-05  -0.75263E-08  -0.46871E-05   0.41222E-09   0.89503E-07   0.12540E-12
  0.130   0.385    0.16761E-05  -0.10235E-07  -0.17535E-04   0.58240E-09   0.89762E-07   0.32214E-11
  0.130   0.385    0.16516E-05  -0.11068E-07  -0.17496E-04   0.62797E-09   0.88459E-07   0.32134E-11
  0.130   0.385    0.16811E-05  -0.59070E-08  -0.17566E-04   0.34972E-09   0.90030E-07   0.31034E-11
  0.130   0.385    0.16605E-05   0.24144E-09  -0.17575E-04   0.20198E-10   0.88939E-07   0.31581E-11
  0.130   0.385    0.16257E-05  -0.18510E-07  -0.30185E-04   0.10526E-08   0.87070E-07   0.61833E-11
  0.130   0.385    0.16244E-05  -0.14226E-07  -0.30243E-04   0.82168E-09   0.87001E-07   0.62926E-11
  0.130   0.385    0.16440E-05  -0.49598E-08  -0.45746E-05   0.27474E-09   0.88056E-07   0.21113E-13
  0.130   0.385    0.16692E-05  -0.72689E-08  -0.45982E-05   0.39868E-09   0.89395E-07   0.63338E-13
  0.130   0.385    0.16711E-05  -0.96231E-08  -0.46307E-05   0.52498E-09   0.89499E-07   0.64794E-13
  0.130   0.385    0.16495E-05  -0.12120E-07  -0.46719E-05   0.65866E-09   0.88351E-07   0.12714E-12
  0.130   0.385    0.16524E-05  -0.16831E-07  -0.17304E-04   0.93599E-09   0.88494E-07   0.31700E-11
  0.130   0.385    0.16272E-05  -0.17852E-07  -0.17239E-04   0.99145E-09   0.87154E-07   0.31562E-11
  0.130   0.385    0.16584E-05  -0.12543E-07  -0.17359E-04   0.70552E-09   0.88813E-07   0.30584E-11
  0.130   0.385    0.16391E-05  -0.66639E-08  -0.17393E-04   0.39033E-09   0.87791E-07   0.31179E-11
  0.130   0.385    0.16017E-05  -0.27394E-07  -0.29742E-04   0.15284E-08   0.85785E-07   0.60787E-11
  0.130   0.385    0.16014E-05  -0.23193E-07  -0.29833E-04   0.13020E-08   0.85768E-07   0.61945E-11
  0.130   0.385    0.16622E-05   0.64893E-09   0.65951E-05  -0.49329E-10   0.89037E-07  -0.27239E-11
  0.130   0.385    0.16857E-05  -0.21993E-08   0.65903E-05   0.10366E-09   0.90282E-07  -0.26831E-11
  0.130   0.385    0.16855E-05  -0.55056E-08   0.65734E-05   0.28098E-09   0.90272E-07  -0.26824E-11
  0.130   0.385    0.16614E-05  -0.83018E-08   0.65450E-05   0.43112E-09   0.88995E-07  -0.26224E-11
  0.130   0.385    0.16824E-05  -0.74692E-08  -0.62939E-05   0.41091E-09   0.90102E-07   0.46426E-12
  0.130   0.385    0.16589E-05  -0.79576E-08  -0.62641E-05   0.43780E-09   0.88856E-07   0.45644E-12
  0.130   0.385    0.16862E-05  -0.40113E-08  -0.63172E-05   0.22490E-09   0.90308E-07   0.34634E-12
  0.130   0.385    0.16645E-05   0.18002E-08  -0.63218E-05  -0.86189E-10   0.89158E-07   0.39920E-12
  0.130   0.385    0.16469E-05  -0.12811E-07  -0.19065E-04   0.72372E-09   0.88210E-07   0.34493E-11
  0.130   0.385    0.16445E-05  -0.79797E-08  -0.19103E-04   0.46402E-09   0.88078E-07   0.35572E-11
  0.130   0.385    0.16406E-05   0.18422E-08   0.61892E-05  -0.11250E-09   0.87880E-07  -0.26072E-11
  0.130   0.385    0.16627E-05  -0.93127E-09   0.61890E-05   0.36424E-10   0.89053E-07  -0.25674E-11
  0.130   0.385    0.16614E-05  -0.41087E-08   0.61772E-05   0.20683E-09   0.88985E-07  -0.25671E-11
  0.130   0.385    0.16367E-05  -0.67564E-08   0.61544E-05   0.34901E-09   0.87670E-07  -0.25084E-11
  0.130   0.385    0.16592E-05  -0.39526E-08  -0.65187E-05   0.22265E-09   0.88861E-07   0.53994E-12
  0.130   0.385    0.16371E-05  -0.44014E-08  -0.65022E-05   0.24753E-09   0.87688E-07   0.53470E-12
  0.130   0.385    0.16619E-05  -0.47199E-09  -0.65287E-05   0.35401E-10   0.89008E-07   0.42155E-12
  0.130   0.385    0.16395E-05   0.54247E-08  -0.65199E-05  -0.28021E-09   0.87820E-07   0.47117E-12
  0.130   0.385    0.16250E-05  -0.69582E-08  -0.19134E-04   0.40991E-09   0.87037E-07   0.34915E-11
  0.130   0.385    0.16216E-05  -0.21334E-08  -0.19150E-04   0.15050E-09   0.86854E-07   0.35932E-11
  0.130   0.385    0.16647E-05   0.20427E-08   0.65248E-05  -0.12396E-09   0.89174E-07  -0.27076E-11
  0.130   0.385    0.16893E-05  -0.82738E-09   0.65251E-05   0.30143E-10   0.90478E-07  -0.26688E-11
  0.130   0.385    0.16902E-05  -0.41134E-08   0.65135E-05   0.20637E-09   0.90525E-07  -0.26698E-11
  0.130   0.385    0.16671E-05  -0.68500E-08   0.64903E-05   0.35334E-09   0.89301E-07  -0.26115E-11
  0.130   0.385    0.16860E-05  -0.83164E-08  -0.63868E-05   0.45657E-09   0.90295E-07   0.48245E-12
  0.130   0.385    0.16614E-05  -0.88546E-08  -0.63538E-05   0.48611E-09   0.88989E-07   0.47459E-12
  0.130   0.385    0.16909E-05  -0.48176E-08  -0.64132E-05   0.26837E-09   0.90559E-07   0.36423E-12
  0.130   0.385    0.16702E-05   0.10135E-08  -0.64208E-05  -0.43789E-10   0.89463E-07   0.41737E-12
  0.130   0.385    0.16493E-05  -0.15995E-07  -0.19174E-04   0.89480E-09   0.88340E-07   0.34687E-11
  0.130   0.385    0.16479E-05  -0.11142E-07  -0.19223E-04   0.63391E-09   0.88263E-07   0.35790E-11
  0.130   0.385    0.16424E-05   0.58658E-08   0.64766E-05  -0.32896E-09   0.87978E-07  -0.26769E-11
  0.130   0.385    0.16677E-05   0.29137E-08   0.64911E-05  -0.17059E-09   0.89320E-07  -0.26431E-11
  0.130   0.385    0.16696E-05  -0.34334E-09   0.64935E-05   0.40577E-11   0.89422E-07  -0.26477E-11
  0.130   0.385    0.16478E-05  -0.29476E-08   0.64847E-05   0.14399E-09   0.88268E-07  -0.25940E-11
  0.130   0.385    0.16645E-05  -0.66232E-08  -0.62557E-05   0.36545E-09   0.89142E-07   0.46505E-12
  0.130   0.385    0.16392E-05  -0.70984E-08  -0.62292E-05   0.39165E-09   0.87797E-07   0.45965E-12
  0.130   0.385    0.16704E-05  -0.31809E-08  -0.62759E-05   0.18027E-09   0.89459E-07   0.34635E-12
  0.130   0.385    0.16510E-05   0.26126E-08  -0.62774E-05  -0.12984E-09   0.88431E-07   0.39680E-12
  0.130   0.385    0.16273E-05  -0.16360E-07  -0.18877E-04   0.91379E-09   0.87158E-07   0.34106E-11
  0.130   0.385    0.16269E-05  -0.11578E-07  -0.18928E-04   0.65674E-09   0.87136E-07   0.35193E-11
  0.130   0.385    0.16240E-05  -0.25331E-08   0.17723E-04   0.98345E-10   0.86998E-07  -0.54337E-11
  0.130   0.385    0.16460E-05  -0.56169E-08   0.17705E-04   0.26439E-09   0.88165E-07  -0.53882E-11
  0.130   0.385    0.16448E-05  -0.98118E-08   0.17672E-04   0.48941E-09   0.88098E-07  -0.53819E-11
  0.130   0.385    0.16202E-05  -0.13111E-07   0.17625E-04   0.66678E-09   0.86791E-07  -0.53194E-11
  0.130   0.385    0.16565E-05  -0.85825E-08   0.50707E-05   0.44748E-09   0.88718E-07  -0.23077E-11
  0.130   0.385    0.16345E-05  -0.88000E-08   0.51051E-05   0.45946E-09   0.87553E-07  -0.23190E-11
  0.130   0.385    0.16591E-05  -0.60894E-08   0.50398E-05   0.31323E-09   0.88859E-07  -0.24200E-11
  0.130   0.385    0.16367E-05  -0.88006E-09   0.50242E-05   0.34706E-10   0.87672E-07  -0.23664E-11
  0.130   0.385    0.16365E-05  -0.10987E-07  -0.75623E-05   0.60204E-09   0.87659E-07   0.63932E-12
  0.130   0.385    0.16330E-05  -0.57414E-08  -0.75939E-05   0.32070E-09   0.87467E-07   0.74740E-12
  0.130   0.385    0.16199E-05   0.26189E-08   0.18020E-04  -0.17868E-09   0.86775E-07  -0.54982E-11
  0.130   0.385    0.16428E-05  -0.68752E-09   0.18021E-04  -0.85535E-12   0.87993E-07  -0.54584E-11
  0.130   0.385    0.16426E-05  -0.49737E-08   0.18006E-04   0.22903E-09   0.87981E-07  -0.54567E-11
  0.130   0.385    0.16190E-05  -0.82112E-08   0.17977E-04   0.40317E-09   0.86728E-07  -0.53993E-11
  0.130   0.385    0.16535E-05  -0.57488E-08   0.54104E-05   0.29467E-09   0.88559E-07  -0.23867E-11
  0.130   0.385    0.16305E-05  -0.58044E-08   0.54340E-05   0.29806E-09   0.87341E-07  -0.23943E-11
  0.130   0.385    0.16571E-05  -0.33559E-08   0.53899E-05   0.16579E-09   0.88755E-07  -0.25017E-11
  0.130   0.385    0.16358E-05   0.18421E-08   0.53845E-05  -0.11207E-09   0.87623E-07  -0.24513E-11
  0.130   0.385    0.16328E-05  -0.10161E-07  -0.72036E-05   0.55697E-09   0.87461E-07   0.55413E-12
  0.130   0.385    0.16303E-05  -0.49785E-08  -0.72323E-05   0.27904E-09   0.87323E-07   0.66057E-12
