  0.000   0.000   0.000000E+00  0.000000E+00
  0.000   0.000   0.000000E+00  0.000000E+00
  0.000   0.000   0.000000E+00  0.000000E+00
  0.000   0.000   0.000000E+00  0.000000E+00
  0.000   0.000   0.000000E+00  0.000000E+00
  0.000   0.000   0.000000E+00  0.000000E+00
  0.000   0.000   0.000000E+00  0.000000E+00
  0.000   0.000   0.000000E+00  0.000000E+00
  0.000   0.000   0.000000E+00  0.000000E+00
  0.000   0.000   0.000000E+00  0.000000E+00
 -1.000  -1.000            NaN           NaN
 -1.000  -1.000            NaN           NaN
 -1.000  -1.000            NaN           NaN
 -1.000  -1.000            NaN           NaN
 -1.000  -1.000            NaN           NaN
 -1.000  -1.000            NaN           NaN
 -1.000  -1.000            NaN           NaN
 -1.000  -1.000            NaN           NaN
 -1.000  -1.000            NaN           NaN
 -1.000  -1.000            NaN           NaN
  0.067   0.200  -0.113521E-01 -0.411263E-02
  0.067   0.200  -0.399725E-02 -0.571918E-02
  0.067   0.200   0.376845E-02 -0.576184E-02
  0.067   0.200   0.106723E-01 -0.428477E-02
  0.067   0.200   0.761987E-02  0.941053E-02
  0.067   0.200   0.458467E-02  0.797057E-02
  0.067   0.200   0.467082E-02  0.111702E-01
  0.067   0.200  -0.412246E-02  0.116876E-01
  0.067   0.200   0.114504E-01  0.176078E-01
  0.067   0.200   0.410564E-02  0.194335E-01
  0.130   0.385  -0.226653E-01 -0.320876E-01
  0.130   0.385  -0.898706E-02 -0.380585E-01
  0.130   0.385   0.560944E-02 -0.381793E-01
  0.130   0.385   0.190106E-01 -0.326589E-01
  0.130   0.385   0.159683E-01  0.189112E-01
  0.130   0.385   0.962100E-02  0.135867E-01
  0.130   0.385   0.108355E-01  0.254231E-01
  0.130   0.385  -0.603980E-02  0.273366E-01
  0.130   0.385   0.234205E-01  0.501756E-01
  0.130   0.385   0.980909E-02  0.569312E-01
