  0.000   0.000   0.000000E+00  0.000000E+00
  0.000   0.000   0.000000E+00  0.000000E+00
  0.000   0.000   0.000000E+00  0.000000E+00
  0.000   0.000   0.000000E+00  0.000000E+00
  0.000   0.000   0.000000E+00  0.000000E+00
  0.000   0.000   0.000000E+00  0.000000E+00
  0.000   0.000   0.000000E+00  0.000000E+00
  0.000   0.000   0.000000E+00  0.000000E+00
  0.000   0.000   0.000000E+00  0.000000E+00
  0.000   0.000   0.000000E+00  0.000000E+00
 -1.000  -1.000            NaN           NaN
 -1.000  -1.000            NaN           NaN
 -1.000  -1.000            NaN           NaN
 -1.000  -1.000            NaN           NaN
 -1.000  -1.000            NaN           NaN
 -1.000  -1.000            NaN           NaN
 -1.000  -1.000            NaN           NaN
 -1.000  -1.000            NaN           NaN
 -1.000  -1.000            NaN           NaN
 -1.000  -1.000            NaN           NaN
  0.067   0.200   0.196868E+00  0.114661E-02
  0.067   0.200   0.191163E+00 -0.310879E-02
  0.067   0.200   0.190990E+00 -0.768085E-02
  0.067   0.200   0.196342E+00 -0.123886E-01
  0.067   0.200   0.191511E+00 -0.307220E-02
  0.067   0.200   0.197216E+00  0.109894E-02
  0.067   0.200   0.191037E+00 -0.759508E-02
  0.067   0.200   0.196241E+00 -0.123077E-01
  0.067   0.200   0.197702E+00  0.132080E-02
  0.067   0.200   0.197868E+00 -0.265889E-02
  0.130   0.385   0.379263E+00 -0.138283E-02
  0.130   0.385   0.367857E+00 -0.171748E-01
  0.130   0.385   0.366563E+00 -0.341046E-01
  0.130   0.385   0.375409E+00 -0.514969E-01
  0.130   0.385   0.368533E+00 -0.170383E-01
  0.130   0.385   0.379932E+00 -0.156007E-02
  0.130   0.385   0.366661E+00 -0.337846E-01
  0.130   0.385   0.375221E+00 -0.511943E-01
  0.130   0.385   0.380938E+00 -0.738180E-03
  0.130   0.385   0.380980E+00 -0.155209E-01
