  0.000   0.000   0.000000E+00  0.000000E+00
  0.000   0.000   0.000000E+00  0.000000E+00
  0.000   0.000   0.000000E+00  0.000000E+00
  0.000   0.000   0.000000E+00  0.000000E+00
  0.000   0.000   0.000000E+00  0.000000E+00
  0.000   0.000   0.000000E+00  0.000000E+00
  0.000   0.000   0.000000E+00  0.000000E+00
  0.000   0.000   0.000000E+00  0.000000E+00
  0.000   0.000   0.000000E+00  0.000000E+00
  0.000   0.000   0.000000E+00  0.000000E+00
 -1.000  -1.000            NaN           NaN
 -1.000  -1.000            NaN           NaN
 -1.000  -1.000            NaN           NaN
 -1.000  -1.000            NaN           NaN
 -1.000  -1.000            NaN           NaN
 -1.000  -1.000            NaN           NaN
 -1.000  -1.000            NaN           NaN
 -1.000  -1.000            NaN           NaN
 -1.000  -1.000            NaN           NaN
 -1.000  -1.000            NaN           NaN
  0.067   0.200  -0.590633E-03 -0.427484E-03
  0.067   0.200  -0.200326E-03 -0.513907E-03
  0.067   0.200   0.210778E-03 -0.516363E-03
  0.067   0.200   0.577302E-03 -0.437306E-03
  0.067   0.200   0.419300E-03  0.293457E-03
  0.067   0.200   0.259583E-03  0.217386E-03
  0.067   0.200   0.259000E-03  0.387182E-03
  0.067   0.200  -0.211527E-03  0.415141E-03
  0.067   0.200   0.627126E-03  0.732715E-03
  0.067   0.200   0.235410E-03  0.829691E-03
  0.130   0.385  -0.117451E-02 -0.193813E-02
  0.130   0.385  -0.449067E-03 -0.225928E-02
  0.130   0.385   0.323183E-03 -0.226635E-02
  0.130   0.385   0.103451E-02 -0.197083E-02
  0.130   0.385   0.882039E-03  0.780662E-03
  0.130   0.385   0.547920E-03  0.499381E-03
  0.130   0.385   0.602209E-03  0.112752E-02
  0.130   0.385  -0.300894E-03  0.123101E-02
  0.130   0.385   0.128664E-02  0.245578E-02
  0.130   0.385   0.560651E-03  0.281465E-02
