  0.000   0.000   0.000000E+00  0.000000E+00
  0.000   0.000   0.000000E+00  0.000000E+00
  0.000   0.000   0.000000E+00  0.000000E+00
  0.000   0.000   0.000000E+00  0.000000E+00
  0.000   0.000   0.000000E+00  0.000000E+00
  0.000   0.000   0.000000E+00  0.000000E+00
  0.000   0.000   0.000000E+00  0.000000E+00
  0.000   0.000   0.000000E+00  0.000000E+00
  0.000   0.000   0.000000E+00  0.000000E+00
  0.000   0.000   0.000000E+00  0.000000E+00
 -1.000  -1.000            NaN           NaN
 -1.000  -1.000            NaN           NaN
 -1.000  -1.000            NaN           NaN
 -1.000  -1.000            NaN           NaN
 -1.000  -1.000            NaN           NaN
 -1.000  -1.000            NaN           NaN
 -1.000  -1.000            NaN           NaN
 -1.000  -1.000            NaN           NaN
 -1.000  -1.000            NaN           NaN
 -1.000  -1.000            NaN           NaN
  0.067   0.200   0.591712E-01 -0.503616E+03
  0.067   0.200  -0.134494E+02 -0.503404E+03
  0.067   0.200  -0.268351E+02 -0.502879E+03
  0.067   0.200  -0.403134E+02 -0.502031E+03
  0.067   0.200  -0.134623E+02 -0.503377E+03
  0.067   0.200   0.726785E-01 -0.503589E+03
  0.067   0.200  -0.268621E+02 -0.502856E+03
  0.067   0.200  -0.403375E+02 -0.502014E+03
  0.067   0.200  -0.785531E-02 -0.503642E+03
  0.067   0.200  -0.136863E+02 -0.503450E+03
  0.130   0.385  -0.330745E+00 -0.501825E+03
  0.130   0.385  -0.263265E+02 -0.501040E+03
  0.130   0.385  -0.520382E+02 -0.499093E+03
  0.130   0.385  -0.778422E+02 -0.495955E+03
  0.130   0.385  -0.263512E+02 -0.500936E+03
  0.130   0.385  -0.304359E+00 -0.501722E+03
  0.130   0.385  -0.520904E+02 -0.499006E+03
  0.130   0.385  -0.778894E+02 -0.495889E+03
  0.130   0.385  -0.468048E+00 -0.501923E+03
  0.130   0.385  -0.267993E+02 -0.501211E+03
