  0.000   0.000   0.000000E+00  0.000000E+00
  0.000   0.000   0.000000E+00  0.000000E+00
  0.000   0.000   0.000000E+00  0.000000E+00
  0.000   0.000   0.000000E+00  0.000000E+00
  0.000   0.000   0.000000E+00  0.000000E+00
  0.000   0.000   0.000000E+00  0.000000E+00
  0.000   0.000   0.000000E+00  0.000000E+00
  0.000   0.000   0.000000E+00  0.000000E+00
  0.000   0.000   0.000000E+00  0.000000E+00
  0.000   0.000   0.000000E+00  0.000000E+00
 -1.000  -1.000            NaN           NaN
 -1.000  -1.000            NaN           NaN
 -1.000  -1.000            NaN           NaN
 -1.000  -1.000            NaN           NaN
 -1.000  -1.000            NaN           NaN
 -1.000  -1.000            NaN           NaN
 -1.000  -1.000            NaN           NaN
 -1.000  -1.000            NaN           NaN
 -1.000  -1.000            NaN           NaN
 -1.000  -1.000            NaN           NaN
  0.067   0.200  -0.639874E-05  0.123775E-03
  0.067   0.200  -0.282101E-05  0.123844E-03
  0.067   0.200   0.442298E-06  0.123848E-03
  0.067   0.200   0.351229E-05  0.123770E-03
  0.067   0.200  -0.283076E-05  0.123846E-03
  0.067   0.200  -0.640889E-05  0.123779E-03
  0.067   0.200   0.457664E-06  0.123849E-03
  0.067   0.200   0.352617E-05  0.123776E-03
  0.067   0.200  -0.641709E-05  0.123769E-03
  0.067   0.200  -0.304516E-05  0.123832E-03
  0.130   0.385  -0.123286E-04  0.123847E-03
  0.130   0.385  -0.542119E-05  0.124104E-03
  0.130   0.385   0.882209E-06  0.124115E-03
  0.130   0.385   0.680286E-05  0.123823E-03
  0.130   0.385  -0.543977E-05  0.124112E-03
  0.130   0.385  -0.123485E-04  0.123864E-03
  0.130   0.385   0.912930E-06  0.124121E-03
  0.130   0.385   0.683193E-05  0.123846E-03
  0.130   0.385  -0.123685E-04  0.123827E-03
  0.130   0.385  -0.586275E-05  0.124059E-03
